1.569478938404445523e-01
1.964784294448468083e-01
1.684010310935425137e-01
1.493880114539487547e-01
1.445367945781678432e-01
2.134458884252002919e-01
2.243164242723707513e-01
1.595456520833199998e-01
1.727694012530623380e-01
2.970019705078671413e-01
2.376069342826694353e-01
2.018317984009702915e-01
1.839456375791697351e-01
2.655274233972497733e-01
2.768665608131729017e-01
1.626457788863941156e-01
1.783645550113580058e-01
1.386118999095767301e-01
3.124445608624984438e-01
2.296743006483018545e-01
2.784637182471400574e-01
1.433017615506874953e-01
2.498848597778807745e-01
2.042397669522217074e-01
3.115069324967103537e-01
2.749373655092888225e-01
2.639647094542699746e-01
2.195657738857104690e-01
1.397378807812971191e-01
1.771165099983920688e-01
3.270950454195772905e-01
1.850521202307450763e-01
2.429754413656971257e-01
2.399888079915701855e-01
1.860247236228756706e-01
3.008894074784043693e-01
2.401370425713037493e-01
2.535127915239479002e-01
3.470415592610889832e-01
2.985743583943028523e-01
2.154461622722158853e-01
2.987004173190369039e-01
1.877131988307917665e-01
2.499925585050335464e-01
2.008176714669264173e-01
2.595142254751033328e-01
1.828090882812651585e-01
2.541385015622553700e-01
1.598108399039469829e-01
1.859325979151895403e-01
1.367389583097675110e-01
2.050905778767326271e-01
2.091714937164003418e-01
1.917907128441902198e-01
3.104948891812554512e-01
1.828509260196332920e-01
3.048459676688529130e-01
1.946595863322556075e-01
2.628708096941837491e-01
1.710127832126671354e-01
1.612829029082446519e-01
2.616742173035589425e-01
2.143065504716195058e-01
1.688542857869609060e-01
2.229934918338686567e-01
3.257562377918143959e-01
2.511058061520320406e-01
2.048643564297491781e-01
2.052468492710307624e-01
3.761675705602545716e-01
3.010361112363169056e-01
2.562685027456989006e-01
3.098784026649146206e-01
4.043554573939686647e-01
3.320284919959279879e-01
2.240902028253869416e-01
3.604470741935988931e-01
3.333670681105144196e-01
3.007424717777913425e-01
2.410657411431323394e-01
4.406317531566812939e-01
4.156653721772755605e-01
1.755441221119556083e-01
3.251695172553381585e-01
3.926162510343675915e-01
3.585933108189128804e-01
1.791735742017303845e-01
2.683020379490728691e-01
3.690998040075589293e-01
3.649229755660982066e-01
2.840734892276913226e-01
3.705521309114799267e-01
3.009042904683376651e-01
2.614074615957578396e-01
2.077665394667119747e-01
3.406775927656755520e-01
4.535382862307264507e-01
4.683758853705463632e-01
5.637139496126888361e-01
4.404572326642020030e-01
2.555401765117351620e-01
3.770504978345312064e-01
4.106800017859530971e-01
3.807518864133587200e-01
3.894630429782963699e-01
3.310949383101900456e-01
4.703592743075708515e-01
3.965263204893511029e-01
4.489606388610714593e-01
5.329160891853615967e-01
4.134669396624122695e-01
4.050975233633625217e-01
2.501525115357320361e-01
4.024341411937959467e-01
3.965848600755057518e-01
2.641082883124227787e-01
1.569478938404445523e-01
1.964784294448468083e-01
1.684010310935425137e-01
1.493880114539487547e-01
1.445367945781678432e-01
2.134458884252002919e-01
2.243164242723707513e-01
1.595456520833199998e-01
1.727694012530623380e-01
2.970019705078671413e-01
2.376069342826694353e-01
2.018317984009702915e-01
1.839456375791697351e-01
2.655274233972497733e-01
2.768665608131729017e-01
1.626457788863941156e-01
1.783645550113580058e-01
1.386118999095767301e-01
3.124445608624984438e-01
2.296743006483018545e-01
2.784637182471400574e-01
1.433017615506874953e-01
2.498848597778807745e-01
2.042397669522217074e-01
3.115069324967103537e-01
2.749373655092888225e-01
2.639647094542699746e-01
2.195657738857104690e-01
1.397378807812971191e-01
1.771165099983920688e-01
3.270950454195772905e-01
1.850521202307450763e-01
2.429754413656971257e-01
2.399888079915701855e-01
1.860247236228756706e-01
3.008894074784043693e-01
2.401370425713037493e-01
2.535127915239479002e-01
3.470415592610889832e-01
2.985743583943028523e-01
2.154461622722158853e-01
2.987004173190369039e-01
1.877131988307917665e-01
2.499925585050335464e-01
2.008176714669264173e-01
2.595142254751033328e-01
1.828090882812651585e-01
2.541385015622553700e-01
1.598108399039469829e-01
1.859325979151895403e-01
1.367389583097675110e-01
2.050905778767326271e-01
2.091714937164003418e-01
1.917907128441902198e-01
3.104948891812554512e-01
1.828509260196332920e-01
3.048459676688529130e-01
1.946595863322556075e-01
2.628708096941837491e-01
1.710127832126671354e-01
1.612829029082446519e-01
2.616742173035589425e-01
2.143065504716195058e-01
1.688542857869609060e-01
2.555401765117351620e-01
3.770504978345312064e-01
4.106800017859530971e-01
3.807518864133587200e-01
3.894630429782963699e-01
3.310949383101900456e-01
4.703592743075708515e-01
3.965263204893511029e-01
4.489606388610714593e-01
5.329160891853615967e-01
4.134669396624122695e-01
4.050975233633625217e-01
2.501525115357320361e-01
4.024341411937959467e-01
3.965848600755057518e-01
2.641082883124227787e-01
2.719444986672674425e-01
4.363671438631261390e-01
3.885651011745653305e-01
2.736088869309487026e-01
4.162950880180024127e-01
3.748659152851394061e-01
4.436354186156601931e-01
3.723843145192494153e-01
4.046982622620953207e-01
4.470619729621199134e-01
4.763856827889402790e-01
4.647868270222085818e-01
3.306518854647113592e-01
3.453234998932098732e-01
4.255878518382588127e-01
2.493620158315324187e-01
2.627234621929783187e-01
3.422597441863932666e-01
4.450039142380035617e-01
2.826466797438925704e-01
3.892048544336214611e-01
3.516919667658049975e-01
4.399982580693943546e-01
4.227246910888928788e-01
4.805814183256858496e-01
3.930450101851996059e-01
4.102359650867201668e-01
4.303644580320184487e-01
2.674912859834556733e-01
3.844857780578915252e-01
3.319938315670286633e-01
2.801525458480620401e-01
2.428526756955252941e-01
4.587732109878126519e-01
4.500162111070806770e-01
3.050722275801304728e-01
4.118491795124170629e-01
3.829459267990663052e-01
4.665129079286458591e-01
3.884729068438348976e-01
4.718698791185340080e-01
3.867588722992175709e-01
4.563330475782256812e-01
4.732318902700383689e-01
2.504218856662062676e-01
3.542357783191639187e-01
3.945589002329484285e-01
2.523148148148147141e-01
2.660566570720135360e-01
4.107444194749869104e-01
3.660392197218101384e-01
3.030441939449499134e-01
4.218441276309317089e-01
3.581297020693159361e-01
4.815466541251548493e-01
4.136341284453217138e-01
4.289156539410294289e-01
3.799862620021440818e-01
4.587976840370250331e-01
4.765112068080055163e-01
2.679117556495505537e-01
4.039039682244893736e-01
4.951321236593180797e-01
2.616548246619295748e-01
2.629927072481023087e-01
3.914819913677627383e-01
4.013046159079791120e-01
3.560365133700446050e-01
3.998214019943444053e-01
3.112606042565855824e-01
4.888508896408125803e-01
4.096544128590562939e-01
3.636344988035736803e-01
4.919582072807663353e-01
4.133164073785486337e-01
4.115451518083049209e-01
3.644563509781546529e-01
3.716710204420893837e-01
4.275141676302559590e-01
3.044439386113128587e-01
1.569478938404425261e-01
1.964784294448475577e-01
1.684010310935395438e-01
1.493880114539461734e-01
1.445367945781682317e-01
2.134458884251992927e-01
2.243164242723670598e-01
1.595456520833189173e-01
1.727694012530602563e-01
2.970019705078645322e-01
2.376069342826666875e-01
2.018317984009684318e-01
1.839456375791693743e-01
2.655274233972506615e-01
2.768665608131707367e-01
1.626457788863950316e-01
1.783645550113550637e-01
1.386118999095759252e-01
3.124445608624975557e-01
2.296743006483012717e-01
2.784637182471419448e-01
1.433017615506868569e-01
2.498848597778795810e-01
2.042397669522184878e-01
3.115069324967114639e-01
2.749373655092880453e-01
2.639647094542683092e-01
2.195657738857095809e-01
1.397378807812918178e-01
1.771165099983905977e-01
3.270950454195775126e-01
1.850521202307434110e-01
2.429754413656945167e-01
2.399888079915673822e-01
1.860247236228761702e-01
3.008894074784038697e-01
2.401370425713043322e-01
2.535127915239469565e-01
3.470415592610873734e-01
2.985743583943006318e-01
2.154461622722153857e-01
2.987004173190352940e-01
1.877131988307909616e-01
2.499925585050309096e-01
2.008176714669219487e-01
2.595142254751023336e-01
1.828090882812648810e-01
2.541385015622561472e-01
1.598108399039456784e-01
1.859325979151872643e-01
1.367389583097635974e-01
2.050905778767300458e-01
2.091714937164008137e-01
1.917907128441895814e-01
3.104948891812542300e-01
1.828509260196333475e-01
3.048459676688516362e-01
1.946595863322546083e-01
2.628708096941805294e-01
1.710127832126647485e-01
1.612829029082438470e-01
2.616742173035593866e-01
2.143065504716175074e-01
1.688542857869594904e-01
