1.503867310230345700e-01
1.839261812423073073e-01
1.430311974465449942e-01
1.495092150873449932e-01
1.457660608259503665e-01
2.291931221470983049e-01
2.096303668874627268e-01
1.476473212753539876e-01
1.638133154212363940e-01
3.045865222912444437e-01
2.522828934573435600e-01
1.774156570683325107e-01
1.885263036376737811e-01
2.765555822493737659e-01
2.642957653253832362e-01
1.543479939595692463e-01
1.752406120837999570e-01
1.514668253042139867e-01
3.456099632769326635e-01
2.445197319069018771e-01
3.295328963173969061e-01
1.909963276933102638e-01
2.707085960681038794e-01
2.234135291896885145e-01
2.995337298182473296e-01
2.980461005171853861e-01
2.830421800459890225e-01
1.851460342519812563e-01
1.348646051412270008e-01
1.947584781472956605e-01
3.260554545003861993e-01
1.716765624463741924e-01
2.080810358944685523e-01
2.413949617325054642e-01
1.771802175927507106e-01
2.890654494285618270e-01
2.496396334557424712e-01
3.007722140234066477e-01
3.562480694649410307e-01
2.977326938257187083e-01
2.072874123394069235e-01
3.324487764697799941e-01
2.223605724679951212e-01
2.400521673473589301e-01
1.727974740021274436e-01
2.530585997546974109e-01
1.651836344014671054e-01
2.099234122091656884e-01
1.565769234369291107e-01
1.719545594947999856e-01
1.348611730789029961e-01
1.974396815046154385e-01
2.144779642531640662e-01
1.967630749317251793e-01
2.971513882692102260e-01
1.735679719943713506e-01
2.732989364420186362e-01
1.943505394057951641e-01
2.530716957819949542e-01
1.479267892076345792e-01
1.591759306348991820e-01
2.264182997563229660e-01
1.844375585289186881e-01
1.489203043927272707e-01
2.048590375734554159e-01
2.859052827066009272e-01
2.223976387411190081e-01
1.995744242715441763e-01
1.910303051103405536e-01
3.808809167974488985e-01
2.670095460362123529e-01
2.310302560808787653e-01
2.939782559784617222e-01
4.088301243550581110e-01
3.574650787658293916e-01
2.224159430735257181e-01
3.599406565223225440e-01
3.349395385020190186e-01
2.754735465996055455e-01
2.374878447792607983e-01
4.622164258502933776e-01
4.403335964581111539e-01
2.190616741600025230e-01
3.504276349658507761e-01
3.766551120568342181e-01
3.778965380297018006e-01
1.747892442779393485e-01
2.731541633367491340e-01
3.176415630374507248e-01
3.614482794563100843e-01
2.893056937913990323e-01
4.252381750311410302e-01
2.983972268936395666e-01
2.330410696728835163e-01
2.043106702817720222e-01
3.251316195902113626e-01
4.405201391752006090e-01
5.166392102315142676e-01
5.690361355985701364e-01
4.020395534816111338e-01
2.391638464051296931e-01
3.740660532448319975e-01
4.089888835882771190e-01
3.783492523277879327e-01
4.211835096058234584e-01
3.819331711117438521e-01
4.767126790243364498e-01
3.957583287286650653e-01
4.223474866194970589e-01
5.689540953332357098e-01
4.391357704487700020e-01
3.615707492139942913e-01
2.405249664517055408e-01
3.978501635372084233e-01
3.732709615347212795e-01
2.354926443356657462e-01
1.503867310230345700e-01
1.839261812423073073e-01
1.430311974465449942e-01
1.495092150873449932e-01
1.457660608259503665e-01
2.291931221470983049e-01
2.096303668874627268e-01
1.476473212753539876e-01
1.638133154212363940e-01
3.045865222912444437e-01
2.522828934573435600e-01
1.774156570683325107e-01
1.885263036376737811e-01
2.765555822493737659e-01
2.642957653253832362e-01
1.543479939595692463e-01
1.752406120837999570e-01
1.514668253042139867e-01
3.456099632769326635e-01
2.445197319069018771e-01
3.295328963173969061e-01
1.909963276933102638e-01
2.707085960681038794e-01
2.234135291896885145e-01
2.995337298182473296e-01
2.980461005171853861e-01
2.830421800459890225e-01
1.851460342519812563e-01
1.348646051412270008e-01
1.947584781472956605e-01
3.260554545003861993e-01
1.716765624463741924e-01
2.080810358944685523e-01
2.413949617325054642e-01
1.771802175927507106e-01
2.890654494285618270e-01
2.496396334557424712e-01
3.007722140234066477e-01
3.562480694649410307e-01
2.977326938257187083e-01
2.072874123394069235e-01
3.324487764697799941e-01
2.223605724679951212e-01
2.400521673473589301e-01
1.727974740021274436e-01
2.530585997546974109e-01
1.651836344014671054e-01
2.099234122091656884e-01
1.565769234369291107e-01
1.719545594947999856e-01
1.348611730789029961e-01
1.974396815046154385e-01
2.144779642531640662e-01
1.967630749317251793e-01
2.971513882692102260e-01
1.735679719943713506e-01
2.732989364420186362e-01
1.943505394057951641e-01
2.530716957819949542e-01
1.479267892076345792e-01
1.591759306348991820e-01
2.264182997563229660e-01
1.844375585289186881e-01
1.489203043927272707e-01
2.391638464051296931e-01
3.740660532448319975e-01
4.089888835882771190e-01
3.783492523277879327e-01
4.211835096058234584e-01
3.819331711117438521e-01
4.767126790243364498e-01
3.957583287286650653e-01
4.223474866194970589e-01
5.689540953332357098e-01
4.391357704487700020e-01
3.615707492139942913e-01
2.405249664517055408e-01
3.978501635372084233e-01
3.732709615347212795e-01
2.354926443356657462e-01
2.665877894447824525e-01
4.499378685559032309e-01
3.693585475512233818e-01
2.585715756598133130e-01
4.313690496619416170e-01
4.240518927823728745e-01
4.749857165641421797e-01
3.625287435219822774e-01
3.806614728123460245e-01
4.895903335411023738e-01
4.863406702168415197e-01
4.319565036733899466e-01
3.192847582112085525e-01
3.277130042051843994e-01
3.999109682655360154e-01
2.272661335529851945e-01
2.603097991974193115e-01
3.499248763196511347e-01
4.420003500715584677e-01
2.549756494342225177e-01
3.867329743383815521e-01
3.985503952085341361e-01
4.680726964066826423e-01
4.285715761629527165e-01
4.853845124223920005e-01
4.119125649854279425e-01
4.165969664632453995e-01
4.040261397324085291e-01
2.434679049590034727e-01
3.892698906366052758e-01
3.054503163570564950e-01
2.553966841722632442e-01
2.348946674778430721e-01
4.689159794868035802e-01
4.391105723029606889e-01
2.869648520084565058e-01
4.220641937343842520e-01
4.290568971197936676e-01
4.976759058418678827e-01
3.865092855083601120e-01
4.636121610751635091e-01
4.156277383973395745e-01
4.671123802202025721e-01
4.456385052579551198e-01
2.279518226664098146e-01
3.583515334947812714e-01
3.663165808253885936e-01
2.248681425289695834e-01
2.560276215219979279e-01
4.259011631389503227e-01
3.486190628183368778e-01
2.880079075530168620e-01
4.344999829141221181e-01
4.043435910624518237e-01
5.225904100327075641e-01
4.010926192963766290e-01
4.213022457195610970e-01
4.017179465800057026e-01
4.688699068847230200e-01
4.502241324327070915e-01
2.492782107940994252e-01
4.072112560412831095e-01
4.637851206392042958e-01
2.320207847834515336e-01
2.567801322048554047e-01
4.066594935579304626e-01
3.885069441380058497e-01
3.319904633118940240e-01
4.071385588343641171e-01
3.483041947241611869e-01
5.346705145092426337e-01
3.973938848962013659e-01
3.572776844815219177e-01
5.294307802312943068e-01
4.135952988445363299e-01
3.869636899981468980e-01
3.405140689792980901e-01
3.603742137902081755e-01
4.030584847289607198e-01
2.808232701865573944e-01
1.503867310230350973e-01
1.839261812423073905e-01
1.430311974465423852e-01
1.495092150873443548e-01
1.457660608259472856e-01
2.291931221470952518e-01
2.096303668874609782e-01
1.476473212753494080e-01
1.638133154212360054e-01
3.045865222912451098e-01
2.522828934573406179e-01
1.774156570683313450e-01
1.885263036376707835e-01
2.765555822493738769e-01
2.642957653253839023e-01
1.543479939595677197e-01
1.752406120837995407e-01
1.514668253042137092e-01
3.456099632769317198e-01
2.445197319069036257e-01
3.295328963173965175e-01
1.909963276933082932e-01
2.707085960681026027e-01
2.234135291896893749e-01
2.995337298182459973e-01
2.980461005171837208e-01
2.830421800459891335e-01
1.851460342519789248e-01
1.348646051412271119e-01
1.947584781472951609e-01
3.260554545003855331e-01
1.716765624463738038e-01
2.080810358944678307e-01
2.413949617325012453e-01
1.771802175927492951e-01
2.890654494285582188e-01
2.496396334557435259e-01
3.007722140234060926e-01
3.562480694649389767e-01
2.977326938257177091e-01
2.072874123394057022e-01
3.324487764697782177e-01
2.223605724679953155e-01
2.400521673473587081e-01
1.727974740021240296e-01
2.530585997546937471e-01
1.651836344014651625e-01
2.099234122091628851e-01
1.565769234369259744e-01
1.719545594947990697e-01
1.348611730788966956e-01
1.974396815046145226e-01
2.144779642531618735e-01
1.967630749317236805e-01
2.971513882692081721e-01
1.735679719943704902e-01
2.732989364420161937e-01
1.943505394057934710e-01
2.530716957819943991e-01
1.479267892076340241e-01
1.591759306348992098e-01
2.264182997563233823e-01
1.844375585289198261e-01
1.489203043927272707e-01
