1.605687379903481815e-01
2.081705096388035414e-01
1.508632280965949979e-01
1.566449739149137488e-01
1.574955244293160528e-01
2.362824718980251204e-01
2.370246867100517796e-01
1.471521540364640057e-01
1.845517898441032811e-01
3.386718119722469944e-01
2.265745172914530037e-01
1.961039100736824137e-01
2.197992401832551124e-01
3.033399666541173323e-01
2.303770236110360692e-01
1.390469531544122339e-01
1.913561939593234895e-01
1.827772698207804636e-01
3.874455440219429225e-01
2.782614040614361794e-01
4.032162641854448726e-01
1.944054213951476873e-01
2.514445808050926323e-01
2.153104214847880449e-01
2.997349232814187081e-01
3.184523538635297135e-01
2.442854837842189930e-01
2.051901253159782723e-01
1.061528532243296991e-01
2.178561824342488129e-01
2.753067163866919631e-01
2.113956865487011394e-01
2.305014944180213965e-01
2.075130425428913794e-01
1.470795460657231546e-01
2.805894691550582798e-01
2.627332867208087563e-01
2.983439515360126748e-01
3.338890980476519887e-01
2.787581347819066968e-01
1.885297334122152946e-01
2.682644005808635934e-01
1.345861345667719589e-01
2.200182864518899217e-01
1.905233152261595064e-01
2.604839965238756605e-01
1.309274099571519356e-01
2.338349006449907119e-01
1.600895742777095343e-01
1.876189963964918217e-01
1.697923949873589577e-01
1.728069703651899380e-01
2.510478854049009723e-01
2.216901906247356613e-01
3.362878502662283164e-01
1.836981659764416186e-01
2.216365776845525271e-01
1.810179458219035031e-01
2.092185231000912304e-01
1.312752111009517497e-01
1.481202603130202522e-01
2.888040301905734353e-01
1.807638819525012319e-01
1.489319049691227304e-01
2.118359956255934373e-01
3.210336028493397387e-01
2.536438444575910278e-01
1.944280105416016924e-01
1.878287527564130033e-01
3.703739921671398427e-01
2.989373881107326714e-01
2.428717412851223167e-01
3.213061068382960794e-01
4.184397353842844725e-01
3.320572258376802699e-01
2.266802918661144639e-01
3.715914591512934351e-01
3.350077986338940716e-01
2.850026647369727217e-01
2.352785098334492786e-01
4.546227074705532223e-01
4.495120624846855040e-01
1.738234819555745103e-01
3.137632442317000447e-01
4.009573495401496657e-01
3.783912532366248138e-01
1.786184387446313748e-01
2.647079161896558896e-01
3.771933284330417080e-01
3.409359555866306457e-01
2.868350992308933423e-01
3.814541209373541464e-01
3.024364007959976508e-01
2.556085307247191185e-01
1.994298929704720058e-01
3.200602377238740970e-01
4.708689938795859176e-01
5.467261783675314568e-01
4.986410734835347025e-01
4.074443323858816246e-01
2.571355510225633578e-01
3.983391777639135878e-01
4.320127788653911338e-01
3.818250758341758533e-01
4.865229690383864325e-01
3.931154938364559426e-01
4.764489168082955417e-01
3.861895746832170739e-01
4.013710081412248387e-01
5.530071852008419109e-01
3.531029777399415370e-01
3.601018734723523407e-01
2.467276823170374278e-01
4.484609324658369589e-01
3.223257248169579259e-01
2.478516094838189021e-01
1.605687379903481815e-01
2.081705096388035414e-01
1.508632280965949979e-01
1.566449739149137488e-01
1.574955244293160528e-01
2.362824718980251204e-01
2.370246867100517796e-01
1.471521540364640057e-01
1.845517898441032811e-01
3.386718119722469944e-01
2.265745172914530037e-01
1.961039100736824137e-01
2.197992401832551124e-01
3.033399666541173323e-01
2.303770236110360692e-01
1.390469531544122339e-01
1.913561939593234895e-01
1.827772698207804636e-01
3.874455440219429225e-01
2.782614040614361794e-01
4.032162641854448726e-01
1.944054213951476873e-01
2.514445808050926323e-01
2.153104214847880449e-01
2.997349232814187081e-01
3.184523538635297135e-01
2.442854837842189930e-01
2.051901253159782723e-01
1.061528532243296991e-01
2.178561824342488129e-01
2.753067163866919631e-01
2.113956865487011394e-01
2.305014944180213965e-01
2.075130425428913794e-01
1.470795460657231546e-01
2.805894691550582798e-01
2.627332867208087563e-01
2.983439515360126748e-01
3.338890980476519887e-01
2.787581347819066968e-01
1.885297334122152946e-01
2.682644005808635934e-01
1.345861345667719589e-01
2.200182864518899217e-01
1.905233152261595064e-01
2.604839965238756605e-01
1.309274099571519356e-01
2.338349006449907119e-01
1.600895742777095343e-01
1.876189963964918217e-01
1.697923949873589577e-01
1.728069703651899380e-01
2.510478854049009723e-01
2.216901906247356613e-01
3.362878502662283164e-01
1.836981659764416186e-01
2.216365776845525271e-01
1.810179458219035031e-01
2.092185231000912304e-01
1.312752111009517497e-01
1.481202603130202522e-01
2.888040301905734353e-01
1.807638819525012319e-01
1.489319049691227304e-01
2.571355510225633578e-01
3.983391777639135878e-01
4.320127788653911338e-01
3.818250758341758533e-01
4.865229690383864325e-01
3.931154938364559426e-01
4.764489168082955417e-01
3.861895746832170739e-01
4.013710081412248387e-01
5.530071852008419109e-01
3.531029777399415370e-01
3.601018734723523407e-01
2.467276823170374278e-01
4.484609324658369589e-01
3.223257248169579259e-01
2.478516094838189021e-01
2.950753962300466382e-01
5.045147154984755966e-01
3.626454400401580291e-01
2.595241936929666982e-01
4.651212822029792138e-01
4.620926633081745560e-01
4.423830302619748966e-01
4.008820523853063311e-01
3.953459187149279686e-01
4.460124604646560909e-01
3.996307822909230811e-01
4.159420761476902428e-01
3.132583103698100002e-01
3.612848257808350949e-01
3.993438390792227732e-01
2.183750156869071479e-01
2.821500163251048354e-01
3.866740826127793018e-01
4.323860132237570264e-01
2.715244610817091342e-01
4.252845601109440654e-01
4.321711077668701217e-01
4.536735094902650256e-01
4.219862157506543143e-01
4.745128800892323140e-01
4.028339487836574695e-01
3.403555049659257037e-01
3.974607209407773345e-01
2.585409405791487258e-01
3.782145564752914524e-01
3.034986569872994422e-01
2.587310837591777490e-01
2.597309512499878514e-01
5.034978073713907154e-01
4.382967913619892908e-01
2.961594935619548674e-01
4.697484184269252738e-01
4.519384056022290319e-01
4.627611702146733341e-01
4.165649236793131927e-01
4.471280290326577478e-01
3.972018422249398162e-01
3.929627916482900662e-01
4.251766831965406723e-01
2.355747268626583180e-01
3.806012966365392991e-01
3.541992973065108963e-01
2.186451035563044820e-01
2.819216454034981223e-01
4.671840243028956841e-01
3.490230860672544067e-01
2.931412835352079638e-01
4.774910365432156745e-01
4.325027201717213665e-01
4.877592994987194897e-01
4.342114783052364313e-01
4.115429653283831923e-01
3.852820317473174550e-01
3.877097383780611639e-01
4.256744765057927093e-01
2.588883390823964459e-01
4.248199258302050030e-01
4.461565346441005442e-01
2.318022417762095333e-01
2.681092070868426602e-01
4.354662170157376222e-01
3.978811390951962901e-01
3.529322332304224985e-01
4.480696205935821852e-01
3.777067802626907778e-01
5.012660580579658687e-01
4.103871516012093101e-01
3.575992990008138861e-01
5.056126929696871386e-01
3.473149503344328259e-01
3.611353148094362253e-01
3.614418949882204357e-01
3.731470976089322211e-01
3.797920219645456452e-01
2.816082898774123211e-01
1.605687379903463219e-01
2.081705096388020426e-01
1.508632280965949979e-01
1.566449739149124443e-01
1.574955244293146928e-01
2.362824718980262584e-01
2.370246867100505861e-01
1.471521540364625069e-01
1.845517898441024485e-01
3.386718119722478826e-01
2.265745172914500061e-01
1.961039100736798602e-01
2.197992401832531695e-01
3.033399666541147233e-01
2.303770236110350145e-01
1.390469531544123172e-01
1.913561939593245442e-01
1.827772698207785207e-01
3.874455440219419788e-01
2.782614040614334039e-01
4.032162641854474816e-01
1.944054213951482979e-01
2.514445808050923548e-01
2.153104214847872400e-01
2.997349232814180420e-01
3.184523538635283813e-01
2.442854837842174665e-01
2.051901253159768568e-01
1.061528532243278672e-01
2.178561824342490072e-01
2.753067163866912415e-01
2.113956865486997794e-01
2.305014944180182046e-01
2.075130425428887981e-01
1.470795460657196019e-01
2.805894691550548381e-01
2.627332867208088674e-01
2.983439515360112870e-01
3.338890980476490467e-01
2.787581347819055866e-01
1.885297334122134072e-01
2.682644005808642040e-01
1.345861345667693498e-01
2.200182864518860082e-01
1.905233152261561203e-01
2.604839965238714972e-01
1.309274099571493266e-01
2.338349006449871592e-01
1.600895742777077302e-01
1.876189963964923768e-01
1.697923949873570704e-01
1.728069703651885225e-01
2.510478854048980302e-01
2.216901906247349119e-01
3.362878502662298708e-01
1.836981659764395924e-01
2.216365776845487245e-01
1.810179458219044746e-01
2.092185231000890377e-01
1.312752111009488631e-01
1.481202603130201134e-01
2.888040301905727136e-01
1.807638819524997609e-01
1.489319049691227026e-01
