1.593877756696472914e-01
2.045493668619889627e-01
1.357123921530812571e-01
1.488166963898387429e-01
1.659258825716624364e-01
2.478189617776055120e-01
2.074998795006497143e-01
1.549621632043179931e-01
1.629461058053131850e-01
3.228795127006308108e-01
2.089257884674074472e-01
1.752277437701817708e-01
1.878080949271950240e-01
2.816069793223113238e-01
2.328701567868673439e-01
1.517297681592514602e-01
1.966601023211612675e-01
1.762932257943578274e-01
3.484449558972372851e-01
2.573866101123052919e-01
3.515207017882093221e-01
2.308345784932750722e-01
2.881216123251110761e-01
2.502972317282809445e-01
2.804295285376885993e-01
3.261991539091835812e-01
2.700390417891739836e-01
1.911420928326980073e-01
1.348929965778171147e-01
2.247085254628510831e-01
3.322702612961436208e-01
1.651539981684087555e-01
1.981353586404914213e-01
2.401172458668726917e-01
1.606738323613046693e-01
2.615438376632763240e-01
2.593748493758125107e-01
3.280025151500544078e-01
3.384826721935699778e-01
2.932261290789023311e-01
1.926382930865509213e-01
3.036487202969097021e-01
1.667084397744252044e-01
2.209958066226442863e-01
1.613064539451478652e-01
2.722854033430321952e-01
1.476893580330211342e-01
2.029255388174737440e-01
1.579198745054040953e-01
1.610112305393542331e-01
1.380771918831625034e-01
1.874367378416155194e-01
2.289594747299470434e-01
2.049143077484509856e-01
3.199739721405496229e-01
1.767544705258579374e-01
2.480787048194382782e-01
1.913479458877586359e-01
2.367812213814037559e-01
1.416108353014894627e-01
1.541953491632959139e-01
2.269223662858877444e-01
1.727340958073110000e-01
1.413128732741200100e-01
2.058128886104013677e-01
2.971835285422785300e-01
2.124403528220940029e-01
1.974181006089233414e-01
2.000349448112978268e-01
3.805314678573454845e-01
2.699228459880597675e-01
2.352939151271437601e-01
2.958500024099863790e-01
4.179108224482253608e-01
3.450860365354022075e-01
2.163083819347376424e-01
3.456414289908283366e-01
3.228418566539736911e-01
2.829149449865692167e-01
2.429869378705351024e-01
4.685014700920611119e-01
4.402242894555032926e-01
2.100936279944088381e-01
3.533065021448884568e-01
3.784342314551495390e-01
3.856805458964808198e-01
1.768816290497293997e-01
2.801997190643736313e-01
3.100100148348077789e-01
3.740076655437908904e-01
2.926514978069118533e-01
4.250933515547251074e-01
2.933315660095425215e-01
2.178769999347874853e-01
2.019569094326889858e-01
3.201908709692962152e-01
4.445703620251501009e-01
5.640364522923499990e-01
5.263277434245202668e-01
3.921974833284208595e-01
2.470015193689414357e-01
3.964862813143903986e-01
3.987275422043881079e-01
3.668980226295051050e-01
4.538464633980815455e-01
4.214172962681798085e-01
4.826736073455517584e-01
4.092108592705051007e-01
3.959325647862682040e-01
5.769566777760759546e-01
3.873112271333719603e-01
3.509047074820845769e-01
2.343213065477456336e-01
4.197859842583840928e-01
3.534283660083463174e-01
2.269758642711680874e-01
1.593877756696472914e-01
2.045493668619889627e-01
1.357123921530812571e-01
1.488166963898387429e-01
1.659258825716624364e-01
2.478189617776055120e-01
2.074998795006497143e-01
1.549621632043179931e-01
1.629461058053131850e-01
3.228795127006308108e-01
2.089257884674074472e-01
1.752277437701817708e-01
1.878080949271950240e-01
2.816069793223113238e-01
2.328701567868673439e-01
1.517297681592514602e-01
1.966601023211612675e-01
1.762932257943578274e-01
3.484449558972372851e-01
2.573866101123052919e-01
3.515207017882093221e-01
2.308345784932750722e-01
2.881216123251110761e-01
2.502972317282809445e-01
2.804295285376885993e-01
3.261991539091835812e-01
2.700390417891739836e-01
1.911420928326980073e-01
1.348929965778171147e-01
2.247085254628510831e-01
3.322702612961436208e-01
1.651539981684087555e-01
1.981353586404914213e-01
2.401172458668726917e-01
1.606738323613046693e-01
2.615438376632763240e-01
2.593748493758125107e-01
3.280025151500544078e-01
3.384826721935699778e-01
2.932261290789023311e-01
1.926382930865509213e-01
3.036487202969097021e-01
1.667084397744252044e-01
2.209958066226442863e-01
1.613064539451478652e-01
2.722854033430321952e-01
1.476893580330211342e-01
2.029255388174737440e-01
1.579198745054040953e-01
1.610112305393542331e-01
1.380771918831625034e-01
1.874367378416155194e-01
2.289594747299470434e-01
2.049143077484509856e-01
3.199739721405496229e-01
1.767544705258579374e-01
2.480787048194382782e-01
1.913479458877586359e-01
2.367812213814037559e-01
1.416108353014894627e-01
1.541953491632959139e-01
2.269223662858877444e-01
1.727340958073110000e-01
1.413128732741200100e-01
2.470015193689414357e-01
3.964862813143903986e-01
3.987275422043881079e-01
3.668980226295051050e-01
4.538464633980815455e-01
4.214172962681798085e-01
4.826736073455517584e-01
4.092108592705051007e-01
3.959325647862682040e-01
5.769566777760759546e-01
3.873112271333719603e-01
3.509047074820845769e-01
2.343213065477456336e-01
4.197859842583840928e-01
3.534283660083463174e-01
2.269758642711680874e-01
2.785171223233286475e-01
4.873614395707628333e-01
3.355505213605173287e-01
2.586719365048760211e-01
4.429556080397160089e-01
4.829533587185294019e-01
4.806382979787964804e-01
3.789825034944810933e-01
3.708166642566793625e-01
4.946109581330841998e-01
4.323790219100382970e-01
4.005918275044752508e-01
3.148966966166613091e-01
3.256793279815030084e-01
3.957872009844080607e-01
2.195281245481271459e-01
2.730059066657495315e-01
3.555788211012675393e-01
4.312474644623049413e-01
2.527624808704975190e-01
4.094867500099642066e-01
4.509046503255466076e-01
4.703086172116717756e-01
4.278454621807115110e-01
4.641264479793403841e-01
4.168592892921880178e-01
3.787098219991827941e-01
3.872515713767956669e-01
2.370009760564908419e-01
4.017644502818066843e-01
2.830257314499732835e-01
2.529407511736420644e-01
2.477773676473012943e-01
4.813609792280886257e-01
4.224975853202294629e-01
2.844546068011469808e-01
4.444685448951229412e-01
4.817101679801412684e-01
4.964003299083913356e-01
4.011053069192394016e-01
4.438567504916047235e-01
4.124934081182576318e-01
4.329838767984962589e-01
4.190562263514328034e-01
2.175258477333523177e-01
3.830693131090529557e-01
3.372748497947426483e-01
2.189124269957178626e-01
2.664336928360543366e-01
4.621791546508044468e-01
3.175774049813936406e-01
2.859552931252634655e-01
4.496066601874088575e-01
4.497889191663452246e-01
5.322412484183888237e-01
4.253689370743389264e-01
4.091789393952432463e-01
4.102360809359593130e-01
4.213383532879244608e-01
4.108282979016674163e-01
2.459855529446419442e-01
4.086699194236104171e-01
4.496409330624646650e-01
2.268747363981443166e-01
2.589209968186635402e-01
4.207226694302514947e-01
3.786203192353777003e-01
3.355385777177926077e-01
4.264597191426459100e-01
3.941482695459364027e-01
5.313845956108947943e-01
4.085880008997715973e-01
3.487746953989939724e-01
5.319794240823870757e-01
3.756282808119871253e-01
3.567562722934539132e-01
3.379714429555356059e-01
3.693980697671407909e-01
3.835401078243066419e-01
2.724912243891098318e-01
1.593877756696464587e-01
2.045493668619899064e-01
1.357123921530817845e-01
1.488166963898378825e-01
1.659258825716617147e-01
2.478189617776049292e-01
2.074998795006479935e-01
1.549621632043151065e-01
1.629461058053128797e-01
3.228795127006302557e-01
2.089257884674044219e-01
1.752277437701815765e-01
1.878080949271956623e-01
2.816069793223116569e-01
2.328701567868642075e-01
1.517297681592500169e-01
1.966601023211621280e-01
1.762932257943555514e-01
3.484449558972374517e-01
2.573866101123057359e-01
3.515207017882079898e-01
2.308345784932742950e-01
2.881216123251110206e-01
2.502972317282797787e-01
2.804295285376899316e-01
3.261991539091834702e-01
2.700390417891733730e-01
1.911420928326957036e-01
1.348929965778156992e-01
2.247085254628492790e-01
3.322702612961430102e-01
1.651539981684093661e-01
1.981353586404905054e-01
2.401172458668733301e-01
1.606738323613052244e-01
2.615438376632729378e-01
2.593748493758110674e-01
3.280025151500527980e-01
3.384826721935670357e-01
2.932261290788995001e-01
1.926382930865495613e-01
3.036487202969093135e-01
1.667084397744238722e-01
2.209958066226413442e-01
1.613064539451450619e-01
2.722854033430334164e-01
1.476893580330208289e-01
2.029255388174753261e-01
1.579198745054016251e-01
1.610112305393505139e-01
1.380771918831596723e-01
1.874367378416157415e-01
2.289594747299474042e-01
2.049143077484520403e-01
3.199739721405518988e-01
1.767544705258578819e-01
2.480787048194363631e-01
1.913479458877576922e-01
2.367812213814005917e-01
1.416108353014887966e-01
1.541953491632944984e-01
2.269223662858860791e-01
1.727340958073096955e-01
1.413128732741187332e-01
