1.582976874672136491e-01
2.172943607397965216e-01
1.367917333943412528e-01
1.550624062635037603e-01
1.698859365297246404e-01
2.459137242939567480e-01
2.417448333714632414e-01
1.677724395637900101e-01
1.689853398844476107e-01
3.290770609318995898e-01
2.064067041188975826e-01
1.745418032995239566e-01
1.980962681031302186e-01
3.079005566994588161e-01
2.298082963834501280e-01
1.438410356135122747e-01
1.973795542772890099e-01
1.774843172311322825e-01
3.773926637687780028e-01
2.769334684228287324e-01
3.772592084191255801e-01
1.872416685731712882e-01
2.430736095801291075e-01
2.400077954870896979e-01
2.914446950136717618e-01
3.065073415107731347e-01
2.397112280434169906e-01
2.057309540150996374e-01
1.380690917410186402e-01
2.166199219886394134e-01
3.236751202510362302e-01
2.227026614809726746e-01
2.097155494547385535e-01
2.418299905945748562e-01
1.400423244108889298e-01
2.653854953099972769e-01
2.624621876509312113e-01
2.711593168010461019e-01
3.225806451612899806e-01
3.134453087267088378e-01
1.748561647898181082e-01
2.601387935636392812e-01
1.293983070235633082e-01
2.227814636874345111e-01
1.915084267520777705e-01
2.578999546452495628e-01
1.317663274499991932e-01
2.309804128609895535e-01
1.667671914754952911e-01
2.017234805155175836e-01
1.328770431378527295e-01
1.823635577925208362e-01
2.494555869069710052e-01
2.388505772170826380e-01
3.254022725539525984e-01
1.946160298939972333e-01
2.464277745296574729e-01
1.951307862426593376e-01
2.106688019522599820e-01
1.391094987526002580e-01
1.520351074228902810e-01
3.050280891735925315e-01
1.762464003369969001e-01
1.512493962734181852e-01
2.118677817602546976e-01
3.261874701667276111e-01
2.494979536846380075e-01
1.964759314336066709e-01
2.009837565774413304e-01
3.804344058290523578e-01
3.023580743210114719e-01
2.448188457110898331e-01
3.162595219332799967e-01
4.360166331969120290e-01
3.354609929078015140e-01
2.194344882516924833e-01
3.648183967332901401e-01
3.337570011100092215e-01
2.861560006378118803e-01
2.319379835108495158e-01
4.819263326469909181e-01
4.338358033164711469e-01
1.672958133150307114e-01
3.055593685655454972e-01
3.888888888888886175e-01
3.648578473561313040e-01
1.755964684837987844e-01
2.582497194714079014e-01
3.713575162900257243e-01
3.651856182678005491e-01
2.972638475812806602e-01
3.574031458080064727e-01
3.046467881745849593e-01
2.658303464755080170e-01
2.062838404636619938e-01
3.341620275045116273e-01
4.635225431196077217e-01
5.499025442289118271e-01
4.842446907671389411e-01
4.260468042676839318e-01
2.530050180884582667e-01
4.207475946567695857e-01
4.036019776560451078e-01
3.774816024606307829e-01
4.797993375039295572e-01
3.854872329338197012e-01
4.648908857509627679e-01
4.287675237356851077e-01
3.942650637702683758e-01
5.453899526236256623e-01
3.426363542277571783e-01
3.587058221967152627e-01
2.483659148970093489e-01
4.558577075385881194e-01
3.423954718963551080e-01
2.532384175516396163e-01
1.582976874672136491e-01
2.172943607397965216e-01
1.367917333943412528e-01
1.550624062635037603e-01
1.698859365297246404e-01
2.459137242939567480e-01
2.417448333714632414e-01
1.677724395637900101e-01
1.689853398844476107e-01
3.290770609318995898e-01
2.064067041188975826e-01
1.745418032995239566e-01
1.980962681031302186e-01
3.079005566994588161e-01
2.298082963834501280e-01
1.438410356135122747e-01
1.973795542772890099e-01
1.774843172311322825e-01
3.773926637687780028e-01
2.769334684228287324e-01
3.772592084191255801e-01
1.872416685731712882e-01
2.430736095801291075e-01
2.400077954870896979e-01
2.914446950136717618e-01
3.065073415107731347e-01
2.397112280434169906e-01
2.057309540150996374e-01
1.380690917410186402e-01
2.166199219886394134e-01
3.236751202510362302e-01
2.227026614809726746e-01
2.097155494547385535e-01
2.418299905945748562e-01
1.400423244108889298e-01
2.653854953099972769e-01
2.624621876509312113e-01
2.711593168010461019e-01
3.225806451612899806e-01
3.134453087267088378e-01
1.748561647898181082e-01
2.601387935636392812e-01
1.293983070235633082e-01
2.227814636874345111e-01
1.915084267520777705e-01
2.578999546452495628e-01
1.317663274499991932e-01
2.309804128609895535e-01
1.667671914754952911e-01
2.017234805155175836e-01
1.328770431378527295e-01
1.823635577925208362e-01
2.494555869069710052e-01
2.388505772170826380e-01
3.254022725539525984e-01
1.946160298939972333e-01
2.464277745296574729e-01
1.951307862426593376e-01
2.106688019522599820e-01
1.391094987526002580e-01
1.520351074228902810e-01
3.050280891735925315e-01
1.762464003369969001e-01
1.512493962734181852e-01
2.530050180884582667e-01
4.207475946567695857e-01
4.036019776560451078e-01
3.774816024606307829e-01
4.797993375039295572e-01
3.854872329338197012e-01
4.648908857509627679e-01
4.287675237356851077e-01
3.942650637702683758e-01
5.453899526236256623e-01
3.426363542277571783e-01
3.587058221967152627e-01
2.483659148970093489e-01
4.558577075385881194e-01
3.423954718963551080e-01
2.532384175516396163e-01
2.849107822557229164e-01
5.124355926352337498e-01
3.491869815365580276e-01
2.619961530965873586e-01
4.618317699992368075e-01
4.478996905342264578e-01
4.508549630393113294e-01
4.156689290525942271e-01
3.796063279019120107e-01
4.366019438970931699e-01
3.876120458138299085e-01
4.284263878502704848e-01
3.258665625939229926e-01
3.918683191886987438e-01
3.828897531711529245e-01
2.277371056712165776e-01
2.697032319034861070e-01
3.767826459575534526e-01
4.292131118370046128e-01
2.815562362571017441e-01
4.101667870876146149e-01
4.325047411392293761e-01
4.504434296286758399e-01
4.493404623035460732e-01
4.766538163337736833e-01
4.021775448909654105e-01
3.251196523852686870e-01
3.896877300667480060e-01
2.672509119564801527e-01
3.963101684684682824e-01
3.039248996385104373e-01
2.690082833087474867e-01
2.562521574157566318e-01
4.855469125132040320e-01
4.263835711799506822e-01
3.086789491077326364e-01
4.613223854796890122e-01
4.581187401494739020e-01
4.614812649346689555e-01
4.255474986018609740e-01
4.309577206470799338e-01
3.999866936212393420e-01
3.823020997508772001e-01
4.199933906146726681e-01
2.456352636127916711e-01
3.915506356345935801e-01
3.496810922091311835e-01
2.362486048870714728e-01
2.710390848427069455e-01
4.612039107737226362e-01
3.336861450310448229e-01
3.100730854782331458e-01
4.655100095328881804e-01
4.319760708974926255e-01
4.934894184938035666e-01
4.482566420168361265e-01
4.074447319442553450e-01
3.827649114936728103e-01
3.740906273322020525e-01
4.178589393682173858e-01
2.670642234226597300e-01
4.435106882529502026e-01
4.406964404554200576e-01
2.475602160788047956e-01
2.654561862877185541e-01
4.418025650151256589e-01
3.777468686333109726e-01
3.532221572565270029e-01
4.424163849132702886e-01
3.846760047792152082e-01
4.936402375607866766e-01
4.184101482065231692e-01
3.435760494655905051e-01
4.888718839853073428e-01
3.402673828511499354e-01
3.737483952767114426e-01
3.662483440809187196e-01
3.795375896051336184e-01
3.885009415680282796e-01
3.003286832184637323e-01
1.582976874672125944e-01
2.172943607397938570e-01
1.367917333943400593e-01
1.550624062635019285e-01
1.698859365297252788e-01
2.459137242939577195e-01
2.417448333714599107e-01
1.677724395637915922e-01
1.689853398844468058e-01
3.290770609318977580e-01
2.064067041188984986e-01
1.745418032995198210e-01
1.980962681031314954e-01
3.079005566994552634e-01
2.298082963834479908e-01
1.438410356135128021e-01
1.973795542772872058e-01
1.774843172311306727e-01
3.773926637687762820e-01
2.769334684228303978e-01
3.772592084191273565e-01
1.872416685731695118e-01
2.430736095801286079e-01
2.400077954870882824e-01
2.914446950136692638e-01
3.065073415107719690e-01
2.397112280434146037e-01
2.057309540150979443e-01
1.380690917410170859e-01
2.166199219886396632e-01
3.236751202510355641e-01
2.227026614809718696e-01
2.097155494547375543e-01
2.418299905945759665e-01
1.400423244108880971e-01
2.653854953099960001e-01
2.624621876509284912e-01
2.711593168010461019e-01
3.225806451612872050e-01
3.134453087267056737e-01
1.748561647898159432e-01
2.601387935636378934e-01
1.293983070235628918e-01
2.227814636874346776e-01
1.915084267520751338e-01
2.578999546452484526e-01
1.317663274499996928e-01
2.309804128609880547e-01
1.667671914754938201e-01
2.017234805155170285e-01
1.328770431378503702e-01
1.823635577925182827e-01
2.494555869069679799e-01
2.388505772170811392e-01
3.254022725539523209e-01
1.946160298939945410e-01
2.464277745296536426e-01
1.951307862426590600e-01
2.106688019522607591e-01
1.391094987525997306e-01
1.520351074228880606e-01
3.050280891735933642e-01
1.762464003369938470e-01
1.512493962734173247e-01
