1.430170376818800382e-01
2.347729789590247140e-01
1.538987688098487627e-01
1.339489284085725040e-01
1.913881831802477507e-01
2.489740082079335282e-01
1.641586867305061814e-01
1.869585043319639817e-01
1.588170151781638784e-01
2.962836297309616174e-01
2.896336829305366511e-01
2.333333333333325321e-01
1.735273390540145455e-01
2.496580027359782683e-01
2.049377890691150006e-01
1.232900136798898982e-01
2.649990228649599100e-01
1.932917869990370408e-01
3.079970360237108129e-01
2.345124096150087156e-01
3.953488372093011405e-01
2.852941176470588092e-01
2.259254653235493737e-01
2.857197142422860381e-01
2.859097127222970935e-01
1.599494896348517825e-01
2.530779753761969730e-01
2.493160054719559260e-01
1.744186046511613519e-01
2.625018999847990586e-01
2.301514921213956011e-01
2.247606019151834333e-01
2.182268256139656970e-01
1.810875512995893111e-01
2.118673050615582643e-01
2.086183310533517021e-01
2.507979936160499856e-01
2.711105583882600367e-01
2.507979936160509848e-01
2.112403100775188391e-01
2.173582611339101300e-01
3.224806201550379225e-01
2.384404924760600286e-01
2.393980848153203222e-01
1.869585043319640094e-01
3.301413588691278767e-01
1.960530982418805246e-01
2.841208039566454069e-01
1.057082452431282182e-01
1.674418604651163323e-01
2.172252621979028631e-01
1.744186046511622401e-01
1.978010842579925044e-01
2.658458732330129526e-01
3.527131782945726601e-01
2.069083447332412395e-01
1.848305213558292248e-01
1.682436540507669109e-01
2.593479252165974969e-01
2.208325190541332583e-01
1.127554615926704140e-01
2.700638394892834748e-01
2.760406488176653794e-01
1.575260125191718374e-01
2.057050210264983470e-01
3.759436591173933584e-01
2.644778841769259703e-01
1.690986472108216843e-01
2.681258549931592183e-01
3.964059196617330527e-01
2.836134453781507525e-01
2.982216142270860959e-01
3.172721284896377614e-01
3.435172518619852289e-01
4.323529411764707175e-01
2.005623955008355164e-01
2.916303942295735419e-01
2.894056847545211086e-01
4.143763213530657907e-01
2.920086639306881948e-01
3.693570451436384849e-01
4.889294218979577389e-01
2.770177838577289053e-01
3.030779753761965178e-01
4.021887824897398267e-01
2.351638329750502798e-01
2.536599707202336074e-01
3.466386554621844751e-01
3.548664944013771305e-01
3.698805965107833660e-01
2.703915868673046341e-01
3.982725785252541062e-01
3.561331509347920310e-01
2.395322013894468360e-01
1.413588691290459942e-01
2.584587323301413275e-01
4.413974786484449186e-01
5.236482106212752008e-01
5.274922381793312187e-01
4.340873860035663334e-01
2.490623122034107129e-01
3.993617506268519746e-01
4.359471164805105992e-01
3.216605881012077339e-01
4.633587228131142988e-01
4.345794392523361638e-01
4.017437884659218472e-01
4.051743788465918539e-01
3.816904924723475423e-01
4.571815979263945673e-01
4.442345892083752190e-01
4.495975872770943682e-01
2.291421821852634988e-01
4.593224570429945142e-01
3.577995593040040889e-01
2.637130364506702351e-01
1.430170376818800382e-01
2.347729789590247140e-01
1.538987688098487627e-01
1.339489284085725040e-01
1.913881831802477507e-01
2.489740082079335282e-01
1.641586867305061814e-01
1.869585043319639817e-01
1.588170151781638784e-01
2.962836297309616174e-01
2.896336829305366511e-01
2.333333333333325321e-01
1.735273390540145455e-01
2.496580027359782683e-01
2.049377890691150006e-01
1.232900136798898982e-01
2.649990228649599100e-01
1.932917869990370408e-01
3.079970360237108129e-01
2.345124096150087156e-01
3.953488372093011405e-01
2.852941176470588092e-01
2.259254653235493737e-01
2.857197142422860381e-01
2.859097127222970935e-01
1.599494896348517825e-01
2.530779753761969730e-01
2.493160054719559260e-01
1.744186046511613519e-01
2.625018999847990586e-01
2.301514921213956011e-01
2.247606019151834333e-01
2.182268256139656970e-01
1.810875512995893111e-01
2.118673050615582643e-01
2.086183310533517021e-01
2.507979936160499856e-01
2.711105583882600367e-01
2.507979936160509848e-01
2.112403100775188391e-01
2.173582611339101300e-01
3.224806201550379225e-01
2.384404924760600286e-01
2.393980848153203222e-01
1.869585043319640094e-01
3.301413588691278767e-01
1.960530982418805246e-01
2.841208039566454069e-01
1.057082452431282182e-01
1.674418604651163323e-01
2.172252621979028631e-01
1.744186046511622401e-01
1.978010842579925044e-01
2.658458732330129526e-01
3.527131782945726601e-01
2.069083447332412395e-01
1.848305213558292248e-01
1.682436540507669109e-01
2.593479252165974969e-01
2.208325190541332583e-01
1.127554615926704140e-01
2.700638394892834748e-01
2.760406488176653794e-01
1.575260125191718374e-01
2.490623122034107129e-01
3.993617506268519746e-01
4.359471164805105992e-01
3.216605881012077339e-01
4.633587228131142988e-01
4.345794392523361638e-01
4.017437884659218472e-01
4.051743788465918539e-01
3.816904924723475423e-01
4.571815979263945673e-01
4.442345892083752190e-01
4.495975872770943682e-01
2.291421821852634988e-01
4.593224570429945142e-01
3.577995593040040889e-01
2.637130364506702351e-01
2.709338325293393912e-01
4.706199273482728485e-01
3.465572275421793247e-01
2.629578963368286448e-01
5.125398996808023799e-01
4.176082146898378866e-01
3.877310157989325434e-01
4.404924760601913736e-01
3.951968384252920186e-01
4.713678419604901970e-01
4.594224867822678249e-01
3.723474597966702215e-01
2.408063088436467880e-01
3.576964029124042321e-01
4.928784099138970309e-01
2.564827481380144714e-01
2.301093299349384891e-01
3.988119698193928753e-01
4.131965032307103325e-01
2.805017103762822983e-01
4.390667485308300533e-01
3.697536088511781394e-01
4.971049835343334666e-01
4.119121677412085347e-01
4.526269625471449620e-01
4.143265874320573583e-01
3.310718295545573286e-01
4.866590649942988955e-01
2.659064994298746543e-01
4.052113046668749941e-01
3.558299666401574246e-01
2.414447649071030100e-01
2.547301190933538018e-01
4.601581508515811270e-01
4.694343065693424855e-01
2.500855383211678662e-01
3.818684103811842978e-01
4.417655109489051490e-01
4.711957623682077601e-01
4.604955520072989139e-01
4.687956204379559177e-01
3.873101081487900776e-01
4.114051094890512350e-01
4.518476277372263095e-01
2.384428223844282380e-01
3.927182204482733141e-01
3.538347249553011054e-01
2.509993048314213548e-01
2.422997946611905318e-01
4.434328479838781090e-01
3.143158451303554313e-01
3.289984029203740779e-01
4.316281284409124175e-01
4.243029549571054604e-01
5.305954825462012581e-01
3.834347790855918148e-01
4.211075258303186297e-01
3.675698890096762983e-01
4.346251868556293974e-01
4.470835325776117974e-01
2.643420285446295148e-01
4.311109332397455307e-01
4.415171825965672481e-01
2.734200319415925895e-01
2.362619808306709313e-01
3.971930625285253758e-01
3.927756406076805540e-01
3.666818804198990200e-01
4.688878746386735963e-01
3.587403012323139850e-01
4.764466356757554033e-01
3.996500836756425867e-01
3.339942410901375891e-01
5.098930819599528652e-01
3.658460189187495715e-01
4.175890004564126179e-01
3.359196713829297742e-01
3.869364572239974431e-01
4.482673875645122319e-01
2.877681424007298983e-01
1.430170376818782896e-01
2.347729789590256022e-01
1.538987688098466533e-01
1.339489284085700338e-01
1.913881831802456412e-01
2.489740082079333616e-01
1.641586867305040165e-01
1.869585043319643980e-01
1.588170151781621853e-01
2.962836297309616174e-01
2.896336829305361515e-01
2.333333333333275084e-01
1.735273390540127414e-01
2.496580027359761589e-01
2.049377890691134463e-01
1.232900136798891766e-01
2.649990228649590218e-01
1.932917869990360971e-01
3.079970360237098137e-01
2.345124096150088822e-01
3.953488372093030834e-01
2.852941176470559226e-01
2.259254653235485133e-01
2.857197142422827074e-01
2.859097127222952617e-01
1.599494896348514217e-01
2.530779753761957518e-01
2.493160054719557595e-01
1.744186046511591592e-01
2.625018999847980594e-01
2.301514921213942133e-01
2.247606019151815460e-01
2.182268256139635876e-01
1.810875512995877845e-01
2.118673050615592357e-01
2.086183310533508140e-01
2.507979936160488754e-01
2.711105583882604808e-01
2.507979936160500967e-01
2.112403100775193943e-01
2.173582611339117676e-01
3.224806201550389217e-01
2.384404924760586686e-01
2.393980848153206553e-01
1.869585043319651474e-01
3.301413588691283207e-01
1.960530982418807466e-01
2.841208039566413546e-01
1.057082452431268443e-01
1.674418604651159159e-01
2.172252621979019471e-01
1.744186046511605193e-01
1.978010842579905337e-01
2.658458732330137853e-01
3.527131782945738814e-01
2.069083447332411840e-01
1.848305213558286975e-01
1.682436540507674383e-01
2.593479252165973858e-01
2.208325190541325922e-01
1.127554615926709553e-01
2.700638394892831418e-01
2.760406488176668782e-01
1.575260125191715044e-01
