2.203004523190136565e-01
2.303244577026467843e-01
1.772364011343124934e-01
1.804588811549362459e-01
2.205649467830441413e-01
1.732405259087384797e-01
2.358855375096662321e-01
2.113946893529259907e-01
1.834788052885491516e-01
2.949535962877019579e-01
2.522557360144357941e-01
2.515596803299823270e-01
2.388619372378066874e-01
2.474864655839132399e-01
2.629175413398142092e-01
1.725960299046146174e-01
2.663425772474494191e-01
1.592334794190931324e-01
2.999806651198756446e-01
3.093580819798904535e-01
2.322763598865684453e-01
1.762567672080431747e-01
1.558274156882036576e-01
2.522557360144357941e-01
1.595403822782001935e-01
1.966803498126000471e-01
1.933488012374319776e-01
1.705336426914144110e-01
1.511987625676714520e-01
2.113660450860750384e-01
3.294090687748837398e-01
2.828306264501151968e-01
2.025558870106428377e-01
2.184068058778027288e-01
2.129414797628248479e-01
2.049497293116782082e-01
2.706883217324049795e-01
1.890365370643791731e-01
2.165506573859239947e-01
3.055877803557612848e-01
1.966142476583312981e-01
2.332559938128379584e-01
2.338747099767982951e-01
1.804588811549356908e-01
2.589584944573329883e-01
2.210282085724747658e-01
1.405001288992003827e-01
2.587899339639470608e-01
2.031920129367912331e-01
2.366589327146166044e-01
1.925109564320683919e-01
2.235112142304701288e-01
3.006502248574947078e-01
1.912864140242318545e-01
1.884506316060837183e-01
2.296983758700691380e-01
3.265446420898855395e-01
1.828220331700608492e-01
1.836813611755599984e-01
2.372113578610091089e-01
1.912395415875685900e-01
3.186388244392884816e-01
2.455345633999916066e-01
2.952963509808054776e-01
3.528973675918762321e-01
3.552461974735754979e-01
3.196700180458880158e-01
2.320185614849183398e-01
2.977571539056451111e-01
2.870936745646716082e-01
2.734504474643678629e-01
3.291717305638420799e-01
3.587407980292733334e-01
4.078370714101570149e-01
3.791183294663573733e-01
2.666494801065564246e-01
2.879139422062854115e-01
3.769012632121676587e-01
3.920410602545176815e-01
2.248002062387211009e-01
4.338747099767978899e-01
3.150869353498889081e-01
2.175174013921112592e-01
2.208816705336425767e-01
2.192575406032473695e-01
2.393105734173016641e-01
2.226021356562327413e-01
3.129488454314441892e-01
3.746956546647184916e-01
3.214459625905874418e-01
2.927623098736784613e-01
2.832142911302180655e-01
2.864140242330488473e-01
3.349862760262652395e-01
2.552204176334100238e-01
4.209332302139724979e-01
5.206243952594066249e-01
4.168480516078147402e-01
4.463732126822544943e-01
5.314000182261263694e-01
3.123711340206183351e-01
4.185567010309271807e-01
4.387886597938140953e-01
3.944265463917525638e-01
4.711534720871424220e-01
2.958762886597938180e-01
3.240850515463915005e-01
4.619845360824743619e-01
3.876779577810502420e-01
4.391667552343503922e-01
3.651693667157586143e-01
3.866574147501978254e-01
3.081001472754048565e-01
4.169366715758466291e-01
3.841065292096215722e-01
3.608833177132146353e-01
2.203004523190136565e-01
2.303244577026467843e-01
1.772364011343124934e-01
1.804588811549362459e-01
2.205649467830441413e-01
1.732405259087384797e-01
2.358855375096662321e-01
2.113946893529259907e-01
1.834788052885491516e-01
2.949535962877019579e-01
2.522557360144357941e-01
2.515596803299823270e-01
2.388619372378066874e-01
2.474864655839132399e-01
2.629175413398142092e-01
1.725960299046146174e-01
2.663425772474494191e-01
1.592334794190931324e-01
2.999806651198756446e-01
3.093580819798904535e-01
2.322763598865684453e-01
1.762567672080431747e-01
1.558274156882036576e-01
2.522557360144357941e-01
1.595403822782001935e-01
1.966803498126000471e-01
1.933488012374319776e-01
1.705336426914144110e-01
1.511987625676714520e-01
2.113660450860750384e-01
3.294090687748837398e-01
2.828306264501151968e-01
2.025558870106428377e-01
2.184068058778027288e-01
2.129414797628248479e-01
2.049497293116782082e-01
2.706883217324049795e-01
1.890365370643791731e-01
2.165506573859239947e-01
3.055877803557612848e-01
1.966142476583312981e-01
2.332559938128379584e-01
2.338747099767982951e-01
1.804588811549356908e-01
2.589584944573329883e-01
2.210282085724747658e-01
1.405001288992003827e-01
2.587899339639470608e-01
2.031920129367912331e-01
2.366589327146166044e-01
1.925109564320683919e-01
2.235112142304701288e-01
3.006502248574947078e-01
1.912864140242318545e-01
1.884506316060837183e-01
2.296983758700691380e-01
3.265446420898855395e-01
1.828220331700608492e-01
1.836813611755599984e-01
2.372113578610091089e-01
1.912395415875685900e-01
3.186388244392884816e-01
2.455345633999916066e-01
2.952963509808054776e-01
3.123711340206183351e-01
4.185567010309271807e-01
4.387886597938140953e-01
3.944265463917525638e-01
4.711534720871424220e-01
2.958762886597938180e-01
3.240850515463915005e-01
4.619845360824743619e-01
3.876779577810502420e-01
4.391667552343503922e-01
3.651693667157586143e-01
3.866574147501978254e-01
3.081001472754048565e-01
4.169366715758466291e-01
3.841065292096215722e-01
3.608833177132146353e-01
3.595609286169791918e-01
4.191927257014563812e-01
3.987281945518599824e-01
3.265446420898853730e-01
3.671049239494711958e-01
3.590463368756743878e-01
3.589695557036334250e-01
4.421242588295954956e-01
4.124774426398553628e-01
3.590882252659063356e-01
4.082690579210301873e-01
3.803781378667965840e-01
4.076247668440926009e-01
3.780266149251638175e-01
3.563683787513455825e-01
3.539056457849960591e-01
3.037724114916722784e-01
3.856500446023957140e-01
4.672167784081138753e-01
3.202681794739555832e-01
4.474352362439003028e-01
2.793970704091381374e-01
3.734335179169031016e-01
4.474818401122401257e-01
4.944856587455860319e-01
3.337467608690838916e-01
2.630785375073130816e-01
4.733209029237910315e-01
2.992521918514695067e-01
4.176958446038630535e-01
3.720056988537592813e-01
3.499150562752177396e-01
3.188031983492390919e-01
4.345857335282145573e-01
5.016567131604531271e-01
3.380835697704412390e-01
4.353022096122429740e-01
3.670621614650501630e-01
3.438941908119104163e-01
4.222981686871289941e-01
4.096389915837946871e-01
3.080844732589271273e-01
3.593500128965697038e-01
4.907918493680678562e-01
3.437709569254574493e-01
3.714488862923592261e-01
3.713365384285352011e-01
3.360354717073826825e-01
3.173374613003095424e-01
4.318509723766871256e-01
3.485418611889199436e-01
4.045407636738904134e-01
4.617041324538969094e-01
3.160385366267719487e-01
4.121052631578948078e-01
3.946006430077653726e-01
4.481792717086834910e-01
2.800567595459236281e-01
3.376398281655395572e-01
4.893761397854022865e-01
3.030902419447307206e-01
4.756233854177147058e-01
4.854012111299336740e-01
3.453044375644994113e-01
2.987612903225805860e-01
4.263225806451612643e-01
4.105437788018428957e-01
4.235182795698924640e-01
4.491182795698925312e-01
2.807741935483867857e-01
3.756972130853705738e-01
4.238107526881716436e-01
3.605008417125438736e-01
3.847812200574894925e-01
2.980999367488927909e-01
4.598387096774197436e-01
4.385949820788529463e-01
3.920388761360126817e-01
4.688039702233250394e-01
3.651764705882354911e-01
2.203004523190115471e-01
2.303244577026466455e-01
1.772364011343092460e-01
1.804588811549351357e-01
2.205649467830425314e-01
1.732405259087363147e-01
2.358855375096674811e-01
2.113946893529250470e-01
1.834788052885494014e-01
2.949535962877040673e-01
2.522557360144323524e-01
2.515596803299824380e-01
2.388619372378056049e-01
2.474864655839126570e-01
2.629175413398144867e-01
1.725960299046132851e-01
2.663425772474473652e-01
1.592334794190916891e-01
2.999806651198748120e-01
3.093580819798898429e-01
2.322763598865689449e-01
1.762567672080408987e-01
1.558274156882028250e-01
2.522557360144363492e-01
1.595403822781995551e-01
1.966803498125983818e-01
1.933488012374322274e-01
1.705336426914141057e-01
1.511987625676716185e-01
2.113660450860758155e-01
3.294090687748834623e-01
2.828306264501141420e-01
2.025558870106391463e-01
2.184068058778021182e-01
2.129414797628247091e-01
2.049497293116777641e-01
2.706883217324023705e-01
1.890365370643787291e-01
2.165506573859213857e-01
3.055877803557610073e-01
1.966142476583313814e-01
2.332559938128375698e-01
2.338747099767956306e-01
1.804588811549358851e-01
2.589584944573298797e-01
2.210282085724755152e-01
1.405001288991980790e-01
2.587899339639485596e-01
2.031920129367906502e-01
2.366589327146132737e-01
1.925109564320638400e-01
2.235112142304702676e-01
3.006502248574933756e-01
1.912864140242332145e-01
1.884506316060827469e-01
2.296983758700677503e-01
3.265446420898820978e-01
1.828220331700589896e-01
1.836813611755598596e-01
2.372113578610061946e-01
1.912395415875662030e-01
3.186388244392854285e-01
2.455345633999928834e-01
2.952963509808035902e-01
