1.040943789035391059e-01
2.889858233369675400e-01
2.385496183206100018e-01
4.770992366412125235e-02
9.242093784078433960e-02
2.671755725190833597e-01
2.862595419847323019e-01
1.908396946564880070e-01
1.444929116684837700e-01
2.156488549618310324e-01
2.620865139949095646e-01
1.816793893129763915e-01
1.263011797362936506e-01
1.431297709923661510e-01
3.628680479825516780e-01
9.828244274809114223e-02
2.464558342420926362e-01
1.386768447837149199e-01
1.276240458015263923e-01
1.962922573609595656e-01
2.919847328244263851e-01
1.723282442748079735e-01
4.160305343511443987e-01
2.620865139949095646e-01
5.283533260632491402e-01
3.012331180270109710e-01
3.053435114503810222e-01
2.318702290076329053e-01
1.946564885496172570e-01
6.658184902459590715e-02
4.389312977099231183e-01
3.034351145038036157e-02
2.726281352235542799e-01
1.684160305343509467e-01
2.533396946564876462e-01
2.576335877862587775e-01
2.385496183206100018e-01
4.727619708535737431e-01
4.198473282442739540e-01
2.080152671755714777e-01
1.959287531806603866e-01
4.564885496183201941e-01
1.202290076335875424e-01
2.137404580152661160e-01
2.347328244274809184e-01
3.272398553635989527e-01
2.080152671755717830e-01
1.651497357604225225e-01
1.179736294240106009e-01
2.725190839694639489e-01
4.914122137404370455e-02
2.270992366412197261e-01
8.142493638676763512e-02
1.155943293347867079e-01
1.946564885496181452e-01
1.259541984732817643e-01
1.289228159457161682e-01
2.926208651399485605e-01
3.339694656488537139e-01
2.464558342420926362e-01
1.179736294240106009e-01
3.276081424936241188e-02
1.540348964013082966e-01
8.674531575294909536e-02
1.306191687871074703e-01
3.371501272264624260e-01
2.099236641221369770e-01
9.541984732824418391e-02
2.204198473282439064e-01
3.903539208882716438e-01
3.496455834242091498e-01
2.674482006543065782e-01
2.366412213740449189e-01
2.875318066157755426e-01
3.938931297709917234e-01
2.029262086513992369e-01
2.550312283136703106e-01
3.676844783715009779e-01
3.067314365024290113e-01
2.600190839694649925e-01
3.950381679389307066e-01
4.877014418999144341e-01
1.545801526717555940e-01
4.568702290076334105e-01
4.608778625954192965e-01
4.143947655398037000e-01
1.584471675371632582e-01
2.474100327153758994e-01
2.402459711620013039e-01
3.582131750070669529e-01
3.566316793893128390e-01
6.250561293219579762e-01
2.309160305343507247e-01
3.429501571621017542e-01
1.526717557251900115e-01
1.389312977099227131e-01
4.092261523719789018e-01
5.527011708755356079e-01
6.638503473889134643e-01
3.093720044370051880e-01
2.448484848484847598e-01
4.266666666666664165e-01
3.571428571428570953e-01
3.028571428571427693e-01
3.018867924528302327e-01
4.490476190476189178e-01
5.771428571428567356e-01
3.571428571428570953e-01
4.459863945578228517e-01
6.592636229749634369e-01
4.446258503401361861e-01
4.206593406593403528e-01
2.458132343846624324e-01
2.297505668934235190e-01
4.641269841269841101e-01
1.311688311688308795e-01
1.040943789035391059e-01
2.889858233369675400e-01
2.385496183206100018e-01
4.770992366412125235e-02
9.242093784078433960e-02
2.671755725190833597e-01
2.862595419847323019e-01
1.908396946564880070e-01
1.444929116684837700e-01
2.156488549618310324e-01
2.620865139949095646e-01
1.816793893129763915e-01
1.263011797362936506e-01
1.431297709923661510e-01
3.628680479825516780e-01
9.828244274809114223e-02
2.464558342420926362e-01
1.386768447837149199e-01
1.276240458015263923e-01
1.962922573609595656e-01
2.919847328244263851e-01
1.723282442748079735e-01
4.160305343511443987e-01
2.620865139949095646e-01
5.283533260632491402e-01
3.012331180270109710e-01
3.053435114503810222e-01
2.318702290076329053e-01
1.946564885496172570e-01
6.658184902459590715e-02
4.389312977099231183e-01
3.034351145038036157e-02
2.726281352235542799e-01
1.684160305343509467e-01
2.533396946564876462e-01
2.576335877862587775e-01
2.385496183206100018e-01
4.727619708535737431e-01
4.198473282442739540e-01
2.080152671755714777e-01
1.959287531806603866e-01
4.564885496183201941e-01
1.202290076335875424e-01
2.137404580152661160e-01
2.347328244274809184e-01
3.272398553635989527e-01
2.080152671755717830e-01
1.651497357604225225e-01
1.179736294240106009e-01
2.725190839694639489e-01
4.914122137404370455e-02
2.270992366412197261e-01
8.142493638676763512e-02
1.155943293347867079e-01
1.946564885496181452e-01
1.259541984732817643e-01
1.289228159457161682e-01
2.926208651399485605e-01
3.339694656488537139e-01
2.464558342420926362e-01
1.179736294240106009e-01
3.276081424936241188e-02
1.540348964013082966e-01
8.674531575294909536e-02
2.448484848484847598e-01
4.266666666666664165e-01
3.571428571428570953e-01
3.028571428571427693e-01
3.018867924528302327e-01
4.490476190476189178e-01
5.771428571428567356e-01
3.571428571428570953e-01
4.459863945578228517e-01
6.592636229749634369e-01
4.446258503401361861e-01
4.206593406593403528e-01
2.458132343846624324e-01
2.297505668934235190e-01
4.641269841269841101e-01
1.311688311688308795e-01
1.916432302129367216e-01
4.019866901546289562e-01
4.961832061068700561e-01
1.908396946564880070e-01
5.801526717557248247e-01
3.685326547921968232e-01
5.211310388546979144e-01
3.206106870229005756e-01
4.198473282442746757e-01
6.488549618320614831e-01
5.291933154528574157e-01
3.270633035643855102e-01
1.768073641670403207e-01
3.172072990174396590e-01
3.648405927256396786e-01
2.183206106870226593e-01
2.566078056461589263e-01
2.601084605440524555e-01
5.319311663479926455e-01
1.950286806883362867e-01
4.544785997940869460e-01
4.054580935071173675e-01
4.589375351821090576e-01
4.489547898264187875e-01
4.850713340197088663e-01
4.627620265340356975e-01
4.765672205794233007e-01
4.565377261361964201e-01
1.367112810707457327e-01
5.065575094929033462e-01
3.478235547864820809e-01
9.503992801709554294e-02
1.661625327687029363e-01
6.513409961685820981e-01
5.054524020041255561e-01
1.056034482758619469e-01
3.765432098765430502e-01
4.407088122605362090e-01
5.590676883780331119e-01
4.252873563218387831e-01
5.123598694479920557e-01
3.694233391778690700e-01
5.896551724137930606e-01
4.896551724137930828e-01
2.378033205619407009e-01
3.266672759026845174e-01
2.868663007086890149e-01
1.491516146688557920e-01
2.072936660268714926e-01
4.580476403912530636e-01
3.707650123389088503e-01
2.284069097888670186e-01
4.205958441124922342e-01
4.505072662462296651e-01
5.990786948176579640e-01
3.333927842186229507e-01
4.949273375377023498e-01
4.430958563847802734e-01
5.710937049261066711e-01
3.874424841584938051e-01
1.861804222648753004e-01
3.394617470535364334e-01
4.421830297323720016e-01
1.934740882917467264e-01
2.648076923076921885e-01
2.836538461538458122e-01
4.747252747252747040e-01
2.905128205128205132e-01
3.538461538461536438e-01
3.923076923076920242e-01
6.526967551145358426e-01
3.074358974358976093e-01
4.293587935336879990e-01
6.111227468900733983e-01
4.307692307692305156e-01
4.125600961538464229e-01
2.324786324786317915e-01
3.928870962578829840e-01
3.834319526627218977e-01
1.865384615384610978e-01
1.040943789035377598e-01
2.889858233369666518e-01
2.385496183206103626e-01
4.770992366412127317e-02
9.242093784078384000e-02
2.671755725190826380e-01
2.862595419847336342e-01
1.908396946564879237e-01
1.444929116684841586e-01
2.156488549618328365e-01
2.620865139949067335e-01
1.816793893129728943e-01
1.263011797362922350e-01
1.431297709923661232e-01
3.628680479825479588e-01
9.828244274809190550e-02
2.464558342420916370e-01
1.386768447837123386e-01
1.276240458015270307e-01
1.962922573609561239e-01
2.919847328244250528e-01
1.723282442748064469e-01
4.160305343511452869e-01
2.620865139949105083e-01
5.283533260632522488e-01
3.012331180270105269e-01
3.053435114503793568e-01
2.318702290076332384e-01
1.946564885496164798e-01
6.658184902459722554e-02
4.389312977099227298e-01
3.034351145038095138e-02
2.726281352235546684e-01
1.684160305343518349e-01
2.533396946564885899e-01
2.576335877862573898e-01
2.385496183206106680e-01
4.727619708535726883e-01
4.198473282442716781e-01
2.080152671755689520e-01
1.959287531806600535e-01
4.564885496183203606e-01
1.202290076335859187e-01
2.137404580152636735e-01
2.347328244274809461e-01
3.272398553635995633e-01
2.080152671755713667e-01
1.651497357604197191e-01
1.179736294240090744e-01
2.725190839694617284e-01
4.914122137404471069e-02
2.270992366412216967e-01
8.142493638676673307e-02
1.155943293347872075e-01
1.946564885496182562e-01
1.259541984732793218e-01
1.289228159457132539e-01
2.926208651399472838e-01
3.339694656488547686e-01
2.464558342420929138e-01
1.179736294240114752e-01
3.276081424936316128e-02
1.540348964013057431e-01
8.674531575294745778e-02
