7.810059356451092005e-02
1.821305841924397428e-01
1.503436426116837588e-01
2.147766323024049850e-01
8.321060382916008191e-02
1.924398625429546983e-01
2.577319587628862929e-01
2.405498281786939974e-01
1.561119293078046255e-01
3.155068728522328891e-01
1.769759450171810855e-01
3.680412371134003657e-01
3.411433926897842195e-01
2.577319587628862929e-01
3.267059401080010250e-01
1.327319587628858766e-01
1.664212076583201638e-01
1.872852233676965128e-01
4.366408934707900480e-01
2.650957290132532895e-01
3.505154639175253606e-01
2.438144329896897722e-01
1.532333645735698691e-01
2.654639175257715866e-01
1.678939617083937130e-01
7.533703409992055511e-02
1.890034364261160005e-01
2.783505154639174251e-01
0.000000000000000000e+00
2.397861779305069940e-01
3.073692248949978501e-01
3.278350515463917536e-01
2.209131075110442599e-01
3.032646048109963743e-01
1.520618556701021917e-01
3.092783505154638179e-01
1.932989690721637344e-01
2.213370821618238227e-01
2.061855670103089899e-01
1.170532646048107889e-01
2.520045819014888333e-01
1.786941580756010450e-01
1.515463917525773363e-01
1.683848797250858953e-01
1.056701030927829493e-01
3.601012841381793228e-01
2.080946926307747080e-01
3.271213322759704556e-01
2.389878163074027340e-01
7.010309278350343454e-02
8.848797250858897456e-02
2.336769759450163519e-01
4.642993508972885763e-01
2.341678939617069244e-01
8.762886597938090993e-02
3.685567010309266367e-01
4.642993508972895755e-01
1.811282932416945490e-01
1.932989690721637344e-01
1.941580756013746023e-01
1.593252108716018134e-01
4.424398625429544207e-01
2.218949435444274310e-01
2.811621368322391179e-01
2.458953799159984688e-01
3.642611683848789861e-01
3.264604810996560302e-01
2.290950744558991892e-01
1.804123711340202552e-01
2.928772258669159467e-01
3.645066273932247025e-01
4.280805105547375589e-01
4.497899961817484749e-01
2.912371134020610985e-01
3.324742268041231408e-01
3.321878579610532678e-01
3.608247422680408434e-01
3.894616265750279749e-01
2.974070602936582652e-01
2.965349369988543593e-01
5.103092783505149832e-01
4.009163802978233382e-01
2.087628865979375692e-01
2.164948453608242784e-01
1.623711340206175913e-01
1.585665193912614568e-01
5.706275999276402833e-02
2.835051546391752497e-01
4.719358533791518373e-01
4.837724322260403276e-01
2.469931271477657508e-01
2.696583788154436889e-01
3.591065292096217165e-01
1.187588437436829097e-01
2.577319587628860154e-01
6.254295532646046984e-01
4.802734511791731942e-01
4.380967111811855941e-01
4.216498838109993264e-01
5.776974540077308706e-01
2.283642600966786229e-01
3.842195540308743773e-01
4.373927958833618290e-01
4.431818181818178992e-01
4.986569144632508888e-01
3.604202401372209597e-01
2.945111492281302645e-01
4.373927958833618290e-01
4.624683492608016588e-01
3.381973793566869224e-01
3.165890713060524053e-01
4.571843251088528182e-01
2.446592858256666503e-01
5.354896675651390492e-01
4.179531160663231271e-01
3.701075939497893708e-01
7.810059356451092005e-02
1.821305841924397428e-01
1.503436426116837588e-01
2.147766323024049850e-01
8.321060382916008191e-02
1.924398625429546983e-01
2.577319587628862929e-01
2.405498281786939974e-01
1.561119293078046255e-01
3.155068728522328891e-01
1.769759450171810855e-01
3.680412371134003657e-01
3.411433926897842195e-01
2.577319587628862929e-01
3.267059401080010250e-01
1.327319587628858766e-01
1.664212076583201638e-01
1.872852233676965128e-01
4.366408934707900480e-01
2.650957290132532895e-01
3.505154639175253606e-01
2.438144329896897722e-01
1.532333645735698691e-01
2.654639175257715866e-01
1.678939617083937130e-01
7.533703409992055511e-02
1.890034364261160005e-01
2.783505154639174251e-01
0.000000000000000000e+00
2.397861779305069940e-01
3.073692248949978501e-01
3.278350515463917536e-01
2.209131075110442599e-01
3.032646048109963743e-01
1.520618556701021917e-01
3.092783505154638179e-01
1.932989690721637344e-01
2.213370821618238227e-01
2.061855670103089899e-01
1.170532646048107889e-01
2.520045819014888333e-01
1.786941580756010450e-01
1.515463917525773363e-01
1.683848797250858953e-01
1.056701030927829493e-01
3.601012841381793228e-01
2.080946926307747080e-01
3.271213322759704556e-01
2.389878163074027340e-01
7.010309278350343454e-02
8.848797250858897456e-02
2.336769759450163519e-01
4.642993508972885763e-01
2.341678939617069244e-01
8.762886597938090993e-02
3.685567010309266367e-01
4.642993508972895755e-01
1.811282932416945490e-01
1.932989690721637344e-01
1.941580756013746023e-01
1.593252108716018134e-01
4.424398625429544207e-01
2.218949435444274310e-01
2.811621368322391179e-01
2.283642600966786229e-01
3.842195540308743773e-01
4.373927958833618290e-01
4.431818181818178992e-01
4.986569144632508888e-01
3.604202401372209597e-01
2.945111492281302645e-01
4.373927958833618290e-01
4.624683492608016588e-01
3.381973793566869224e-01
3.165890713060524053e-01
4.571843251088528182e-01
2.446592858256666503e-01
5.354896675651390492e-01
4.179531160663231271e-01
3.701075939497893708e-01
2.492313257370227519e-01
4.220218799708755908e-01
3.894616265750280304e-01
3.665521191294386916e-01
3.298969072164943950e-01
3.318060328369605294e-01
3.971153045815051796e-01
5.051546391752576026e-01
3.550973654066433283e-01
4.145881831282563490e-01
3.705767623293395596e-01
3.500864038254403177e-01
5.306246209824135862e-01
3.902983718091875831e-01
2.779462300384066276e-01
3.767468499427261697e-01
2.737673382606054528e-01
2.409192977293188598e-01
5.156626506024096779e-01
3.407917383820999735e-01
4.227459287700249813e-01
3.096610152752924394e-01
3.157572940353698399e-01
5.532175299520546430e-01
4.494902687673766883e-01
4.128908271121295437e-01
2.226547001648722102e-01
4.238051105520985740e-01
3.123924268502581980e-01
4.722347057320754327e-01
3.700285321535420890e-01
3.849853194289765135e-01
3.364791288566239547e-01
3.777777777777777679e-01
3.249336870026520163e-01
4.118534482758620663e-01
4.323754789272029053e-01
3.320689655172411325e-01
4.242337164750955569e-01
4.306034482758617221e-01
3.543805874840358361e-01
3.480566919929867220e-01
3.817241379310347127e-01
4.039655172413791906e-01
2.928735632183905313e-01
4.687271536493237134e-01
3.204321816420521163e-01
4.206075533661735588e-01
2.487046632124350898e-01
3.545820635899829543e-01
3.385706061353730423e-01
4.473229706390328131e-01
4.415408875872938177e-01
2.791967469983753780e-01
3.805181347150259352e-01
5.780802249828067563e-01
4.336294103133481181e-01
2.969115107182766500e-01
3.588793389969025527e-01
3.828802611966782843e-01
3.257532143542502534e-01
6.470892360382846098e-01
4.111513018542054532e-01
3.481865284974094421e-01
2.735294117647054657e-01
4.721020761245673936e-01
3.440434997528421524e-01
3.682814302191459443e-01
3.713956170703572868e-01
2.560553633217991787e-01
4.034662353055495365e-01
5.783160322952707322e-01
3.300764759566814921e-01
3.930618840430758487e-01
2.963566049257069790e-01
4.062500000000003331e-01
4.921184159938481462e-01
4.351574660855014876e-01
4.216129890870374819e-01
4.244860573987378483e-01
7.810059356450937962e-02
1.821305841924364122e-01
1.503436426116807056e-01
2.147766323024027091e-01
8.321060382915720921e-02
1.924398625429535881e-01
2.577319587628853492e-01
2.405498281786937753e-01
1.561119293078037928e-01
3.155068728522336663e-01
1.769759450171801141e-01
3.680412371133989780e-01
3.411433926897842195e-01
2.577319587628859598e-01
3.267059401080010250e-01
1.327319587628844610e-01
1.664212076583185818e-01
1.872852233676964850e-01
4.366408934707877720e-01
2.650957290132532895e-01
3.505154639175234732e-01
2.438144329896877460e-01
1.532333645735700356e-01
2.654639175257716421e-01
1.678939617083922697e-01
7.533703409991975020e-02
1.890034364261144739e-01
2.783505154639159263e-01
0.000000000000000000e+00
2.397861779305081875e-01
3.073692248949973505e-01
3.278350515463919757e-01
2.209131075110428444e-01
3.032646048109954862e-01
1.520618556701014978e-01
3.092783505154635959e-01
1.932989690721630960e-01
2.213370821618240170e-01
2.061855670103082405e-01
1.170532646048073472e-01
2.520045819014866129e-01
1.786941580756016279e-01
1.515463917525773918e-01
1.683848797250831475e-01
1.056701030927803681e-01
3.601012841381804885e-01
2.080946926307753186e-01
3.271213322759712883e-01
2.389878163074014572e-01
7.010309278350285167e-02
8.848797250858621288e-02
2.336769759450173789e-01
4.642993508972861894e-01
2.341678939617071464e-01
8.762886597938103483e-02
3.685567010309270808e-01
4.642993508972862449e-01
1.811282932416948821e-01
1.932989690721623743e-01
1.941580756013748799e-01
1.593252108716000925e-01
4.424398625429545318e-01
2.218949435444271256e-01
2.811621368322392289e-01
