1.301079502837736435e-01
1.719046685902326232e-01
1.326112075897525056e-01
1.348073167600287448e-01
1.373335662978812377e-01
2.269493002858313235e-01
2.179216022812502374e-01
1.247390008716860038e-01
1.648442982731336826e-01
3.134455939292786764e-01
2.667991089427816376e-01
1.748143443093745641e-01
1.757526204343183296e-01
2.705268634830962915e-01
2.402659271007583364e-01
1.375465406212614816e-01
1.602406742586067745e-01
1.459988392530676415e-01
3.672975694139428704e-01
2.304032249501161422e-01
3.341667286082060651e-01
1.693686692929873283e-01
2.773412520218018207e-01
2.078713057502018235e-01
3.118726005697320391e-01
3.122196712125694940e-01
3.060362594517159751e-01
2.054341876761101304e-01
1.039029927900027156e-01
1.787009695165023559e-01
3.171369343517267403e-01
1.746981194548244132e-01
1.949951878662785631e-01
2.481917574954891348e-01
1.805015913344902578e-01
2.898864104764533045e-01
2.511166370473474907e-01
3.020488623540200090e-01
3.927994648250879850e-01
2.982991979133580163e-01
2.071325121011244053e-01
3.516585692179821643e-01
2.107251214617302804e-01
2.667765847461625595e-01
1.802194757718472429e-01
2.666279250484818175e-01
1.754604884296950273e-01
2.358933122368231938e-01
1.418164372167703413e-01
1.634878267979368305e-01
1.456375135989835257e-01
1.647284595476690428e-01
2.080635122280106442e-01
1.977926930862620725e-01
3.192331862503292594e-01
1.631168532796340997e-01
2.552922476970888033e-01
1.929760545265751803e-01
2.605767996269987563e-01
1.498779349430396923e-01
1.398322602601297926e-01
2.417431926246763896e-01
1.964557211298523232e-01
1.506868753758718316e-01
1.921884584514913230e-01
2.942275739713389182e-01
2.159619971754650203e-01
1.788984316401892039e-01
1.868145605416619282e-01
4.007515300584375550e-01
2.868311640923115746e-01
2.114925530179364022e-01
2.861894390048506653e-01
4.151277009327266621e-01
3.566940786139507491e-01
1.963524315996460767e-01
3.566266288833505604e-01
3.098518583588417141e-01
2.731898378196404575e-01
2.410944957620720086e-01
4.705282149348932741e-01
4.500334484319777895e-01
2.015115988350481280e-01
3.691308137766990960e-01
3.982491941968660520e-01
4.065128392747336949e-01
1.615767316987628266e-01
2.649593647404296370e-01
3.173749400293263689e-01
3.761600899766569528e-01
2.891241071971561438e-01
4.387210019186637555e-01
2.990289818837882363e-01
2.323086016329502512e-01
1.822432748379939904e-01
3.093527221617821676e-01
4.153705847020099373e-01
5.207714417251305683e-01
6.010817675856636733e-01
3.942930319177562204e-01
2.160665032649622952e-01
3.638624231366984207e-01
4.197243056963303465e-01
3.527155551050744076e-01
4.167956274455054677e-01
3.735269274951006913e-01
5.079005338198527841e-01
3.759375633488745705e-01
4.205650960972261987e-01
5.911993496356332534e-01
4.544534862394177255e-01
3.876389776856017377e-01
2.209911515607845822e-01
3.998532719392237089e-01
3.705025114309520862e-01
2.381539907487605079e-01
1.301079502837736435e-01
1.719046685902326232e-01
1.326112075897525056e-01
1.348073167600287448e-01
1.373335662978812377e-01
2.269493002858313235e-01
2.179216022812502374e-01
1.247390008716860038e-01
1.648442982731336826e-01
3.134455939292786764e-01
2.667991089427816376e-01
1.748143443093745641e-01
1.757526204343183296e-01
2.705268634830962915e-01
2.402659271007583364e-01
1.375465406212614816e-01
1.602406742586067745e-01
1.459988392530676415e-01
3.672975694139428704e-01
2.304032249501161422e-01
3.341667286082060651e-01
1.693686692929873283e-01
2.773412520218018207e-01
2.078713057502018235e-01
3.118726005697320391e-01
3.122196712125694940e-01
3.060362594517159751e-01
2.054341876761101304e-01
1.039029927900027156e-01
1.787009695165023559e-01
3.171369343517267403e-01
1.746981194548244132e-01
1.949951878662785631e-01
2.481917574954891348e-01
1.805015913344902578e-01
2.898864104764533045e-01
2.511166370473474907e-01
3.020488623540200090e-01
3.927994648250879850e-01
2.982991979133580163e-01
2.071325121011244053e-01
3.516585692179821643e-01
2.107251214617302804e-01
2.667765847461625595e-01
1.802194757718472429e-01
2.666279250484818175e-01
1.754604884296950273e-01
2.358933122368231938e-01
1.418164372167703413e-01
1.634878267979368305e-01
1.456375135989835257e-01
1.647284595476690428e-01
2.080635122280106442e-01
1.977926930862620725e-01
3.192331862503292594e-01
1.631168532796340997e-01
2.552922476970888033e-01
1.929760545265751803e-01
2.605767996269987563e-01
1.498779349430396923e-01
1.398322602601297926e-01
2.417431926246763896e-01
1.964557211298523232e-01
1.506868753758718316e-01
2.160665032649622952e-01
3.638624231366984207e-01
4.197243056963303465e-01
3.527155551050744076e-01
4.167956274455054677e-01
3.735269274951006913e-01
5.079005338198527841e-01
3.759375633488745705e-01
4.205650960972261987e-01
5.911993496356332534e-01
4.544534862394177255e-01
3.876389776856017377e-01
2.209911515607845822e-01
3.998532719392237089e-01
3.705025114309520862e-01
2.381539907487605079e-01
2.473014530596330252e-01
4.436298466907424576e-01
3.638558721706793841e-01
2.336660157173839902e-01
4.224638317712799962e-01
4.156705340712261720e-01
4.940296577265948508e-01
3.622769259877419712e-01
3.776857288942647162e-01
5.064434823948338327e-01
5.097902638125221264e-01
4.599274759141918634e-01
2.962839447923991121e-01
3.306128188811367496e-01
4.224280580472389302e-01
2.165773582270750786e-01
2.472060532729995208e-01
3.240439691344874085e-01
4.341081709327784810e-01
2.450063518663675166e-01
3.749311274718732934e-01
4.095010840895851878e-01
4.837420401088611821e-01
4.116660764993387289e-01
4.639638141138259786e-01
4.338279127589683148e-01
4.500274337828512050e-01
4.143002239266800890e-01
2.338804497661967630e-01
3.786576528664102326e-01
3.110832396811147871e-01
2.544946013110760963e-01
2.129781670011552941e-01
4.609804314643247136e-01
4.340090163844949056e-01
2.687372877347334876e-01
4.031300046625713174e-01
4.290860007973673063e-01
5.194146182510026577e-01
3.885810071154895406e-01
4.693723097299085656e-01
4.265350514259176329e-01
4.956394818463786267e-01
4.606289741666495519e-01
2.104094729041510736e-01
3.619922648157351541e-01
3.763007695356448967e-01
2.147572808036226355e-01
2.281432027353937075e-01
4.152162441639079549e-01
3.551748996419438753e-01
2.620518157122971870e-01
4.267524718848252907e-01
3.984301913063512113e-01
5.351784628275647604e-01
4.120725550391797221e-01
4.177277387243191198e-01
4.267665224293872850e-01
4.947373077707740152e-01
4.575182509859783142e-01
2.357861929882253682e-01
3.971371118462773686e-01
4.825409287824014015e-01
2.256483721433105993e-01
2.394485927627800492e-01
3.891205189715168378e-01
3.833902084670743893e-01
3.166875021117001587e-01
3.917131240778908841e-01
3.514139946616208210e-01
5.529133683653081333e-01
3.963681003705330497e-01
3.479312054318016156e-01
5.505592396250128528e-01
4.493513187279841725e-01
3.867030442274553836e-01
3.261351563409201626e-01
3.587788383417914173e-01
4.020033215424637096e-01
2.801949323162721273e-01
1.301079502837734492e-01
1.719046685902321792e-01
1.326112075897512010e-01
1.348073167600291611e-01
1.373335662978801552e-01
2.269493002858302966e-01
2.179216022812484332e-01
1.247390008716848797e-01
1.648442982731321282e-01
3.134455939292791204e-01
2.667991089427794171e-01
1.748143443093732874e-01
1.757526204343164977e-01
2.705268634830956254e-01
2.402659271007591135e-01
1.375465406212624808e-01
1.602406742586068578e-01
1.459988392530676415e-01
3.672975694139413161e-01
2.304032249501143381e-01
3.341667286082076749e-01
1.693686692929873838e-01
2.773412520218004884e-01
2.078713057502005190e-01
3.118726005697315395e-01
3.122196712125686058e-01
3.060362594517140877e-01
2.054341876761112962e-01
1.039029927900008143e-01
1.787009695165034939e-01
3.171369343517267958e-01
1.746981194548208882e-01
1.949951878662786742e-01
2.481917574954877470e-01
1.805015913344897305e-01
2.898864104764529159e-01
2.511166370473466025e-01
3.020488623540201201e-01
3.927994648250880405e-01
2.982991979133569060e-01
2.071325121011215742e-01
3.516585692179807210e-01
2.107251214617292812e-01
2.667765847461615603e-01
1.802194757718447449e-01
2.666279250484790975e-01
1.754604884296946110e-01
2.358933122368212787e-01
1.418164372167684262e-01
1.634878267979372468e-01
1.456375135989804726e-01
1.647284595476691815e-01
2.080635122280091454e-01
1.977926930862624055e-01
3.192331862503303697e-01
1.631168532796342940e-01
2.552922476970875265e-01
1.929760545265746252e-01
2.605767996269978126e-01
1.498779349430408858e-01
1.398322602601279052e-01
2.417431926246758622e-01
1.964557211298494088e-01
1.506868753758710822e-01
