0.000000000000000000e+00
1.670168067226878161e-01
2.297794117647049827e-01
0.000000000000000000e+00
5.934873949579685254e-02
1.029411764705870508e-01
2.757352941176462457e-01
7.352941176470399742e-02
2.783613445378140261e-01
3.635110294117641083e-01
1.262254901960769560e-01
8.749999999999789890e-02
1.824866310160415395e-01
3.308823529411758502e-01
3.177521008403353941e-01
0.000000000000000000e+00
1.186974789915953149e-01
8.905228758169830838e-02
1.475183823529401250e-01
1.890756302520995302e-01
1.249999999999985151e-01
4.742647058823410561e-02
2.914438502673792897e-01
2.524509803921556328e-01
1.796218487394945218e-01
4.513574660633484781e-01
4.044117647058820264e-01
9.926470588235185299e-02
1.874999999999977518e-01
1.282679738562076399e-01
7.516339869281044583e-01
5.845588235293976143e-02
2.100840336134442710e-01
1.297794117647045331e-01
3.795955882352933797e-01
4.963235294117644969e-01
2.297794117647049827e-01
2.185828877005342175e-01
5.514705882352940458e-01
7.012867647058824705e-01
3.774509803921564655e-01
2.676470588235289050e-01
1.389705882352931798e-01
3.602941176470581541e-01
7.536764705882167958e-02
7.004643962848125516e-02
3.562091503267968973e-01
1.908936651583698629e-01
1.136363636363623975e-01
1.499999999999983569e-01
0.000000000000000000e+00
1.249999999999985151e-01
1.045751633986915508e-01
3.340336134453771866e-01
1.249999999999985151e-01
6.066176470588079822e-02
4.346405228758165595e-01
4.227941176470585982e-01
3.676470588235287718e-01
1.780462184873937703e-01
0.000000000000000000e+00
1.893382352941162805e-01
5.934873949579685254e-02
0.000000000000000000e+00
0.000000000000000000e+00
2.598039215686269165e-01
2.205882352941170021e-01
0.000000000000000000e+00
1.544117647058816101e-01
3.760026737967909205e-01
2.481617647058817488e-01
1.144957983193264084e-01
3.039215686274501782e-01
7.270220588235288828e-01
2.845588235294110868e-01
1.776960784313719732e-01
5.264037433155083212e-01
3.333333333333329818e-01
1.363636363636354654e-01
3.339460784313723618e-01
6.286764705882346149e-01
4.084967320261433388e-01
9.926470588235244974e-02
4.400735294117643082e-01
1.930147058823522555e-01
5.787815126050420700e-01
1.220975232198129173e-01
3.899684873949576525e-01
2.945261437908490709e-01
1.478758169934629996e-01
4.492187500000000000e-01
3.261245674740483325e-01
5.257352941176468564e-01
1.524653979238744794e-01
7.352941176470499662e-02
3.441176470588231950e-01
3.179214432889017061e-01
5.035938037957266022e-01
7.806651325572322442e-01
3.436425202845238003e-01
1.345321345321345285e-01
2.637362637362631879e-01
4.120879120879118451e-01
3.397435897435892027e-01
2.191582002902756621e-01
2.815934065934063701e-01
5.549450549450546388e-01
5.769230769230768718e-01
5.717774289202854909e-01
7.873796306785999510e-01
4.772370486656202226e-01
3.626373626373625148e-01
1.492792921364345105e-01
3.118785975928829446e-01
6.227106227106222747e-01
6.726606726606704223e-02
0.000000000000000000e+00
1.670168067226878161e-01
2.297794117647049827e-01
0.000000000000000000e+00
5.934873949579685254e-02
1.029411764705870508e-01
2.757352941176462457e-01
7.352941176470399742e-02
2.783613445378140261e-01
3.635110294117641083e-01
1.262254901960769560e-01
8.749999999999789890e-02
1.824866310160415395e-01
3.308823529411758502e-01
3.177521008403353941e-01
0.000000000000000000e+00
1.186974789915953149e-01
8.905228758169830838e-02
1.475183823529401250e-01
1.890756302520995302e-01
1.249999999999985151e-01
4.742647058823410561e-02
2.914438502673792897e-01
2.524509803921556328e-01
1.796218487394945218e-01
4.513574660633484781e-01
4.044117647058820264e-01
9.926470588235185299e-02
1.874999999999977518e-01
1.282679738562076399e-01
7.516339869281044583e-01
5.845588235293976143e-02
2.100840336134442710e-01
1.297794117647045331e-01
3.795955882352933797e-01
4.963235294117644969e-01
2.297794117647049827e-01
2.185828877005342175e-01
5.514705882352940458e-01
7.012867647058824705e-01
3.774509803921564655e-01
2.676470588235289050e-01
1.389705882352931798e-01
3.602941176470581541e-01
7.536764705882167958e-02
7.004643962848125516e-02
3.562091503267968973e-01
1.908936651583698629e-01
1.136363636363623975e-01
1.499999999999983569e-01
0.000000000000000000e+00
1.249999999999985151e-01
1.045751633986915508e-01
3.340336134453771866e-01
1.249999999999985151e-01
6.066176470588079822e-02
4.346405228758165595e-01
4.227941176470585982e-01
3.676470588235287718e-01
1.780462184873937703e-01
0.000000000000000000e+00
1.893382352941162805e-01
5.934873949579685254e-02
0.000000000000000000e+00
1.345321345321345285e-01
2.637362637362631879e-01
4.120879120879118451e-01
3.397435897435892027e-01
2.191582002902756621e-01
2.815934065934063701e-01
5.549450549450546388e-01
5.769230769230768718e-01
5.717774289202854909e-01
7.873796306785999510e-01
4.772370486656202226e-01
3.626373626373625148e-01
1.492792921364345105e-01
3.118785975928829446e-01
6.227106227106222747e-01
6.726606726606704223e-02
1.845975232198139859e-01
4.296757164404223506e-01
4.166666666666666852e-01
4.901960784313666442e-02
2.647058823529407912e-01
4.087690631808276187e-01
6.351007531040098186e-01
2.573529411764704511e-01
4.166666666666666852e-01
3.225806451612904802e-01
7.476152623211450576e-01
8.382753933950157776e-01
2.497837370242212141e-01
5.415802341087567751e-01
2.973615916955014704e-01
1.051470588235291076e-01
2.200998480573039262e-01
2.772637298919647941e-01
3.948339483394831539e-01
1.549815498154980542e-01
3.800738007380070060e-01
4.472230260039838368e-01
4.284842118494172625e-01
3.545702465412351456e-01
3.579335793357931172e-01
5.829805537319179276e-01
7.711635123585699469e-01
1.927334657961962683e-01
1.420664206642065219e-01
1.238820947256057819e-01
2.937379864247793293e-01
4.218580421098325206e-01
1.405458089668614741e-01
3.078189300411519613e-01
4.746438746438741418e-01
2.495370370370369184e-01
3.263374485596706731e-01
2.774074074074072693e-01
5.298353909465016720e-01
5.909722222222218990e-01
6.026337448559668797e-01
7.223686963799962335e-01
5.400000000000003686e-01
3.418518518518515736e-01
2.419753086419751051e-02
3.141440910875538117e-01
6.722523410547067702e-01
7.689594356261014729e-02
6.691449814126383677e-02
4.278417196490342800e-01
4.886918038590896685e-01
7.806691449814114059e-02
3.258445126878933285e-01
3.945394311830847656e-01
6.370260223048327397e-01
3.351343038713723299e-01
4.792883696229420232e-01
3.104089219330855021e-01
7.258551510662243356e-01
7.201507358557828198e-01
2.203634861627422614e-01
5.139512028372430485e-01
3.711159430455215347e-01
1.249070631970258111e-01
2.093283582089548178e-01
3.852611940298505400e-01
2.558635394456284518e-01
2.562189054726362047e-01
4.004975124378107321e-01
3.134328358208952059e-01
6.056005451044822463e-01
3.524875621890544708e-01
1.207081658000549729e-01
6.794554455445540597e-01
8.358208955223878078e-01
2.645755597014923244e-01
3.449419568822549298e-01
2.203681964708291696e-01
3.030998851894369794e-01
3.406496927129060159e-01
0.000000000000000000e+00
1.670168067226866226e-01
2.297794117647023460e-01
0.000000000000000000e+00
5.934873949579749092e-02
1.029411764705879806e-01
2.757352941176476335e-01
7.352941176470140228e-02
2.783613445378111950e-01
3.635110294117623875e-01
1.262254901960755682e-01
8.749999999999868994e-02
1.824866310160424276e-01
3.308823529411757947e-01
3.177521008403360048e-01
0.000000000000000000e+00
1.186974789915949818e-01
8.905228758169904391e-02
1.475183823529406246e-01
1.890756302520986143e-01
1.250000000000000000e-01
4.742647058823248885e-02
2.914438502673777354e-01
2.524509803921534123e-01
1.796218487394955210e-01
4.513574660633484226e-01
4.044117647058807496e-01
9.926470588235282444e-02
1.874999999999951150e-01
1.282679738562078064e-01
7.516339869281032371e-01
5.845588235293912999e-02
2.100840336134438546e-01
1.297794117647021739e-01
3.795955882352936017e-01
4.963235294117648855e-01
2.297794117647056766e-01
2.185828877005340232e-01
5.514705882352912703e-01
7.012867647058793619e-01
3.774509803921566320e-01
2.676470588235297932e-01
1.389705882352904875e-01
3.602941176470546569e-01
7.536764705882223470e-02
7.004643962848293437e-02
3.562091503267973969e-01
1.908936651583683364e-01
1.136363636363632718e-01
1.499999999999960809e-01
0.000000000000000000e+00
1.249999999999983902e-01
1.045751633986900381e-01
3.340336134453775196e-01
1.250000000000000000e-01
6.066176470588018760e-02
4.346405228758137840e-01
4.227941176470576545e-01
3.676470588235281611e-01
1.780462184873924381e-01
0.000000000000000000e+00
1.893382352941157254e-01
5.934873949579438229e-02
0.000000000000000000e+00
