1.372212692967409164e-01
5.714285714285597534e-02
2.358490566037724778e-01
2.358490566037724778e-01
1.827493261455521989e-01
2.641509433962253017e-01
2.830188679245272954e-01
2.264150943396220084e-01
2.285714285714283978e-01
3.731132075471695342e-01
1.943396226415089467e-01
5.388679245283012342e-01
1.873070325900510757e-01
3.396226415094333873e-01
4.566037735849056700e-01
1.457547169811317933e-01
1.827493261455521989e-01
3.199161425576516060e-01
3.028301886792444941e-01
5.822102425875997911e-01
3.849056603773574614e-01
0.000000000000000000e+00
1.495711835334476436e-01
1.295597484276720668e-01
1.229110512129371613e-01
1.985486211901301701e-01
1.886792452830179934e-01
1.528301886792449993e-01
9.622641509433765838e-02
0.000000000000000000e+00
2.893081761006280894e-01
1.799999999999997435e-01
2.156334231805928370e-01
1.998113207547167758e-01
3.339622641509426004e-01
2.264150943396227300e-01
4.716981132075462879e-01
2.243567753001710074e-01
2.264150943396220084e-01
1.542452830188675572e-01
2.767295597484267233e-01
2.747169811320752109e-01
4.754716981131982406e-02
1.056603773584898487e-01
3.867924528301872611e-01
7.189672293942264703e-02
2.285115303983218937e-01
2.612481857764878401e-01
2.332761578044598161e-01
3.849056603773571283e-01
2.915094339622639197e-01
6.415094339622511022e-02
3.220125786163512971e-01
1.142857142857134495e-01
0.000000000000000000e+00
1.245283018867915509e-01
3.823899371069176545e-01
1.808176100628922922e-01
2.830188679245275174e-01
2.436657681940701259e-01
2.332761578044598161e-01
1.943396226415089467e-01
1.827493261455521989e-01
2.058319039451109167e-01
2.348008385744230764e-01
2.222222222222214050e-01
3.018867924528300106e-01
2.515723270440249904e-01
2.773584905660373967e-01
3.001715265866204962e-01
2.911051212938003396e-01
5.288409703504031167e-01
3.119496855345904041e-01
3.553459119496849561e-01
2.433962264150933419e-01
1.459119496855345866e-01
3.602058319039446732e-01
6.842767295597483868e-01
2.799313893653510577e-01
4.113207547169810407e-01
4.075471698113204977e-01
5.031446540880499807e-01
2.547169811320703151e-02
2.139622641509428269e-01
7.924528301886737958e-02
2.458221024258759324e-01
2.506454816285999532e-01
2.668463611859832607e-01
3.023060796645698489e-01
2.023759608665268439e-01
4.068396226415089689e-01
3.347391786903440858e-01
2.905660377358486590e-01
5.216426193118753885e-01
3.018867924528300106e-01
4.709433962264150120e-01
5.891870223820708796e-01
3.849731634400724301e-01
4.850677551588786773e-01
4.517667650121931500e-01
2.588858509911141081e-01
4.812030075187967992e-01
5.639097744360901387e-01
4.732142857142854764e-01
6.509433962264151718e-01
2.504699248120300092e-01
3.037593984962405069e-01
2.819548872180450694e-01
4.534550662370209761e-01
4.910162002945509530e-01
3.061224489795918435e-01
4.294389820705608596e-01
3.319500048823357252e-01
2.667382742570711951e-01
4.473684210526314153e-01
2.761449077238550265e-01
1.372212692967409164e-01
5.714285714285597534e-02
2.358490566037724778e-01
2.358490566037724778e-01
1.827493261455521989e-01
2.641509433962253017e-01
2.830188679245272954e-01
2.264150943396220084e-01
2.285714285714283978e-01
3.731132075471695342e-01
1.943396226415089467e-01
5.388679245283012342e-01
1.873070325900510757e-01
3.396226415094333873e-01
4.566037735849056700e-01
1.457547169811317933e-01
1.827493261455521989e-01
3.199161425576516060e-01
3.028301886792444941e-01
5.822102425875997911e-01
3.849056603773574614e-01
0.000000000000000000e+00
1.495711835334476436e-01
1.295597484276720668e-01
1.229110512129371613e-01
1.985486211901301701e-01
1.886792452830179934e-01
1.528301886792449993e-01
9.622641509433765838e-02
0.000000000000000000e+00
2.893081761006280894e-01
1.799999999999997435e-01
2.156334231805928370e-01
1.998113207547167758e-01
3.339622641509426004e-01
2.264150943396227300e-01
4.716981132075462879e-01
2.243567753001710074e-01
2.264150943396220084e-01
1.542452830188675572e-01
2.767295597484267233e-01
2.747169811320752109e-01
4.754716981131982406e-02
1.056603773584898487e-01
3.867924528301872611e-01
7.189672293942264703e-02
2.285115303983218937e-01
2.612481857764878401e-01
2.332761578044598161e-01
3.849056603773571283e-01
2.915094339622639197e-01
6.415094339622511022e-02
3.220125786163512971e-01
1.142857142857134495e-01
0.000000000000000000e+00
1.245283018867915509e-01
3.823899371069176545e-01
1.808176100628922922e-01
2.830188679245275174e-01
2.436657681940701259e-01
2.332761578044598161e-01
1.943396226415089467e-01
1.827493261455521989e-01
2.058319039451109167e-01
2.588858509911141081e-01
4.812030075187967992e-01
5.639097744360901387e-01
4.732142857142854764e-01
6.509433962264151718e-01
2.504699248120300092e-01
3.037593984962405069e-01
2.819548872180450694e-01
4.534550662370209761e-01
4.910162002945509530e-01
3.061224489795918435e-01
4.294389820705608596e-01
3.319500048823357252e-01
2.667382742570711951e-01
4.473684210526314153e-01
2.761449077238550265e-01
2.947368421052627419e-01
4.774628879892031108e-01
5.031446540880500917e-01
4.276729559748426723e-01
3.622641509433959794e-01
2.870719776380155075e-01
3.392831494417967719e-01
4.490566037735850280e-01
6.037735849056600212e-01
3.517954960438223755e-01
4.185619581845992920e-01
2.616749344713298897e-01
4.661487236403992207e-01
3.400503778337530258e-01
3.329633740288565624e-01
2.338364779874213539e-01
3.577317290552582407e-01
3.450185175049715336e-01
5.133838383838381647e-01
3.863636363636359650e-01
3.901515151515148050e-01
2.431420279000094387e-01
2.656584089065838206e-01
5.846924510717614876e-01
6.783216783216784451e-01
3.402119353039599892e-01
3.596603987922635248e-01
2.261072261072261391e-01
2.916666666666665186e-01
4.265980498374857821e-01
3.577228140986534743e-01
2.447638146167556150e-01
4.122473484090451445e-01
5.745669623996615405e-01
5.159403334308272360e-01
2.561787072243346119e-01
5.669623996620195561e-01
3.051330798479083839e-01
3.263624841571605706e-01
2.901615969581748944e-01
3.400929446556820168e-01
2.954931150780862881e-01
3.901140684410644988e-01
6.479087452471482544e-01
3.477820025348536404e-01
2.772054575501480267e-01
3.953491858545384319e-01
2.565634618866557415e-01
5.496183206106872721e-01
4.985645578409077516e-01
2.577499091239549012e-01
3.473282442748091836e-01
5.575838035180881169e-01
3.014960321394344889e-01
3.270229007633582707e-01
3.160314071238888856e-01
3.884950926935657467e-01
2.999550965424336857e-01
5.006635331187004878e-01
4.442329812820248192e-01
2.262510602205254906e-01
2.928154243488941266e-01
5.568918335013680609e-01
3.419847328244274287e-01
3.712643678160915672e-01
3.955938697318007735e-01
5.254515599343183574e-01
3.946360153256699421e-01
4.406130268199228706e-01
3.065134099616855790e-01
2.082705456102105779e-01
4.733077905491698822e-01
5.371820436749189520e-01
4.147888926823719014e-01
3.197355570580719397e-01
3.344109195402299450e-01
3.541932737335032888e-01
2.547805026603085499e-01
5.658709106984967097e-01
3.060626549470363278e-01
1.372212692967388070e-01
5.714285714285703005e-02
2.358490566037733105e-01
2.358490566037710623e-01
1.827493261455523099e-01
2.641509433962252462e-01
2.830188679245281280e-01
2.264150943396188165e-01
2.285714285714258165e-01
3.731132075471682019e-01
1.943396226415050609e-01
5.388679245282993469e-01
1.873070325900507704e-01
3.396226415094324436e-01
4.566037735849036716e-01
1.457547169811297394e-01
1.827493261455523099e-01
3.199161425576515505e-01
3.028301886792442166e-01
5.822102425876016785e-01
3.849056603773586827e-01
0.000000000000000000e+00
1.495711835334471163e-01
1.295597484276694578e-01
1.229110512129362315e-01
1.985486211901298370e-01
1.886792452830182709e-01
1.528301886792445552e-01
9.622641509433588203e-02
0.000000000000000000e+00
2.893081761006273678e-01
1.799999999999988276e-01
2.156334231805901447e-01
1.998113207547140002e-01
3.339622641509413792e-01
2.264150943396195936e-01
4.716981132075455108e-01
2.243567753001707021e-01
2.264150943396205928e-01
1.542452830188667245e-01
2.767295597484287217e-01
2.747169811320761545e-01
4.754716981131684728e-02
1.056603773584893075e-01
3.867924528301849296e-01
7.189672293942009351e-02
2.285115303983209223e-01
2.612481857764839543e-01
2.332761578044598438e-01
3.849056603773538532e-01
2.915094339622592567e-01
6.415094339622527675e-02
3.220125786163503534e-01
1.142857142857112568e-01
0.000000000000000000e+00
1.245283018867915509e-01
3.823899371069149900e-01
1.808176100628910155e-01
2.830188679245249084e-01
2.436657681940666287e-01
2.332761578044598993e-01
1.943396226415086414e-01
1.827493261455511442e-01
2.058319039451095289e-01
