1.542045240588618416e-01
1.980237724379585174e-01
1.394998545093537601e-01
1.514814371052487507e-01
1.503126214969150998e-01
2.365164404429751233e-01
2.342827311161702619e-01
1.348783869366499966e-01
1.693828995918913727e-01
3.250614056108034888e-01
2.318350649572937516e-01
1.780223542098131329e-01
1.924351088378943586e-01
2.953888023552363462e-01
2.334427977239882102e-01
1.442357889872134535e-01
1.923117363269344904e-01
1.670841202190153640e-01
3.707583058042209778e-01
2.614430226843139082e-01
3.680913338924732270e-01
1.854748985844611453e-01
2.652691265737493476e-01
2.275744712413484139e-01
3.002193363181325791e-01
3.210616472174414038e-01
2.638515653081829893e-01
2.033445731989110550e-01
1.169744792290706992e-01
1.925896764402134087e-01
3.048837311028568808e-01
1.970388374441573720e-01
2.041759483178099965e-01
2.279397668726354520e-01
1.538798931927490843e-01
2.856323708128638006e-01
2.579249610598562392e-01
3.058905816980543868e-01
3.456686578915830199e-01
2.966468685278046968e-01
1.838887652693859676e-01
2.938089451072350977e-01
1.581928350136068140e-01
2.266915427143417205e-01
1.747428238878518392e-01
2.494781705474671540e-01
1.473905824760788630e-01
2.470707663867885984e-01
1.568653690249638133e-01
1.791280831179501154e-01
1.513979939407414377e-01
1.635314858874058475e-01
2.429484582746140042e-01
2.107242499896064547e-01
3.321551443780691448e-01
1.667707923249390212e-01
2.452839159615596010e-01
1.913451608670092841e-01
2.136358968214562559e-01
1.505889314629010600e-01
1.497231009580591854e-01
2.886919535114588209e-01
1.834698174153525096e-01
1.619069700133663747e-01
2.163607559427695448e-01
3.221486210719898824e-01
2.355236807421730028e-01
1.943441224631849984e-01
1.957191517039521544e-01
3.759805058095113672e-01
2.958564508596170373e-01
2.214856673374714924e-01
2.933700007797528930e-01
4.217295985028724492e-01
3.452261951628632364e-01
2.054185280911051958e-01
3.697407465615190625e-01
3.258990466083555582e-01
2.878069502515355760e-01
2.358560270213216070e-01
4.642264176779691276e-01
4.304811461239577697e-01
1.817969806411857403e-01
3.348792427639794012e-01
3.987171148349110128e-01
3.864011482757522264e-01
1.738034407862073250e-01
2.530711974980500156e-01
3.560289231600182180e-01
3.487077958262251309e-01
2.918157232596749751e-01
4.034108243026764962e-01
2.909898498878866202e-01
2.392138068105728599e-01
1.983807746948970108e-01
3.286993136264824145e-01
4.480252031531488655e-01
5.417449777090330709e-01
5.252682173948231004e-01
4.113509895213759426e-01
2.447761913986973292e-01
3.885422817872943857e-01
4.139387404041180996e-01
3.712022987325301893e-01
4.604366522840461773e-01
3.897907092180371014e-01
4.872932124915486107e-01
3.890985647898533295e-01
4.021648985832918521e-01
5.691863507473294836e-01
3.774777517363976931e-01
3.660170992836785375e-01
2.338532606575429995e-01
4.302794007792848374e-01
3.451493548543533296e-01
2.556202088667616779e-01
1.542045240588618416e-01
1.980237724379585174e-01
1.394998545093537601e-01
1.514814371052487507e-01
1.503126214969150998e-01
2.365164404429751233e-01
2.342827311161702619e-01
1.348783869366499966e-01
1.693828995918913727e-01
3.250614056108034888e-01
2.318350649572937516e-01
1.780223542098131329e-01
1.924351088378943586e-01
2.953888023552363462e-01
2.334427977239882102e-01
1.442357889872134535e-01
1.923117363269344904e-01
1.670841202190153640e-01
3.707583058042209778e-01
2.614430226843139082e-01
3.680913338924732270e-01
1.854748985844611453e-01
2.652691265737493476e-01
2.275744712413484139e-01
3.002193363181325791e-01
3.210616472174414038e-01
2.638515653081829893e-01
2.033445731989110550e-01
1.169744792290706992e-01
1.925896764402134087e-01
3.048837311028568808e-01
1.970388374441573720e-01
2.041759483178099965e-01
2.279397668726354520e-01
1.538798931927490843e-01
2.856323708128638006e-01
2.579249610598562392e-01
3.058905816980543868e-01
3.456686578915830199e-01
2.966468685278046968e-01
1.838887652693859676e-01
2.938089451072350977e-01
1.581928350136068140e-01
2.266915427143417205e-01
1.747428238878518392e-01
2.494781705474671540e-01
1.473905824760788630e-01
2.470707663867885984e-01
1.568653690249638133e-01
1.791280831179501154e-01
1.513979939407414377e-01
1.635314858874058475e-01
2.429484582746140042e-01
2.107242499896064547e-01
3.321551443780691448e-01
1.667707923249390212e-01
2.452839159615596010e-01
1.913451608670092841e-01
2.136358968214562559e-01
1.505889314629010600e-01
1.497231009580591854e-01
2.886919535114588209e-01
1.834698174153525096e-01
1.619069700133663747e-01
2.447761913986973292e-01
3.885422817872943857e-01
4.139387404041180996e-01
3.712022987325301893e-01
4.604366522840461773e-01
3.897907092180371014e-01
4.872932124915486107e-01
3.890985647898533295e-01
4.021648985832918521e-01
5.691863507473294836e-01
3.774777517363976931e-01
3.660170992836785375e-01
2.338532606575429995e-01
4.302794007792848374e-01
3.451493548543533296e-01
2.556202088667616779e-01
2.738719520160137755e-01
4.859334441681696370e-01
3.585916505485853278e-01
2.503009659437773760e-01
4.526984235660608258e-01
4.437242815963525211e-01
4.640031622375580533e-01
3.917378429728016753e-01
3.732548254397520249e-01
4.668372431758811558e-01
4.296521501389446440e-01
4.390049062782604428e-01
3.177409984585038982e-01
3.607852847367702398e-01
3.961347817287911299e-01
2.233903314333962609e-01
2.607277615141223581e-01
3.645471087640893004e-01
4.349779622576917526e-01
2.647096580940558885e-01
4.075965200446347581e-01
4.293559054759900628e-01
4.567283440255399118e-01
4.288519249320545956e-01
4.745320065701768564e-01
4.093968544663672549e-01
3.727554808678857912e-01
3.939426656616090705e-01
2.508879284522226305e-01
3.851380279093886139e-01
3.017771293896291951e-01
2.687678246445137087e-01
2.424172400807912131e-01
4.914434820976874563e-01
4.240723331305644161e-01
2.884166067577278447e-01
4.501348426582072459e-01
4.457417582417584900e-01
4.832183652277109998e-01
4.089089940433395798e-01
4.470404984423673733e-01
4.072233087063595325e-01
4.172332340556639263e-01
4.404231282735954767e-01
2.236041217349628574e-01
3.780766649634506593e-01
3.675281388947250205e-01
2.262426417967138004e-01
2.557791224121253593e-01
4.562725971603359132e-01
3.544973997803864685e-01
2.721686365464767721e-01
4.609797837231603412e-01
4.194819384860720146e-01
5.004715729654320988e-01
4.419339994157325258e-01
4.104194761957740134e-01
4.006575439843609310e-01
4.075640677396524247e-01
4.402791288016855153e-01
2.526956875655554380e-01
4.181406297099647396e-01
4.607823205433382308e-01
2.395898770144550549e-01
2.612373975111687563e-01
4.209434535526608290e-01
3.910922442272469768e-01
3.280475628056118143e-01
4.320136024146567499e-01
3.729480837370123814e-01
5.156897053202732506e-01
4.072970336009307801e-01
3.474929279565001639e-01
5.129104277401941303e-01
3.737254029322653048e-01
3.814889979630614603e-01
3.395430486373809398e-01
3.769013293045457291e-01
3.877425530598190284e-01
2.973024406010327803e-01
1.542045240588600374e-01
1.980237724379566577e-01
1.394998545093505682e-01
1.514814371052464193e-01
1.503126214969121299e-01
2.365164404429744571e-01
2.342827311161677362e-01
1.348783869366505794e-01
1.693828995918902347e-01
3.250614056108035999e-01
2.318350649572908651e-01
1.780223542098116341e-01
1.924351088378924990e-01
2.953888023552354580e-01
2.334427977239852403e-01
1.442357889872123156e-01
1.923117363269357949e-01
1.670841202190138930e-01
3.707583058042188684e-01
2.614430226843122984e-01
3.680913338924745593e-01
1.854748985844595632e-01
2.652691265737479043e-01
2.275744712413464710e-01
3.002193363181327457e-01
3.210616472174414038e-01
2.638515653081808798e-01
2.033445731989091954e-01
1.169744792290677848e-01
1.925896764402138805e-01
3.048837311028552155e-01
1.970388374441545409e-01
2.041759483178077483e-01
2.279397668726365622e-01
1.538798931927480851e-01
2.856323708128628014e-01
2.579249610598539633e-01
3.058905816980545533e-01
3.456686578915819652e-01
2.966468685278039752e-01
1.838887652693837749e-01
2.938089451072344871e-01
1.581928350136049544e-01
2.266915427143373074e-01
1.747428238878515061e-01
2.494781705474658495e-01
1.473905824760767813e-01
2.470707663867864334e-01
1.568653690249601773e-01
1.791280831179477284e-01
1.513979939407390229e-01
1.635314858874047927e-01
2.429484582746140042e-01
2.107242499896071486e-01
3.321551443780716428e-01
1.667707923249404367e-01
2.452839159615592679e-01
1.913451608670095894e-01
2.136358968214540355e-01
1.505889314629003384e-01
1.497231009580589911e-01
2.886919535114568225e-01
1.834698174153527872e-01
1.619069700133651257e-01
