2.424242424242363525e-02
1.211428571428571355e-01
2.000000000000000111e-01
3.333333333333250020e-02
8.609523809523762783e-02
7.466666666666624264e-02
3.600000000000003753e-01
1.066666666666660074e-01
2.019047619047613928e-01
1.130000000000000865e-01
2.746666666666667256e-01
3.808000000000006380e-01
2.647272727272729220e-01
2.799999999999993050e-01
0.000000000000000000e+00
1.373333333333325856e-01
4.304761904761800206e-02
1.614814814814811428e-01
2.496666666666658152e-01
1.371428571428572329e-01
3.173333333333322459e-01
3.783999999999997921e-01
4.227878787878783240e-01
2.288888888888883644e-01
3.474285714285710314e-01
3.975384615384614517e-01
1.600000000000000033e-01
4.679999999999996385e-01
0.000000000000000000e+00
4.651851851851736969e-02
3.066666666666666430e-01
2.967999999999993421e-01
2.666666666666656638e-01
2.824000000000004840e-01
7.866666666666620455e-02
3.600000000000003753e-01
6.666666666666624941e-02
5.549090909090911294e-01
1.866666666666659813e-01
1.816666666666663099e-01
2.737777777777771204e-01
2.496000000000001551e-01
3.359999999999918607e-02
2.613333333333325292e-01
1.093333333333327689e-01
4.572631578947374265e-01
1.614814814814811428e-01
5.076923076923078870e-01
8.242424242424201131e-02
0.000000000000000000e+00
3.433333333333331572e-01
1.813333333333322361e-01
1.896296296296291484e-01
2.019047619047613928e-01
5.440000000000001501e-01
2.199999999999994460e-01
1.801481481481472524e-01
1.533333333333333770e-01
3.666666666666662522e-01
4.304761904761800206e-02
1.236363636363637802e-01
4.577777777777767287e-01
3.874285714285717885e-01
9.696969696969637287e-02
8.296296296296276629e-02
4.397037037037037632e-01
3.466666666666660124e-01
1.111111111111108413e-01
8.400000000000003297e-02
2.727272727272727626e-01
5.657142857142850589e-01
3.321904761904758696e-01
3.674074074074065721e-01
2.008888888888886448e-01
3.783999999999997921e-01
2.577777777777772727e-01
4.072727272727269532e-01
9.066666666666672869e-02
3.296969696969691555e-01
2.422222222222217280e-01
3.839999999999994529e-01
5.333333333333333259e-01
2.160000000000000531e-01
3.695999999999997065e-01
5.599999999999998312e-01
3.474285714285715865e-01
2.214035087719295469e-01
9.428571428571434765e-02
5.188148148148146177e-01
5.362962962962964930e-01
1.533333333333330994e-01
5.458823529411765962e-01
3.520000000000000906e-01
7.372549019607806120e-02
1.333333333333329984e-01
2.496000000000001551e-01
3.156933601212013052e-01
5.877870081111749023e-01
5.649468776902735190e-01
4.704903386297145662e-01
1.343085106382975735e-01
3.191489361702127825e-01
3.989361702127658393e-01
2.995345744680850131e-01
2.637494981934967453e-01
5.315824468085104115e-01
5.909574468085103671e-01
3.390957446808510745e-01
4.528875379939207302e-01
4.859398991006801394e-01
3.465045592705165989e-01
5.468494271685755415e-01
1.987082066869297059e-01
5.094984802431606896e-01
3.466312056737586578e-01
3.174564796905219866e-01
2.424242424242363525e-02
1.211428571428571355e-01
2.000000000000000111e-01
3.333333333333250020e-02
8.609523809523762783e-02
7.466666666666624264e-02
3.600000000000003753e-01
1.066666666666660074e-01
2.019047619047613928e-01
1.130000000000000865e-01
2.746666666666667256e-01
3.808000000000006380e-01
2.647272727272729220e-01
2.799999999999993050e-01
0.000000000000000000e+00
1.373333333333325856e-01
4.304761904761800206e-02
1.614814814814811428e-01
2.496666666666658152e-01
1.371428571428572329e-01
3.173333333333322459e-01
3.783999999999997921e-01
4.227878787878783240e-01
2.288888888888883644e-01
3.474285714285710314e-01
3.975384615384614517e-01
1.600000000000000033e-01
4.679999999999996385e-01
0.000000000000000000e+00
4.651851851851736969e-02
3.066666666666666430e-01
2.967999999999993421e-01
2.666666666666656638e-01
2.824000000000004840e-01
7.866666666666620455e-02
3.600000000000003753e-01
6.666666666666624941e-02
5.549090909090911294e-01
1.866666666666659813e-01
1.816666666666663099e-01
2.737777777777771204e-01
2.496000000000001551e-01
3.359999999999918607e-02
2.613333333333325292e-01
1.093333333333327689e-01
4.572631578947374265e-01
1.614814814814811428e-01
5.076923076923078870e-01
8.242424242424201131e-02
0.000000000000000000e+00
3.433333333333331572e-01
1.813333333333322361e-01
1.896296296296291484e-01
2.019047619047613928e-01
5.440000000000001501e-01
2.199999999999994460e-01
1.801481481481472524e-01
1.533333333333333770e-01
3.666666666666662522e-01
4.304761904761800206e-02
1.236363636363637802e-01
4.577777777777767287e-01
3.874285714285717885e-01
9.696969696969637287e-02
1.343085106382975735e-01
3.191489361702127825e-01
3.989361702127658393e-01
2.995345744680850131e-01
2.637494981934967453e-01
5.315824468085104115e-01
5.909574468085103671e-01
3.390957446808510745e-01
4.528875379939207302e-01
4.859398991006801394e-01
3.465045592705165989e-01
5.468494271685755415e-01
1.987082066869297059e-01
5.094984802431606896e-01
3.466312056737586578e-01
3.174564796905219866e-01
2.082807017543858163e-01
2.031309041835358264e-01
3.733333333333333504e-01
2.311111111111106842e-01
3.413333333333328223e-01
5.305679012345677625e-01
4.473540945790081547e-01
5.226666666666665018e-01
3.200000000000000067e-01
6.580645161290326062e-01
2.464864864864866056e-01
5.511182548794486546e-01
2.305882352941174274e-01
3.356977329974814572e-01
7.254901960784307935e-01
1.779555555555553947e-01
1.063227430009437147e-01
3.277646672483233714e-01
2.288770053475936428e-01
3.850267379679145896e-01
4.025092554504315356e-01
4.822393333328086618e-01
4.355491367084324827e-01
5.019461652321696166e-01
2.593582887700531248e-01
4.621895607099505976e-01
5.745518320329235928e-01
2.593582887700531248e-01
3.235294117647058987e-01
3.533235612771652434e-01
2.948796170272686146e-01
3.189682290028311162e-01
1.162692253421754723e-01
5.469168900804285416e-01
3.435759950505257732e-01
1.642091152815012278e-01
3.270777479892757467e-01
4.589812332439677234e-01
6.596663687816500810e-01
4.277815013404826505e-01
3.429450898619799126e-01
4.238424137774348677e-01
3.474530831099197914e-01
6.852546916890075446e-01
2.802502234137621562e-01
3.781617389327294187e-01
4.035519815226134011e-01
2.504787437763303926e-01
1.612903225806450735e-01
3.154845303047785765e-01
2.671266427718041458e-01
2.634408602150536405e-01
4.516129032258063836e-01
4.380806085875207923e-01
5.429032258064514505e-01
5.179854104987631214e-01
2.736175115207368225e-01
5.545540796963948083e-01
3.422633625558541559e-01
5.249668581528941225e-01
2.028076463560332943e-01
3.753123438280862034e-01
7.018665043619397581e-01
2.559139784946237728e-01
1.649595687331534277e-01
3.776954177897572928e-01
2.957258375048133492e-01
2.591194968553454658e-01
2.893081761006285335e-01
3.450134770889488056e-01
5.621615801568029536e-01
6.855345911949687343e-01
2.231722292131583241e-01
5.495605490468186138e-01
5.327413984461706331e-01
2.596866576819404360e-01
4.025157232704397736e-01
4.921128463634295569e-01
2.786647314949198262e-01
3.537339464087518870e-01
2.424242424242424240e-02
1.211428571428573853e-01
2.000000000000000111e-01
3.333333333333333287e-02
8.609523809523553228e-02
7.466666666666559038e-02
3.600000000000010414e-01
1.066666666666632596e-01
2.019047619047590891e-01
1.130000000000004057e-01
2.746666666666673362e-01
3.808000000000014706e-01
2.647272727272733106e-01
2.799999999999990830e-01
0.000000000000000000e+00
1.373333333333337791e-01
4.304761904761776614e-02
1.614814814814805322e-01
2.496666666666646772e-01
1.371428571428575660e-01
3.173333333333316908e-01
3.784000000000001807e-01
4.227878787878796563e-01
2.288888888888875595e-01
3.474285714285714755e-01
3.975384615384621734e-01
1.600000000000000033e-01
4.679999999999989724e-01
0.000000000000000000e+00
4.651851851851579456e-02
3.066666666666675312e-01
2.967999999999988980e-01
2.666666666666652197e-01
2.824000000000011501e-01
7.866666666666521923e-02
3.600000000000005418e-01
6.666666666666544450e-02
5.549090909090920176e-01
1.866666666666666752e-01
1.816666666666654217e-01
2.737777777777755106e-01
2.496000000000007379e-01
3.360000000000015752e-02
2.613333333333301978e-01
1.093333333333294938e-01
4.572631578947386477e-01
1.614814814814806709e-01
5.076923076923057776e-01
8.242424242424249703e-02
0.000000000000000000e+00
3.433333333333299375e-01
1.813333333333335962e-01
1.896296296296272055e-01
2.019047619047608377e-01
5.440000000000024816e-01
2.199999999999973088e-01
1.801481481481465030e-01
1.533333333333336268e-01
3.666666666666651975e-01
4.304761904761762042e-02
1.236363636363640300e-01
4.577777777777778390e-01
3.874285714285725102e-01
9.696969696969696961e-02
