0.000000000000000000e+00
1.628264208909368516e-01
1.344086021505374873e-01
0.000000000000000000e+00
1.735791090629799915e-01
3.763440860215052086e-01
1.612903225806451568e-01
1.075268817204299981e-01
1.628264208909368516e-01
5.315860215053761495e-01
3.691756272401430783e-01
1.279569892473119141e-01
0.000000000000000000e+00
4.032258064516129337e-01
9.293394777265749640e-02
6.922043010752686187e-02
0.000000000000000000e+00
4.557945041816006682e-01
7.190860215053758164e-01
1.843317972350229650e-01
7.311827956989240818e-01
9.016129032258060061e-01
4.261974584555227041e-01
0.000000000000000000e+00
4.377880184331794378e-01
1.885856079404465424e-01
3.225806451612899806e-01
1.451612903225806550e-01
0.000000000000000000e+00
0.000000000000000000e+00
2.060931899641574583e-01
2.564516129032258784e-01
3.072196620583713678e-01
9.489247311827964104e-02
1.586021505376342955e-01
4.032258064516129337e-01
2.688172043010749745e-01
3.196480938416420003e-01
3.225806451612899806e-01
2.930107526881718938e-01
2.365591397849462763e-01
3.354838709677417374e-01
6.774193548387094643e-02
2.258064516129030808e-01
0.000000000000000000e+00
4.097340124504810777e-01
6.511350059737151807e-02
1.861042183622829416e-01
0.000000000000000000e+00
0.000000000000000000e+00
0.000000000000000000e+00
0.000000000000000000e+00
3.823178016726399564e-01
3.256528417818737031e-01
9.139784946236551022e-02
8.870967741935474604e-02
1.816009557945042208e-01
1.545698924731181423e-01
1.344086021505374873e-01
1.735791090629799915e-01
0.000000000000000000e+00
1.845878136200715391e-01
3.471582181259599831e-01
9.775171065493636069e-02
6.690561529271200902e-02
2.532855436081242195e-01
2.688172043010749745e-01
4.480286738351250270e-02
2.258064516129030530e-01
4.887585532746818728e-01
2.073732718894006899e-01
1.674347158218125187e-01
2.222222222222220434e-01
5.568996415770605113e-01
2.774193548387095531e-01
0.000000000000000000e+00
5.131964809384162995e-01
1.827956989247311037e-01
2.658846529814271054e-01
3.906810035842291362e-01
6.290322580645154593e-01
5.973715651134999804e-01
5.080645161290318068e-01
4.741935483870963752e-01
3.387096774193545934e-01
2.918586789554529770e-01
0.000000000000000000e+00
1.267281105990782919e-01
3.691756272401430783e-01
3.604141776184784374e-01
2.704973118279567212e-01
4.402277039848193629e-01
4.139784946236555463e-01
0.000000000000000000e+00
0.000000000000000000e+00
3.913978494623653881e-01
3.705323533738779096e-01
8.086598185812761130e-01
5.245834500716909377e-01
2.336997339819843478e-01
9.820126397666505136e-02
4.278074866310159763e-01
5.614973262032086909e-01
2.479946524064171043e-01
7.083039047522957654e-01
7.947860962566843934e-01
4.590909090909091050e-01
2.406417112299465422e-01
4.553093964858671017e-01
5.641656100115775008e-01
3.773873185637892091e-01
3.257918552036199178e-01
0.000000000000000000e+00
4.173669467787115006e-01
2.727272727272727071e-01
1.964025279533301027e-01
0.000000000000000000e+00
1.628264208909368516e-01
1.344086021505374873e-01
0.000000000000000000e+00
1.735791090629799915e-01
3.763440860215052086e-01
1.612903225806451568e-01
1.075268817204299981e-01
1.628264208909368516e-01
5.315860215053761495e-01
3.691756272401430783e-01
1.279569892473119141e-01
0.000000000000000000e+00
4.032258064516129337e-01
9.293394777265749640e-02
6.922043010752686187e-02
0.000000000000000000e+00
4.557945041816006682e-01
7.190860215053758164e-01
1.843317972350229650e-01
7.311827956989240818e-01
9.016129032258060061e-01
4.261974584555227041e-01
0.000000000000000000e+00
4.377880184331794378e-01
1.885856079404465424e-01
3.225806451612899806e-01
1.451612903225806550e-01
0.000000000000000000e+00
0.000000000000000000e+00
2.060931899641574583e-01
2.564516129032258784e-01
3.072196620583713678e-01
9.489247311827964104e-02
1.586021505376342955e-01
4.032258064516129337e-01
2.688172043010749745e-01
3.196480938416420003e-01
3.225806451612899806e-01
2.930107526881718938e-01
2.365591397849462763e-01
3.354838709677417374e-01
6.774193548387094643e-02
2.258064516129030808e-01
0.000000000000000000e+00
4.097340124504810777e-01
6.511350059737151807e-02
1.861042183622829416e-01
0.000000000000000000e+00
0.000000000000000000e+00
0.000000000000000000e+00
0.000000000000000000e+00
3.823178016726399564e-01
3.256528417818737031e-01
9.139784946236551022e-02
8.870967741935474604e-02
1.816009557945042208e-01
1.545698924731181423e-01
1.344086021505374873e-01
1.735791090629799915e-01
0.000000000000000000e+00
1.845878136200715391e-01
3.471582181259599831e-01
9.775171065493636069e-02
9.820126397666505136e-02
4.278074866310159763e-01
5.614973262032086909e-01
2.479946524064171043e-01
7.083039047522957654e-01
7.947860962566843934e-01
4.590909090909091050e-01
2.406417112299465422e-01
4.553093964858671017e-01
5.641656100115775008e-01
3.773873185637892091e-01
3.257918552036199178e-01
0.000000000000000000e+00
4.173669467787115006e-01
2.727272727272727071e-01
1.964025279533301027e-01
1.199773627617429506e-01
7.410140321855090972e-01
3.225806451612899806e-01
1.075268817204299981e-01
5.591397849462359515e-01
7.550776583034649603e-01
6.617926107824534387e-01
2.634408602150536405e-01
3.942652329749100071e-01
5.012140131807147903e-01
3.312990409764601241e-01
4.708158957075658235e-01
2.324478178368118708e-01
2.808157958885186822e-01
2.767235926628712761e-01
1.281362007168457551e-01
3.761526232114464352e-01
2.692321460533381172e-01
2.313513513513512088e-01
2.270270270270269009e-01
4.711018711018706284e-01
8.561718405178757596e-01
5.484316433221543274e-01
1.958892723105212508e-01
2.419958419958418150e-01
5.012104128668541936e-01
4.095470017863969137e-01
4.033264033264030157e-01
1.189189189189188145e-01
1.890076425287690043e-01
3.768240103810575059e-01
1.612082670906198889e-01
1.178489702517162147e-01
3.695652173913038241e-01
4.916387959866218571e-01
3.328804347826087029e-01
6.630434782608697342e-01
7.269021739130437920e-01
5.908816425120769766e-01
3.393342391304344230e-01
4.283413848631242304e-01
5.145771923360353828e-01
4.695652173913044680e-01
2.315217391304347228e-01
3.550724637681125506e-02
5.171949416192961335e-01
1.275499817858440355e-01
1.128364389233953852e-01
6.557377049180282413e-02
6.117007463749297713e-01
4.307745684794862528e-01
7.650273224043663278e-02
6.785459729151812613e-01
6.252657048909975313e-01
7.691803278688523759e-01
3.125829597482284727e-01
3.708040593286496822e-01
5.099646415943426270e-01
2.206265102677037460e-01
5.345609701324949281e-01
1.766848816029142066e-01
3.613166094548356799e-01
2.937416228477157110e-01
1.224043715846991759e-01
3.082417582417580904e-01
2.431318681318677122e-01
1.883830455259022374e-01
4.527472527472525821e-01
4.212454212454211366e-01
7.032967032967032406e-01
7.793616505134749461e-01
2.395604395604392090e-01
3.270819448534541540e-01
6.166811736118668064e-01
3.861236802413273161e-01
2.002060439560438554e-01
1.562881562881557329e-01
3.459320537972224718e-01
3.245984784446320215e-01
1.567550096961858319e-01
0.000000000000000000e+00
1.628264208909372401e-01
1.344086021505374318e-01
0.000000000000000000e+00
1.735791090629803801e-01
3.763440860215035988e-01
1.612903225806434637e-01
1.075268817204269312e-01
1.628264208909369903e-01
5.315860215053752613e-01
3.691756272401439665e-01
1.279569892473113590e-01
0.000000000000000000e+00
4.032258064516129337e-01
9.293394777265696904e-02
6.922043010752539083e-02
0.000000000000000000e+00
4.557945041816008347e-01
7.190860215053762605e-01
1.843317972350225209e-01
7.311827956989239707e-01
9.016129032258041187e-01
4.261974584555217049e-01
0.000000000000000000e+00
4.377880184331806035e-01
1.885856079404447661e-01
3.225806451612872050e-01
1.451612903225783513e-01
0.000000000000000000e+00
0.000000000000000000e+00
2.060931899641561538e-01
2.564516129032232139e-01
3.072196620583713123e-01
9.489247311827868347e-02
1.586021505376322416e-01
4.032258064516104912e-01
2.688172043010753076e-01
3.196480938416405571e-01
3.225806451612872050e-01
2.930107526881703950e-01
2.365591397849457489e-01
3.354838709677397390e-01
6.774193548387127950e-02
2.258064516129026089e-01
0.000000000000000000e+00
4.097340124504802450e-01
6.511350059737024132e-02
1.861042183622808877e-01
0.000000000000000000e+00
0.000000000000000000e+00
0.000000000000000000e+00
0.000000000000000000e+00
3.823178016726399564e-01
3.256528417818728705e-01
9.139784946236180485e-02
8.870967741935388562e-02
1.816009557945028330e-01
1.545698924731169488e-01
1.344086021505344342e-01
1.735791090629781597e-01
0.000000000000000000e+00
1.845878136200702901e-01
3.471582181259609823e-01
9.775171065493587497e-02
