1.021450459652700066e-01
2.552166934189396552e-01
4.213483146067412144e-01
7.022471910112250415e-02
2.720706260032094703e-01
3.146067415730331995e-01
3.370786516853928605e-01
2.247191011235940006e-01
3.402889245585867251e-01
7.935393258426848284e-02
2.893258426966281993e-01
4.011235955056171587e-01
9.295199182839493368e-02
3.370786516853928605e-01
9.711075441412383991e-02
7.233146067415623104e-02
3.627608346709465525e-01
3.401997503121095279e-01
7.514044943820109845e-02
1.926163723916521076e-01
9.550561797752661619e-02
3.623595505617974721e-01
1.670071501532170155e-01
4.822097378277148128e-01
3.659711075441405836e-01
1.970613656006911241e-01
1.123595505617970003e-01
2.275280898876398394e-01
2.865168539325823605e-01
3.920099875156047853e-01
2.153558052434448589e-01
2.679775280898870071e-01
4.815409309791328085e-01
2.974719101123589615e-01
1.657303370786506469e-01
2.528089887640442845e-01
2.106741573033699966e-01
1.670071501532170155e-01
1.685393258426959862e-01
7.654494382022355992e-02
1.647940074906358299e-01
2.337078651685389474e-01
4.247191011235955105e-01
7.865168539325724517e-02
0.000000000000000000e+00
4.281490242460078699e-01
2.041198501872652504e-01
1.944684528954181701e-01
0.000000000000000000e+00
2.292134831460661548e-01
2.893258426966278662e-01
9.550561797752661619e-02
3.995006242197247648e-01
1.701444622792926131e-01
2.865168539325832486e-01
4.634831460674150860e-01
3.795255930087387264e-01
5.383895131086059715e-02
1.404494382022462573e-01
1.813804173354724714e-01
8.682328907047882904e-02
2.893258426966281993e-01
1.813804173354724714e-01
1.532175689479054748e-01
1.747815230961296262e-01
3.308364544319599143e-01
5.056179775280890132e-01
9.363295880149750949e-02
2.949438202247187668e-01
3.192032686414704723e-01
3.792134831460672317e-01
4.373996789727123136e-01
6.966292134831449934e-01
1.058052434456922125e-01
5.797752808988767548e-01
1.086142322097371771e-01
3.753830439223698745e-01
1.910112359550555916e-01
4.167517875383043857e-01
4.082397003745319997e-01
2.022471910112355054e-01
1.872659176029955463e-01
4.171348314606738161e-01
1.769662921348312545e-01
4.129213483146067509e-01
2.134831460674157244e-01
3.731519810762858880e-01
3.972712680577848432e-01
5.786516853932576199e-01
5.272575946733250030e-01
1.615168539325839148e-01
2.683410442828816356e-01
2.471910112359545497e-01
1.553205551883666269e-01
5.617977528089800054e-02
5.258426966292127913e-01
5.222017012395174795e-01
5.284283372791838129e-01
4.395679490489713404e-01
4.268465801260152848e-01
3.077704418486542082e-01
5.810055865921783802e-01
4.608938547486031156e-01
2.590782122905024853e-01
4.480868556972701366e-01
4.008379888268156499e-01
3.667597765363126427e-01
5.446927374301673286e-01
5.549348230912477531e-01
2.759776536312846251e-01
3.942537909018354880e-01
3.828964331757624406e-01
1.897264746426755022e-01
5.945730247406223468e-01
2.849162011173181908e-01
2.308278313864904341e-01
1.021450459652700066e-01
2.552166934189396552e-01
4.213483146067412144e-01
7.022471910112250415e-02
2.720706260032094703e-01
3.146067415730331995e-01
3.370786516853928605e-01
2.247191011235940006e-01
3.402889245585867251e-01
7.935393258426848284e-02
2.893258426966281993e-01
4.011235955056171587e-01
9.295199182839493368e-02
3.370786516853928605e-01
9.711075441412383991e-02
7.233146067415623104e-02
3.627608346709465525e-01
3.401997503121095279e-01
7.514044943820109845e-02
1.926163723916521076e-01
9.550561797752661619e-02
3.623595505617974721e-01
1.670071501532170155e-01
4.822097378277148128e-01
3.659711075441405836e-01
1.970613656006911241e-01
1.123595505617970003e-01
2.275280898876398394e-01
2.865168539325823605e-01
3.920099875156047853e-01
2.153558052434448589e-01
2.679775280898870071e-01
4.815409309791328085e-01
2.974719101123589615e-01
1.657303370786506469e-01
2.528089887640442845e-01
2.106741573033699966e-01
1.670071501532170155e-01
1.685393258426959862e-01
7.654494382022355992e-02
1.647940074906358299e-01
2.337078651685389474e-01
4.247191011235955105e-01
7.865168539325724517e-02
0.000000000000000000e+00
4.281490242460078699e-01
2.041198501872652504e-01
1.944684528954181701e-01
0.000000000000000000e+00
2.292134831460661548e-01
2.893258426966278662e-01
9.550561797752661619e-02
3.995006242197247648e-01
1.701444622792926131e-01
2.865168539325832486e-01
4.634831460674150860e-01
3.795255930087387264e-01
5.383895131086059715e-02
1.404494382022462573e-01
1.813804173354724714e-01
8.682328907047882904e-02
2.893258426966281993e-01
1.813804173354724714e-01
1.532175689479054748e-01
3.077704418486542082e-01
5.810055865921783802e-01
4.608938547486031156e-01
2.590782122905024853e-01
4.480868556972701366e-01
4.008379888268156499e-01
3.667597765363126427e-01
5.446927374301673286e-01
5.549348230912477531e-01
2.759776536312846251e-01
3.942537909018354880e-01
3.828964331757624406e-01
1.897264746426755022e-01
5.945730247406223468e-01
2.849162011173181908e-01
2.308278313864904341e-01
3.134240094618565009e-01
4.404009158592240292e-01
5.243445692883893505e-01
2.621722846441946753e-01
4.943820224719095990e-01
5.917602996254680559e-01
1.989424983476533182e-01
5.112359550561796917e-01
4.119850187265913233e-01
4.313156940920624405e-01
4.846644397206195110e-01
1.840355267740811374e-01
3.469927296761395885e-01
2.559929810658594374e-01
3.717779246530065751e-01
2.945692883895127956e-01
2.527417746759719197e-01
5.906080674292598642e-01
4.433145009416195603e-01
2.711864406779659342e-01
5.371577574967403290e-01
3.244576994336983988e-01
4.635930003986417636e-01
4.411097245696896652e-01
4.637114298131246315e-01
2.795050431527502099e-01
3.096915909438553993e-01
5.058670143415905374e-01
3.107344632768360149e-01
5.120553831463355854e-01
2.328284463422674311e-01
1.684945164506477799e-01
2.772129186602869111e-01
5.151515151515144719e-01
7.281468531468524574e-01
1.740056818181818510e-01
5.776515151515152491e-01
3.951704545454543527e-01
4.226641414141411590e-01
3.941761363636364091e-01
2.409932659932659538e-01
5.758057267591165651e-01
2.147727272727270043e-01
5.647727272727270931e-01
4.083333333333333814e-01
2.295414391262445841e-01
2.830519960571707960e-01
2.359307359307356300e-01
3.428571428571427493e-01
5.553193663771081034e-01
3.429532879818592006e-01
3.200000000000000622e-01
6.260869565217390686e-01
2.800070677621697146e-01
5.945142857142855508e-01
2.852937770056577227e-01
3.102040816326531170e-01
3.929411764705884047e-01
3.659781309486916934e-01
4.728923679060663687e-01
2.771428571428570797e-01
5.134575569358175162e-01
2.632884097035034232e-01
2.560000000000000053e-01
4.103448275862067729e-01
5.510057471264367956e-01
4.334975369458128891e-01
1.973180076628349711e-01
4.846743295019159126e-01
3.218390804597699995e-01
4.680520529643573679e-01
4.593869731800768741e-01
1.805846019162492266e-01
4.147888926823719014e-01
3.281496506648635680e-01
5.786637931034483984e-01
4.495530012771391526e-01
4.048507373446031954e-01
3.395225464190977371e-01
1.967545638945231157e-01
1.021450459652693682e-01
2.552166934189376013e-01
4.213483146067386054e-01
7.022471910112192128e-02
2.720706260032072499e-01
3.146067415730319228e-01
3.370786516853914727e-01
2.247191011235933900e-01
3.402889245585839495e-01
7.935393258426930163e-02
2.893258426966271446e-01
4.011235955056186575e-01
9.295199182839432306e-02
3.370786516853905290e-01
9.711075441412182763e-02
7.233146067415667513e-02
3.627608346709443321e-01
3.401997503121076405e-01
7.514044943820182010e-02
1.926163723916520798e-01
9.550561797752778193e-02
3.623595505617955848e-01
1.670071501532177649e-01
4.822097378277134250e-01
3.659711075441399730e-01
1.970613656006907632e-01
1.123595505617953766e-01
2.275280898876385349e-01
2.865168539325817498e-01
3.920099875156043412e-01
2.153558052434437486e-01
2.679775280898865075e-01
4.815409309791298109e-01
2.974719101123583509e-01
1.657303370786506191e-01
2.528089887640447841e-01
2.106741573033690529e-01
1.670071501532177649e-01
1.685393258426964580e-01
7.654494382022122845e-02
1.647940074906357744e-01
2.337078651685386421e-01
4.247191011235970093e-01
7.865168539325416430e-02
0.000000000000000000e+00
4.281490242460067597e-01
2.041198501872637516e-01
1.944684528954152558e-01
0.000000000000000000e+00
2.292134831460653777e-01
2.893258426966274222e-01
9.550561797752710191e-02
3.995006242197233770e-01
1.701444622792908645e-01
2.865168539325821939e-01
4.634831460674148085e-01
3.795255930087350071e-01
5.383895131085904978e-02
1.404494382022437871e-01
1.813804173354698346e-01
8.682328907047934252e-02
2.893258426966286434e-01
1.813804173354698346e-01
1.532175689479060299e-01
