1.473290779565581965e-01
1.839068373596896566e-01
1.330800977892262482e-01
1.335729870402975195e-01
1.415221171142409529e-01
2.265187560789665433e-01
2.068163297494802211e-01
1.377461160327000111e-01
1.610179993766110151e-01
3.050310848821002341e-01
2.272131822682528224e-01
1.767435135774553245e-01
1.728876260302878720e-01
2.783838490050198344e-01
2.765005426475934391e-01
1.463798927472985956e-01
1.684686071794717632e-01
1.353072269977708408e-01
3.297954838200885530e-01
2.199131012779441396e-01
2.813148970847236807e-01
1.627717462737567899e-01
2.584006251628027107e-01
2.398486720468260280e-01
3.191556478536314856e-01
2.966798980047841705e-01
2.829841486816849772e-01
1.880865382087743287e-01
1.498186167556044002e-01
1.967263391253289695e-01
3.575601178845037031e-01
1.776372860860644387e-01
2.020376511057614122e-01
2.479936121553059092e-01
1.911555952787779566e-01
3.067742698667223489e-01
2.474304040377487413e-01
2.753321177389937424e-01
3.711784653400269640e-01
3.182306590257877321e-01
2.162929470834090984e-01
3.366788465077150128e-01
2.219184564023021500e-01
2.443679188244252953e-01
1.670565968297348103e-01
2.524257068896563205e-01
1.809933142311358489e-01
2.131556438094112660e-01
1.375190882564503447e-01
1.683867406219592133e-01
1.191346179122515503e-01
2.109303120317542468e-01
1.988965122426382126e-01
1.912710721890284737e-01
3.175126836833928601e-01
1.993046975631541651e-01
2.808081339139930632e-01
1.941052636190770675e-01
2.880116190426112444e-01
1.589206382587201316e-01
1.501131554232147947e-01
2.454895156979748083e-01
1.750460968804324058e-01
1.678810661224373058e-01
2.157438319474013488e-01
2.880897511164851599e-01
2.181856418075230064e-01
1.837929251772208450e-01
1.954207302647135436e-01
3.822132101488579514e-01
2.673008821309338923e-01
2.228817028243961218e-01
3.129255277200905239e-01
4.232932888199566479e-01
3.509765779027888000e-01
2.209502028513090632e-01
3.723733483729276261e-01
3.266738518966378901e-01
2.630941257160328006e-01
2.372254059216809263e-01
4.737651481296495382e-01
4.398762738448866449e-01
2.040561499434820347e-01
3.425659157225094953e-01
4.018821797534229967e-01
3.851558656637387723e-01
1.743856005777701113e-01
2.856504448208130875e-01
3.255142842955988103e-01
3.660154200097942012e-01
2.878514300360133227e-01
4.104951778035151877e-01
3.011619042611916597e-01
2.267522502810430107e-01
1.861149812044890217e-01
3.183617675665722513e-01
4.234486911544831367e-01
5.012591016087031282e-01
5.845148382820064548e-01
4.206286831736671949e-01
2.280882242240233060e-01
3.649698355743064004e-01
3.966720555183150809e-01
3.734687775192876424e-01
3.882688692264822383e-01
3.547211597860231436e-01
4.830763771144669927e-01
4.223019597019043170e-01
4.370934499478325574e-01
5.703776030816049003e-01
4.461556082548946423e-01
3.705447188748317022e-01
2.322007868713440726e-01
4.071580973911319568e-01
3.953401767368089348e-01
2.448026258404396860e-01
1.473290779565581965e-01
1.839068373596896566e-01
1.330800977892262482e-01
1.335729870402975195e-01
1.415221171142409529e-01
2.265187560789665433e-01
2.068163297494802211e-01
1.377461160327000111e-01
1.610179993766110151e-01
3.050310848821002341e-01
2.272131822682528224e-01
1.767435135774553245e-01
1.728876260302878720e-01
2.783838490050198344e-01
2.765005426475934391e-01
1.463798927472985956e-01
1.684686071794717632e-01
1.353072269977708408e-01
3.297954838200885530e-01
2.199131012779441396e-01
2.813148970847236807e-01
1.627717462737567899e-01
2.584006251628027107e-01
2.398486720468260280e-01
3.191556478536314856e-01
2.966798980047841705e-01
2.829841486816849772e-01
1.880865382087743287e-01
1.498186167556044002e-01
1.967263391253289695e-01
3.575601178845037031e-01
1.776372860860644387e-01
2.020376511057614122e-01
2.479936121553059092e-01
1.911555952787779566e-01
3.067742698667223489e-01
2.474304040377487413e-01
2.753321177389937424e-01
3.711784653400269640e-01
3.182306590257877321e-01
2.162929470834090984e-01
3.366788465077150128e-01
2.219184564023021500e-01
2.443679188244252953e-01
1.670565968297348103e-01
2.524257068896563205e-01
1.809933142311358489e-01
2.131556438094112660e-01
1.375190882564503447e-01
1.683867406219592133e-01
1.191346179122515503e-01
2.109303120317542468e-01
1.988965122426382126e-01
1.912710721890284737e-01
3.175126836833928601e-01
1.993046975631541651e-01
2.808081339139930632e-01
1.941052636190770675e-01
2.880116190426112444e-01
1.589206382587201316e-01
1.501131554232147947e-01
2.454895156979748083e-01
1.750460968804324058e-01
1.678810661224373058e-01
2.280882242240233060e-01
3.649698355743064004e-01
3.966720555183150809e-01
3.734687775192876424e-01
3.882688692264822383e-01
3.547211597860231436e-01
4.830763771144669927e-01
4.223019597019043170e-01
4.370934499478325574e-01
5.703776030816049003e-01
4.461556082548946423e-01
3.705447188748317022e-01
2.322007868713440726e-01
4.071580973911319568e-01
3.953401767368089348e-01
2.448026258404396860e-01
2.569416100910513201e-01
4.496008124766015523e-01
3.577718777108906401e-01
2.424576991491633471e-01
4.196524802187112102e-01
4.031887622224361034e-01
4.751584272259877229e-01
3.633316684629738780e-01
3.788894438456746894e-01
4.796098606681584720e-01
5.092073488277584215e-01
4.573293193750617713e-01
3.040256874548663557e-01
3.316619738864546862e-01
4.205021826295771703e-01
2.516718803396335580e-01
2.534914413972105818e-01
3.196143712006420667e-01
4.308259179909132985e-01
2.605643984700517501e-01
3.585540916411960044e-01
3.941868832459381466e-01
4.590870000858026656e-01
4.370748579103644893e-01
4.734993979089084370e-01
4.101245661408816079e-01
4.404749394493383541e-01
4.117130224568346097e-01
2.467304583273090546e-01
3.917775778774180706e-01
3.204821774570252857e-01
2.703473155932105687e-01
2.221719519619237138e-01
4.442166140904306171e-01
4.399417617083232201e-01
2.844325052576230917e-01
4.065063091482651880e-01
4.129232386961094736e-01
4.940756805701600474e-01
3.939274447949525637e-01
4.604973322428631000e-01
4.138192328028187372e-01
4.786750788643531207e-01
4.695070977917980004e-01
2.223291272344895264e-01
3.688043237451373302e-01
3.869050969149223640e-01
2.351678684091928762e-01
2.360441120414304983e-01
4.259503724455312446e-01
3.372762648349866277e-01
2.821935093784087023e-01
4.162995330368828295e-01
3.789085707974531037e-01
5.223948790073476012e-01
4.192184793431708023e-01
4.245586824222187805e-01
3.999577065016781119e-01
4.857463556843829022e-01
4.641188584252816662e-01
2.461439935972983550e-01
4.081195512077162024e-01
4.922735478290063971e-01
2.473954704977718022e-01
2.575540892242170199e-01
3.655606745708350758e-01
3.844174963289555547e-01
3.326918863972939122e-01
3.844519221500735107e-01
3.422277136622939864e-01
5.257842741450837742e-01
4.041282192837176712e-01
3.337531138241279227e-01
5.398051175027331894e-01
4.330498781178655499e-01
4.037176483346042732e-01
3.417311472728277177e-01
3.652050296803718843e-01
4.198120552388538984e-01
2.972266853059475356e-01
1.473290779565584463e-01
1.839068373596894068e-01
1.330800977892250270e-01
1.335729870402983244e-01
1.415221171142400369e-01
2.265187560789647947e-01
2.068163297494780006e-01
1.377461160327013712e-01
1.610179993766082951e-01
3.050310848820986243e-01
2.272131822682516566e-01
1.767435135774533816e-01
1.728876260302843193e-01
2.783838490050193903e-01
2.765005426475944939e-01
1.463798927472975409e-01
1.684686071794699314e-01
1.353072269977691200e-01
3.297954838200891081e-01
2.199131012779414751e-01
2.813148970847231811e-01
1.627717462737552911e-01
2.584006251628017115e-01
2.398486720468265554e-01
3.191556478536313746e-01
2.966798980047829493e-01
2.829841486816835339e-01
1.880865382087728577e-01
1.498186167556029846e-01
1.967263391253303018e-01
3.575601178845048134e-01
1.776372860860622183e-01
2.020376511057598301e-01
2.479936121553053818e-01
1.911555952787752088e-01
3.067742698667205170e-01
2.474304040377459102e-01
2.753321177389923546e-01
3.711784653400270195e-01
3.182306590257878431e-01
2.162929470834080714e-01
3.366788465077142911e-01
2.219184564023027884e-01
2.443679188244228251e-01
1.670565968297337001e-01
2.524257068896555989e-01
1.809933142311367649e-01
2.131556438094107109e-01
1.375190882564479300e-01
1.683867406219575757e-01
1.191346179122522581e-01
2.109303120317539693e-01
1.988965122426379628e-01
1.912710721890272247e-01
3.175126836833918609e-01
1.993046975631531381e-01
2.808081339139913424e-01
1.941052636190773728e-01
2.880116190426111333e-01
1.589206382587178557e-01
1.501131554232144616e-01
2.454895156979718107e-01
1.750460968804304074e-01
1.678810661224356127e-01
