1.157730847538818303e-01
1.719886165971823422e-01
1.220108587169137504e-01
1.240069463850849985e-01
1.388792252898595481e-01
2.369755279651873103e-01
2.236616232184907294e-01
1.409237893728279845e-01
1.532482049468746887e-01
3.425660705018154228e-01
2.343806139965660951e-01
1.681743782186900793e-01
1.605072240227324587e-01
2.904307557187908451e-01
2.256548593328503993e-01
1.171903069982826728e-01
1.698128810388776777e-01
1.863880128281892312e-01
3.892520659507363034e-01
2.576664024226801852e-01
4.085592239211138788e-01
2.191285081240758326e-01
2.998559187628607736e-01
2.357512608620428440e-01
2.876932640595859514e-01
3.462321542085203818e-01
2.838436664138279664e-01
2.112659187991535459e-01
1.018004710766878401e-01
2.228520987752881655e-01
3.229004484543616105e-01
1.885224959080190610e-01
1.779369578483314118e-01
2.328765619385998464e-01
1.625214579424324457e-01
2.580941354944307764e-01
2.592418859036287326e-01
3.419860709373258589e-01
3.612918679388389398e-01
3.114021517825061869e-01
1.788760695703082160e-01
3.068226276498065008e-01
1.579464250069861353e-01
2.422851211625209333e-01
1.673619705377445976e-01
2.894138015804808561e-01
1.390053273361986363e-01
2.407972681237070811e-01
1.246284554999465832e-01
1.539223122679537759e-01
1.341520619585613028e-01
1.540580462293895392e-01
2.370464999711672793e-01
2.511819690549379480e-01
3.376382290710201461e-01
1.692881951375290461e-01
2.346334517678671516e-01
2.012389050793771950e-01
2.120843147431025200e-01
1.411348043548916464e-01
1.240114829479667807e-01
2.755000199608766964e-01
1.743240391689418745e-01
1.379115116190445522e-01
1.736330126285807463e-01
2.976299785753249716e-01
2.161762944628519978e-01
1.585226289805308497e-01
1.821330192822063765e-01
3.890102671491148523e-01
2.946866997827115031e-01
2.197492913888774713e-01
2.807918701567145847e-01
4.435972161230654631e-01
3.532835642141392563e-01
1.813778327810822433e-01
3.490612944084136027e-01
3.182961395664496429e-01
2.635706742058292473e-01
2.440450051232909146e-01
4.893608527286517074e-01
4.555515633802188491e-01
1.992744221326200604e-01
3.694638508523293008e-01
3.940277056968337077e-01
4.104640618673115471e-01
1.528010362846703996e-01
2.804218018398226819e-01
3.262139539835255952e-01
3.805607675622435515e-01
2.999932632041193981e-01
4.368050385949416858e-01
3.166194259251859378e-01
2.171567257586891897e-01
1.608846660545329987e-01
3.178250628767615993e-01
4.033142894597749883e-01
5.954499960196160124e-01
5.455098509410303276e-01
3.873747562947439382e-01
2.009593731683990414e-01
3.798878221122176102e-01
4.131818998383195995e-01
3.393231401824384763e-01
4.706884142981802022e-01
4.356848440088622043e-01
5.109573045370163769e-01
4.041996846244433339e-01
3.822441090450426904e-01
6.052447905723986610e-01
3.883510648915146080e-01
3.713524145269282428e-01
2.029568467421516420e-01
4.496572975983740839e-01
3.434000678656257688e-01
2.297333098646495431e-01
1.157730847538818303e-01
1.719886165971823422e-01
1.220108587169137504e-01
1.240069463850849985e-01
1.388792252898595481e-01
2.369755279651873103e-01
2.236616232184907294e-01
1.409237893728279845e-01
1.532482049468746887e-01
3.425660705018154228e-01
2.343806139965660951e-01
1.681743782186900793e-01
1.605072240227324587e-01
2.904307557187908451e-01
2.256548593328503993e-01
1.171903069982826728e-01
1.698128810388776777e-01
1.863880128281892312e-01
3.892520659507363034e-01
2.576664024226801852e-01
4.085592239211138788e-01
2.191285081240758326e-01
2.998559187628607736e-01
2.357512608620428440e-01
2.876932640595859514e-01
3.462321542085203818e-01
2.838436664138279664e-01
2.112659187991535459e-01
1.018004710766878401e-01
2.228520987752881655e-01
3.229004484543616105e-01
1.885224959080190610e-01
1.779369578483314118e-01
2.328765619385998464e-01
1.625214579424324457e-01
2.580941354944307764e-01
2.592418859036287326e-01
3.419860709373258589e-01
3.612918679388389398e-01
3.114021517825061869e-01
1.788760695703082160e-01
3.068226276498065008e-01
1.579464250069861353e-01
2.422851211625209333e-01
1.673619705377445976e-01
2.894138015804808561e-01
1.390053273361986363e-01
2.407972681237070811e-01
1.246284554999465832e-01
1.539223122679537759e-01
1.341520619585613028e-01
1.540580462293895392e-01
2.370464999711672793e-01
2.511819690549379480e-01
3.376382290710201461e-01
1.692881951375290461e-01
2.346334517678671516e-01
2.012389050793771950e-01
2.120843147431025200e-01
1.411348043548916464e-01
1.240114829479667807e-01
2.755000199608766964e-01
1.743240391689418745e-01
1.379115116190445522e-01
2.009593731683990414e-01
3.798878221122176102e-01
4.131818998383195995e-01
3.393231401824384763e-01
4.706884142981802022e-01
4.356848440088622043e-01
5.109573045370163769e-01
4.041996846244433339e-01
3.822441090450426904e-01
6.052447905723986610e-01
3.883510648915146080e-01
3.713524145269282428e-01
2.029568467421516420e-01
4.496572975983740839e-01
3.434000678656257688e-01
2.297333098646495431e-01
2.296257230564931473e-01
4.792021403231850885e-01
3.425286438580379955e-01
2.209003686108559905e-01
4.496786298854240083e-01
4.952663150595202346e-01
5.045264223298804307e-01
3.938879795600618849e-01
3.570335475800759939e-01
5.067036350688134405e-01
4.385026968762844590e-01
4.389923992373334083e-01
2.881235132082293204e-01
3.730413326906971139e-01
3.885032395328683608e-01
2.060880673879194047e-01
2.262199568131939564e-01
3.517177518479889797e-01
4.093724840476143934e-01
2.446853104976340898e-01
3.911166183757350812e-01
4.826066737576329979e-01
5.023077613857340751e-01
4.296818133678076412e-01
4.512937209505863967e-01
4.476018364862965337e-01
3.927361101420933087e-01
3.829294246085666042e-01
2.321995329061617153e-01
3.883519925840078213e-01
2.890930263332502359e-01
2.538029164597149778e-01
2.105830489670354744e-01
4.535203520352033557e-01
4.178838169176717909e-01
2.650710635579682228e-01
4.328112246708543664e-01
5.099459038645801634e-01
5.099009900990100208e-01
4.288852902427338076e-01
4.220022002200220501e-01
4.487208288898875685e-01
4.439995209198339121e-01
4.264591983391884944e-01
1.994064729053547091e-01
3.984760390791730611e-01
3.510954875953103405e-01
2.011081580508279898e-01
2.203812755764045228e-01
4.458855716295397897e-01
3.204924738235445103e-01
2.513823734903678497e-01
4.390336621289114283e-01
4.817602769950453667e-01
5.554973550254515002e-01
4.389944564219991907e-01
3.962114838948854190e-01
4.261209584143070273e-01
4.266703922602831378e-01
4.396637074489975205e-01
2.281631566689951429e-01
4.322244507050795881e-01
4.554354274049117746e-01
2.154147120471103238e-01
2.204156186369620740e-01
4.072194274763445976e-01
3.595982410211658320e-01
3.207569768834586110e-01
4.126109580655030196e-01
4.244021240068667766e-01
5.635355254302422123e-01
4.042839461811790214e-01
3.251643187253658307e-01
5.654739057568470839e-01
3.944646809096935547e-01
3.566650946221102125e-01
3.259294748095800665e-01
3.642117197529653461e-01
3.810682071551632633e-01
2.794053062595257542e-01
1.157730847538816776e-01
1.719886165971823699e-01
1.220108587169122100e-01
1.240069463850843046e-01
1.388792252898589374e-01
2.369755279651871438e-01
2.236616232184886199e-01
1.409237893728284563e-01
1.532482049468714136e-01
3.425660705018165331e-01
2.343806139965625979e-01
1.681743782186913838e-01
1.605072240227312652e-01
2.904307557187894573e-01
2.256548593328482899e-01
1.171903069982809242e-01
1.698128810388759014e-01
1.863880128281899251e-01
3.892520659507339165e-01
2.576664024226807959e-01
4.085592239211140453e-01
2.191285081240751942e-01
2.998559187628612177e-01
2.357512608620429273e-01
2.876932640595837309e-01
3.462321542085208814e-01
2.838436664138278553e-01
2.112659187991515475e-01
1.018004710766836629e-01
2.228520987752890814e-01
3.229004484543633313e-01
1.885224959080177010e-01
1.779369578483291636e-01
2.328765619385966545e-01
1.625214579424327510e-01
2.580941354944299437e-01
2.592418859036259571e-01
3.419860709373254704e-01
3.612918679388380516e-01
3.114021517825034113e-01
1.788760695703071335e-01
3.068226276498068894e-01
1.579464250069868569e-01
2.422851211625178525e-01
1.673619705377450417e-01
2.894138015804798014e-01
1.390053273361983310e-01
2.407972681237088297e-01
1.246284554999465694e-01
1.539223122679508615e-01
1.341520619585548080e-01
1.540580462293877351e-01
2.370464999711661136e-01
2.511819690549380035e-01
3.376382290710219225e-01
1.692881951375300731e-01
2.346334517678659304e-01
2.012389050793761403e-01
2.120843147431031583e-01
1.411348043548889819e-01
1.240114829479652264e-01
2.755000199608753642e-01
1.743240391689435675e-01
1.379115116190443857e-01
