1.765986631078391156e-01
2.140008728474477040e-01
1.402136144213050051e-01
1.632424616963212560e-01
1.630059267008019952e-01
2.549847251696543693e-01
2.634033721228518088e-01
1.497166577271979993e-01
1.723307358903534425e-01
3.165533686247981038e-01
2.438026165434567516e-01
1.665073109302476762e-01
1.971672132815758538e-01
3.050301998554127980e-01
2.209036969420350438e-01
1.330105407989551347e-01
2.149570072659550413e-01
1.861249089858497130e-01
3.599437979524719999e-01
2.918375437673024764e-01
3.901028427508679841e-01
2.063711200764896669e-01
2.650527569955749563e-01
2.293906392108387982e-01
3.000329816402199645e-01
3.241349494934994691e-01
2.677176371819680045e-01
1.989692404561460015e-01
1.201231314568212138e-01
1.960826991493247462e-01
2.842750868683093235e-01
2.043072689536151454e-01
2.095500171571157144e-01
2.510785662647788130e-01
1.627002635199737701e-01
2.494111611203087830e-01
2.789697068631787347e-01
2.971733613742895130e-01
3.437419836291130126e-01
2.777045777850318808e-01
1.823029624620074451e-01
2.961311536577972969e-01
1.395723047503555081e-01
2.135211398987885145e-01
1.845339427718564740e-01
2.341535141928874353e-01
1.355689777135168916e-01
2.131121368079448852e-01
1.611012294065392036e-01
1.964786268976934369e-01
1.501247638814370844e-01
1.470814579883850115e-01
2.454337455853269345e-01
2.249481122175316650e-01
3.096243091345801668e-01
1.619948228819282909e-01
2.418268645268940864e-01
1.841530436945653104e-01
1.894778573260874899e-01
1.261131303574333229e-01
1.376748761371320018e-01
2.794322271713186034e-01
1.660175835451598303e-01
1.503102666788209141e-01
2.237510008317590560e-01
3.114666169165831167e-01
2.406660292437209914e-01
1.949192727159658467e-01
1.880553158741628539e-01
3.802807346334773353e-01
3.114516252619372594e-01
2.255044691788225808e-01
2.920640843263916375e-01
4.029659600600105640e-01
3.555840582075969758e-01
1.988293183461205815e-01
3.528263206209145686e-01
3.377719736013611862e-01
2.917842401063405755e-01
2.412704150245249535e-01
4.424337119003750596e-01
4.233939403361755560e-01
1.827557659569506165e-01
3.371773046337537272e-01
3.846808609873835771e-01
3.872577598470182125e-01
1.750327405463585062e-01
2.624788867530403191e-01
3.541609985256351512e-01
3.555006231716192899e-01
2.985223642172517566e-01
3.989316535363941485e-01
3.001329260045237368e-01
2.575732842051253746e-01
1.933257153517869975e-01
3.283878640889903444e-01
4.722695848396877283e-01
5.622598338230426762e-01
5.043250226378394041e-01
3.852555113428943745e-01
2.655066122255151928e-01
4.268457627909144070e-01
4.124108017349933375e-01
3.667681078307908349e-01
4.900855616949713056e-01
4.051525115433044499e-01
4.893136980551278103e-01
3.828529452917303622e-01
4.012395033103020037e-01
5.647825704390425638e-01
3.649683183753423266e-01
3.411490566240808486e-01
2.345800042036222388e-01
4.267202800153683806e-01
3.201887349781566972e-01
2.388488918851305876e-01
1.765986631078391156e-01
2.140008728474477040e-01
1.402136144213050051e-01
1.632424616963212560e-01
1.630059267008019952e-01
2.549847251696543693e-01
2.634033721228518088e-01
1.497166577271979993e-01
1.723307358903534425e-01
3.165533686247981038e-01
2.438026165434567516e-01
1.665073109302476762e-01
1.971672132815758538e-01
3.050301998554127980e-01
2.209036969420350438e-01
1.330105407989551347e-01
2.149570072659550413e-01
1.861249089858497130e-01
3.599437979524719999e-01
2.918375437673024764e-01
3.901028427508679841e-01
2.063711200764896669e-01
2.650527569955749563e-01
2.293906392108387982e-01
3.000329816402199645e-01
3.241349494934994691e-01
2.677176371819680045e-01
1.989692404561460015e-01
1.201231314568212138e-01
1.960826991493247462e-01
2.842750868683093235e-01
2.043072689536151454e-01
2.095500171571157144e-01
2.510785662647788130e-01
1.627002635199737701e-01
2.494111611203087830e-01
2.789697068631787347e-01
2.971733613742895130e-01
3.437419836291130126e-01
2.777045777850318808e-01
1.823029624620074451e-01
2.961311536577972969e-01
1.395723047503555081e-01
2.135211398987885145e-01
1.845339427718564740e-01
2.341535141928874353e-01
1.355689777135168916e-01
2.131121368079448852e-01
1.611012294065392036e-01
1.964786268976934369e-01
1.501247638814370844e-01
1.470814579883850115e-01
2.454337455853269345e-01
2.249481122175316650e-01
3.096243091345801668e-01
1.619948228819282909e-01
2.418268645268940864e-01
1.841530436945653104e-01
1.894778573260874899e-01
1.261131303574333229e-01
1.376748761371320018e-01
2.794322271713186034e-01
1.660175835451598303e-01
1.503102666788209141e-01
2.655066122255151928e-01
4.268457627909144070e-01
4.124108017349933375e-01
3.667681078307908349e-01
4.900855616949713056e-01
4.051525115433044499e-01
4.893136980551278103e-01
3.828529452917303622e-01
4.012395033103020037e-01
5.647825704390425638e-01
3.649683183753423266e-01
3.411490566240808486e-01
2.345800042036222388e-01
4.267202800153683806e-01
3.201887349781566972e-01
2.388488918851305876e-01
2.946833280351128792e-01
5.068313052023173393e-01
3.717264056341966771e-01
2.524816740903113588e-01
4.751754856463232257e-01
4.656262334954531235e-01
4.539405705449109374e-01
4.058207597770573383e-01
3.894498729040833385e-01
4.660158533255197022e-01
4.170283947341382191e-01
3.854849445710578082e-01
3.144337887203569326e-01
3.643894235567391449e-01
3.638660753357095268e-01
2.040903896830760789e-01
2.823776338893766447e-01
3.910788939858207969e-01
4.331902985074628232e-01
2.701958955223879300e-01
4.456730769230769496e-01
4.423375572849301274e-01
4.523615385662921873e-01
4.240082207786789459e-01
4.719144661308840027e-01
4.078481251716877254e-01
3.517507312991113300e-01
3.871717135476462346e-01
2.488339552238804375e-01
3.879531783121228927e-01
2.971153846153852252e-01
2.298665221685688709e-01
2.536120613574792126e-01
5.143465721370985566e-01
4.537598645203765324e-01
2.848305697427646055e-01
4.767316816571699478e-01
4.633946687189534064e-01
4.809554534594762676e-01
4.065845168963828637e-01
4.602019636651975554e-01
4.065367952363127535e-01
3.883859231791788602e-01
4.205788381258885877e-01
2.279406391629157091e-01
3.797504041490075699e-01
3.368275033355462300e-01
2.019103590502174250e-01
2.735668641261252976e-01
4.850337696836288237e-01
3.532816992026843184e-01
2.852045337935535940e-01
4.866953155261541375e-01
4.477277046959799445e-01
4.922776248892206663e-01
4.352868898955477572e-01
4.253929754186294154e-01
3.938301007235302520e-01
3.948633501616340968e-01
4.006831743711214422e-01
2.513591533601794992e-01
4.099019569929577278e-01
4.389624093632919499e-01
2.153645225990015455e-01
2.707185670639269404e-01
4.518535578515284756e-01
3.908589020420538129e-01
3.446385396988280725e-01
4.547037650333124459e-01
3.854747300417472045e-01
5.114006722862949328e-01
4.148797723721343034e-01
3.608310425008484090e-01
5.093161758044406628e-01
3.568877139213076921e-01
3.500900832614226021e-01
3.520976021850616422e-01
3.746859987609267861e-01
3.727011612824516207e-01
2.521782554475247018e-01
1.765986631078378943e-01
2.140008728474450672e-01
1.402136144213018687e-01
1.632424616963197017e-01
1.630059267008028556e-01
2.549847251696557016e-01
2.634033721228501435e-01
1.497166577271969445e-01
1.723307358903503339e-01
3.165533686247977707e-01
2.438026165434527270e-01
1.665073109302457333e-01
1.971672132815742995e-01
3.050301998554120764e-01
2.209036969420336283e-01
1.330105407989531641e-01
2.149570072659520437e-01
1.861249089858488526e-01
3.599437979524735542e-01
2.918375437672994788e-01
3.901028427508664853e-01
2.063711200764903331e-01
2.650527569955745122e-01
2.293906392108370773e-01
3.000329816402213523e-01
3.241349494935000242e-01
2.677176371819681155e-01
1.989692404561441974e-01
1.201231314568170783e-01
1.960826991493261062e-01
2.842750868683071586e-01
2.043072689536147013e-01
2.095500171571127723e-01
2.510785662647764815e-01
1.627002635199719938e-01
2.494111611203061740e-01
2.789697068631789567e-01
2.971733613742891245e-01
3.437419836291124575e-01
2.777045777850297159e-01
1.823029624620053912e-01
2.961311536577976300e-01
1.395723047503517611e-01
2.135211398987886255e-01
1.845339427718553083e-01
2.341535141928886288e-01
1.355689777135143104e-01
2.131121368079446077e-01
1.611012294065382877e-01
1.964786268976901340e-01
1.501247638814366958e-01
1.470814579883823747e-01
2.454337455853277949e-01
2.249481122175293057e-01
3.096243091345813880e-01
1.619948228819270974e-01
2.418268645268926431e-01
1.841530436945654770e-01
1.894778573260858245e-01
1.261131303574303530e-01
1.376748761371320573e-01
2.794322271713172712e-01
1.660175835451591919e-01
1.503102666788196651e-01
