1.372067317237963824e-01
2.004107311666707691e-01
1.369103888906987587e-01
1.731753430909150071e-01
1.552349596486893857e-01
1.620106268539948657e-01
2.205235192489487517e-01
1.310428007953839957e-01
1.732614941859648150e-01
3.112592496006775233e-01
2.680455498690657024e-01
2.327476611141890417e-01
1.984785758948804102e-01
2.454607686540392630e-01
2.569444767834440091e-01
1.540282622159923620e-01
2.046996586553901654e-01
1.227810918784610628e-01
3.928309482674305908e-01
2.548209687108533017e-01
3.247384033640822731e-01
1.446556051765162665e-01
2.128660204417284763e-01
2.053710162879896772e-01
2.394255351845727686e-01
2.930032773237772892e-01
2.591518075431099577e-01
2.464387000032589037e-01
8.395540633047494927e-02
1.939092986783438888e-01
3.148938944486087133e-01
1.508263519900895078e-01
1.969833146284556968e-01
2.220849496365353282e-01
1.803060925123048108e-01
2.371483521856757593e-01
2.656713498712387489e-01
2.700394432310852522e-01
3.914985168041199559e-01
2.687070117677738956e-01
1.740283165455107639e-01
3.163021155914850779e-01
2.197411741695733389e-01
2.354858688920039300e-01
2.145092414512493606e-01
2.720296193101973126e-01
1.843690350715158355e-01
3.238457275683852554e-01
1.788428997738905624e-01
1.323336701763533074e-01
1.628418685008313771e-01
1.812106790103334419e-01
2.429326350179100424e-01
2.078150685250462204e-01
2.881637709032814354e-01
1.699644684943111550e-01
2.769211823552205631e-01
2.061805261270653056e-01
2.200345535743387371e-01
2.231173657323534121e-01
1.435781026353769030e-01
2.792374308656854209e-01
2.357466505851277261e-01
1.739532430277936637e-01
2.129717160521993891e-01
3.762500316922192112e-01
2.043876519868300101e-01
2.151448968282425045e-01
2.460964240310321294e-01
3.226432595340898435e-01
3.177927623766526044e-01
2.543040621405512902e-01
2.995657260415865997e-01
3.932180460931637977e-01
3.557518662189912417e-01
2.190022927057182489e-01
3.071148950798194832e-01
3.369299475176838476e-01
3.373329737706955433e-01
2.303625952124827014e-01
4.861296736969059062e-01
4.078335923040422029e-01
1.934103725918437933e-01
2.986015581706160660e-01
3.323499690321731759e-01
3.939107474655278440e-01
1.596816061407222431e-01
2.750781180875382370e-01
3.439638092961421201e-01
3.601298596245939843e-01
3.073964207712612251e-01
3.934812246768508714e-01
2.814812400169506290e-01
2.343200213227377426e-01
2.086253545001140186e-01
3.481696384913772757e-01
4.380027542437379129e-01
4.739107887348963932e-01
5.733772731602816419e-01
4.424704117107635115e-01
2.439266516129412476e-01
3.395266966555832155e-01
4.415216115783293649e-01
3.656080904882973992e-01
4.481787083608556044e-01
3.267651085468409322e-01
4.660196231827366531e-01
3.640230784275375608e-01
3.860079660001426993e-01
5.665433370769075161e-01
4.156631555418960344e-01
4.468248356376656183e-01
2.380084548087672558e-01
4.119114364567128539e-01
3.928874111741312292e-01
2.722101713398406009e-01
1.372067317237963824e-01
2.004107311666707691e-01
1.369103888906987587e-01
1.731753430909150071e-01
1.552349596486893857e-01
1.620106268539948657e-01
2.205235192489487517e-01
1.310428007953839957e-01
1.732614941859648150e-01
3.112592496006775233e-01
2.680455498690657024e-01
2.327476611141890417e-01
1.984785758948804102e-01
2.454607686540392630e-01
2.569444767834440091e-01
1.540282622159923620e-01
2.046996586553901654e-01
1.227810918784610628e-01
3.928309482674305908e-01
2.548209687108533017e-01
3.247384033640822731e-01
1.446556051765162665e-01
2.128660204417284763e-01
2.053710162879896772e-01
2.394255351845727686e-01
2.930032773237772892e-01
2.591518075431099577e-01
2.464387000032589037e-01
8.395540633047494927e-02
1.939092986783438888e-01
3.148938944486087133e-01
1.508263519900895078e-01
1.969833146284556968e-01
2.220849496365353282e-01
1.803060925123048108e-01
2.371483521856757593e-01
2.656713498712387489e-01
2.700394432310852522e-01
3.914985168041199559e-01
2.687070117677738956e-01
1.740283165455107639e-01
3.163021155914850779e-01
2.197411741695733389e-01
2.354858688920039300e-01
2.145092414512493606e-01
2.720296193101973126e-01
1.843690350715158355e-01
3.238457275683852554e-01
1.788428997738905624e-01
1.323336701763533074e-01
1.628418685008313771e-01
1.812106790103334419e-01
2.429326350179100424e-01
2.078150685250462204e-01
2.881637709032814354e-01
1.699644684943111550e-01
2.769211823552205631e-01
2.061805261270653056e-01
2.200345535743387371e-01
2.231173657323534121e-01
1.435781026353769030e-01
2.792374308656854209e-01
2.357466505851277261e-01
1.739532430277936637e-01
2.439266516129412476e-01
3.395266966555832155e-01
4.415216115783293649e-01
3.656080904882973992e-01
4.481787083608556044e-01
3.267651085468409322e-01
4.660196231827366531e-01
3.640230784275375608e-01
3.860079660001426993e-01
5.665433370769075161e-01
4.156631555418960344e-01
4.468248356376656183e-01
2.380084548087672558e-01
4.119114364567128539e-01
3.928874111741312292e-01
2.722101713398406009e-01
2.686085752569640772e-01
4.039760497881871304e-01
3.742217296345793365e-01
2.809922743423406422e-01
3.982136454020919758e-01
3.855198550246956568e-01
4.477364498700773243e-01
3.819799850050521473e-01
3.824798165835420205e-01
4.635289441390891829e-01
5.178490091617192759e-01
4.372587802086002617e-01
3.356317915894063142e-01
3.500533592516613113e-01
4.079507736203970558e-01
2.570025317556038913e-01
2.365712225690898285e-01
3.551768933921556903e-01
4.639131568653016569e-01
2.560307732429257244e-01
3.711520908352300419e-01
3.549439338491492957e-01
4.665431879031421425e-01
4.167851422989667931e-01
5.168786422861267882e-01
3.697888959375128515e-01
3.989971626524257964e-01
4.638529745127737414e-01
2.526242013300297184e-01
4.085916594888145403e-01
3.249645755498226096e-01
2.864780284261310705e-01
2.281525329215456088e-01
4.458208820067007250e-01
4.570998683468114332e-01
2.933211083944579634e-01
4.187086842343567539e-01
3.997457212713934060e-01
4.417350357692656493e-01
4.018887530562345600e-01
4.433329107428539140e-01
4.079007178410434808e-01
4.756577017114915762e-01
4.721760391198038809e-01
2.517489812550935957e-01
3.351663542035646648e-01
4.130287843385818114e-01
2.561819381379283334e-01
2.411814566082024769e-01
3.896277963434283675e-01
3.634983973811646285e-01
3.165221360109537474e-01
4.219633679280848648e-01
3.658762894038927738e-01
4.876207863337025938e-01
4.081802654842973110e-01
4.397861380974116274e-01
3.815849023315394661e-01
4.747678228977685877e-01
4.634222370290842496e-01
2.526316170770753766e-01
4.254152509062024135e-01
4.929397523069745657e-01
2.674577818347787517e-01
2.321129331985783695e-01
3.986486486486484071e-01
4.082138316155198843e-01
3.469935556787181463e-01
4.051663243460585928e-01
3.085449744074592049e-01
4.983487441294616183e-01
4.119823080016081218e-01
3.725199114532535827e-01
5.015560981325530854e-01
4.103909486723648081e-01
4.191634336387053406e-01
3.556366982181212166e-01
3.718591526292699401e-01
4.372073660372812198e-01
3.078680042420908203e-01
1.372067317237950779e-01
2.004107311666692981e-01
1.369103888906982869e-01
1.731753430909143965e-01
1.552349596486860550e-01
1.620106268539946437e-01
2.205235192489480855e-01
1.310428007953799157e-01
1.732614941859650648e-01
3.112592496006753584e-01
2.680455498690626492e-01
2.327476611141845453e-01
1.984785758948794110e-01
2.454607686540384026e-01
2.569444767834407894e-01
1.540282622159910852e-01
2.046996586553880004e-01
1.227810918784604521e-01
3.928309482674304243e-01
2.548209687108506372e-01
3.247384033640817180e-01
1.446556051765161832e-01
2.128660204417287261e-01
2.053710162879882617e-01
2.394255351845726298e-01
2.930032773237761790e-01
2.591518075431097357e-01
2.464387000032586816e-01
8.395540633046992551e-02
1.939092986783415573e-01
3.148938944486079361e-01
1.508263519900883698e-01
1.969833146284554470e-01
2.220849496365344955e-01
1.803060925123045888e-01
2.371483521856736776e-01
2.656713498712382493e-01
2.700394432310833648e-01
3.914985168041192343e-01
2.687070117677740066e-01
1.740283165455118741e-01
3.163021155914838567e-01
2.197411741695702581e-01
2.354858688920000165e-01
2.145092414512490830e-01
2.720296193101990889e-01
1.843690350715161963e-01
3.238457275683824799e-01
1.788428997738876758e-01
1.323336701763486167e-01
1.628418685008297673e-01
1.812106790103315546e-01
2.429326350179103755e-01
2.078150685250461649e-01
2.881637709032819905e-01
1.699644684943077688e-01
2.769211823552178986e-01
2.061805261270655276e-01
2.200345535743382930e-01
2.231173657323511916e-01
1.435781026353772638e-01
2.792374308656837001e-01
2.357466505851260608e-01
1.739532430277925534e-01
