2.835062029692900221e-01
2.049536593160750098e-01
2.055369127516774863e-01
3.020134228187912329e-01
1.935698306168106009e-01
1.562863534675604793e-01
1.543624161073816614e-01
2.093959731543619807e-01
2.303611377436878271e-01
2.259368008948540452e-01
2.177516778523480023e-01
2.608948545861281554e-01
3.601504982713027991e-01
2.691275167785227573e-01
3.399137104506230189e-01
3.580229306487698326e-01
2.499073186321503770e-01
1.235495898583136021e-01
2.504446308724832537e-01
2.680728667305841695e-01
2.205816554809838514e-01
8.455704697986521357e-02
1.385499288183852096e-01
1.893325876211779946e-01
1.981975071907949859e-01
1.400722767165720195e-01
1.572706935123039940e-01
1.555369127516769145e-01
2.333221476510058401e-01
1.705418841660442386e-01
2.295426298782002050e-01
2.372550335570465518e-01
2.658996484499828172e-01
1.579418344519011586e-01
1.639988814317660248e-01
3.268456375838928452e-01
1.988255033557037310e-01
1.509640024405119740e-01
1.861297539149879832e-01
2.298266219239366581e-01
1.916181953765847823e-01
1.819418344519007358e-01
1.378389261744962235e-01
2.223713646532435029e-01
2.384787472035796441e-01
2.131166843282701340e-01
1.484762614963954230e-01
2.923335054207540362e-01
3.097823876347356453e-01
2.291006711409396268e-01
2.206319910514521754e-01
4.350782997762854265e-01
2.726721352224696915e-01
1.751422179610088448e-01
2.125950782997761412e-01
2.218456375838917527e-01
3.381556052696989556e-01
1.644388516032808667e-01
2.256711409395962542e-01
2.195717481623514211e-01
3.536912751677848132e-01
3.053131991051444838e-01
3.058836689038027523e-01
2.719137685580636510e-01
3.801541138453887747e-01
3.583395476012925518e-01
3.136465324384780096e-01
4.330723340790450515e-01
2.687248322147645641e-01
3.073520439292250495e-01
2.103307766059438755e-01
3.337232342601471058e-01
3.948396718866509225e-01
3.094649515287098973e-01
3.059060402684555258e-01
4.578150633855331830e-01
3.792556436851734492e-01
4.000894854586121707e-01
4.256741915802311760e-01
2.040193885160326848e-01
3.302013422818790844e-01
3.447675863783244421e-01
1.180872483221470787e-01
1.871677852348991866e-01
2.590939597315430332e-01
1.877532758069666852e-01
2.942140586365241117e-01
2.462607861936716436e-01
4.165572955505838504e-01
2.699478001491416590e-01
2.376538031319910260e-01
2.233293854454530825e-01
2.709395973154354320e-01
3.160547440452693424e-01
4.293064876957489728e-01
4.076241610738254861e-01
6.153407051542738593e-01
2.850115768160115803e-01
3.780351757768226628e-01
6.243310326383048059e-01
3.917077307605481562e-01
3.513120511845367888e-01
4.114001923894320956e-01
5.775625824925610940e-01
3.954210639836258645e-01
2.282695018008545906e-01
2.797208116149527135e-01
3.885819109192186205e-01
4.290380208816034213e-01
3.366464045062762533e-01
3.116197464422336694e-01
3.957526333088399184e-01
4.444466072841278259e-01
4.022132241635158478e-01
3.900658449102555325e-01
4.110158202684094930e-01
2.835062029692900221e-01
2.049536593160750098e-01
2.055369127516774863e-01
3.020134228187912329e-01
1.935698306168106009e-01
1.562863534675604793e-01
1.543624161073816614e-01
2.093959731543619807e-01
2.303611377436878271e-01
2.259368008948540452e-01
2.177516778523480023e-01
2.608948545861281554e-01
3.601504982713027991e-01
2.691275167785227573e-01
3.399137104506230189e-01
3.580229306487698326e-01
2.499073186321503770e-01
1.235495898583136021e-01
2.504446308724832537e-01
2.680728667305841695e-01
2.205816554809838514e-01
8.455704697986521357e-02
1.385499288183852096e-01
1.893325876211779946e-01
1.981975071907949859e-01
1.400722767165720195e-01
1.572706935123039940e-01
1.555369127516769145e-01
2.333221476510058401e-01
1.705418841660442386e-01
2.295426298782002050e-01
2.372550335570465518e-01
2.658996484499828172e-01
1.579418344519011586e-01
1.639988814317660248e-01
3.268456375838928452e-01
1.988255033557037310e-01
1.509640024405119740e-01
1.861297539149879832e-01
2.298266219239366581e-01
1.916181953765847823e-01
1.819418344519007358e-01
1.378389261744962235e-01
2.223713646532435029e-01
2.384787472035796441e-01
2.131166843282701340e-01
1.484762614963954230e-01
2.923335054207540362e-01
3.097823876347356453e-01
2.291006711409396268e-01
2.206319910514521754e-01
4.350782997762854265e-01
2.726721352224696915e-01
1.751422179610088448e-01
2.125950782997761412e-01
2.218456375838917527e-01
3.381556052696989556e-01
1.644388516032808667e-01
2.256711409395962542e-01
2.195717481623514211e-01
3.536912751677848132e-01
3.053131991051444838e-01
3.058836689038027523e-01
2.719137685580636510e-01
3.917077307605481562e-01
3.513120511845367888e-01
4.114001923894320956e-01
5.775625824925610940e-01
3.954210639836258645e-01
2.282695018008545906e-01
2.797208116149527135e-01
3.885819109192186205e-01
4.290380208816034213e-01
3.366464045062762533e-01
3.116197464422336694e-01
3.957526333088399184e-01
4.444466072841278259e-01
4.022132241635158478e-01
3.900658449102555325e-01
4.110158202684094930e-01
4.471894501354056750e-01
3.644109024928521290e-01
3.938851603281133817e-01
4.893363161819533347e-01
3.982102908277400100e-01
2.487364321816223911e-01
2.764258455059875330e-01
3.717673378076064572e-01
3.947800149142426940e-01
2.898968030598254586e-01
3.261672410665698019e-01
4.402009955385693396e-01
5.072443742597705363e-01
3.482450594221762064e-01
4.270298723516249839e-01
3.934899328859060574e-01
4.202298248546155190e-01
3.307435127079668136e-01
4.372655614965283433e-01
4.453790912548376002e-01
3.724106717238552244e-01
2.215921853998758795e-01
2.865599142226759044e-01
3.960789021698357670e-01
4.670660331413363786e-01
2.532250827861944331e-01
2.685725293648631995e-01
4.316771843114712293e-01
4.242600505604148253e-01
3.485321596288561419e-01
3.331768650244164576e-01
4.559254516813769365e-01
4.248500462754721818e-01
4.225891290189467409e-01
4.411968183054134074e-01
4.804297731442122577e-01
3.792389418368207754e-01
2.521913732158037602e-01
3.160805106865331449e-01
3.707925969842051916e-01
4.403521244632706555e-01
2.359785938171885533e-01
3.102420689963756861e-01
4.595351022417110687e-01
4.580846272018132548e-01
3.262412374242404378e-01
3.747072103477159244e-01
4.354621171928432233e-01
4.535874890932279913e-01
3.715379004184301004e-01
3.346702221767661745e-01
5.482918316665548186e-01
4.072406376850501442e-01
2.278239479298034831e-01
3.266957513927105095e-01
3.586962594876878518e-01
4.108137650657284201e-01
2.480223044315384706e-01
3.061956359544063533e-01
4.610742469615044525e-01
4.278847946543764547e-01
3.861927013538670184e-01
4.851821974460316933e-01
4.484059332841129342e-01
4.095198675496689034e-01
3.564077322355463928e-01
3.967373238896415022e-01
5.822594117296099325e-01
3.957177376051547180e-01
2.084302845892248013e-01
2.965983504979177732e-01
3.843386432790407703e-01
3.700381931357373255e-01
3.184475866595073978e-01
2.835995325282428259e-01
3.855371565688205937e-01
5.576437364516827477e-01
3.579099878954780656e-01
4.348556401536534111e-01
4.940434201244482959e-01
2.835062029692881347e-01
2.049536593160744269e-01
2.055369127516761818e-01
3.020134228187905112e-01
1.935698306168093241e-01
1.562863534675596189e-01
1.543624161073815504e-01
2.093959731543583169e-01
2.303611377436858565e-01
2.259368008948545448e-01
2.177516778523437835e-01
2.608948545861283774e-01
3.601504982713037983e-01
2.691275167785213140e-01
3.399137104506200768e-01
3.580229306487685004e-01
2.499073186321485451e-01
1.235495898583146707e-01
2.504446308724802006e-01
2.680728667305827817e-01
2.205816554809815755e-01
8.455704697986325680e-02
1.385499288183853761e-01
1.893325876211757186e-01
1.981975071907966790e-01
1.400722767165708815e-01
1.572706935123035221e-01
1.555369127516781913e-01
2.333221476510038972e-01
1.705418841660447105e-01
2.295426298781998997e-01
2.372550335570443314e-01
2.658996484499828172e-01
1.579418344519000483e-01
1.639988814317636934e-01
3.268456375838905137e-01
1.988255033557031759e-01
1.509640024405108638e-01
1.861297539149864566e-01
2.298266219239368802e-01
1.916181953765806467e-01
1.819418344518989317e-01
1.378389261744929484e-01
2.223713646532398946e-01
2.384787472035748701e-01
2.131166843282661649e-01
1.484762614963959226e-01
2.923335054207541472e-01
3.097823876347348682e-01
2.291006711409381280e-01
2.206319910514526750e-01
4.350782997762865922e-01
2.726721352224673045e-01
1.751422179610093721e-01
2.125950782997748922e-01
2.218456375838918082e-01
3.381556052696958470e-01
1.644388516032803671e-01
2.256711409395953383e-01
2.195717481623491729e-01
3.536912751677862010e-01
3.053131991051433181e-01
3.058836689038028633e-01
2.719137685580638175e-01
