1.743888770372173103e-01
1.861341251217200621e-01
1.415428167020512384e-01
1.410772153313212540e-01
1.509240191774547657e-01
2.388348791298835205e-01
2.586881215778297771e-01
1.258986106455080023e-01
1.596241133619602792e-01
3.319877453719214944e-01
2.340298729839452585e-01
1.728684769247941511e-01
2.113864085034041773e-01
3.000335232986928169e-01
2.214879023460976926e-01
1.347590047305088912e-01
1.882040557870260644e-01
1.763863539480925169e-01
3.586992960107264761e-01
2.815957090177664268e-01
3.729653220099077848e-01
2.003687562856182880e-01
2.683319957875772710e-01
2.282750400417173087e-01
2.972399150743089691e-01
3.292503674669279845e-01
2.778708980519229987e-01
2.127053302044918659e-01
1.006816404067469861e-01
2.066276803118895500e-01
2.789055677646579690e-01
2.108391999106048187e-01
2.006076763032842714e-01
2.452210675308215682e-01
1.598781986814164502e-01
2.631578947368422572e-01
2.728424032480349926e-01
2.982286830761517460e-01
3.393302789883410053e-01
2.791280217528954166e-01
2.037719919047430439e-01
2.901478749953432246e-01
1.379818974187055902e-01
2.252765672142133246e-01
1.863150445114912235e-01
2.746440354994076904e-01
1.258613625358511179e-01
2.301503391010595312e-01
1.421861931416072422e-01
1.876857749469215686e-01
1.534622117927499363e-01
1.836331806160837465e-01
2.330903928847829210e-01
2.295654209834553372e-01
3.577680932692652305e-01
1.782322047156106593e-01
2.302429818353379787e-01
1.667008107671862915e-01
2.057958058628512610e-01
1.304801281334963814e-01
1.444888035568553664e-01
2.941359059361067785e-01
1.701653283952974105e-01
1.598282523525563770e-01
2.287530574490006519e-01
3.013868712829489982e-01
2.458375237456689733e-01
1.812741336710491646e-01
1.830372108615488103e-01
3.767138363182613858e-01
3.182318854460987056e-01
2.111222855440074986e-01
2.940614097167895125e-01
4.142393315205917803e-01
3.474019443513232663e-01
2.279211829999624184e-01
3.583945387498858048e-01
3.313840155945416144e-01
2.744711614976443892e-01
2.266857873629577469e-01
4.378142809252422163e-01
4.266977895316255154e-01
1.787629902782429669e-01
3.456587328193094222e-01
4.126159347413115297e-01
3.880295217874834557e-01
1.645249003613057648e-01
2.673483070734160583e-01
3.567996424181467674e-01
3.795444418232802875e-01
2.819099899430098088e-01
3.957326812723075959e-01
3.195887808693701482e-01
2.528160666434416393e-01
1.854955860990049887e-01
3.122285544008635561e-01
4.536313820376287609e-01
5.557791624715922030e-01
5.141165503180293861e-01
4.022625620707164229e-01
2.482866507747315543e-01
3.995828367103688161e-01
4.120418653158518518e-01
3.713731004171631489e-01
4.666311534396291316e-01
3.989589541120380778e-01
5.016518921334923720e-01
3.815926698450533006e-01
3.995828367103689271e-01
5.607104677881129540e-01
3.736591179976159749e-01
3.593821628312091621e-01
2.388201786294751328e-01
4.497949656620692238e-01
3.149086213746523089e-01
2.506805991981796433e-01
1.743888770372173103e-01
1.861341251217200621e-01
1.415428167020512384e-01
1.410772153313212540e-01
1.509240191774547657e-01
2.388348791298835205e-01
2.586881215778297771e-01
1.258986106455080023e-01
1.596241133619602792e-01
3.319877453719214944e-01
2.340298729839452585e-01
1.728684769247941511e-01
2.113864085034041773e-01
3.000335232986928169e-01
2.214879023460976926e-01
1.347590047305088912e-01
1.882040557870260644e-01
1.763863539480925169e-01
3.586992960107264761e-01
2.815957090177664268e-01
3.729653220099077848e-01
2.003687562856182880e-01
2.683319957875772710e-01
2.282750400417173087e-01
2.972399150743089691e-01
3.292503674669279845e-01
2.778708980519229987e-01
2.127053302044918659e-01
1.006816404067469861e-01
2.066276803118895500e-01
2.789055677646579690e-01
2.108391999106048187e-01
2.006076763032842714e-01
2.452210675308215682e-01
1.598781986814164502e-01
2.631578947368422572e-01
2.728424032480349926e-01
2.982286830761517460e-01
3.393302789883410053e-01
2.791280217528954166e-01
2.037719919047430439e-01
2.901478749953432246e-01
1.379818974187055902e-01
2.252765672142133246e-01
1.863150445114912235e-01
2.746440354994076904e-01
1.258613625358511179e-01
2.301503391010595312e-01
1.421861931416072422e-01
1.876857749469215686e-01
1.534622117927499363e-01
1.836331806160837465e-01
2.330903928847829210e-01
2.295654209834553372e-01
3.577680932692652305e-01
1.782322047156106593e-01
2.302429818353379787e-01
1.667008107671862915e-01
2.057958058628512610e-01
1.304801281334963814e-01
1.444888035568553664e-01
2.941359059361067785e-01
1.701653283952974105e-01
1.598282523525563770e-01
2.482866507747315543e-01
3.995828367103688161e-01
4.120418653158518518e-01
3.713731004171631489e-01
4.666311534396291316e-01
3.989589541120380778e-01
5.016518921334923720e-01
3.815926698450533006e-01
3.995828367103689271e-01
5.607104677881129540e-01
3.736591179976159749e-01
3.593821628312091621e-01
2.388201786294751328e-01
4.497949656620692238e-01
3.149086213746523089e-01
2.506805991981796433e-01
2.892648987537561611e-01
4.874951158981715160e-01
3.667697197700546807e-01
2.354080530413080186e-01
4.463813461466824006e-01
4.651488751760663454e-01
4.580161605241442335e-01
4.111818825194621385e-01
3.923467550688466421e-01
4.732792875277710420e-01
4.074137832099615775e-01
4.081847140172672472e-01
3.000006573195820314e-01
3.565266147125903395e-01
3.971305809171359891e-01
2.253100905129064302e-01
2.632860191681527517e-01
3.725210751196097458e-01
4.341751719685114641e-01
2.677493853832969006e-01
4.285296763878301274e-01
4.366045618484195034e-01
4.605274963824477763e-01
4.253105577016926819e-01
4.655470804990287093e-01
4.131979310303853237e-01
3.598895830668644713e-01
3.952286259520108591e-01
2.509684869254260597e-01
3.941044821355365602e-01
2.951345926060772173e-01
2.531026639963886438e-01
2.427306859064218003e-01
4.869104530121474150e-01
4.408785477885863724e-01
2.899934810951759756e-01
4.754164855859769334e-01
4.545855839076175520e-01
4.717183005318596467e-01
4.163275284037993851e-01
4.391037713071610504e-01
4.000346727867555852e-01
4.129707580555036506e-01
4.374520394859374162e-01
2.187918296392870887e-01
4.057319798845220871e-01
3.486215199040250123e-01
2.064976186041559414e-01
2.579347340187751469e-01
4.661475637699130092e-01
3.416737032070067404e-01
2.881463269259422755e-01
4.693786320965579462e-01
4.325421936699796466e-01
5.063522574877064031e-01
4.415764879795076592e-01
4.198730229686864490e-01
3.901014138333023795e-01
4.006740825816964557e-01
4.283641863797531535e-01
2.475227238861567591e-01
4.404153905762065446e-01
4.511313444837111719e-01
2.194605870958128147e-01
2.536415452818239769e-01
4.387689527996125882e-01
3.928877440779985353e-01
3.333184318692644088e-01
4.384134907921365398e-01
3.843087583355063730e-01
5.095321229517134620e-01
4.193296824746363671e-01
3.519155711209414616e-01
5.066846652254543004e-01
3.674993224947094572e-01
3.676575364154527348e-01
3.536614139005823665e-01
3.775322043784474779e-01
3.774426221991694086e-01
2.767596328103943404e-01
1.743888770372173935e-01
1.861341251217207005e-01
1.415428167020520156e-01
1.410772153313197275e-01
1.509240191774549600e-01
2.388348791298815776e-01
2.586881215778296106e-01
1.258986106455095288e-01
1.596241133619610841e-01
3.319877453719197180e-01
2.340298729839460912e-01
1.728684769247919029e-01
2.113864085034038443e-01
3.000335232986915956e-01
2.214879023460948060e-01
1.347590047305092242e-01
1.882040557870230946e-01
1.763863539480921838e-01
3.586992960107247552e-01
2.815957090177681477e-01
3.729653220099077848e-01
2.003687562856165116e-01
2.683319957875753836e-01
2.282750400417142833e-01
2.972399150743102458e-01
3.292503674669278180e-01
2.778708980519207228e-01
2.127053302044892291e-01
1.006816404067445159e-01
2.066276803118879124e-01
2.789055677646558595e-01
2.108391999106037917e-01
2.006076763032815236e-01
2.452210675308205412e-01
1.598781986814162837e-01
2.631578947368395927e-01
2.728424032480328831e-01
2.982286830761512464e-01
3.393302789883400616e-01
2.791280217528945284e-01
2.037719919047436545e-01
2.901478749953447234e-01
1.379818974187063396e-01
2.252765672142137965e-01
1.863150445114901410e-01
2.746440354994072464e-01
1.258613625358489252e-01
2.301503391010562283e-01
1.421861931416041891e-01
1.876857749469192094e-01
1.534622117927454399e-01
1.836331806160831914e-01
2.330903928847830320e-01
2.295654209834542547e-01
3.577680932692653415e-01
1.782322047156071343e-01
2.302429818353370905e-01
1.667008107671859585e-01
2.057958058628520659e-01
1.304801281334969920e-01
1.444888035568528684e-01
2.941359059361041695e-01
1.701653283952958562e-01
1.598282523525547671e-01
