1.293779904306218420e-01
1.676872180451125238e-01
1.199999999999999956e-01
1.178947368421049968e-01
1.413774436090226017e-01
2.446315789473683389e-01
2.216842105263152340e-01
1.414736842105260017e-01
1.562105263157892998e-01
3.247263157894735852e-01
2.312982456140348642e-01
1.392926315789459746e-01
1.546564593301431312e-01
2.898947368421043169e-01
2.234406015037583015e-01
1.192631578947363907e-01
1.542917293233083131e-01
1.830690058479531590e-01
3.570421052631571612e-01
2.497443609022544364e-01
3.822315789473669789e-01
2.237810526315786863e-01
3.304421052631577038e-01
2.652701754385953792e-01
3.215999999999996084e-01
3.910153846153845425e-01
2.863157894736840237e-01
1.796210526315786538e-01
1.138105263157884045e-01
1.968467836257294934e-01
3.556257309941517897e-01
1.814273684210517268e-01
1.864661654135328361e-01
2.571326315789463912e-01
1.726526315789468913e-01
2.671578947368413171e-01
2.500000000000000000e-01
3.930258373205739453e-01
3.823157894736839979e-01
3.189684210526307351e-01
1.877333333333335852e-01
3.411200000000002008e-01
1.777263157894733714e-01
2.098526315789471242e-01
1.217052631578936783e-01
2.647313019390572508e-01
1.371742690058469771e-01
1.829149797570839009e-01
1.158277511961714051e-01
1.494568421052616114e-01
1.192631578947365434e-01
1.538947368421041406e-01
2.089918128654961738e-01
2.148691729323304322e-01
3.385684210526314630e-01
1.493684210526304568e-01
2.410666666666667068e-01
2.005438596491220249e-01
2.310526315789462604e-01
1.223458646616533974e-01
1.353492822966508025e-01
2.291298245614030449e-01
1.474947368421044569e-01
1.320574162679418462e-01
1.789380116959064237e-01
2.548959064327476765e-01
2.101052631578939900e-01
1.557894736842100336e-01
1.715368421052626269e-01
3.688995215311000053e-01
2.708120300751871157e-01
2.012812030075175895e-01
2.668538011695896217e-01
4.369333333333334513e-01
3.731494736842096427e-01
1.778666666666667839e-01
3.544880382775116301e-01
3.116070175438591661e-01
2.311349282296644991e-01
2.401824561403501368e-01
4.907368421052624163e-01
4.552046783625722237e-01
2.123052631578943306e-01
3.904673684210523965e-01
4.164631578947365909e-01
4.495999999999999441e-01
1.510204986149575879e-01
2.709473684210524924e-01
3.021333333333334203e-01
3.816171539961009662e-01
2.941578947368415076e-01
4.944544891640865192e-01
2.968842105263155284e-01
1.833436532507736194e-01
1.625263157894729915e-01
3.012715789473677797e-01
3.985224949348025181e-01
6.136629374660602654e-01
5.662647838665436639e-01
3.547593427077140316e-01
2.035378414688758797e-01
3.846574881057632234e-01
3.947202223064288362e-01
3.369542335059572680e-01
4.397677793904208321e-01
4.544334975369455631e-01
5.366595090733018436e-01
4.124036882657565739e-01
4.053824300129714731e-01
6.451076829320699924e-01
4.054686419218438420e-01
3.177485644329139935e-01
1.936055187286714607e-01
4.104609129239667475e-01
3.471432781777608612e-01
2.101098135580894144e-01
1.293779904306218420e-01
1.676872180451125238e-01
1.199999999999999956e-01
1.178947368421049968e-01
1.413774436090226017e-01
2.446315789473683389e-01
2.216842105263152340e-01
1.414736842105260017e-01
1.562105263157892998e-01
3.247263157894735852e-01
2.312982456140348642e-01
1.392926315789459746e-01
1.546564593301431312e-01
2.898947368421043169e-01
2.234406015037583015e-01
1.192631578947363907e-01
1.542917293233083131e-01
1.830690058479531590e-01
3.570421052631571612e-01
2.497443609022544364e-01
3.822315789473669789e-01
2.237810526315786863e-01
3.304421052631577038e-01
2.652701754385953792e-01
3.215999999999996084e-01
3.910153846153845425e-01
2.863157894736840237e-01
1.796210526315786538e-01
1.138105263157884045e-01
1.968467836257294934e-01
3.556257309941517897e-01
1.814273684210517268e-01
1.864661654135328361e-01
2.571326315789463912e-01
1.726526315789468913e-01
2.671578947368413171e-01
2.500000000000000000e-01
3.930258373205739453e-01
3.823157894736839979e-01
3.189684210526307351e-01
1.877333333333335852e-01
3.411200000000002008e-01
1.777263157894733714e-01
2.098526315789471242e-01
1.217052631578936783e-01
2.647313019390572508e-01
1.371742690058469771e-01
1.829149797570839009e-01
1.158277511961714051e-01
1.494568421052616114e-01
1.192631578947365434e-01
1.538947368421041406e-01
2.089918128654961738e-01
2.148691729323304322e-01
3.385684210526314630e-01
1.493684210526304568e-01
2.410666666666667068e-01
2.005438596491220249e-01
2.310526315789462604e-01
1.223458646616533974e-01
1.353492822966508025e-01
2.291298245614030449e-01
1.474947368421044569e-01
1.320574162679418462e-01
2.035378414688758797e-01
3.846574881057632234e-01
3.947202223064288362e-01
3.369542335059572680e-01
4.397677793904208321e-01
4.544334975369455631e-01
5.366595090733018436e-01
4.124036882657565739e-01
4.053824300129714731e-01
6.451076829320699924e-01
4.054686419218438420e-01
3.177485644329139935e-01
1.936055187286714607e-01
4.104609129239667475e-01
3.471432781777608612e-01
2.101098135580894144e-01
2.379567867036007645e-01
4.702367497691593012e-01
3.385263157894733421e-01
2.108070175438593319e-01
4.500210526315783777e-01
5.169341130604288015e-01
5.215863048625024589e-01
3.831578947368418642e-01
3.452631578947367164e-01
5.534668930390490571e-01
4.644324324324321518e-01
4.030772614659491881e-01
2.793065015479873070e-01
3.341800344690443181e-01
3.835913312693492450e-01
1.916701754385961298e-01
2.187150914094212750e-01
3.429263183399916537e-01
4.259154771428971809e-01
2.367257568739735141e-01
4.113501135270473119e-01
5.012202088770414399e-01
5.031099273330906785e-01
4.195908067272526853e-01
4.464544256114426624e-01
4.768583087902697470e-01
4.138062717347921748e-01
3.638242257973612337e-01
2.209356183418247077e-01
3.727755064967775422e-01
2.820902080533219669e-01
2.264590707224820865e-01
2.022508266624113982e-01
4.781876368536294164e-01
4.218719633070310282e-01
2.411518864746501345e-01
4.406640091329331321e-01
5.190500252652856528e-01
5.527529803679372966e-01
3.964202248610409485e-01
4.386402909562757690e-01
4.688878349791458233e-01
4.552299140980295422e-01
4.185615630789960573e-01
1.760709673797085373e-01
3.837471565394237616e-01
3.274879706608892493e-01
1.964897294609269651e-01
2.213332210384464926e-01
4.528440340440280099e-01
3.132310915129798423e-01
2.402408725312667193e-01
4.407769585540323165e-01
5.128200680962231583e-01
5.811513033225246261e-01
4.041285755964858506e-01
3.966215281328766551e-01
4.418044136844527792e-01
4.606967136481314173e-01
4.194024796787596543e-01
2.167174333132133868e-01
4.015525399383937932e-01
4.368829905823254922e-01
2.042194803554131244e-01
2.188537016760714882e-01
4.152436199781011639e-01
3.673159990855598966e-01
2.964007973272689278e-01
4.184283668828434055e-01
4.345995114966728079e-01
5.823806406256268886e-01
4.014935848844717881e-01
3.307827540577839565e-01
5.952364671319315681e-01
4.085856358883145356e-01
3.408705676745555913e-01
3.054549538167829481e-01
3.484136750508287084e-01
3.762900958218065028e-01
2.523025549813959212e-01
1.293779904306204820e-01
1.676872180451108307e-01
1.199999999999999956e-01
1.178947368421044001e-01
1.413774436090207143e-01
2.446315789473663682e-01
2.216842105263159834e-01
1.414736842105260295e-01
1.562105263157865520e-01
3.247263157894746399e-01
2.312982456140321996e-01
1.392926315789479175e-01
1.546564593301400503e-01
2.898947368421019855e-01
2.234406015037599391e-01
1.192631578947346144e-01
1.542917293233064535e-01
1.830690058479508830e-01
3.570421052631567171e-01
2.497443609022552413e-01
3.822315789473690328e-01
2.237810526315771875e-01
3.304421052631572042e-01
2.652701754385936583e-01
3.216000000000002190e-01
3.910153846153829882e-01
2.863157894736822473e-01
1.796210526315773215e-01
1.138105263157864616e-01
1.968467836257278281e-01
3.556257309941512901e-01
1.814273684210496729e-01
1.864661654135297830e-01
2.571326315789476125e-01
1.726526315789444488e-01
2.671578947368425383e-01
2.500000000000000000e-01
3.930258373205731681e-01
3.823157894736822215e-01
3.189684210526310681e-01
1.877333333333341125e-01
3.411200000000010335e-01
1.777263157894720391e-01
2.098526315789453756e-01
1.217052631578949273e-01
2.647313019390569178e-01
1.371742690058445346e-01
1.829149797570837066e-01
1.158277511961691708e-01
1.494568421052583085e-01
1.192631578947374038e-01
1.538947368421047790e-01
2.089918128654963125e-01
2.148691729323300159e-01
3.385684210526295201e-01
1.493684210526277090e-01
2.410666666666617108e-01
2.005438596491206926e-01
2.310526315789446783e-01
1.223458646616517875e-01
1.353492822966492759e-01
2.291298245614040163e-01
1.474947368421022365e-01
1.320574162679423458e-01
