1.339780075556300243e-01
1.533338584819857187e-01
1.409845105017787370e-01
1.271993583638275083e-01
1.173349183274493696e-01
2.084315003258306875e-01
2.142964559627042187e-01
1.383527996390779835e-01
1.647200360920338391e-01
3.264136046919633993e-01
2.607398867111125340e-01
1.920798034989222580e-01
1.716832468248568333e-01
2.932477818437013162e-01
2.530166209548625478e-01
1.323061306331133058e-01
1.375650766597681096e-01
1.372054294005263242e-01
3.405935134593207625e-01
2.500662403414407042e-01
3.135996791819124496e-01
1.545491002055241758e-01
2.587917371114515919e-01
2.099687536551533285e-01
3.404252271864682822e-01
3.244118656420021951e-01
2.867311644693960049e-01
2.158754824803242323e-01
1.073738031981548990e-01
1.775137712277415347e-01
3.144964102906850911e-01
1.952729460123312499e-01
2.033757510222485576e-01
2.565792771567501074e-01
2.025916086019337037e-01
2.970073687904147830e-01
2.424933580630599939e-01
2.816409115972999810e-01
4.085417815429340238e-01
3.039312747506130452e-01
2.073286881547936056e-01
3.211389042057239407e-01
1.989573412201113278e-01
2.617675071432149503e-01
2.003859842598625651e-01
2.674187599431180895e-01
1.620966798669933595e-01
2.507355294462418893e-01
1.363476866008316857e-01
1.503233244774160038e-01
1.742568549801994104e-01
1.746954734573145374e-01
2.103140786784070959e-01
2.041921184735353834e-01
3.613213694922047248e-01
1.621133891423128526e-01
2.768392734807083588e-01
1.921566661653883179e-01
2.481327384831312488e-01
1.440387273261100609e-01
1.371223893656093595e-01
2.676241081424289847e-01
2.031107896564803839e-01
1.490163553424863618e-01
1.936939194947114307e-01
2.898836477461969596e-01
2.356007819940840187e-01
1.704346082510400096e-01
1.700085217304124763e-01
3.816550385300693238e-01
2.919587806048278278e-01
2.333879965340175389e-01
2.852384692075897732e-01
4.276655471452197044e-01
3.537169782946503749e-01
1.996424215081786524e-01
3.756169140398928907e-01
3.312112553678541182e-01
2.609198911770463369e-01
2.244765819506407134e-01
4.506992831720880166e-01
4.255295447836421885e-01
1.874530051631660699e-01
3.451751967517163733e-01
4.426537671061202550e-01
4.226062172826423602e-01
1.822924773963076339e-01
2.818078958486999741e-01
3.413426459694440807e-01
3.830879854740698587e-01
2.835511805103007044e-01
4.046436059009295705e-01
3.038247531204567586e-01
2.369866689469903309e-01
1.769512256253440163e-01
3.242668805453908232e-01
4.153382514790238123e-01
5.083931866911119979e-01
5.974132519327657320e-01
4.099827770933345272e-01
2.126315789473683937e-01
3.468671679197992130e-01
4.293233082706763293e-01
3.632957393483703945e-01
3.943396226415090133e-01
3.524561403508771895e-01
5.179097744360902089e-01
3.845864661654135874e-01
4.420742332020523579e-01
5.871575846833577694e-01
4.315646258503402222e-01
3.935569693464425201e-01
2.257260033199882387e-01
4.210908222938292145e-01
3.695405179615703917e-01
2.453087263613577540e-01
1.339780075556300243e-01
1.533338584819857187e-01
1.409845105017787370e-01
1.271993583638275083e-01
1.173349183274493696e-01
2.084315003258306875e-01
2.142964559627042187e-01
1.383527996390779835e-01
1.647200360920338391e-01
3.264136046919633993e-01
2.607398867111125340e-01
1.920798034989222580e-01
1.716832468248568333e-01
2.932477818437013162e-01
2.530166209548625478e-01
1.323061306331133058e-01
1.375650766597681096e-01
1.372054294005263242e-01
3.405935134593207625e-01
2.500662403414407042e-01
3.135996791819124496e-01
1.545491002055241758e-01
2.587917371114515919e-01
2.099687536551533285e-01
3.404252271864682822e-01
3.244118656420021951e-01
2.867311644693960049e-01
2.158754824803242323e-01
1.073738031981548990e-01
1.775137712277415347e-01
3.144964102906850911e-01
1.952729460123312499e-01
2.033757510222485576e-01
2.565792771567501074e-01
2.025916086019337037e-01
2.970073687904147830e-01
2.424933580630599939e-01
2.816409115972999810e-01
4.085417815429340238e-01
3.039312747506130452e-01
2.073286881547936056e-01
3.211389042057239407e-01
1.989573412201113278e-01
2.617675071432149503e-01
2.003859842598625651e-01
2.674187599431180895e-01
1.620966798669933595e-01
2.507355294462418893e-01
1.363476866008316857e-01
1.503233244774160038e-01
1.742568549801994104e-01
1.746954734573145374e-01
2.103140786784070959e-01
2.041921184735353834e-01
3.613213694922047248e-01
1.621133891423128526e-01
2.768392734807083588e-01
1.921566661653883179e-01
2.481327384831312488e-01
1.440387273261100609e-01
1.371223893656093595e-01
2.676241081424289847e-01
2.031107896564803839e-01
1.490163553424863618e-01
2.126315789473683937e-01
3.468671679197992130e-01
4.293233082706763293e-01
3.632957393483703945e-01
3.943396226415090133e-01
3.524561403508771895e-01
5.179097744360902089e-01
3.845864661654135874e-01
4.420742332020523579e-01
5.871575846833577694e-01
4.315646258503402222e-01
3.935569693464425201e-01
2.257260033199882387e-01
4.210908222938292145e-01
3.695405179615703917e-01
2.453087263613577540e-01
2.413470138326412051e-01
4.426236971754350380e-01
3.692749845439199929e-01
2.362691530068339874e-01
4.166624893478367841e-01
4.124368992783450927e-01
4.646453994016921940e-01
3.856333650809564695e-01
3.836449613180273333e-01
4.818901101033441492e-01
5.161648690647638871e-01
4.710008224761891849e-01
3.018727166038098209e-01
3.392594440760965391e-01
4.445158684056102483e-01
2.164820291743943248e-01
2.202727090435131763e-01
3.334317630414632139e-01
4.459227324376709434e-01
2.604772408261477046e-01
3.618369298637993392e-01
3.901984205572712749e-01
4.862581885652085822e-01
4.255105212041520035e-01
4.941193256312568227e-01
4.219270717362074707e-01
4.322970733443289859e-01
4.211796825592690197e-01
2.503509123721672225e-01
3.877033157281518649e-01
3.184209766249248563e-01
2.541608181271303168e-01
2.176900364914390873e-01
4.427956306434270850e-01
4.421717551511499256e-01
2.717513911866445975e-01
4.104655113829427382e-01
4.122399358299492778e-01
4.942792845484980657e-01
4.058787035644457752e-01
4.560659822603976843e-01
4.245136617686591785e-01
4.940592570311323484e-01
4.694891462375291313e-01
2.092946307715443932e-01
3.740424049526295258e-01
3.923581077830619601e-01
2.190996617226124432e-01
2.328286373207658910e-01
4.059605544064531224e-01
3.469063932936387595e-01
2.744409906748217498e-01
4.031929688419598756e-01
3.920359243302621310e-01
5.378702496741200045e-01
4.120745022057424878e-01
4.232141066594091172e-01
4.087801770663144763e-01
4.853843990487983207e-01
4.827447807710956162e-01
2.445073921811111162e-01
4.137657432188348583e-01
4.924172624576922952e-01
2.260102276145588840e-01
2.209275507646022707e-01
3.815993983454496474e-01
3.953729900082364468e-01
3.370502214422992360e-01
3.897718726497866326e-01
3.383304086237152175e-01
5.242219075878097323e-01
4.237219018968830797e-01
3.612261646184271036e-01
5.434457547033216818e-01
4.443907018811535381e-01
3.797866006517927606e-01
3.404919083033898786e-01
3.691839616790538736e-01
4.202325626241395495e-01
2.754958488785332338e-01
1.339780075556301076e-01
1.533338584819860240e-01
1.409845105017776545e-01
1.271993583638261760e-01
1.173349183274471491e-01
2.084315003258297438e-01
2.142964559627032195e-01
1.383527996390749581e-01
1.647200360920337836e-01
3.264136046919643430e-01
2.607398867111119234e-01
1.920798034989201208e-01
1.716832468248544463e-01
2.932477818437004835e-01
2.530166209548593281e-01
1.323061306331145548e-01
1.375650766597653341e-01
1.372054294005260744e-01
3.405935134593187641e-01
2.500662403414391499e-01
3.135996791819128937e-01
1.545491002055223162e-01
2.587917371114503706e-01
2.099687536551522737e-01
3.404252271864693369e-01
3.244118656420030278e-01
2.867311644693969486e-01
2.158754824803226224e-01
1.073738031981522623e-01
1.775137712277403967e-01
3.144964102906855352e-01
1.952729460123308891e-01
2.033757510222489462e-01
2.565792771567486641e-01
2.025916086019339257e-01
2.970073687904135618e-01
2.424933580630578567e-01
2.816409115972997590e-01
4.085417815429335797e-01
3.039312747506115464e-01
2.073286881547919402e-01
3.211389042057242738e-01
1.989573412201073865e-01
2.617675071432114531e-01
2.003859842598612329e-01
2.674187599431159246e-01
1.620966798669914721e-01
2.507355294462408346e-01
1.363476866008297428e-01
1.503233244774157540e-01
1.742568549801965239e-01
1.746954734573160084e-01
2.103140786784067628e-01
2.041921184735332184e-01
3.613213694922050578e-01
1.621133891423098827e-01
2.768392734807051947e-01
1.921566661653872077e-01
2.481327384831311378e-01
1.440387273261083956e-01
1.371223893656094983e-01
2.676241081424265977e-01
2.031107896564802451e-01
1.490163553424855292e-01
