2.369937274714045694e-01
2.316578207930056477e-01
1.765922572588187467e-01
2.375702466437712712e-01
2.141965121983845088e-01
2.010615048392132842e-01
1.896659381829527147e-01
2.208866687480480206e-01
2.292939654787909398e-01
2.778254761161400577e-01
2.103626808200632914e-01
2.359194505151416543e-01
3.189765276871117106e-01
2.897674055572893037e-01
2.435272735382008613e-01
2.582637371214477895e-01
2.545158556710215292e-01
1.583368023033958905e-01
3.037874648766771823e-01
2.883457472904858987e-01
2.932407118326567641e-01
1.923118950983445374e-01
1.902619703119229622e-01
2.297910812779673240e-01
2.415146514428433422e-01
2.046518888541986048e-01
1.763971276927879805e-01
1.764946924758037938e-01
1.860950671245704957e-01
2.328285981891975720e-01
2.383616054393438155e-01
2.550304402123001468e-01
2.230052183221085393e-01
2.245512019981270868e-01
1.588744926631276144e-01
2.950359038401488276e-01
2.370824227286912611e-01
2.072772684699004664e-01
2.169840774274109929e-01
2.382141742116763161e-01
1.814444791341441043e-01
2.098345301280041819e-01
1.317827037152670411e-01
1.835778957227587049e-01
2.088081486106773688e-01
2.409090162183469830e-01
1.266694418427169455e-01
2.154680707990104804e-01
2.635668265546498024e-01
2.085857009053996847e-01
2.411801436153593603e-01
2.932407118326567641e-01
2.686370416623302670e-01
2.204295080504876381e-01
2.607321261317510630e-01
2.215110833593498529e-01
2.774829153224400713e-01
1.522173223020076571e-01
1.975686856072425002e-01
1.556074662147087229e-01
2.647730820537566587e-01
2.894161723384324758e-01
2.349861736764634335e-01
2.274146396843863827e-01
3.178617268532969442e-01
3.268029971901336150e-01
3.016703090852319580e-01
3.255411593297949935e-01
2.405362160474553701e-01
3.122073056509511724e-01
2.479957406003291676e-01
3.263291111011988876e-01
3.935893433239668338e-01
3.498543032573628864e-01
3.307563221979389900e-01
3.531064626912270854e-01
3.721475605256432950e-01
3.502965969403677993e-01
3.749042091221296835e-01
2.137546831095846200e-01
3.723072119887599341e-01
3.672772053977166884e-01
1.712261941929436870e-01
2.320949110209175603e-01
3.167538245394936891e-01
2.444806208465275799e-01
2.767111835943267817e-01
2.842480264038172999e-01
3.715960731258886596e-01
3.401036065725411284e-01
2.504853847955039181e-01
2.804080733136208869e-01
2.962066812363406410e-01
2.821458742722818269e-01
3.418669996877919948e-01
3.673118950983447206e-01
5.700536812236333128e-01
4.287614636513183419e-01
3.886120088990273613e-01
5.219736424392336094e-01
3.420115299334809400e-01
4.105365853658535791e-01
4.273170731707313652e-01
4.819121951219508815e-01
4.581117349286697449e-01
3.317999999999997618e-01
3.478341463414634238e-01
4.150243902439020860e-01
4.169923344947731314e-01
4.068402112144833271e-01
3.048473867595819509e-01
3.483016885553466557e-01
3.660503009185933077e-01
4.413584204413467660e-01
3.272845528455284314e-01
3.377117516629712379e-01
2.369937274714045694e-01
2.316578207930056477e-01
1.765922572588187467e-01
2.375702466437712712e-01
2.141965121983845088e-01
2.010615048392132842e-01
1.896659381829527147e-01
2.208866687480480206e-01
2.292939654787909398e-01
2.778254761161400577e-01
2.103626808200632914e-01
2.359194505151416543e-01
3.189765276871117106e-01
2.897674055572893037e-01
2.435272735382008613e-01
2.582637371214477895e-01
2.545158556710215292e-01
1.583368023033958905e-01
3.037874648766771823e-01
2.883457472904858987e-01
2.932407118326567641e-01
1.923118950983445374e-01
1.902619703119229622e-01
2.297910812779673240e-01
2.415146514428433422e-01
2.046518888541986048e-01
1.763971276927879805e-01
1.764946924758037938e-01
1.860950671245704957e-01
2.328285981891975720e-01
2.383616054393438155e-01
2.550304402123001468e-01
2.230052183221085393e-01
2.245512019981270868e-01
1.588744926631276144e-01
2.950359038401488276e-01
2.370824227286912611e-01
2.072772684699004664e-01
2.169840774274109929e-01
2.382141742116763161e-01
1.814444791341441043e-01
2.098345301280041819e-01
1.317827037152670411e-01
1.835778957227587049e-01
2.088081486106773688e-01
2.409090162183469830e-01
1.266694418427169455e-01
2.154680707990104804e-01
2.635668265546498024e-01
2.085857009053996847e-01
2.411801436153593603e-01
2.932407118326567641e-01
2.686370416623302670e-01
2.204295080504876381e-01
2.607321261317510630e-01
2.215110833593498529e-01
2.774829153224400713e-01
1.522173223020076571e-01
1.975686856072425002e-01
1.556074662147087229e-01
2.647730820537566587e-01
2.894161723384324758e-01
2.349861736764634335e-01
2.274146396843863827e-01
3.420115299334809400e-01
4.105365853658535791e-01
4.273170731707313652e-01
4.819121951219508815e-01
4.581117349286697449e-01
3.317999999999997618e-01
3.478341463414634238e-01
4.150243902439020860e-01
4.169923344947731314e-01
4.068402112144833271e-01
3.048473867595819509e-01
3.483016885553466557e-01
3.660503009185933077e-01
4.413584204413467660e-01
3.272845528455284314e-01
3.377117516629712379e-01
4.114974448296823684e-01
4.510533415240349786e-01
3.540951191591213409e-01
4.001456967426366695e-01
4.411489228847951805e-01
3.784154901076534072e-01
3.342076578294354006e-01
4.152357165157665175e-01
3.808929128941613285e-01
3.644642623347063015e-01
3.289821198032250038e-01
3.706491483479357751e-01
4.292965234798256091e-01
3.466857660993196699e-01
4.048938495160786522e-01
3.114033718389007110e-01
3.602381591906167468e-01
3.876919496079431204e-01
4.423707866630243180e-01
3.751317175974709373e-01
4.282660710479466726e-01
3.327514874853448323e-01
3.425773282120980756e-01
4.355088710308360200e-01
4.563177914073588970e-01
3.052730855067183890e-01
2.658321930866560656e-01
4.091426272669686504e-01
3.732779143738045868e-01
3.844209239658860078e-01
2.951075209899406415e-01
3.408392276240784780e-01
3.884572879392296785e-01
4.712269837552797158e-01
4.260281128597412370e-01
3.982612598548123106e-01
4.372674524497179305e-01
3.670790726719226904e-01
3.671584315562145262e-01
4.167048825228318321e-01
3.915581806144607935e-01
3.089559444633342422e-01
3.233002888143001741e-01
4.286823823276867951e-01
3.865636302136183922e-01
3.623790274645267706e-01
3.354251688661312181e-01
3.212901115484831371e-01
4.051364115374108121e-01
4.579942157103695233e-01
3.134471784368349501e-01
4.382342609578082082e-01
4.587133855889271028e-01
3.314825353554745613e-01
3.848140197494242520e-01
4.382529830946086946e-01
3.964800080291276396e-01
3.053917168131841109e-01
3.153379020809489730e-01
3.994912135967230160e-01
3.600865609374254706e-01
4.139063913264086070e-01
4.504861504382092763e-01
3.387845907653879163e-01
3.732435597189692200e-01
4.332308743169400178e-01
3.872867179658744385e-01
4.612620348685921301e-01
4.362997658079625918e-01
2.969555035128804144e-01
3.800883310889491828e-01
4.265833983866767487e-01
3.425373997086640365e-01
3.792786421499291238e-01
2.722382942247935644e-01
3.906798887587818458e-01
4.862867551392135446e-01
3.863227984275449112e-01
3.971896955503512183e-01
3.688111310097806905e-01
2.369937274714045139e-01
2.316578207930066191e-01
1.765922572588169148e-01
2.375702466437710769e-01
2.141965121983829823e-01
2.010615048392114801e-01
1.896659381829526869e-01
2.208866687480457447e-01
2.292939654787890524e-01
2.778254761161420561e-01
2.103626808200635967e-01
2.359194505151379906e-01
3.189765276871079913e-01
2.897674055572875274e-01
2.435272735381970866e-01
2.582637371214475674e-01
2.545158556710228615e-01
1.583368023033947247e-01
3.037874648766762387e-01
2.883457472904840668e-01
2.932407118326557094e-01
1.923118950983436770e-01
1.902619703119238781e-01
2.297910812779683232e-01
2.415146514428434255e-01
2.046518888541978831e-01
1.763971276927879250e-01
1.764946924758039881e-01
1.860950671245668042e-01
2.328285981891962675e-01
2.383616054393452033e-01
2.550304402122977598e-01
2.230052183221072071e-01
2.245512019981271978e-01
1.588744926631239784e-01
2.950359038401459966e-01
2.370824227286883468e-01
2.072772684698988011e-01
2.169840774274084949e-01
2.382141742116765382e-01
1.814444791341442154e-01
2.098345301280052366e-01
1.317827037152671243e-01
1.835778957227553465e-01
2.088081486106733720e-01
2.409090162183485095e-01
1.266694418427155577e-01
2.154680707990108413e-01
2.635668265546487476e-01
2.085857009053998234e-01
2.411801436153567790e-01
2.932407118326555984e-01
2.686370416623302115e-01
2.204295080504876936e-01
2.607321261317495087e-01
2.215110833593477990e-01
2.774829153224382394e-01
1.522173223020065469e-01
1.975686856072404185e-01
1.556074662147067522e-01
2.647730820537561036e-01
2.894161723384328089e-01
2.349861736764630726e-01
2.274146396843854667e-01
