1.407377275298891117e-01
1.767951741721212888e-01
1.253664557938587443e-01
1.215090263848162544e-01
1.262003952946702534e-01
2.837010749369945350e-01
2.090726739700652093e-01
1.285809803013920061e-01
1.495360063482259749e-01
3.181993519518595548e-01
2.021893054912638765e-01
1.530113665586567417e-01
1.804061288708704858e-01
2.707915445147343059e-01
2.462656409578178884e-01
1.138970323509735233e-01
1.643926201864778502e-01
1.868710247046917183e-01
3.590881036877022203e-01
2.071990653999601362e-01
3.724733837370775569e-01
2.348711618577373206e-01
3.149626180022720434e-01
2.719402012720942285e-01
2.956774748164965883e-01
3.761527779426246942e-01
3.029367895900830221e-01
1.721956488196259016e-01
1.154142879185294929e-01
2.278912147759546425e-01
3.371393303502544514e-01
1.929949081931791044e-01
1.829523662574114029e-01
2.214987399063927942e-01
1.342771177287443995e-01
2.977935503780282933e-01
2.571619606027875093e-01
3.598116639313985732e-01
3.919148279586479600e-01
3.139433215038823222e-01
1.878310960242759731e-01
3.396595175641617947e-01
1.821015275420453106e-01
2.138558864372771262e-01
1.623720619245990482e-01
2.322416131363739811e-01
1.357929446187426670e-01
1.993994279135448966e-01
1.303577356655581387e-01
1.794167566733523012e-01
1.205189528364957602e-01
1.766188345419942296e-01
2.026207661140536909e-01
1.962660083320460491e-01
3.252584477704058563e-01
1.782132386977305083e-01
2.275826204232305194e-01
2.015935469492017296e-01
2.333744792470287266e-01
1.353333186383630093e-01
1.383063780841901624e-01
2.375062147473800400e-01
1.569202283598199743e-01
1.318539507090654705e-01
1.865738597724400372e-01
2.731974375239301089e-01
2.216736100396020093e-01
1.547257796293433352e-01
1.701126369387438719e-01
4.038611699466500560e-01
2.574007538519182403e-01
2.002189550407406371e-01
2.848668758250609834e-01
4.291090195271644037e-01
3.562876099367371374e-01
2.058324332664712153e-01
3.618268785681224564e-01
2.984450273448880919e-01
2.460899692808343198e-01
2.419979769925766910e-01
4.790927326029930100e-01
4.508906375902199670e-01
2.204520907267395469e-01
3.910970529239313764e-01
3.915290850177442494e-01
4.456102453325105350e-01
1.528746646743368021e-01
2.612581832609596755e-01
3.049026499111363586e-01
3.316855918820627580e-01
2.990632875585040873e-01
4.706245405120849101e-01
2.834439129763923204e-01
2.310675851886801746e-01
1.738414853674840055e-01
2.883094172709973479e-01
4.046978175323121540e-01
6.028726218301818651e-01
5.554617554248918454e-01
3.690606074429694239e-01
2.153316751136126750e-01
3.875745731331000088e-01
3.799372557087015712e-01
3.448107385311659501e-01
4.293054461190914939e-01
4.496631351573748270e-01
5.256737296852498353e-01
4.208239045463896266e-01
3.853410526934490932e-01
6.327597944506772043e-01
4.081758603461953516e-01
3.262505340781413632e-01
2.193739196413543313e-01
4.054108991878997981e-01
3.488479736679691023e-01
2.158038936993881829e-01
1.407377275298891117e-01
1.767951741721212888e-01
1.253664557938587443e-01
1.215090263848162544e-01
1.262003952946702534e-01
2.837010749369945350e-01
2.090726739700652093e-01
1.285809803013920061e-01
1.495360063482259749e-01
3.181993519518595548e-01
2.021893054912638765e-01
1.530113665586567417e-01
1.804061288708704858e-01
2.707915445147343059e-01
2.462656409578178884e-01
1.138970323509735233e-01
1.643926201864778502e-01
1.868710247046917183e-01
3.590881036877022203e-01
2.071990653999601362e-01
3.724733837370775569e-01
2.348711618577373206e-01
3.149626180022720434e-01
2.719402012720942285e-01
2.956774748164965883e-01
3.761527779426246942e-01
3.029367895900830221e-01
1.721956488196259016e-01
1.154142879185294929e-01
2.278912147759546425e-01
3.371393303502544514e-01
1.929949081931791044e-01
1.829523662574114029e-01
2.214987399063927942e-01
1.342771177287443995e-01
2.977935503780282933e-01
2.571619606027875093e-01
3.598116639313985732e-01
3.919148279586479600e-01
3.139433215038823222e-01
1.878310960242759731e-01
3.396595175641617947e-01
1.821015275420453106e-01
2.138558864372771262e-01
1.623720619245990482e-01
2.322416131363739811e-01
1.357929446187426670e-01
1.993994279135448966e-01
1.303577356655581387e-01
1.794167566733523012e-01
1.205189528364957602e-01
1.766188345419942296e-01
2.026207661140536909e-01
1.962660083320460491e-01
3.252584477704058563e-01
1.782132386977305083e-01
2.275826204232305194e-01
2.015935469492017296e-01
2.333744792470287266e-01
1.353333186383630093e-01
1.383063780841901624e-01
2.375062147473800400e-01
1.569202283598199743e-01
1.318539507090654705e-01
2.153316751136126750e-01
3.875745731331000088e-01
3.799372557087015712e-01
3.448107385311659501e-01
4.293054461190914939e-01
4.496631351573748270e-01
5.256737296852498353e-01
4.208239045463896266e-01
3.853410526934490932e-01
6.327597944506772043e-01
4.081758603461953516e-01
3.262505340781413632e-01
2.193739196413543313e-01
4.054108991878997981e-01
3.488479736679691023e-01
2.158038936993881829e-01
2.459063876324045772e-01
4.845730934459930861e-01
3.332819009412126832e-01
2.095012772377373433e-01
4.382039808671496228e-01
5.242979954701398881e-01
5.157451637089480734e-01
3.697474669546876869e-01
3.607125100721766398e-01
5.138925527555321393e-01
4.557521570328236238e-01
4.263109635495503924e-01
2.785971663777372931e-01
3.402182780357387304e-01
3.838520441350425916e-01
2.101030362255481565e-01
2.449245720302314633e-01
3.509868126261526666e-01
3.955217227308574501e-01
2.370126530192365188e-01
3.830723334889568066e-01
5.061466042803123289e-01
5.039069353703110599e-01
4.112864482912970132e-01
4.528657228996698647e-01
4.428253802563926200e-01
4.111252559813515228e-01
3.776439587570125100e-01
2.183931694270133950e-01
3.715886115359591235e-01
2.923832542812835888e-01
2.454358968152634823e-01
1.960290108533509768e-01
4.745297738456522585e-01
4.315779894196640210e-01
2.561403734375801156e-01
4.549663083174731448e-01
5.088292783293042465e-01
5.274534346084163161e-01
4.025255902474152436e-01
4.234590127393996761e-01
4.565121269423902395e-01
4.427550023146958336e-01
4.397098914664879787e-01
1.969308848996102479e-01
3.894671892105185940e-01
3.410857620315308480e-01
1.882251794807731360e-01
2.216049382716049065e-01
4.604086627932648113e-01
3.197977660199879391e-01
2.405349794238679229e-01
4.505099302200745170e-01
4.805249840302750486e-01
5.515555555555553546e-01
4.518781360903344479e-01
3.951352145796590554e-01
4.315480513192930800e-01
4.532059264615302396e-01
4.212853035684087644e-01
2.217649748513946528e-01
4.289377944772472251e-01
4.503261122757973300e-01
1.950205761316871067e-01
2.353361798446420849e-01
4.135372189927462028e-01
3.626288830260227525e-01
2.949568736389040491e-01
4.066224257077695747e-01
4.261536087247284055e-01
5.810427760740120018e-01
4.048459282884919741e-01
3.307366118930790133e-01
5.852694907332182117e-01
3.847853869671743476e-01
3.695727660887906385e-01
3.083834902344078088e-01
3.510327996172796783e-01
3.981211442500602882e-01
2.571301477018607118e-01
1.407377275298869468e-01
1.767951741721189296e-01
1.253664557938552193e-01
1.215090263848151719e-01
1.262003952946690322e-01
2.837010749369933138e-01
2.090726739700637105e-01
1.285809803013926444e-01
1.495360063482265300e-01
3.181993519518600544e-01
2.021893054912641263e-01
1.530113665586591010e-01
1.804061288708687372e-01
2.707915445147348055e-01
2.462656409578162786e-01
1.138970323509747723e-01
1.643926201864766290e-01
1.868710247046924677e-01
3.590881036877030530e-01
2.071990653999585263e-01
3.724733837370765577e-01
2.348711618577380977e-01
3.149626180022704891e-01
2.719402012720909534e-01
2.956774748164956446e-01
3.761527779426238061e-01
3.029367895900813012e-01
1.721956488196238477e-01
1.154142879185268561e-01
2.278912147759522278e-01
3.371393303502520089e-01
1.929949081931769672e-01
1.829523662574091547e-01
2.214987399063938489e-01
1.342771177287424567e-01
2.977935503780275162e-01
2.571619606027855109e-01
3.598116639313990728e-01
3.919148279586482930e-01
3.139433215038831548e-01
1.878310960242765559e-01
3.396595175641611841e-01
1.821015275420427848e-01
2.138558864372779034e-01
1.623720619245974384e-01
2.322416131363720104e-01
1.357929446187406963e-01
1.993994279135417880e-01
1.303577356655551134e-01
1.794167566733511354e-01
1.205189528364934426e-01
1.766188345419913153e-01
2.026207661140538019e-01
1.962660083320450777e-01
3.252584477704033583e-01
1.782132386977298144e-01
2.275826204232302974e-01
2.015935469492016463e-01
2.333744792470266449e-01
1.353333186383624542e-01
1.383063780841880253e-01
2.375062147473811502e-01
1.569202283598170322e-01
1.318539507090636942e-01
