1.567828557447927540e-01
1.738263933024179753e-01
1.537870049980774867e-01
1.469215137035199958e-01
1.436339241578982184e-01
2.322183775470972877e-01
2.347998022738502499e-01
1.439006975339139904e-01
1.821434456135390401e-01
3.165266106442569116e-01
2.479723915710074222e-01
1.869281045751624848e-01
1.844745028136028087e-01
3.072993903443733132e-01
2.326028450595911679e-01
1.258719173944085612e-01
1.826456072625113891e-01
1.822620115584357436e-01
3.606923161421425883e-01
2.683426311701144207e-01
3.800186741363209553e-01
2.118470917778872697e-01
2.732116019313245991e-01
2.234580106552417622e-01
3.220111574041371050e-01
3.289605434934150807e-01
2.674795408359419979e-01
1.987147800296579225e-01
1.050420168067221077e-01
2.404874803952077034e-01
2.779150876036676765e-01
1.903773274015479189e-01
2.165572111197414384e-01
2.510765090349855178e-01
1.668863623880910974e-01
2.636348657109902627e-01
2.540231778986100086e-01
3.064106212895141290e-01
3.465700005492389768e-01
2.723952326028438731e-01
1.780267662620599600e-01
2.856044378535724237e-01
1.508650519031133619e-01
2.429834678969615414e-01
1.869061350030200297e-01
2.804473698664178283e-01
1.317075849947816901e-01
2.414540476824216797e-01
1.400560224089623662e-01
1.546218487394945273e-01
1.569863239413402944e-01
1.680672268907557332e-01
2.476214886826182959e-01
2.337091699424864444e-01
3.548085901027061562e-01
1.884989289833578496e-01
2.421046850112580917e-01
1.779077644129544444e-01
1.970396001537862429e-01
1.409740366734922035e-01
1.273236567354208981e-01
2.772010765090341389e-01
1.826456072625113891e-01
1.447994527579300195e-01
2.064163355974197589e-01
2.995062948926842106e-01
2.427637721755359912e-01
1.794181724977566839e-01
1.851211072664352697e-01
3.857157836396591377e-01
2.928818586258029044e-01
2.343368720037031505e-01
3.231235849459604403e-01
3.992786657146513707e-01
3.542593507991427249e-01
2.033466981563862297e-01
3.633217993079585484e-01
3.299097416744473099e-01
2.797725150666317551e-01
2.354771974149130753e-01
4.384577360355902953e-01
4.235245296375622082e-01
1.916707859614433795e-01
3.422145328719718438e-01
4.267589388696649277e-01
3.917802415083677103e-01
1.696368950056792724e-01
2.958242120377561069e-01
3.582871056919489927e-01
3.880762181415767231e-01
2.794941506014165800e-01
3.983858826114064500e-01
3.032899434283510276e-01
2.308097402744258009e-01
1.730103806228369956e-01
3.301587301587298739e-01
4.468488229885054785e-01
5.595685315505221080e-01
5.241604250909026597e-01
3.962062426078616362e-01
2.423035828407091585e-01
3.866432337434088096e-01
4.254997803163441117e-01
3.634872034270648644e-01
4.627035182544683156e-01
4.067236928822492992e-01
4.986764059753953093e-01
3.871924428822496322e-01
4.134472550004181235e-01
5.584711829398655292e-01
3.741683404468992835e-01
3.705640800324453976e-01
2.215823499874462199e-01
4.621568750523055158e-01
3.252233450497947209e-01
2.370087074612558242e-01
1.567828557447927540e-01
1.738263933024179753e-01
1.537870049980774867e-01
1.469215137035199958e-01
1.436339241578982184e-01
2.322183775470972877e-01
2.347998022738502499e-01
1.439006975339139904e-01
1.821434456135390401e-01
3.165266106442569116e-01
2.479723915710074222e-01
1.869281045751624848e-01
1.844745028136028087e-01
3.072993903443733132e-01
2.326028450595911679e-01
1.258719173944085612e-01
1.826456072625113891e-01
1.822620115584357436e-01
3.606923161421425883e-01
2.683426311701144207e-01
3.800186741363209553e-01
2.118470917778872697e-01
2.732116019313245991e-01
2.234580106552417622e-01
3.220111574041371050e-01
3.289605434934150807e-01
2.674795408359419979e-01
1.987147800296579225e-01
1.050420168067221077e-01
2.404874803952077034e-01
2.779150876036676765e-01
1.903773274015479189e-01
2.165572111197414384e-01
2.510765090349855178e-01
1.668863623880910974e-01
2.636348657109902627e-01
2.540231778986100086e-01
3.064106212895141290e-01
3.465700005492389768e-01
2.723952326028438731e-01
1.780267662620599600e-01
2.856044378535724237e-01
1.508650519031133619e-01
2.429834678969615414e-01
1.869061350030200297e-01
2.804473698664178283e-01
1.317075849947816901e-01
2.414540476824216797e-01
1.400560224089623662e-01
1.546218487394945273e-01
1.569863239413402944e-01
1.680672268907557332e-01
2.476214886826182959e-01
2.337091699424864444e-01
3.548085901027061562e-01
1.884989289833578496e-01
2.421046850112580917e-01
1.779077644129544444e-01
1.970396001537862429e-01
1.409740366734922035e-01
1.273236567354208981e-01
2.772010765090341389e-01
1.826456072625113891e-01
1.447994527579300195e-01
2.423035828407091585e-01
3.866432337434088096e-01
4.254997803163441117e-01
3.634872034270648644e-01
4.627035182544683156e-01
4.067236928822492992e-01
4.986764059753953093e-01
3.871924428822496322e-01
4.134472550004181235e-01
5.584711829398655292e-01
3.741683404468992835e-01
3.705640800324453976e-01
2.215823499874462199e-01
4.621568750523055158e-01
3.252233450497947209e-01
2.370087074612558242e-01
2.751631096194924186e-01
4.710897404395852917e-01
3.723842478167733727e-01
2.438622507826659902e-01
4.604822321085296211e-01
4.843599022760882167e-01
4.556911169379890825e-01
3.875432525951554852e-01
3.782428003881286860e-01
4.789012379145207721e-01
4.240780572960502481e-01
4.197980401048107546e-01
3.029377841101832947e-01
3.481337415689343406e-01
3.973907902261250014e-01
2.191300049431536001e-01
2.525427945538313290e-01
3.660851597177075534e-01
4.309934453843056179e-01
2.741953202241019238e-01
4.391071413481606456e-01
4.459564013053750053e-01
4.570296201915195478e-01
4.109903958210884278e-01
4.786925696515940132e-01
4.217419053517719174e-01
3.628920264098733361e-01
3.897573918995424491e-01
2.326156212237720788e-01
3.830238718582285595e-01
3.198153116138707786e-01
2.500856214176318537e-01
2.340536868124717951e-01
5.154627849491896230e-01
4.099465489193580003e-01
2.873249107388080037e-01
4.501144374256155767e-01
4.637352375720956155e-01
5.101437334065730411e-01
3.917467728645973590e-01
4.573472896131509091e-01
3.961360494183476244e-01
4.143806646525681203e-01
4.446031310079645582e-01
2.217852238396042786e-01
3.835542986579038582e-01
3.504457272866690065e-01
2.115536024901582268e-01
2.531311799604480939e-01
4.551647501034939425e-01
3.548848151287172237e-01
2.730169193583826259e-01
4.698632885271272763e-01
4.396034457010067342e-01
5.059657218193802652e-01
4.404835315134435492e-01
4.081716734155759752e-01
4.174082619204570466e-01
4.092573700927757407e-01
4.116966615797224005e-01
2.480712419736808283e-01
4.082282084622380625e-01
4.488418469090347807e-01
2.328718962865300168e-01
2.443113772455086652e-01
4.233848816129207604e-01
4.117374687061002292e-01
3.251698437986410006e-01
4.359171565126627734e-01
3.834532769323735768e-01
5.270498418673973395e-01
4.131736526946108712e-01
3.525821120792018704e-01
5.339495865204825220e-01
3.604835660573078582e-01
3.726446190188431595e-01
3.515903971872767486e-01
3.740359480788734148e-01
3.732267293218783366e-01
2.730222232275867356e-01
1.567828557447931703e-01
1.738263933024171426e-01
1.537870049980757658e-01
1.469215137035181640e-01
1.436339241578977466e-01
2.322183775470967881e-01
2.347998022738483070e-01
1.439006975339110483e-01
1.821434456135368474e-01
3.165266106442555794e-01
2.479723915710064230e-01
1.869281045751639003e-01
1.844745028136025866e-01
3.072993903443714259e-01
2.326028450595908070e-01
1.258719173944076730e-01
1.826456072625099736e-01
1.822620115584331069e-01
3.606923161421429769e-01
2.683426311701123113e-01
3.800186741363217879e-01
2.118470917778866036e-01
2.732116019313240440e-01
2.234580106552392365e-01
3.220111574041373825e-01
3.289605434934150807e-01
2.674795408359417204e-01
1.987147800296559796e-01
1.050420168067216498e-01
2.404874803952082307e-01
2.779150876036679541e-01
1.903773274015451433e-01
2.165572111197405780e-01
2.510765090349857398e-01
1.668863623880881553e-01
2.636348657109883198e-01
2.540231778986090649e-01
3.064106212895130188e-01
3.465700005492377556e-01
2.723952326028448168e-01
1.780267662620606262e-01
2.856044378535718686e-01
1.508650519031113635e-01
2.429834678969595985e-01
1.869061350030204183e-01
2.804473698664152193e-01
1.317075849947810517e-01
2.414540476824185988e-01
1.400560224089599237e-01
1.546218487394934449e-01
1.569863239413406275e-01
1.680672268907557054e-01
2.476214886826160477e-01
2.337091699424856672e-01
3.548085901027079880e-01
1.884989289833577386e-01
2.421046850112576199e-01
1.779077644129532509e-01
1.970396001537834951e-01
1.409740366734900663e-01
1.273236567354179560e-01
2.772010765090333617e-01
1.826456072625101956e-01
1.447994527579298807e-01
