2.182220434432818323e-01
2.278128950695319510e-01
2.129424778761049852e-01
2.226216814159287238e-01
1.767857142857141295e-01
1.866150442477874927e-01
1.941371681415917094e-01
2.035398230088479865e-01
2.219500632111251481e-01
3.039062499999999889e-01
2.345224926253677566e-01
2.698561946902650055e-01
2.525744167337086732e-01
3.136061946902658493e-01
2.600505689001265108e-01
2.022400442477876314e-01
2.794642857142848880e-01
1.446902654867250337e-01
3.099626659292030184e-01
2.986725663716813250e-01
3.131084070796451568e-01
1.641039823008837717e-01
1.846993161705546838e-01
2.126843657817100997e-01
2.756321112515796035e-01
2.114703880190606233e-01
1.786504424778759814e-01
1.784568584070789221e-01
1.946349557522109031e-01
2.286688790560469642e-01
2.756268436578159231e-01
2.242533185840702159e-01
2.607458912768642612e-01
2.089103982300887230e-01
1.762168141592912463e-01
2.779314159292037845e-01
2.724004424778749822e-01
2.230641592920349636e-01
2.262168141592919846e-01
2.705406526548662094e-01
1.817109144542767840e-01
2.289380530973443850e-01
1.372898230088490934e-01
1.719026548672566990e-01
2.074944690265488056e-01
2.465882626921270526e-01
1.299532940019663685e-01
2.479365214431580311e-01
2.213897827835875354e-01
1.737610619469018847e-01
2.321487831858407846e-01
2.237831858407064722e-01
2.666666666666666630e-01
2.060366624525903356e-01
3.046460176991136470e-01
2.308904867256636184e-01
2.802359882005903136e-01
1.833978613569320071e-01
1.894358407079637374e-01
1.821428571428562460e-01
1.854887369267897712e-01
2.971884218289074786e-01
2.392857142857141295e-01
1.945897023330645792e-01
2.825467059980332762e-01
3.459070796460171904e-01
3.113938053097339842e-01
2.793141592920350136e-01
2.334623893805301831e-01
2.910046259050682593e-01
2.522716498103660387e-01
3.350268647281920975e-01
3.947394296951819426e-01
3.895833333333334481e-01
3.360564159292035447e-01
2.748156342182891954e-01
3.764330249396624084e-01
3.679572271386429283e-01
3.973049074818978399e-01
2.059826696165185378e-01
4.027101769911500817e-01
3.730334316617500146e-01
1.594164823008847043e-01
2.299778761061943566e-01
3.658738938053095469e-01
2.537136536030341061e-01
2.764482417326493136e-01
2.952947218710486599e-01
4.070120452310719283e-01
3.322189446083251840e-01
2.941786504424778181e-01
3.038131181676207992e-01
2.859513274336279443e-01
2.576620249869855384e-01
2.632743362831849732e-01
3.675663716814161486e-01
5.524972725049367428e-01
4.390963757629276487e-01
4.313709445335139891e-01
4.896986654409776207e-01
3.392209803359628184e-01
3.791825673358767967e-01
4.587688734030195836e-01
4.433521376030084005e-01
4.696820283566717213e-01
3.185941043083896917e-01
3.642055196062164435e-01
4.230960676953706145e-01
4.296933639890332390e-01
4.503497149425524926e-01
3.125459242930618831e-01
3.664279970900177763e-01
3.057827079728518416e-01
4.559851040687273316e-01
3.522666519182195422e-01
3.008808845045775615e-01
2.182220434432818323e-01
2.278128950695319510e-01
2.129424778761049852e-01
2.226216814159287238e-01
1.767857142857141295e-01
1.866150442477874927e-01
1.941371681415917094e-01
2.035398230088479865e-01
2.219500632111251481e-01
3.039062499999999889e-01
2.345224926253677566e-01
2.698561946902650055e-01
2.525744167337086732e-01
3.136061946902658493e-01
2.600505689001265108e-01
2.022400442477876314e-01
2.794642857142848880e-01
1.446902654867250337e-01
3.099626659292030184e-01
2.986725663716813250e-01
3.131084070796451568e-01
1.641039823008837717e-01
1.846993161705546838e-01
2.126843657817100997e-01
2.756321112515796035e-01
2.114703880190606233e-01
1.786504424778759814e-01
1.784568584070789221e-01
1.946349557522109031e-01
2.286688790560469642e-01
2.756268436578159231e-01
2.242533185840702159e-01
2.607458912768642612e-01
2.089103982300887230e-01
1.762168141592912463e-01
2.779314159292037845e-01
2.724004424778749822e-01
2.230641592920349636e-01
2.262168141592919846e-01
2.705406526548662094e-01
1.817109144542767840e-01
2.289380530973443850e-01
1.372898230088490934e-01
1.719026548672566990e-01
2.074944690265488056e-01
2.465882626921270526e-01
1.299532940019663685e-01
2.479365214431580311e-01
2.213897827835875354e-01
1.737610619469018847e-01
2.321487831858407846e-01
2.237831858407064722e-01
2.666666666666666630e-01
2.060366624525903356e-01
3.046460176991136470e-01
2.308904867256636184e-01
2.802359882005903136e-01
1.833978613569320071e-01
1.894358407079637374e-01
1.821428571428562460e-01
1.854887369267897712e-01
2.971884218289074786e-01
2.392857142857141295e-01
1.945897023330645792e-01
3.392209803359628184e-01
3.791825673358767967e-01
4.587688734030195836e-01
4.433521376030084005e-01
4.696820283566717213e-01
3.185941043083896917e-01
3.642055196062164435e-01
4.230960676953706145e-01
4.296933639890332390e-01
4.503497149425524926e-01
3.125459242930618831e-01
3.664279970900177763e-01
3.057827079728518416e-01
4.559851040687273316e-01
3.522666519182195422e-01
3.008808845045775615e-01
3.619527247321844832e-01
4.696595129757676901e-01
3.912241887905600346e-01
3.668879056047193443e-01
4.823008849557520183e-01
3.621804326450341338e-01
3.490916955017303036e-01
3.999446902654862912e-01
4.170353982300880613e-01
3.800492435055666252e-01
3.462807940684046737e-01
3.887952066590122935e-01
3.809051275377401957e-01
3.542467287844677237e-01
4.184832118688176505e-01
2.852617994100293264e-01
3.288247983523294726e-01
3.943884454670635864e-01
4.537492855430795280e-01
3.610819182476905365e-01
4.426299957026206267e-01
3.285985462443640759e-01
3.631163793294875930e-01
4.294451807168983004e-01
5.006275874686738625e-01
3.341225303940406066e-01
2.818542866266295910e-01
4.015751381756135219e-01
3.316001991260574266e-01
3.743413477756251662e-01
3.300356780370491960e-01
3.093042626641891446e-01
3.439510658491566342e-01
4.810512470651860939e-01
4.741249457479129181e-01
3.635427038389202337e-01
4.502771938882126346e-01
3.725882287863702680e-01
3.912305933547219339e-01
3.895100398274142228e-01
4.267122305400877225e-01
3.328312716458436404e-01
3.372386325921009065e-01
4.441918353800195507e-01
3.563373529520221239e-01
3.445566121600271425e-01
3.360200098897875853e-01
3.057781360137812321e-01
3.714111854843167304e-01
4.524298472364107204e-01
3.403654911836576091e-01
4.100791060463567783e-01
4.638707365352556233e-01
3.436037326616517285e-01
4.218354815511422551e-01
3.927084612126821028e-01
4.196729861939796358e-01
3.198067742890707277e-01
3.324749844770192309e-01
4.317873086287654649e-01
3.350728058367597462e-01
4.046754627886035016e-01
4.515703787049317741e-01
3.122642031310503552e-01
3.343383491922988782e-01
4.410475215755698675e-01
4.078019789460372024e-01
4.433171055543259076e-01
4.529763221951757513e-01
3.005089621597695770e-01
3.842582889331359053e-01
4.233126797964152366e-01
3.777050416498776708e-01
3.981407434835096404e-01
3.112609504965957452e-01
3.651215700376187479e-01
4.465097981362638468e-01
3.758006491664130921e-01
4.028120584880929833e-01
3.453327779441049405e-01
2.182220434432804168e-01
2.278128950695288146e-01
2.129424778761049297e-01
2.226216814159273638e-01
1.767857142857134634e-01
1.866150442477860771e-01
1.941371681415904049e-01
2.035398230088487637e-01
2.219500632111214844e-01
3.039062499999985456e-01
2.345224926253657027e-01
2.698561946902635067e-01
2.525744167337066748e-01
3.136061946902634068e-01
2.600505689001234022e-01
2.022400442477857718e-01
2.794642857142831116e-01
1.446902654867227023e-01
3.099626659292004094e-01
2.986725663716807144e-01
3.131084070796464336e-01
1.641039823008836052e-01
1.846993161705541842e-01
2.126843657817092392e-01
2.756321112515816019e-01
2.114703880190594021e-01
1.786504424778760092e-01
1.784568584070794772e-01
1.946349557522101259e-01
2.286688790560447437e-01
2.756268436578174774e-01
2.242533185840683285e-01
2.607458912768619852e-01
2.089103982300870299e-01
1.762168141592887205e-01
2.779314159292021191e-01
2.724004424778735944e-01
2.230641592920339644e-01
2.262168141592919846e-01
2.705406526548667090e-01
1.817109144542742027e-01
2.289380530973424144e-01
1.372898230088492877e-01
1.719026548672541732e-01
2.074944690265476677e-01
2.465882626921258869e-01
1.299532940019662852e-01
2.479365214431559494e-01
2.213897827835875076e-01
1.737610619469021345e-01
2.321487831858395079e-01
2.237831858407081931e-01
2.666666666666666630e-01
2.060366624525883372e-01
3.046460176991145352e-01
2.308904867256628968e-01
2.802359882005859837e-01
1.833978613569298421e-01
1.894358407079614892e-01
1.821428571428535537e-01
1.854887369267887165e-01
2.971884218289094215e-01
2.392857142857105490e-01
1.945897023330632192e-01
