1.459595835226845661e-01
2.045057871458070275e-01
1.317881679993525013e-01
1.326236618905725084e-01
1.507165647908536854e-01
2.662956487478141399e-01
2.319682828929542362e-01
1.454287051075939807e-01
1.582136462159530188e-01
3.131457488311872317e-01
2.171627448290241458e-01
1.542219704991492357e-01
1.714711696242869066e-01
2.890105289819628331e-01
2.299791792409530966e-01
1.323901633346584727e-01
1.877994271904124268e-01
1.789848758993523026e-01
3.502043002430845209e-01
2.439993949265281403e-01
3.646236056046683882e-01
2.207761826196155686e-01
3.024008176806810000e-01
2.570805908612798230e-01
3.088558332047621202e-01
3.445216902332321474e-01
2.838216721838570100e-01
1.928618919803135046e-01
1.350967238085832578e-01
2.087714546036581464e-01
3.288582130710714924e-01
1.796603849252278173e-01
1.980057703102899858e-01
2.474301966840569689e-01
1.540052697677850857e-01
2.751325357151642725e-01
2.559249708896337294e-01
3.362487939305880968e-01
3.553047705821720248e-01
2.973157779943218504e-01
1.897163307688061185e-01
3.156626082184454396e-01
1.646236056046681273e-01
2.287670220886989236e-01
1.612520799400536387e-01
2.646803914166208638e-01
1.477551891499531145e-01
1.982454492981706728e-01
1.416262085079342536e-01
1.793395552709989849e-01
1.179418355536946822e-01
1.705603613555039255e-01
2.214412553007445439e-01
2.118038576951622454e-01
3.299374171102097963e-01
1.688524359483984105e-01
2.416916728522532087e-01
1.911859205501007797e-01
2.324431952100687315e-01
1.340775468994754860e-01
1.397233611767332573e-01
2.415603390756668190e-01
1.601434486474030139e-01
1.330074294195545681e-01
1.909374221915776382e-01
2.939648611790248722e-01
2.184244871826440115e-01
1.741052007002900082e-01
1.852421876923832367e-01
4.018365834711955520e-01
2.868809618456951704e-01
2.141281640090832994e-01
2.849458267715298532e-01
4.142481317183969725e-01
3.563731474022298618e-01
1.971671773439847841e-01
3.590001320799907636e-01
3.120959580857626814e-01
2.664856136746595605e-01
2.450550487869799787e-01
4.672820592198063117e-01
4.449322556146166341e-01
2.037136384263865951e-01
3.710679898544653188e-01
4.029156098401823760e-01
4.061550646508942375e-01
1.640297152544241965e-01
2.641040163510553485e-01
3.196648487101336755e-01
3.742111015868056501e-01
2.905462986741149667e-01
4.386542619707393120e-01
2.961447673457317520e-01
2.302600470856422665e-01
1.820497215606670105e-01
3.107601059582147940e-01
4.298023720072201570e-01
5.827768824124162084e-01
5.394518732677391348e-01
3.771183506199007329e-01
2.328207069996388323e-01
4.087467987504567746e-01
3.881075338417808718e-01
3.525701460614076854e-01
4.465030248257131351e-01
4.307852911378154959e-01
5.096473700503757476e-01
4.072622632482481020e-01
4.020312104241123841e-01
5.912825626591918793e-01
3.946190864829877687e-01
3.458299327385805921e-01
2.212107749847313787e-01
4.200273923770390105e-01
3.465815814407259277e-01
2.188346684132290720e-01
1.459595835226845661e-01
2.045057871458070275e-01
1.317881679993525013e-01
1.326236618905725084e-01
1.507165647908536854e-01
2.662956487478141399e-01
2.319682828929542362e-01
1.454287051075939807e-01
1.582136462159530188e-01
3.131457488311872317e-01
2.171627448290241458e-01
1.542219704991492357e-01
1.714711696242869066e-01
2.890105289819628331e-01
2.299791792409530966e-01
1.323901633346584727e-01
1.877994271904124268e-01
1.789848758993523026e-01
3.502043002430845209e-01
2.439993949265281403e-01
3.646236056046683882e-01
2.207761826196155686e-01
3.024008176806810000e-01
2.570805908612798230e-01
3.088558332047621202e-01
3.445216902332321474e-01
2.838216721838570100e-01
1.928618919803135046e-01
1.350967238085832578e-01
2.087714546036581464e-01
3.288582130710714924e-01
1.796603849252278173e-01
1.980057703102899858e-01
2.474301966840569689e-01
1.540052697677850857e-01
2.751325357151642725e-01
2.559249708896337294e-01
3.362487939305880968e-01
3.553047705821720248e-01
2.973157779943218504e-01
1.897163307688061185e-01
3.156626082184454396e-01
1.646236056046681273e-01
2.287670220886989236e-01
1.612520799400536387e-01
2.646803914166208638e-01
1.477551891499531145e-01
1.982454492981706728e-01
1.416262085079342536e-01
1.793395552709989849e-01
1.179418355536946822e-01
1.705603613555039255e-01
2.214412553007445439e-01
2.118038576951622454e-01
3.299374171102097963e-01
1.688524359483984105e-01
2.416916728522532087e-01
1.911859205501007797e-01
2.324431952100687315e-01
1.340775468994754860e-01
1.397233611767332573e-01
2.415603390756668190e-01
1.601434486474030139e-01
1.330074294195545681e-01
2.328207069996388323e-01
4.087467987504567746e-01
3.881075338417808718e-01
3.525701460614076854e-01
4.465030248257131351e-01
4.307852911378154959e-01
5.096473700503757476e-01
4.072622632482481020e-01
4.020312104241123841e-01
5.912825626591918793e-01
3.946190864829877687e-01
3.458299327385805921e-01
2.212107749847313787e-01
4.200273923770390105e-01
3.465815814407259277e-01
2.188346684132290720e-01
2.577679639518405397e-01
4.970660948672044332e-01
3.464162882025913492e-01
2.309598271084640220e-01
4.587582625948504189e-01
4.865718379471490329e-01
4.937693853298069091e-01
3.835602945159938826e-01
3.675704072167906844e-01
5.055926741172105388e-01
4.389730066304221578e-01
4.124861845387732262e-01
2.970002303169534397e-01
3.414614775044550465e-01
3.860602577853021744e-01
2.059340587179241955e-01
2.556444406920373447e-01
3.623028133761886926e-01
4.234398782343989365e-01
2.443168626126600851e-01
4.012795887650774107e-01
4.746503438874752900e-01
4.802464454804299954e-01
4.283939111525322252e-01
4.618477644946182292e-01
4.324977911805459874e-01
3.923231543691707568e-01
3.772216097500517007e-01
2.353533008281092354e-01
3.794278054244628606e-01
2.861774282000137393e-01
2.421627810632027422e-01
2.260448561079613228e-01
4.921486474284778589e-01
4.226148612610347022e-01
2.687569698270249607e-01
4.465887961337564049e-01
4.883038826993500447e-01
5.208480156538453087e-01
4.018591189083268178e-01
4.436039284189403631e-01
4.320663460056814453e-01
4.309384685201276821e-01
4.285311738156131200e-01
2.083231021256285176e-01
3.838008565462216470e-01
3.382280817113060833e-01
1.995220355002382540e-01
2.439175402800253245e-01
4.636747141570933262e-01
3.334493281916062202e-01
2.577534651375495978e-01
4.593418762370022335e-01
4.652610010059429202e-01
5.394237669738969343e-01
4.300204588491897129e-01
4.023303615402396560e-01
4.216971000037247341e-01
4.300581031201526905e-01
4.206178021471754791e-01
2.367425752636471148e-01
4.132463072621852529e-01
4.413688504677483193e-01
2.118764511362834779e-01
2.526326343229233773e-01
4.180720751145962644e-01
3.737114995228191239e-01
3.162310897221665140e-01
4.179111303423985735e-01
4.123141219803064250e-01
5.521462163414618818e-01
4.044663493504165874e-01
3.422785814269951876e-01
5.493590410511716149e-01
3.868374940307474641e-01
3.555342574905281938e-01
3.245866152581503572e-01
3.636037148557834109e-01
3.772853954695157275e-01
2.649211996598792029e-01
1.459595835226839833e-01
2.045057871458056398e-01
1.317881679993498090e-01
1.326236618905706766e-01
1.507165647908518535e-01
2.662956487478146395e-01
2.319682828929528207e-01
1.454287051075933701e-01
1.582136462159540735e-01
3.131457488311863990e-01
2.171627448290242013e-01
1.542219704991505957e-01
1.714711696242864625e-01
2.890105289819622225e-01
2.299791792409536517e-01
1.323901633346562523e-01
1.877994271904102619e-01
1.789848758993521360e-01
3.502043002430817453e-01
2.439993949265267803e-01
3.646236056046697205e-01
2.207761826196149024e-01
3.024008176806817771e-01
2.570805908612794899e-01
3.088558332047647847e-01
3.445216902332325359e-01
2.838216721838549561e-01
1.928618919803116172e-01
1.350967238085797328e-01
2.087714546036571472e-01
3.288582130710721030e-01
1.796603849252278728e-01
1.980057703102869326e-01
2.474301966840546096e-01
1.540052697677830873e-01
2.751325357151621076e-01
2.559249708896322861e-01
3.362487939305864870e-01
3.553047705821714142e-01
2.973157779943211287e-01
1.897163307688048695e-01
3.156626082184461612e-01
1.646236056046675444e-01
2.287670220886983408e-01
1.612520799400547766e-01
2.646803914166206417e-01
1.477551891499539749e-01
1.982454492981720606e-01
1.416262085079305622e-01
1.793395552709965701e-01
1.179418355536915319e-01
1.705603613555022602e-01
2.214412553007419349e-01
2.118038576951606911e-01
3.299374171102097963e-01
1.688524359483980219e-01
2.416916728522507940e-01
1.911859205501005299e-01
2.324431952100695642e-01
1.340775468994731545e-01
1.397233611767309536e-01
2.415603390756658475e-01
1.601434486474047625e-01
1.330074294195528473e-01
