1.390060156293918270e-01
1.924463291810216137e-01
1.493893011750150046e-01
1.215599876314150118e-01
1.485003092145950609e-01
2.699134199134199386e-01
2.388682745825597697e-01
1.345083487940620104e-01
1.559236681685657322e-01
3.358727581941867157e-01
2.370104102246956557e-01
1.674242424242418925e-01
1.634592680047220470e-01
3.061224489795918435e-01
2.271622934888239964e-01
1.160501700680263842e-01
1.782003710575134348e-01
1.924895210609489093e-01
3.533994279529987792e-01
2.570898489265835973e-01
3.648113790970931580e-01
2.094155844155841106e-01
2.946070163602624858e-01
2.460343228200368715e-01
3.454545454545454031e-01
3.247110032824315207e-01
2.738095238095230033e-01
2.137291280148413131e-01
1.226113172541719865e-01
2.071325499896926325e-01
2.911942554799696881e-01
2.104267161410006692e-01
2.111493948228628514e-01
2.434106369820646376e-01
1.712623685837962040e-01
2.748144712430417580e-01
2.628324056895474659e-01
3.204981166020127170e-01
3.497217068645640525e-01
2.875405844155844992e-01
1.784580498866207565e-01
3.038961038961038308e-01
1.538961038961029482e-01
2.290043290043279334e-01
1.768552875695720561e-01
2.695293428376120959e-01
1.482993197278903164e-01
2.124661053232474173e-01
1.323719570472804419e-01
1.782003710575125188e-01
1.269982993197269483e-01
1.595392702535555207e-01
2.370370370370360746e-01
2.104735400653754973e-01
3.540352504638217823e-01
1.742346938775498066e-01
2.504088504088502476e-01
1.860956503813646912e-01
2.069805194805187654e-01
1.302809435462483900e-01
1.283100016866245141e-01
2.664708307565449852e-01
1.727096033218472326e-01
1.399898802496200023e-01
1.909571909571909643e-01
2.942623514052081779e-01
2.518552875695729831e-01
1.561533704390841715e-01
1.813311688311680103e-01
4.049657052903796184e-01
3.062218393851042220e-01
2.142636275289324099e-01
2.873565587851303338e-01
4.226435271078127220e-01
3.629870129870127471e-01
1.862193362193357016e-01
3.696871310507676700e-01
3.189033189033186888e-01
2.687580817450948567e-01
2.555916305916303699e-01
4.429035250463816964e-01
4.224214938500644445e-01
1.920222634508348125e-01
3.598051948051945725e-01
4.413961038961037864e-01
3.908605000441733313e-01
1.617395762132599613e-01
2.767857142857134689e-01
3.468013468013468881e-01
3.745699626651999847e-01
2.907003710575132849e-01
4.200880352140854979e-01
2.867346938775506837e-01
2.400096402197239021e-01
1.686765615337040281e-01
3.275324675324667312e-01
4.337868954045615011e-01
5.769936048053669886e-01
5.351634670731728605e-01
3.826166535493361609e-01
2.280513738051499761e-01
4.090227423818432184e-01
4.118674726735823688e-01
3.474281473693974776e-01
4.579619047674612364e-01
4.189947588936471790e-01
5.123312873950616186e-01
3.954020500610685440e-01
4.150891444532543439e-01
5.782288876240685438e-01
3.797759112302794837e-01
3.601592668397447516e-01
2.147472199728656661e-01
4.395513218351453921e-01
3.336167756631260306e-01
2.291870171231961406e-01
1.390060156293918270e-01
1.924463291810216137e-01
1.493893011750150046e-01
1.215599876314150118e-01
1.485003092145950609e-01
2.699134199134199386e-01
2.388682745825597697e-01
1.345083487940620104e-01
1.559236681685657322e-01
3.358727581941867157e-01
2.370104102246956557e-01
1.674242424242418925e-01
1.634592680047220470e-01
3.061224489795918435e-01
2.271622934888239964e-01
1.160501700680263842e-01
1.782003710575134348e-01
1.924895210609489093e-01
3.533994279529987792e-01
2.570898489265835973e-01
3.648113790970931580e-01
2.094155844155841106e-01
2.946070163602624858e-01
2.460343228200368715e-01
3.454545454545454031e-01
3.247110032824315207e-01
2.738095238095230033e-01
2.137291280148413131e-01
1.226113172541719865e-01
2.071325499896926325e-01
2.911942554799696881e-01
2.104267161410006692e-01
2.111493948228628514e-01
2.434106369820646376e-01
1.712623685837962040e-01
2.748144712430417580e-01
2.628324056895474659e-01
3.204981166020127170e-01
3.497217068645640525e-01
2.875405844155844992e-01
1.784580498866207565e-01
3.038961038961038308e-01
1.538961038961029482e-01
2.290043290043279334e-01
1.768552875695720561e-01
2.695293428376120959e-01
1.482993197278903164e-01
2.124661053232474173e-01
1.323719570472804419e-01
1.782003710575125188e-01
1.269982993197269483e-01
1.595392702535555207e-01
2.370370370370360746e-01
2.104735400653754973e-01
3.540352504638217823e-01
1.742346938775498066e-01
2.504088504088502476e-01
1.860956503813646912e-01
2.069805194805187654e-01
1.302809435462483900e-01
1.283100016866245141e-01
2.664708307565449852e-01
1.727096033218472326e-01
1.399898802496200023e-01
2.280513738051499761e-01
4.090227423818432184e-01
4.118674726735823688e-01
3.474281473693974776e-01
4.579619047674612364e-01
4.189947588936471790e-01
5.123312873950616186e-01
3.954020500610685440e-01
4.150891444532543439e-01
5.782288876240685438e-01
3.797759112302794837e-01
3.601592668397447516e-01
2.147472199728656661e-01
4.395513218351453921e-01
3.336167756631260306e-01
2.291870171231961406e-01
2.491895322722390282e-01
5.162083321857754425e-01
3.654916512059366851e-01
2.166563595135020115e-01
4.681508967223247941e-01
4.741737098879953982e-01
4.717693494510106222e-01
4.087662337662339440e-01
3.773448773448773164e-01
4.908183214634830316e-01
4.377726520583664072e-01
4.132835714392215087e-01
2.987012987012984677e-01
3.470574765285091012e-01
3.898150169158566269e-01
2.069387755102038706e-01
2.549118133624603821e-01
3.422712501963690035e-01
4.331019341671951128e-01
2.608574653287775158e-01
3.961599710760952409e-01
4.798353425249339832e-01
4.659657618915252209e-01
4.266153473933436135e-01
4.593739259086589422e-01
4.268763996089420254e-01
3.878534883890050189e-01
3.845035899180211936e-01
2.491535119590589098e-01
3.832675834557717764e-01
2.899719062942691661e-01
2.334706327992628616e-01
2.175025755117253046e-01
5.029015533360128298e-01
4.361440223402557881e-01
2.671484121339555706e-01
4.535425062961474518e-01
4.733093169238383191e-01
5.119016942047955876e-01
4.122083629673148897e-01
4.550790067720089094e-01
4.242654353954741775e-01
4.145304431182162408e-01
4.386592040570206352e-01
2.108145995031797115e-01
3.888324201204619301e-01
3.477275323999173273e-01
1.949297545790940334e-01
2.326638526833337273e-01
4.683812976726796085e-01
3.565449310873490818e-01
2.509856672387401066e-01
4.735397503715789158e-01
4.570708433265003312e-01
5.156064752539540885e-01
4.426133099832540996e-01
4.079171443149364196e-01
4.184458699292136208e-01
4.211325081980285545e-01
4.210790776759794074e-01
2.394617354958743782e-01
4.109882223568083193e-01
4.451271791523682686e-01
2.179321860939743560e-01
2.579333910569606148e-01
4.077710433545670421e-01
3.795623017590982196e-01
3.222266889314941429e-01
4.164295874822188659e-01
4.106623786257652120e-01
5.449152619271826481e-01
4.032418001525553963e-01
3.402961368639652040e-01
5.498888391529483943e-01
3.855259216680673728e-01
3.490224349063020259e-01
3.305089987012181374e-01
3.629302302585417084e-01
3.710804626136435247e-01
2.756955030141192697e-01
1.390060156293915494e-01
1.924463291810226684e-01
1.493893011750150601e-01
1.215599876314137490e-01
1.485003092145952830e-01
2.699134199134171630e-01
2.388682745825608800e-01
1.345083487940584299e-01
1.559236681685657600e-01
3.358727581941866602e-01
2.370104102246963773e-01
1.674242424242392280e-01
1.634592680047221580e-01
3.061224489795899562e-01
2.271622934888209433e-01
1.160501700680272308e-01
1.782003710575118249e-01
1.924895210609491591e-01
3.533994279529974469e-01
2.570898489265820430e-01
3.648113790970930470e-01
2.094155844155836943e-01
2.946070163602614311e-01
2.460343228200339016e-01
3.454545454545430161e-01
3.247110032824302439e-01
2.738095238095223372e-01
2.137291280148407302e-01
1.226113172541743873e-01
2.071325499896931321e-01
2.911942554799674676e-01
2.104267161409983655e-01
2.111493948228631290e-01
2.434106369820643323e-01
1.712623685837965370e-01
2.748144712430407033e-01
2.628324056895478544e-01
3.204981166020123284e-01
3.497217068645629978e-01
2.875405844155831669e-01
1.784580498866191189e-01
3.038961038961038863e-01
1.538961038961029482e-01
2.290043290043278224e-01
1.768552875695727500e-01
2.695293428376141498e-01
1.482993197278904829e-01
2.124661053232451691e-01
1.323719570472813301e-01
1.782003710575121302e-01
1.269982993197261156e-01
1.595392702535531337e-01
2.370370370370357971e-01
2.104735400653749422e-01
3.540352504638203390e-01
1.742346938775497789e-01
2.504088504088491929e-01
1.860956503813627483e-01
2.069805194805182935e-01
1.302809435462463361e-01
1.283100016866217385e-01
2.664708307565436529e-01
1.727096033218463722e-01
1.399898802496198080e-01
