1.939763696205854815e-01
2.304797073360932425e-01
1.695833667817287504e-01
1.948703540178212401e-01
2.008623952109534760e-01
2.207273019185991281e-01
2.126515212330407356e-01
1.910572368949179922e-01
1.906076904551644857e-01
2.651059645179406621e-01
2.378555564475113848e-01
2.353825158545378993e-01
2.079969641019652205e-01
2.755077466484702753e-01
3.330313421025467568e-01
2.044372641888089481e-01
2.158946776912565313e-01
1.594462729567479586e-01
3.356365898691496819e-01
2.950492551520081386e-01
2.920446335393738768e-01
1.824660833266432691e-01
2.039568844096414368e-01
2.546680581199320947e-01
2.376770375807048530e-01
1.747228929054409352e-01
2.066308099863529979e-01
1.924700971341412881e-01
1.273260014449693611e-01
2.030540615272078964e-01
3.270093566312549105e-01
2.088175323111498005e-01
2.738563515636642798e-01
2.306670948061322057e-01
1.823472746247089271e-01
2.935698803885358199e-01
2.392229268684262500e-01
2.225707342348589024e-01
2.053463915870590017e-01
2.430340370875806733e-01
2.305316956998736122e-01
2.212410692783169930e-01
1.691193706349844172e-01
2.175804768403294953e-01
2.080115597655938231e-01
2.679634785768291727e-01
1.543906594239730923e-01
2.653744264886582216e-01
1.831171958811026734e-01
2.138749297583677211e-01
1.050092317572429712e-01
2.330898290117996430e-01
2.854263109541262389e-01
2.175942384660372320e-01
2.404591795777468455e-01
2.166974391908155495e-01
3.592803689135065093e-01
1.917128254528908393e-01
2.251746006261537425e-01
2.034541680523851981e-01
1.918016157399635713e-01
3.029006448850711242e-01
2.306677828874175717e-01
1.846351448984500099e-01
2.591385477152516326e-01
3.598476537065274927e-01
2.669984747531500280e-01
2.622354231891033671e-01
2.629846672553584064e-01
3.557693009406898144e-01
2.741831901741992317e-01
3.027534719434855637e-01
3.543710363650955375e-01
3.447057879104115097e-01
3.701099783254395148e-01
2.540633111235979791e-01
3.621403081144592417e-01
4.134114687859563597e-01
3.420172666700718733e-01
2.353776992855417249e-01
4.561772497391025083e-01
3.910340460071533020e-01
1.860761017901579051e-01
2.598490808380826689e-01
3.017580476840328596e-01
2.196355462792002611e-01
1.506297452711005680e-01
2.828874184336968023e-01
4.213231293427163182e-01
3.637877260739900698e-01
2.813378020390138734e-01
2.984232819723374730e-01
3.309625110379698643e-01
2.851928280343198341e-01
2.425945251665730107e-01
4.299590591635219505e-01
5.221244634385894257e-01
4.384167686747241777e-01
4.615855912083935975e-01
4.940449239576001350e-01
3.017561220528179322e-01
4.155026811803608222e-01
4.132549850688758131e-01
4.377950101146320105e-01
4.616725403631087854e-01
3.420451626368686271e-01
3.506606621070542662e-01
4.151815817358630589e-01
4.553136606407004461e-01
4.119534399184873741e-01
3.580350548850689263e-01
3.982164160855998225e-01
2.725127199166308412e-01
4.378848415068432587e-01
4.074002718641959730e-01
2.968177585507321137e-01
1.939763696205854815e-01
2.304797073360932425e-01
1.695833667817287504e-01
1.948703540178212401e-01
2.008623952109534760e-01
2.207273019185991281e-01
2.126515212330407356e-01
1.910572368949179922e-01
1.906076904551644857e-01
2.651059645179406621e-01
2.378555564475113848e-01
2.353825158545378993e-01
2.079969641019652205e-01
2.755077466484702753e-01
3.330313421025467568e-01
2.044372641888089481e-01
2.158946776912565313e-01
1.594462729567479586e-01
3.356365898691496819e-01
2.950492551520081386e-01
2.920446335393738768e-01
1.824660833266432691e-01
2.039568844096414368e-01
2.546680581199320947e-01
2.376770375807048530e-01
1.747228929054409352e-01
2.066308099863529979e-01
1.924700971341412881e-01
1.273260014449693611e-01
2.030540615272078964e-01
3.270093566312549105e-01
2.088175323111498005e-01
2.738563515636642798e-01
2.306670948061322057e-01
1.823472746247089271e-01
2.935698803885358199e-01
2.392229268684262500e-01
2.225707342348589024e-01
2.053463915870590017e-01
2.430340370875806733e-01
2.305316956998736122e-01
2.212410692783169930e-01
1.691193706349844172e-01
2.175804768403294953e-01
2.080115597655938231e-01
2.679634785768291727e-01
1.543906594239730923e-01
2.653744264886582216e-01
1.831171958811026734e-01
2.138749297583677211e-01
1.050092317572429712e-01
2.330898290117996430e-01
2.854263109541262389e-01
2.175942384660372320e-01
2.404591795777468455e-01
2.166974391908155495e-01
3.592803689135065093e-01
1.917128254528908393e-01
2.251746006261537425e-01
2.034541680523851981e-01
1.918016157399635713e-01
3.029006448850711242e-01
2.306677828874175717e-01
1.846351448984500099e-01
3.017561220528179322e-01
4.155026811803608222e-01
4.132549850688758131e-01
4.377950101146320105e-01
4.616725403631087854e-01
3.420451626368686271e-01
3.506606621070542662e-01
4.151815817358630589e-01
4.553136606407004461e-01
4.119534399184873741e-01
3.580350548850689263e-01
3.982164160855998225e-01
2.725127199166308412e-01
4.378848415068432587e-01
4.074002718641959730e-01
2.968177585507321137e-01
3.288161802917822230e-01
4.465162913458734506e-01
4.057691793101599886e-01
3.394075620133253368e-01
4.011238660993816096e-01
3.445250179134743407e-01
4.013570835924715197e-01
4.160552299911695062e-01
4.278183618313660119e-01
3.886297897023827663e-01
3.639816102527829722e-01
4.150768839987513670e-01
4.051867837124408234e-01
3.825783769213955687e-01
3.715132998691970667e-01
2.848443980626687022e-01
3.256052918887673564e-01
3.901564336147047007e-01
4.447166741592274986e-01
3.127930126517239340e-01
4.169906581761949060e-01
2.907475972727525670e-01
4.208617976427261320e-01
4.535968123168245825e-01
4.957267701792780756e-01
3.523184715333243511e-01
2.930242177295765416e-01
4.346294640431171974e-01
2.985598227474148270e-01
4.214895345703696949e-01
3.246472674819730897e-01
3.197795109309538031e-01
3.109904958436741640e-01
4.891222323908610004e-01
4.517049349186526008e-01
3.479320199733476060e-01
4.483477745844684503e-01
3.630918549202833412e-01
3.859649592273260987e-01
4.086779297721688242e-01
4.372154342097984703e-01
3.271037720933180348e-01
3.730745147150905106e-01
4.597450347606888421e-01
3.196227970179126854e-01
3.532234731709344433e-01
3.790207209089890283e-01
3.005964327191624208e-01
3.317812530105007651e-01
4.255227886375086976e-01
3.642537551933521800e-01
3.813461353199961712e-01
4.636024366032192590e-01
3.395962966694249796e-01
4.032702867602194208e-01
4.211661100235049027e-01
4.231674365902553525e-01
3.294909113576389159e-01
3.660001287465576847e-01
4.403381350314278242e-01
3.110538446991994443e-01
4.212155827612666936e-01
4.742040615023688233e-01
3.166757650685592673e-01
3.146914789422131653e-01
4.410955989788212794e-01
4.103429846754453880e-01
3.947057154937563817e-01
4.431528074372596548e-01
2.917101523739180080e-01
3.905267876027596063e-01
4.404500034788564888e-01
3.698406211132497790e-01
4.019848850702893994e-01
3.322273402866388059e-01
4.059188396140071542e-01
4.154932215817557228e-01
3.859489995014942498e-01
4.274423734612233794e-01
3.509775901818792954e-01
1.939763696205843990e-01
2.304797073360930482e-01
1.695833667817273072e-01
1.948703540178210181e-01
2.008623952109508948e-01
2.207273019185982954e-01
2.126515212330393756e-01
1.910572368949173816e-01
1.906076904551657625e-01
2.651059645179391633e-01
2.378555564475098305e-01
2.353825158545389817e-01
2.079969641019622506e-01
2.755077466484679438e-01
3.330313421025454246e-01
2.044372641888089481e-01
2.158946776912543664e-01
1.594462729567465709e-01
3.356365898691475724e-01
2.950492551520067508e-01
2.920446335393727111e-01
1.824660833266432136e-01
2.039568844096406319e-01
2.546680581199303739e-01
2.376770375807040758e-01
1.747228929054394364e-01
2.066308099863515824e-01
1.924700971341414268e-01
1.273260014449673905e-01
2.030540615272060923e-01
3.270093566312540778e-01
2.088175323111474690e-01
2.738563515636628920e-01
2.306670948061292914e-01
1.823472746247088438e-01
2.935698803885332664e-01
2.392229268684270549e-01
2.225707342348592077e-01
2.053463915870562262e-01
2.430340370875794798e-01
2.305316956998714195e-01
2.212410692783150501e-01
1.691193706349806980e-01
2.175804768403278022e-01
2.080115597655897153e-01
2.679634785768315042e-01
1.543906594239718988e-01
2.653744264886559456e-01
1.831171958811012024e-01
2.138749297583643905e-01
1.050092317572390299e-01
2.330898290117995597e-01
2.854263109541245180e-01
2.175942384660349838e-01
2.404591795777468732e-01
2.166974391908132735e-01
3.592803689135046774e-01
1.917128254528894793e-01
2.251746006261536870e-01
2.034541680523822837e-01
1.918016157399631549e-01
3.029006448850696254e-01
2.306677828874190983e-01
1.846351448984496768e-01
