1.092966439501091014e-01
1.713477470195996777e-01
1.060820367751049986e-01
9.724186704384625568e-02
1.712467165083855491e-01
2.574257425742563221e-01
1.697312588401696798e-01
2.545968882602540062e-01
1.713477470195996777e-01
2.397454031117388917e-01
2.063884959924560669e-01
3.366336633663361555e-01
3.042304230423030220e-01
2.333804809052327234e-01
1.466963022832882824e-01
2.003182461103247269e-01
6.849868660335356463e-02
1.713028445701708369e-01
3.689002828854304195e-01
3.758335017175185033e-01
2.885431400282873482e-01
2.280763790664771806e-01
2.592902147357587506e-01
3.399339933993399954e-01
1.842796524550412429e-01
1.550429768251544160e-01
2.192362093352190067e-01
1.527581329561527035e-01
5.410183875530354819e-02
3.577714914348577024e-01
3.253182461103245049e-01
3.373408769448375533e-01
1.212366134572628457e-01
2.746110325318240619e-01
1.564710042432813919e-01
2.333804809052327234e-01
2.298444130127287599e-01
2.102353092452101668e-01
1.343705799151339864e-01
2.312588401697303897e-01
2.074493163602070811e-01
1.985855728429977152e-01
1.336633663366336711e-01
1.485148514851484802e-01
2.174681753889675107e-01
2.290627558996499724e-01
1.027817067421017694e-01
3.672070503753674386e-01
2.404526166902398177e-01
2.452616690240450870e-01
2.003182461103237000e-01
2.164073550212159414e-01
3.118026088323114231e-01
3.534047282279242364e-01
1.923620933521921483e-01
3.267326732673266898e-01
2.269369794122265971e-01
1.558816595945302919e-01
1.237623762376237474e-01
2.625782986461903112e-01
2.623119454802614881e-01
4.856199905704842168e-01
2.054960598100623315e-01
4.500450045004500410e-01
3.828382838283827527e-01
3.831526009743831951e-01
2.970297029702970160e-01
1.944837340876941767e-01
2.821782178217814852e-01
3.294972354378284396e-01
2.182259042230750568e-01
4.184683774499889375e-01
4.287285871444286300e-01
3.196605374823193180e-01
4.105374823196604739e-01
3.008015087223008255e-01
2.970297029702970715e-01
3.446487505893447434e-01
2.098495563842091294e-01
2.055634134842053706e-01
4.773691654879769763e-01
2.986012887002977845e-01
1.909476661951904075e-01
3.029702970297025177e-01
2.376237623762373907e-01
1.689230147504545976e-01
1.644085461177698382e-01
3.667407557082238978e-01
4.208706584944201246e-01
3.697941222693688079e-01
2.490717821782174324e-01
2.750644812380397819e-01
4.123055162659114981e-01
3.128380064897245405e-01
3.253182461103250045e-01
3.677510608203672926e-01
4.281994441010849028e-01
4.992977723177217109e-01
3.464851186178105058e-01
6.458387212158409607e-01
1.849341471249594526e-01
4.240282685512359873e-01
4.081272084805651068e-01
3.839222614840983594e-01
4.541502766851119866e-01
4.128975265017663654e-01
3.140636042402824568e-01
5.194346289752649337e-01
3.560154803971053439e-01
3.555120032057118573e-01
2.954063604240281249e-01
3.982603968469688449e-01
3.264099857739434785e-01
5.415446744068651563e-01
3.163722025912838465e-01
4.931577256665594655e-01
1.092966439501091014e-01
1.713477470195996777e-01
1.060820367751049986e-01
9.724186704384625568e-02
1.712467165083855491e-01
2.574257425742563221e-01
1.697312588401696798e-01
2.545968882602540062e-01
1.713477470195996777e-01
2.397454031117388917e-01
2.063884959924560669e-01
3.366336633663361555e-01
3.042304230423030220e-01
2.333804809052327234e-01
1.466963022832882824e-01
2.003182461103247269e-01
6.849868660335356463e-02
1.713028445701708369e-01
3.689002828854304195e-01
3.758335017175185033e-01
2.885431400282873482e-01
2.280763790664771806e-01
2.592902147357587506e-01
3.399339933993399954e-01
1.842796524550412429e-01
1.550429768251544160e-01
2.192362093352190067e-01
1.527581329561527035e-01
5.410183875530354819e-02
3.577714914348577024e-01
3.253182461103245049e-01
3.373408769448375533e-01
1.212366134572628457e-01
2.746110325318240619e-01
1.564710042432813919e-01
2.333804809052327234e-01
2.298444130127287599e-01
2.102353092452101668e-01
1.343705799151339864e-01
2.312588401697303897e-01
2.074493163602070811e-01
1.985855728429977152e-01
1.336633663366336711e-01
1.485148514851484802e-01
2.174681753889675107e-01
2.290627558996499724e-01
1.027817067421017694e-01
3.672070503753674386e-01
2.404526166902398177e-01
2.452616690240450870e-01
2.003182461103237000e-01
2.164073550212159414e-01
3.118026088323114231e-01
3.534047282279242364e-01
1.923620933521921483e-01
3.267326732673266898e-01
2.269369794122265971e-01
1.558816595945302919e-01
1.237623762376237474e-01
2.625782986461903112e-01
2.623119454802614881e-01
4.856199905704842168e-01
2.054960598100623315e-01
4.500450045004500410e-01
1.849341471249594526e-01
4.240282685512359873e-01
4.081272084805651068e-01
3.839222614840983594e-01
4.541502766851119866e-01
4.128975265017663654e-01
3.140636042402824568e-01
5.194346289752649337e-01
3.560154803971053439e-01
3.555120032057118573e-01
2.954063604240281249e-01
3.982603968469688449e-01
3.264099857739434785e-01
5.415446744068651563e-01
3.163722025912838465e-01
4.931577256665594655e-01
2.919675426189233813e-01
3.955624018156583821e-01
2.687411598302686944e-01
3.347477604903346671e-01
2.772277227722768078e-01
4.097123998114098331e-01
4.463667820069204817e-01
5.198019801980197085e-01
3.441772748703439966e-01
3.723137290687590917e-01
2.658358499942657382e-01
3.837486217048796111e-01
4.193360512521833727e-01
5.081035631450876444e-01
3.068058906731007118e-01
4.685761433286185218e-01
2.110653178468839819e-01
3.508723715835542767e-01
4.038688369898559283e-01
3.099787685774947343e-01
4.373673036093416178e-01
3.220838342880756322e-01
3.567843262854653030e-01
6.174122728043224262e-01
3.907670531874348763e-01
4.078517187031898139e-01
1.697023590236727830e-01
4.277315041646251870e-01
3.113941967445150172e-01
4.856636142183821669e-01
3.869771109116216246e-01
4.713792098580404932e-01
2.572312509318618878e-01
4.494806421152022780e-01
2.882981041621264784e-01
3.600389518413594780e-01
3.936103242052250151e-01
4.243626062322942705e-01
4.214667925716080732e-01
4.814978753541075962e-01
2.766656174588185135e-01
2.624387813895427413e-01
2.600566572237956731e-01
5.883144475920679684e-01
3.701605288007548400e-01
4.935118845033485968e-01
3.832216151916192359e-01
3.970052610279238836e-01
2.296243798724305063e-01
4.107919851578604731e-01
2.029631129560256209e-01
4.464918497519489438e-01
4.555511046744519232e-01
4.211033811114805459e-01
3.513253012048191959e-01
5.391651898962162015e-01
3.703047484053860194e-01
2.541168132738567675e-01
2.799626292772026681e-01
4.632253429511765663e-01
2.788014804315300799e-01
5.803391713073298153e-01
5.714534051856706709e-01
4.405386250885896526e-01
2.025531914893612673e-01
3.818262411347513874e-01
3.063829787234037538e-01
4.626477541371159519e-01
4.458628841607565341e-01
3.319148936170212005e-01
3.649132672786471465e-01
5.411347517730494827e-01
2.535966149506344580e-01
3.992849284928491338e-01
2.273953553052423804e-01
4.517952127659571882e-01
4.589440504334114657e-01
5.051684802979724553e-01
4.765957446808506970e-01
4.653733833959114441e-01
1.092966439501082271e-01
1.713477470195975960e-01
1.060820367751052207e-01
9.724186704384565894e-02
1.712467165083819964e-01
2.574257425742562111e-01
1.697312588401678479e-01
2.545968882602541172e-01
1.713477470195972352e-01
2.397454031117372542e-01
2.063884959924537355e-01
3.366336633663372102e-01
3.042304230423011346e-01
2.333804809052328066e-01
1.466963022832855346e-01
2.003182461103254486e-01
6.849868660335280135e-02
1.713028445701691438e-01
3.689002828854285876e-01
3.758335017175165049e-01
2.885431400282859049e-01
2.280763790664779300e-01
2.592902147357591947e-01
3.399339933993378859e-01
1.842796524550396886e-01
1.550429768251537221e-01
2.192362093352167862e-01
1.527581329561517876e-01
5.410183875529862851e-02
3.577714914348553710e-01
3.253182461103238943e-01
3.373408769448373312e-01
1.212366134572631232e-01
2.746110325318257828e-01
1.564710042432796155e-01
2.333804809052296980e-01
2.298444130127275387e-01
2.102353092452079186e-01
1.343705799151320990e-01
2.312588401697310003e-01
2.074493163602051382e-01
1.985855728429978817e-01
1.336633663366308955e-01
1.485148514851448998e-01
2.174681753889643188e-01
2.290627558996491397e-01
1.027817067421030878e-01
3.672070503753644966e-01
2.404526166902367368e-01
2.452616690240411457e-01
2.003182461103190093e-01
2.164073550212165520e-01
3.118026088323090361e-01
3.534047282279243474e-01
1.923620933521913434e-01
3.267326732673251355e-01
2.269369794122259587e-01
1.558816595945308192e-01
1.237623762376229980e-01
2.625782986461893675e-01
2.623119454802603778e-01
4.856199905704853270e-01
2.054960598100620539e-01
4.500450045004494304e-01
