2.129402129402127308e-01
8.185328185328176465e-02
1.351351351351350039e-01
1.801801801801800051e-01
8.725868725868723974e-02
2.270270270270269009e-01
2.972972972972973138e-01
1.441441441441440041e-01
1.909909909909907888e-01
2.290540540540539904e-01
3.093093093093091106e-01
1.715315315315316669e-01
1.788697788697788116e-01
3.513513513513513709e-01
2.491634491634493187e-01
1.855855855855855496e-01
2.326898326898326763e-01
2.182182182182181018e-01
2.891891891891889554e-01
3.397683397683396445e-01
3.675675675675672549e-01
1.627027027027026229e-01
1.606879606879605960e-01
2.474474474474472885e-01
1.760617760617759486e-01
1.738045738045737310e-01
2.702702702702700077e-01
2.675675675675676102e-01
0.000000000000000000e+00
6.286286286286282832e-02
1.841841841841840022e-01
4.010810810810812033e-01
7.722007722007713515e-02
1.908108108108109435e-01
2.126126126126124949e-01
3.243243243243243423e-01
2.702702702702700077e-01
2.678132678132676969e-01
2.702702702702700077e-01
1.472972972972972083e-01
1.849849849849850292e-01
3.185585585585584134e-01
1.816216216216215984e-01
1.765765765765764939e-01
2.216216216216216062e-01
1.716453295400664214e-01
1.527527527527526574e-01
4.365904365904367812e-01
1.670761670761670981e-01
2.940540540540541037e-01
1.855855855855857994e-01
1.225225225225224368e-01
3.587587587587584004e-01
1.364221364221362975e-01
2.450450450450448736e-01
1.783783783783781940e-01
2.738738738738739631e-01
1.899399399399398225e-01
1.126126126126125032e-01
2.908622908622908176e-01
3.063063063063063973e-01
4.021021021021017883e-01
3.490347490347489590e-01
2.457002457002454843e-01
3.139139139139136558e-01
3.607607607607607458e-01
3.603603603603600103e-01
2.402402402402400161e-01
2.459459459459457653e-01
3.276003276003273124e-01
3.822393822393818641e-01
2.244530244530243690e-01
3.227227227227225104e-01
2.545045045045043475e-01
4.183783783783782129e-01
1.741741741741741345e-01
4.299754299754298681e-01
3.879879879879878368e-01
4.455364455364455023e-01
2.782282282282280694e-01
3.243243243243240093e-01
3.403403403403399974e-01
1.824324324324322899e-01
2.724324324324322033e-01
2.648648648648647130e-01
2.543114543114541326e-01
1.196775723091512977e-01
2.123552123552122917e-01
3.299299299299296995e-01
2.657323990657322610e-01
2.978603603603600658e-01
3.934287228404872439e-01
2.378378378378376290e-01
3.487016428192899475e-01
3.063063063063060087e-01
4.309909909909908077e-01
4.702351287045581918e-01
4.325844772268117588e-01
4.723158672038291206e-01
5.452837879995274806e-01
2.477109221713538478e-01
3.884892086330927752e-01
4.046762589928058484e-01
4.170413669064742535e-01
4.985407900095021327e-01
3.318345323741006547e-01
3.905575539568341692e-01
3.237410071942440903e-01
3.700753682768067598e-01
4.478380182451975888e-01
3.807810894141828717e-01
4.382955174322075709e-01
2.809726244978041909e-01
4.211202466598150118e-01
3.567146282973616689e-01
4.211085676913012277e-01
2.129402129402127308e-01
8.185328185328176465e-02
1.351351351351350039e-01
1.801801801801800051e-01
8.725868725868723974e-02
2.270270270270269009e-01
2.972972972972973138e-01
1.441441441441440041e-01
1.909909909909907888e-01
2.290540540540539904e-01
3.093093093093091106e-01
1.715315315315316669e-01
1.788697788697788116e-01
3.513513513513513709e-01
2.491634491634493187e-01
1.855855855855855496e-01
2.326898326898326763e-01
2.182182182182181018e-01
2.891891891891889554e-01
3.397683397683396445e-01
3.675675675675672549e-01
1.627027027027026229e-01
1.606879606879605960e-01
2.474474474474472885e-01
1.760617760617759486e-01
1.738045738045737310e-01
2.702702702702700077e-01
2.675675675675676102e-01
0.000000000000000000e+00
6.286286286286282832e-02
1.841841841841840022e-01
4.010810810810812033e-01
7.722007722007713515e-02
1.908108108108109435e-01
2.126126126126124949e-01
3.243243243243243423e-01
2.702702702702700077e-01
2.678132678132676969e-01
2.702702702702700077e-01
1.472972972972972083e-01
1.849849849849850292e-01
3.185585585585584134e-01
1.816216216216215984e-01
1.765765765765764939e-01
2.216216216216216062e-01
1.716453295400664214e-01
1.527527527527526574e-01
4.365904365904367812e-01
1.670761670761670981e-01
2.940540540540541037e-01
1.855855855855857994e-01
1.225225225225224368e-01
3.587587587587584004e-01
1.364221364221362975e-01
2.450450450450448736e-01
1.783783783783781940e-01
2.738738738738739631e-01
1.899399399399398225e-01
1.126126126126125032e-01
2.908622908622908176e-01
3.063063063063063973e-01
4.021021021021017883e-01
3.490347490347489590e-01
2.457002457002454843e-01
2.477109221713538478e-01
3.884892086330927752e-01
4.046762589928058484e-01
4.170413669064742535e-01
4.985407900095021327e-01
3.318345323741006547e-01
3.905575539568341692e-01
3.237410071942440903e-01
3.700753682768067598e-01
4.478380182451975888e-01
3.807810894141828717e-01
4.382955174322075709e-01
2.809726244978041909e-01
4.211202466598150118e-01
3.567146282973616689e-01
4.211085676913012277e-01
2.915125651967754306e-01
3.871369345053550237e-01
4.204204204204200490e-01
2.882882882882880082e-01
3.747747747747743885e-01
3.163163163163161817e-01
3.394494840861621010e-01
5.549549549549547267e-01
3.363363363363360281e-01
4.248764893926181840e-01
4.219138056975891837e-01
4.309336891426439053e-01
4.451510333863269997e-01
4.125944584382870151e-01
3.842077371489132087e-01
3.006006006006002873e-01
2.422488851136122001e-01
3.816564767864166763e-01
4.377858002406736504e-01
3.140794223826715581e-01
4.004443210219378324e-01
2.544481027677851781e-01
3.700141417867837124e-01
5.985731156277656062e-01
4.175229103026937283e-01
3.786627095745389027e-01
3.110719880842287566e-01
4.848653151902246883e-01
3.673285198555956699e-01
4.439435837462989975e-01
3.645463881211223334e-01
2.871097897642809205e-01
2.842866660321688999e-01
4.372111713883863326e-01
4.089581304771170434e-01
3.433544303797466113e-01
3.431786216596340866e-01
3.095840867992766254e-01
4.759895519389188978e-01
4.767179023508137381e-01
4.008438818565400186e-01
3.342630336837591476e-01
3.417721518987342222e-01
5.520795660036162955e-01
3.662447257383962262e-01
4.385946555569046335e-01
3.619292411925808528e-01
2.815809868251092363e-01
2.826086956521739468e-01
4.156817222456734573e-01
2.998475960432478993e-01
3.931159420289851991e-01
4.366729678638936463e-01
2.746240129780500028e-01
4.323913043478256890e-01
5.101636441419657997e-01
3.564958592132502213e-01
3.203324808184143113e-01
4.311156321436431793e-01
4.608993448481236710e-01
3.319243156199677136e-01
5.133773692863710103e-01
4.451736395952966552e-01
3.347826086956519065e-01
2.591651542649725526e-01
4.684664246823951883e-01
4.231267824734250560e-01
3.115547489413187932e-01
3.756805807622500826e-01
3.121597096188747922e-01
3.655067211140359262e-01
5.011494252873565092e-01
3.884794667472141194e-01
4.025489209538014590e-01
3.347923561439093976e-01
3.858325771324861986e-01
4.129864892115341912e-01
3.036071818877340567e-01
4.556749965098424449e-01
4.867086580548737329e-01
2.129402129402116206e-01
8.185328185327861439e-02
1.351351351351322838e-01
1.801801801801783398e-01
8.725868725868386744e-02
2.270270270270242086e-01
2.972972972972968142e-01
1.441441441441422833e-01
1.909909909909887071e-01
2.290540540540530745e-01
3.093093093093056134e-01
1.715315315315272260e-01
1.788697788697763413e-01
3.513513513513510933e-01
2.491634491634475979e-01
1.855855855855840231e-01
2.326898326898305946e-01
2.182182182182152985e-01
2.891891891891889554e-01
3.397683397683364803e-01
3.675675675675681986e-01
1.627027027027005412e-01
1.606879606879589306e-01
2.474474474474437913e-01
1.760617760617738947e-01
1.738045738045718436e-01
2.702702702702676207e-01
2.675675675675653897e-01
0.000000000000000000e+00
6.286286286286105196e-02
1.841841841841825866e-01
4.010810810810808147e-01
7.722007722007559471e-02
1.908108108108083623e-01
2.126126126126123284e-01
3.243243243243242313e-01
2.702702702702693971e-01
2.678132678132676969e-01
2.702702702702676207e-01
1.472972972972956540e-01
1.849849849849835859e-01
3.185585585585573032e-01
1.816216216216221813e-01
1.765765765765748285e-01
2.216216216216185531e-01
1.716453295400651169e-01
1.527527527527517692e-01
4.365904365904333950e-01
1.670761670761644890e-01
2.940540540540504399e-01
1.855855855855810810e-01
1.225225225225212849e-01
3.587587587587577898e-01
1.364221364221358812e-01
2.450450450450433471e-01
1.783783783783769450e-01
2.738738738738721867e-01
1.899399399399381017e-01
1.126126126126102828e-01
2.908622908622887637e-01
3.063063063063037883e-01
4.021021021020994568e-01
3.490347490347464610e-01
2.457002457002451512e-01
