1.363636363636363813e-01
2.271428571428571186e-01
0.000000000000000000e+00
2.500000000000000000e-01
1.614285714285715601e-01
2.100000000000001033e-01
3.000000000000003220e-01
2.000000000000000111e-01
7.571428571428572007e-02
4.943750000000003975e-01
8.583333333333335868e-02
3.570000000000005946e-01
8.272727272727278813e-02
2.250000000000002276e-01
5.185714285714293492e-01
1.931250000000001577e-01
0.000000000000000000e+00
2.422222222222223387e-01
7.356250000000001954e-01
4.285714285714288252e-01
5.950000000000001954e-01
1.290000000000000868e-01
1.981818181818182645e-01
1.716666666666667174e-01
8.142857142857146124e-02
2.630769230769232081e-01
2.000000000000000111e-01
3.375000000000003553e-01
0.000000000000000000e+00
2.616666666666667140e-01
2.555555555555555358e-01
7.950000000000011224e-02
2.857142857142856984e-01
8.825000000000014777e-02
7.375000000000002387e-02
2.250000000000002276e-01
3.125000000000000000e-01
3.468181818181820253e-01
2.500000000000000000e-01
2.043750000000001121e-01
7.333333333333343085e-02
1.560000000000000830e-01
6.300000000000005596e-02
2.100000000000001033e-01
6.150000000000006573e-01
9.526315789473695228e-02
1.211111111111111693e-01
2.596153846153849698e-01
2.318181818181820897e-01
3.060000000000003273e-01
0.000000000000000000e+00
8.500000000000001998e-02
4.266666666666666385e-01
2.271428571428571186e-01
1.700000000000000400e-01
8.250000000000000389e-02
5.066666666666672647e-01
1.916666666666667074e-01
1.250000000000000000e-01
1.614285714285715601e-01
0.000000000000000000e+00
4.291666666666668073e-01
1.614285714285715601e-01
2.727272727272727626e-01
2.800000000000000266e-01
3.533333333333336657e-01
5.000000000000000278e-02
2.916666666666667407e-01
2.100000000000000755e-01
3.409090909090909394e-01
4.339285714285713857e-01
3.892857142857145125e-01
1.377777777777778323e-01
4.708333333333334925e-01
1.935000000000001164e-01
9.666666666666673402e-02
2.863636363636365423e-01
6.233333333333337389e-01
1.236363636363637386e-01
2.725000000000001310e-01
6.749999999999999334e-01
4.999999999999999445e-01
1.012500000000000205e-01
2.520000000000000573e-01
1.575000000000000566e-01
2.985714285714287097e-01
0.000000000000000000e+00
2.357142857142858761e-01
5.150000000000001243e-01
1.340740740740741233e-01
3.234374999999999889e-01
3.411764705882354143e-01
2.200000000000000289e-01
6.220588235294124413e-01
1.499999999999999944e-01
6.240000000000003322e-01
4.900772673722246786e-01
5.384995429063939021e-01
4.136665874178432345e-01
4.763828352773787911e-01
2.284034373586611710e-01
4.378109452736311802e-01
4.477611940298505955e-01
4.284825870646760682e-01
6.924809912700647940e-01
3.824626865671637010e-01
4.019900497512436388e-01
2.985074626865670822e-01
3.176972281449889079e-01
5.221418679796892004e-01
2.160625444207533441e-01
4.925373134328351887e-01
2.365445499773854154e-01
4.235963041933189510e-01
3.946932006633497303e-01
2.969244685662592587e-01
1.363636363636363813e-01
2.271428571428571186e-01
0.000000000000000000e+00
2.500000000000000000e-01
1.614285714285715601e-01
2.100000000000001033e-01
3.000000000000003220e-01
2.000000000000000111e-01
7.571428571428572007e-02
4.943750000000003975e-01
8.583333333333335868e-02
3.570000000000005946e-01
8.272727272727278813e-02
2.250000000000002276e-01
5.185714285714293492e-01
1.931250000000001577e-01
0.000000000000000000e+00
2.422222222222223387e-01
7.356250000000001954e-01
4.285714285714288252e-01
5.950000000000001954e-01
1.290000000000000868e-01
1.981818181818182645e-01
1.716666666666667174e-01
8.142857142857146124e-02
2.630769230769232081e-01
2.000000000000000111e-01
3.375000000000003553e-01
0.000000000000000000e+00
2.616666666666667140e-01
2.555555555555555358e-01
7.950000000000011224e-02
2.857142857142856984e-01
8.825000000000014777e-02
7.375000000000002387e-02
2.250000000000002276e-01
3.125000000000000000e-01
3.468181818181820253e-01
2.500000000000000000e-01
2.043750000000001121e-01
7.333333333333343085e-02
1.560000000000000830e-01
6.300000000000005596e-02
2.100000000000001033e-01
6.150000000000006573e-01
9.526315789473695228e-02
1.211111111111111693e-01
2.596153846153849698e-01
2.318181818181820897e-01
3.060000000000003273e-01
0.000000000000000000e+00
8.500000000000001998e-02
4.266666666666666385e-01
2.271428571428571186e-01
1.700000000000000400e-01
8.250000000000000389e-02
5.066666666666672647e-01
1.916666666666667074e-01
1.250000000000000000e-01
1.614285714285715601e-01
0.000000000000000000e+00
4.291666666666668073e-01
1.614285714285715601e-01
2.727272727272727626e-01
2.284034373586611710e-01
4.378109452736311802e-01
4.477611940298505955e-01
4.284825870646760682e-01
6.924809912700647940e-01
3.824626865671637010e-01
4.019900497512436388e-01
2.985074626865670822e-01
3.176972281449889079e-01
5.221418679796892004e-01
2.160625444207533441e-01
4.925373134328351887e-01
2.365445499773854154e-01
4.235963041933189510e-01
3.946932006633497303e-01
2.969244685662592587e-01
1.952631578947368884e-01
5.493117408906882382e-01
3.666666666666666963e-01
4.000000000000000222e-01
3.200000000000000067e-01
4.388888888888891060e-01
5.142214532871975941e-01
4.550000000000002376e-01
5.333333333333333259e-01
3.290322580645163031e-01
2.772972972972974071e-01
3.489896670493685682e-01
4.632352941176469674e-01
4.726700251889172089e-01
2.205882352941176405e-01
2.383333333333333415e-01
2.248004729530001800e-01
4.013232931666157466e-01
5.376884422110551620e-01
3.015075376884421288e-01
5.175879396984920389e-01
3.523007120344992527e-01
3.722994534717379289e-01
5.917612292590631595e-01
3.749516814843446566e-01
3.695779511052192379e-01
2.727035374174391347e-01
4.499420177812135657e-01
3.869346733668340144e-01
4.829347169215521540e-01
2.012099734604882173e-01
2.248004729530001800e-01
2.190324295587453562e-01
6.105499438832771020e-01
4.188034188034183702e-01
3.093434343434344203e-01
4.792368125701462200e-01
4.863636363636364979e-01
3.757014590347921290e-01
4.905303030303032052e-01
5.059483726150393323e-01
3.176254066084578942e-01
2.181818181818182822e-01
5.020202020202021442e-01
2.969696969696966615e-01
2.604936288681872769e-01
5.083785115820598222e-01
2.359307359307356300e-01
2.741116751269033203e-01
4.875404963050769536e-01
3.957843848199176784e-01
2.842639593908626305e-01
5.932465239461486295e-01
3.562183525925367578e-01
4.349238578680201250e-01
4.848952983031514785e-01
5.166787527193619223e-01
3.241266049567034235e-01
1.727744490883548201e-01
4.922884361310062573e-01
1.367738296672303122e-01
5.278376040406194125e-01
5.457331673211376355e-01
3.126903553299490990e-01
2.862244897959182466e-01
4.139030612244896656e-01
4.198250728862970571e-01
3.853741496598637739e-01
5.867346938775509502e-01
3.265306122448976001e-01
4.068178405165940870e-01
4.819727891156465605e-01
3.355113554589679303e-01
4.658095911631978669e-01
2.913165266106442775e-01
3.440688775510207797e-01
2.902494331065756383e-01
4.633196599488736966e-01
3.390894819466244159e-01
3.784513805522211061e-01
1.363636363636363535e-01
2.271428571428575904e-01
0.000000000000000000e+00
2.499999999999999722e-01
1.614285714285718376e-01
2.100000000000003253e-01
3.000000000000008771e-01
1.999999999999999833e-01
7.571428571428580334e-02
4.943750000000017852e-01
8.583333333333353909e-02
3.570000000000013718e-01
8.272727272727291303e-02
2.250000000000002831e-01
5.185714285714297933e-01
1.931250000000006017e-01
0.000000000000000000e+00
2.422222222222223387e-01
7.356250000000018607e-01
4.285714285714299354e-01
5.950000000000024158e-01
1.290000000000000591e-01
1.981818181818185698e-01
1.716666666666667451e-01
8.142857142857180819e-02
2.630769230769234857e-01
2.000000000000000111e-01
3.375000000000011879e-01
0.000000000000000000e+00
2.616666666666676022e-01
2.555555555555562575e-01
7.950000000000005673e-02
2.857142857142856984e-01
8.825000000000036982e-02
7.375000000000024591e-02
2.250000000000003386e-01
3.125000000000000000e-01
3.468181818181825249e-01
2.500000000000000000e-01
2.043750000000000566e-01
7.333333333333363901e-02
1.560000000000004439e-01
6.300000000000029188e-02
2.099999999999999922e-01
6.150000000000009903e-01
9.526315789473722984e-02
1.211111111111115163e-01
2.596153846153853584e-01
2.318181818181820342e-01
3.060000000000001052e-01
0.000000000000000000e+00
8.500000000000011713e-02
4.266666666666666385e-01
2.271428571428573406e-01
1.700000000000007894e-01
8.250000000000000389e-02
5.066666666666667096e-01
1.916666666666670127e-01
1.250000000000000000e-01
1.614285714285718654e-01
0.000000000000000000e+00
4.291666666666680285e-01
1.614285714285718654e-01
2.727272727272727071e-01
