1.755209816857709049e-01
2.167112250946614527e-01
1.494622745363699823e-01
1.562367685663474948e-01
1.520099681840725026e-01
2.596324836988737617e-01
2.263527817766102235e-01
1.531035650774819901e-01
1.667009423805081159e-01
3.188860191379457865e-01
2.250317554407645915e-01
1.696976882039117063e-01
1.815810745271317361e-01
2.918960115166397973e-01
2.397662799559646951e-01
1.513294944533827291e-01
1.908326579001489443e-01
1.891175280624007027e-01
3.508828012532806961e-01
2.462044687465972936e-01
3.705478872046739092e-01
2.036209670590225507e-01
2.782500250194380187e-01
2.375335196319192099e-01
3.061587409118945446e-01
3.341649459017561608e-01
2.513337285121509668e-01
2.023456685578796099e-01
1.446777881276979094e-01
2.136054421768695255e-01
3.047016870371936359e-01
1.847302904564303849e-01
2.327522591727856915e-01
2.238944872554819721e-01
1.573799644339050618e-01
2.687780506393427915e-01
2.614531289694300153e-01
3.087937551482304310e-01
3.487170801930730146e-01
2.912143280548726287e-01
1.862985858243710602e-01
2.890405622830046206e-01
1.574866627148784060e-01
2.114997036158861032e-01
1.725548310610534042e-01
2.523356405239539080e-01
1.450174537311456624e-01
1.925845346118014167e-01
1.646356015057847400e-01
1.651486154627812286e-01
1.273435515284952468e-01
1.917520535185023300e-01
2.261777740141695803e-01
2.120948913056623086e-01
3.227538318231853443e-01
1.735371326954017468e-01
2.542843970229851092e-01
1.903844525362007600e-01
2.169955118977049957e-01
1.216626543919277353e-01
1.531189616548233601e-01
2.482908516103522756e-01
1.634927355648837788e-01
1.448817927774654624e-01
2.192978989659484512e-01
2.996057620835330115e-01
2.357523922432039898e-01
2.021057385609841828e-01
1.780082987551858953e-01
3.824124897035386939e-01
2.900451229691631272e-01
2.302287601466195266e-01
2.965798214168095526e-01
4.138580743500714365e-01
3.475975950546187909e-01
2.151240579219232119e-01
3.567925850083524253e-01
3.199706438592034852e-01
2.713739135790113610e-01
2.506012363451597946e-01
4.507240240494531092e-01
4.350730610363088835e-01
1.909137098822929202e-01
3.352459988144635972e-01
3.967397747480728709e-01
3.961675719487559033e-01
1.763316114827665759e-01
2.700664142361147713e-01
3.519876553664332830e-01
3.476457065075904684e-01
2.931238885595727761e-01
4.022814104895069409e-01
2.937928698450328335e-01
2.282655800909568489e-01
2.056058938098059841e-01
3.219781522567533583e-01
4.639934901543590895e-01
5.570296030519374941e-01
5.144113072917783080e-01
3.896073671507958025e-01
2.666095463321351278e-01
4.056498323341120038e-01
4.036683263895946006e-01
3.713841750499605743e-01
4.555594327160336077e-01
4.074238729126442027e-01
4.899815398164140134e-01
4.003658164820648735e-01
4.084394249519743836e-01
5.719922017815221027e-01
3.696827171067592066e-01
3.408776468932953607e-01
2.375420704350686973e-01
4.215373647341942309e-01
3.389673587824180157e-01
2.315436654934670269e-01
1.755209816857709049e-01
2.167112250946614527e-01
1.494622745363699823e-01
1.562367685663474948e-01
1.520099681840725026e-01
2.596324836988737617e-01
2.263527817766102235e-01
1.531035650774819901e-01
1.667009423805081159e-01
3.188860191379457865e-01
2.250317554407645915e-01
1.696976882039117063e-01
1.815810745271317361e-01
2.918960115166397973e-01
2.397662799559646951e-01
1.513294944533827291e-01
1.908326579001489443e-01
1.891175280624007027e-01
3.508828012532806961e-01
2.462044687465972936e-01
3.705478872046739092e-01
2.036209670590225507e-01
2.782500250194380187e-01
2.375335196319192099e-01
3.061587409118945446e-01
3.341649459017561608e-01
2.513337285121509668e-01
2.023456685578796099e-01
1.446777881276979094e-01
2.136054421768695255e-01
3.047016870371936359e-01
1.847302904564303849e-01
2.327522591727856915e-01
2.238944872554819721e-01
1.573799644339050618e-01
2.687780506393427915e-01
2.614531289694300153e-01
3.087937551482304310e-01
3.487170801930730146e-01
2.912143280548726287e-01
1.862985858243710602e-01
2.890405622830046206e-01
1.574866627148784060e-01
2.114997036158861032e-01
1.725548310610534042e-01
2.523356405239539080e-01
1.450174537311456624e-01
1.925845346118014167e-01
1.646356015057847400e-01
1.651486154627812286e-01
1.273435515284952468e-01
1.917520535185023300e-01
2.261777740141695803e-01
2.120948913056623086e-01
3.227538318231853443e-01
1.735371326954017468e-01
2.542843970229851092e-01
1.903844525362007600e-01
2.169955118977049957e-01
1.216626543919277353e-01
1.531189616548233601e-01
2.482908516103522756e-01
1.634927355648837788e-01
1.448817927774654624e-01
2.666095463321351278e-01
4.056498323341120038e-01
4.036683263895946006e-01
3.713841750499605743e-01
4.555594327160336077e-01
4.074238729126442027e-01
4.899815398164140134e-01
4.003658164820648735e-01
4.084394249519743836e-01
5.719922017815221027e-01
3.696827171067592066e-01
3.408776468932953607e-01
2.375420704350686973e-01
4.215373647341942309e-01
3.389673587824180157e-01
2.315436654934670269e-01
2.828921741223238695e-01
5.051047206726858585e-01
3.601772659271173516e-01
2.602534789849547114e-01
4.647302904564312165e-01
4.783959503580129113e-01
4.569475923149341479e-01
3.836395969176051857e-01
3.888559573206873399e-01
4.654951526856226929e-01
4.314400606042575470e-01
3.930826368687445060e-01
3.182119320757347269e-01
3.388087001055635761e-01
3.780765418200470740e-01
2.157896519603691443e-01
2.811761517831166124e-01
3.877570094258426803e-01
4.224860555969555675e-01
2.659372671228235063e-01
4.141083833177858220e-01
4.493561216274803982e-01
4.593094085799510062e-01
4.210665898583036970e-01
4.746551463576052510e-01
4.062277773090507416e-01
3.705042333953194045e-01
3.764637063363435732e-01
2.541155748255536917e-01
3.680200152623198107e-01
2.909981957576545097e-01
2.492702351586252030e-01
2.467077963696391596e-01
5.174985462572473383e-01
4.360185992216883410e-01
2.868354419660243959e-01
4.719178301313358137e-01
4.571371712141998334e-01
4.922372959820241478e-01
3.943270159036630362e-01
4.585661046782603667e-01
4.051122226250695180e-01
4.077231847975206769e-01
4.203986924783626455e-01
2.234100570770450045e-01
3.756085356489001770e-01
3.365512101358210106e-01
2.167863131228813245e-01
2.716371396632905055e-01
4.784329930676300413e-01
3.490345210270006104e-01
2.780224247146095284e-01
4.729602950294778396e-01
4.436541060034261963e-01
5.040743877239931559e-01
4.275706996463344289e-01
4.182313316912417700e-01
4.017294767234488306e-01
4.066269832318133437e-01
4.048611784599124297e-01
2.532801508530651002e-01
3.970889119310132553e-01
4.380559282071666005e-01
2.314284746451676089e-01
2.779729340627697942e-01
4.370712725055468928e-01
3.860561788781157744e-01
3.335580359411257079e-01
4.348785871964674365e-01
3.922020290984227775e-01
5.153174944397550528e-01
4.050507274605779084e-01
3.550919373783165689e-01
5.156771825452390878e-01
3.703959793975005743e-01
3.491577886553413612e-01
3.454322702302918824e-01
3.585958093701615002e-01
3.741024815871110687e-01
2.777511539837219656e-01
1.755209816857696004e-01
2.167112250946616470e-01
1.494622745363687610e-01
1.562367685663456351e-01
1.520099681840716976e-01
2.596324836988709306e-01
2.263527817766095851e-01
1.531035650774790202e-01
1.667009423805048129e-01
3.188860191379453979e-01
2.250317554407628706e-01
1.696976882039077927e-01
1.815810745271321247e-01
2.918960115166395197e-01
2.397662799559652780e-01
1.513294944533815078e-01
1.908326579001451140e-01
1.891175280623996202e-01
3.508828012532804186e-01
2.462044687465972381e-01
3.705478872046730210e-01
2.036209670590201637e-01
2.782500250194366864e-01
2.375335196319165731e-01
3.061587409118948222e-01
3.341649459017569379e-01
2.513337285121510778e-01
2.023456685578791936e-01
1.446777881276958555e-01
2.136054421768695810e-01
3.047016870371930808e-01
1.847302904564306625e-01
2.327522591727858303e-01
2.238944872554828602e-01
1.573799644339039239e-01
2.687780506393402935e-01
2.614531289694289606e-01
3.087937551482300980e-01
3.487170801930724595e-01
2.912143280548713520e-01
1.862985858243675352e-01
2.890405622830035659e-01
1.574866627148776566e-01
2.114997036158859922e-01
1.725548310610514335e-01
2.523356405239543521e-01
1.450174537311447742e-01
1.925845346118006951e-01
1.646356015057852951e-01
1.651486154627814784e-01
1.273435515284948027e-01
1.917520535184992492e-01
2.261777740141693582e-01
2.120948913056607266e-01
3.227538318231870096e-01
1.735371326954001647e-01
2.542843970229820560e-01
1.903844525361999551e-01
2.169955118977010267e-01
1.216626543919286096e-01
1.531189616548233046e-01
2.482908516103512764e-01
1.634927355648807534e-01
1.448817927774645464e-01
