1.744305356043500121e-01
2.047664525091160703e-01
1.885635527001212619e-01
1.367424900156274936e-01
1.275395033860040606e-01
2.166608786247612994e-01
2.210670255252647209e-01
1.610522660184059984e-01
1.804442735593974612e-01
2.973877843375588026e-01
2.149931990507599477e-01
1.890692828616080123e-01
1.562179355633079303e-01
2.656711234589327897e-01
2.791407238359825960e-01
1.545380057301607712e-01
1.821992905514348560e-01
1.243391985491303087e-01
2.876937185275209585e-01
2.117183042690932715e-01
2.700989755165824624e-01
1.405582566417776236e-01
2.518567775339777270e-01
2.235631185969780277e-01
3.343958524545417865e-01
2.891227109407349394e-01
2.732679284598020231e-01
2.139043236673029702e-01
1.505469699600608946e-01
1.741718276706980539e-01
3.799608342497721170e-01
1.725559993054341379e-01
2.592215910500328402e-01
2.486293193262708034e-01
1.831264108352133047e-01
2.969265497482203586e-01
2.336017537766962582e-01
2.649765584302822830e-01
3.835301267581169848e-01
3.312206980378531451e-01
2.050124442900954636e-01
3.275395033860041827e-01
1.761243271401273791e-01
2.364125716270179256e-01
2.033447647160958605e-01
2.431617331225253975e-01
1.829600046304328542e-01
2.115000601065885610e-01
1.563165953685130005e-01
1.691439486021877880e-01
1.140171904844568401e-01
2.077400590380267531e-01
1.839825587003904028e-01
1.834023764046329164e-01
3.088426810210092577e-01
1.830070324709137386e-01
3.042580694950899334e-01
2.163280662151990663e-01
2.813530994964399956e-01
1.506647979559940786e-01
1.512849453030039037e-01
2.377221161081194412e-01
1.846519733088569648e-01
1.529226980694245730e-01
2.240551021589396730e-01
3.031872817425861899e-01
2.593766278867850050e-01
1.911862591885158391e-01
1.809558951206801103e-01
3.677544239056648179e-01
2.949033190286005635e-01
2.490914841366308752e-01
3.169917616870200350e-01
4.271755802512006150e-01
3.295559124848064791e-01
2.093968860334544935e-01
3.580167011318255432e-01
3.229872084273887611e-01
2.809673396580847360e-01
2.304744023846732881e-01
4.612128841812807023e-01
4.266269221122488964e-01
1.679002430977598048e-01
3.322842507379748511e-01
4.063530994964397181e-01
3.871827946320042790e-01
1.715598468301323676e-01
2.639967256220074887e-01
3.661467075688293882e-01
3.599792273607163029e-01
2.965670580830003233e-01
3.973678028252452532e-01
2.869855877756549711e-01
2.517351357976768123e-01
1.990362910227470028e-01
3.218961625282167893e-01
4.495461709220024416e-01
4.807915088842177886e-01
5.793283912281078640e-01
4.175974245662867901e-01
2.696373146962425249e-01
3.693269376858464015e-01
4.007770277602928366e-01
3.663859527271937644e-01
3.605549683459673416e-01
3.342657304712087218e-01
4.881969917305142848e-01
4.235669481040950646e-01
4.572257483724069815e-01
5.707047601061607800e-01
4.143920672473188627e-01
3.808270821054881572e-01
2.380877213208507648e-01
3.853077879514184567e-01
4.104283781535097986e-01
2.382493789500061132e-01
1.744305356043500121e-01
2.047664525091160703e-01
1.885635527001212619e-01
1.367424900156274936e-01
1.275395033860040606e-01
2.166608786247612994e-01
2.210670255252647209e-01
1.610522660184059984e-01
1.804442735593974612e-01
2.973877843375588026e-01
2.149931990507599477e-01
1.890692828616080123e-01
1.562179355633079303e-01
2.656711234589327897e-01
2.791407238359825960e-01
1.545380057301607712e-01
1.821992905514348560e-01
1.243391985491303087e-01
2.876937185275209585e-01
2.117183042690932715e-01
2.700989755165824624e-01
1.405582566417776236e-01
2.518567775339777270e-01
2.235631185969780277e-01
3.343958524545417865e-01
2.891227109407349394e-01
2.732679284598020231e-01
2.139043236673029702e-01
1.505469699600608946e-01
1.741718276706980539e-01
3.799608342497721170e-01
1.725559993054341379e-01
2.592215910500328402e-01
2.486293193262708034e-01
1.831264108352133047e-01
2.969265497482203586e-01
2.336017537766962582e-01
2.649765584302822830e-01
3.835301267581169848e-01
3.312206980378531451e-01
2.050124442900954636e-01
3.275395033860041827e-01
1.761243271401273791e-01
2.364125716270179256e-01
2.033447647160958605e-01
2.431617331225253975e-01
1.829600046304328542e-01
2.115000601065885610e-01
1.563165953685130005e-01
1.691439486021877880e-01
1.140171904844568401e-01
2.077400590380267531e-01
1.839825587003904028e-01
1.834023764046329164e-01
3.088426810210092577e-01
1.830070324709137386e-01
3.042580694950899334e-01
2.163280662151990663e-01
2.813530994964399956e-01
1.506647979559940786e-01
1.512849453030039037e-01
2.377221161081194412e-01
1.846519733088569648e-01
1.529226980694245730e-01
2.696373146962425249e-01
3.693269376858464015e-01
4.007770277602928366e-01
3.663859527271937644e-01
3.605549683459673416e-01
3.342657304712087218e-01
4.881969917305142848e-01
4.235669481040950646e-01
4.572257483724069815e-01
5.707047601061607800e-01
4.143920672473188627e-01
3.808270821054881572e-01
2.380877213208507648e-01
3.853077879514184567e-01
4.104283781535097986e-01
2.382493789500061132e-01
2.702771862805127823e-01
4.434107009412481260e-01
3.899693233779006896e-01
2.595936794582386908e-01
4.288939051918735923e-01
3.752033853613987446e-01
4.603495596782168353e-01
3.644947039416565615e-01
4.048735312843659839e-01
4.665908619888087805e-01
4.920688182539199040e-01
4.544010159110010716e-01
3.141055432417800830e-01
3.416387360840963394e-01
4.157495173794462651e-01
2.357881866064705789e-01
2.671349975166207869e-01
3.490256531646293015e-01
4.291984111480106057e-01
2.771374617438301380e-01
3.905560481063501399e-01
3.632102093465213732e-01
4.552412253149303312e-01
4.131355422623247398e-01
4.806895043269333034e-01
3.951436386596149930e-01
4.333620950157253127e-01
4.228707196083631437e-01
2.540426732651775432e-01
3.852647191850214758e-01
3.268512953906627660e-01
2.587195977564041849e-01
2.348691350690592095e-01
4.595325953259528085e-01
4.583292982251088166e-01
2.983394833948337932e-01
4.141403178737671498e-01
3.835695680486215786e-01
4.895002773557144415e-01
3.845968092033856256e-01
4.819509763725088880e-01
4.036878908170940528e-01
4.643976557412634598e-01
4.677338832211845876e-01
2.399479053614062274e-01
3.601614266506415474e-01
3.830831497657737339e-01
2.265692993064383209e-01
2.613905229112849504e-01
4.274425712301337388e-01
3.603089086177497791e-01
2.897610106579259770e-01
4.206393623175816998e-01
3.697705706772851375e-01
4.984314832099676629e-01
4.073160650333367827e-01
4.320150209468404112e-01
3.890475029144262464e-01
4.784418607937783174e-01
4.698515062427207623e-01
2.630751939723264821e-01
3.864653012875790550e-01
4.922358054386834492e-01
2.401962273980333129e-01
2.598267778067200884e-01
4.082280541807763452e-01
3.956387452089457080e-01
3.410378860235592224e-01
4.108925935573495281e-01
3.212642181123556151e-01
5.018121451808157385e-01
3.956064947468955761e-01
3.571988327061252910e-01
4.982201300359259122e-01
4.341816956008764938e-01
4.118056460015626086e-01
3.550307275235640714e-01
3.590396739683624494e-01
4.203017612759729071e-01
2.856161479960571126e-01
1.744305356043482358e-01
2.047664525091154875e-01
1.885635527001202627e-01
1.367424900156258283e-01
1.275395033860034777e-01
2.166608786247592178e-01
2.210670255252619731e-01
1.610522660184040555e-01
1.804442735593937142e-01
2.973877843375567487e-01
2.149931990507583657e-01
1.890692828616053756e-01
1.562179355633063482e-01
2.656711234589316795e-01
2.791407238359817633e-01
1.545380057301618260e-01
1.821992905514317473e-01
1.243391985491299756e-01
2.876937185275223463e-01
2.117183042690933825e-01
2.700989755165810191e-01
1.405582566417770130e-01
2.518567775339788373e-01
2.235631185969761681e-01
3.343958524545437294e-01
2.891227109407346618e-01
2.732679284598000802e-01
2.139043236673038029e-01
1.505469699600568700e-01
1.741718276706985258e-01
3.799608342497732827e-01
1.725559993054345265e-01
2.592215910500300646e-01
2.486293193262719692e-01
1.831264108352124997e-01
2.969265497482171390e-01
2.336017537766955365e-01
2.649765584302821164e-01
3.835301267581164852e-01
3.312206980378534227e-01
2.050124442900974064e-01
3.275395033860031280e-01
1.761243271401253807e-01
2.364125716270166488e-01
2.033447647160957217e-01
2.431617331225258694e-01
1.829600046304301619e-01
2.115000601065886443e-01
1.563165953685139997e-01
1.691439486021862892e-01
1.140171904844528294e-01
2.077400590380241996e-01
1.839825587003888763e-01
1.834023764046327776e-01
3.088426810210091467e-01
1.830070324709151264e-01
3.042580694950863252e-01
2.163280662151984834e-01
2.813530994964370535e-01
1.506647979559928852e-01
1.512849453030007119e-01
2.377221161081207734e-01
1.846519733088577142e-01
1.529226980694245730e-01
