1.496420941793472903e-01
2.094601689656808985e-01
1.367078739280537525e-01
1.458959795077399979e-01
1.553338742780767112e-01
2.432342131640485294e-01
2.629468760441027730e-01
1.746296915023939911e-01
1.649372344995456430e-01
3.136791402160585829e-01
2.141292645803157813e-01
1.707005234435908236e-01
1.816885864998122324e-01
2.956899432008013306e-01
2.387157335369823330e-01
1.456843746519654037e-01
1.966843269215461931e-01
1.891054435658511002e-01
3.533299922040316621e-01
2.623263806023578559e-01
3.631362067045319497e-01
1.919411961242896147e-01
2.597839403051559470e-01
2.489252700746176772e-01
2.931029545129098524e-01
3.238530931147030056e-01
2.637264728811670178e-01
1.987637821583685682e-01
1.459739391914455509e-01
2.218683100073010339e-01
2.940070039969799875e-01
2.298496491814225329e-01
2.036497860086228517e-01
2.382425659873030066e-01
1.488306047444035440e-01
2.799866354827922899e-01
2.547611092549275091e-01
3.006165902256782152e-01
3.280988974273300052e-01
2.892220737275854603e-01
1.898058432639118387e-01
2.812250807439581335e-01
1.411693952555956866e-01
2.185989531128187113e-01
1.744292237442905402e-01
2.592974249857852853e-01
1.313756790535933194e-01
2.235986532678810867e-01
1.545626664236751102e-01
2.103842298696953772e-01
1.365074061699504404e-01
1.730482236329199119e-01
2.584994617069453771e-01
2.175552479595231348e-01
3.309499944314506781e-01
1.889074507183413076e-01
2.479068443652475973e-01
1.778130452537401429e-01
2.093774362401149836e-01
1.351980016864743617e-01
1.635128430985423875e-01
2.990162230389417641e-01
1.725931936423080182e-01
1.510595429740100026e-01
2.058135649849645865e-01
3.150709680612790997e-01
2.539258269295019965e-01
1.915580799643608334e-01
1.889742733043760781e-01
3.748645830169375914e-01
3.110114075700442515e-01
2.476445038422984135e-01
3.078095803789082097e-01
4.090099120169277125e-01
3.479652522552620364e-01
2.045513605820989678e-01
3.663396409804694498e-01
3.299402309091577501e-01
2.828255829258159437e-01
2.403608419645833494e-01
4.448379552288669325e-01
4.234572026085555163e-01
1.760608085532910094e-01
3.313130638155692420e-01
3.933845639826261120e-01
3.785913162458434678e-01
1.830850932878469728e-01
2.688177175313828382e-01
3.624902550395357470e-01
3.634439205883676638e-01
2.798474217618883708e-01
3.915227033011667301e-01
3.003897984185318615e-01
2.601822553277908789e-01
2.058135649849640036e-01
3.416861565875931039e-01
4.527147455496889350e-01
5.585047256853439279e-01
4.988563633221452243e-01
4.152192791773646752e-01
2.428592545195359109e-01
4.260513186029936117e-01
3.955808980755518012e-01
3.697935228082676051e-01
4.669029639989782376e-01
3.943976078047042311e-01
4.849106824661439941e-01
4.193023877405558375e-01
4.009403743678512377e-01
5.517624236723959186e-01
3.626221871499842875e-01
3.494229398541585097e-01
2.431191625551924196e-01
4.502479805179376293e-01
3.306901876930383732e-01
2.539029595671610795e-01
1.496420941793472903e-01
2.094601689656808985e-01
1.367078739280537525e-01
1.458959795077399979e-01
1.553338742780767112e-01
2.432342131640485294e-01
2.629468760441027730e-01
1.746296915023939911e-01
1.649372344995456430e-01
3.136791402160585829e-01
2.141292645803157813e-01
1.707005234435908236e-01
1.816885864998122324e-01
2.956899432008013306e-01
2.387157335369823330e-01
1.456843746519654037e-01
1.966843269215461931e-01
1.891054435658511002e-01
3.533299922040316621e-01
2.623263806023578559e-01
3.631362067045319497e-01
1.919411961242896147e-01
2.597839403051559470e-01
2.489252700746176772e-01
2.931029545129098524e-01
3.238530931147030056e-01
2.637264728811670178e-01
1.987637821583685682e-01
1.459739391914455509e-01
2.218683100073010339e-01
2.940070039969799875e-01
2.298496491814225329e-01
2.036497860086228517e-01
2.382425659873030066e-01
1.488306047444035440e-01
2.799866354827922899e-01
2.547611092549275091e-01
3.006165902256782152e-01
3.280988974273300052e-01
2.892220737275854603e-01
1.898058432639118387e-01
2.812250807439581335e-01
1.411693952555956866e-01
2.185989531128187113e-01
1.744292237442905402e-01
2.592974249857852853e-01
1.313756790535933194e-01
2.235986532678810867e-01
1.545626664236751102e-01
2.103842298696953772e-01
1.365074061699504404e-01
1.730482236329199119e-01
2.584994617069453771e-01
2.175552479595231348e-01
3.309499944314506781e-01
1.889074507183413076e-01
2.479068443652475973e-01
1.778130452537401429e-01
2.093774362401149836e-01
1.351980016864743617e-01
1.635128430985423875e-01
2.990162230389417641e-01
1.725931936423080182e-01
1.510595429740100026e-01
2.428592545195359109e-01
4.260513186029936117e-01
3.955808980755518012e-01
3.697935228082676051e-01
4.669029639989782376e-01
3.943976078047042311e-01
4.849106824661439941e-01
4.193023877405558375e-01
4.009403743678512377e-01
5.517624236723959186e-01
3.626221871499842875e-01
3.494229398541585097e-01
2.431191625551924196e-01
4.502479805179376293e-01
3.306901876930383732e-01
2.539029595671610795e-01
2.675459112197466904e-01
4.898221506201529962e-01
3.649998143817053675e-01
2.592716338122280084e-01
4.581356498496487739e-01
4.689823580123168023e-01
4.506932939642711577e-01
4.128744849092327307e-01
3.739094925195826646e-01
4.633104483939229912e-01
4.002420061223939118e-01
4.162213170186997435e-01
3.300446139030284720e-01
3.692388873786949799e-01
3.839023079997109789e-01
2.222214797490440208e-01
2.684919247691946453e-01
3.747303132964189265e-01
4.191592046450157150e-01
2.705038535216287010e-01
4.165024622101285989e-01
4.446608803242532160e-01
4.548887636592359729e-01
4.366938113433691537e-01
4.597187905870580016e-01
4.054983231120286025e-01
3.466321713903979806e-01
3.985559146159669552e-01
2.560475787410343429e-01
3.939915576264602648e-01
3.052416776428271139e-01
2.624024171971100494e-01
2.460986181176995080e-01
4.939646616522738176e-01
4.231600266616854511e-01
2.927906355111042913e-01
4.518719820214486260e-01
4.704920588955963656e-01
4.713602962104952443e-01
4.260505535384131459e-01
4.405103162994150057e-01
3.967426439338941901e-01
3.971844162787069865e-01
4.271735014367493699e-01
2.338686803436315076e-01
3.905475693716640162e-01
3.527748477934446458e-01
2.259191962263708553e-01
2.667735899492113538e-01
4.528463611594760185e-01
3.435578722266770524e-01
2.856633698654548192e-01
4.585149285822205378e-01
4.410462799167118031e-01
4.973215717722533347e-01
4.590623474002202276e-01
4.011691551787778254e-01
3.982630207923851806e-01
3.865197694726958955e-01
4.193197921587149546e-01
2.607294543942494935e-01
4.360110775940552186e-01
4.427044193275598838e-01
2.386349460928446631e-01
2.658439330823547109e-01
4.269814662181725673e-01
3.704210516266382980e-01
3.479910598263938337e-01
4.266185501176922856e-01
3.909024080550663749e-01
5.114124342947607982e-01
4.226519049846664822e-01
3.349702503028884060e-01
5.032879972633380605e-01
3.630860109520180901e-01
3.612242710120069922e-01
3.621215833908799642e-01
3.870930700194295526e-01
3.722658130891409178e-01
2.901813150022212184e-01
1.496420941793458192e-01
2.094601689656813703e-01
1.367078739280516986e-01
1.458959795077399424e-01
1.553338742780746573e-01
2.432342131640496119e-01
2.629468760441008857e-01
1.746296915023939078e-01
1.649372344995431172e-01
3.136791402160572506e-01
2.141292645803120620e-01
1.707005234435907404e-01
1.816885864998107614e-01
2.956899432008008866e-01
2.387157335369790023e-01
1.456843746519653482e-01
1.966843269215473589e-01
1.891054435658486299e-01
3.533299922040302188e-01
2.623263806023562461e-01
3.631362067045326714e-01
1.919411961242892539e-01
2.597839403051550589e-01
2.489252700746145686e-01
2.931029545129116842e-01
3.238530931147028946e-01
2.637264728811652970e-01
1.987637821583676800e-01
1.459739391914436635e-01
2.218683100072996184e-01
2.940070039969782112e-01
2.298496491814213949e-01
2.036497860086204093e-01
2.382425659873040891e-01
1.488306047444024061e-01
2.799866354827907911e-01
2.547611092549251222e-01
3.006165902256765499e-01
3.280988974273271741e-01
2.892220737275838505e-01
1.898058432639125603e-01
2.812250807439569122e-01
1.411693952555947151e-01
2.185989531128171015e-01
1.744292237442915117e-01
2.592974249857821767e-01
1.313756790535911267e-01
2.235986532678820304e-01
1.545626664236728065e-01
2.103842298696949331e-01
1.365074061699470542e-01
1.730482236329198009e-01
2.584994617069458767e-01
2.175552479595236621e-01
3.309499944314505115e-01
1.889074507183391982e-01
2.479068443652439613e-01
1.778130452537391992e-01
2.093774362401128186e-01
1.351980016864718914e-01
1.635128430985397507e-01
2.990162230389405429e-01
1.725931936423056312e-01
1.510595429740097806e-01
