1.846743251071045477e-01
2.187694332038533362e-01
1.328780518579262548e-01
1.951769604441349892e-01
1.649828311868550557e-01
2.296385086114435259e-01
2.242760709103517325e-01
1.608731310327420061e-01
1.815117568066900444e-01
3.310477256955389747e-01
1.889838706285611181e-01
1.869345782600451977e-01
2.452956796531333972e-01
3.032931676234937868e-01
2.480916030534345562e-01
1.620441927954063555e-01
2.174310769036653102e-01
1.738235933239397069e-01
3.560816352280610775e-01
2.855160107068492881e-01
3.619645448236704643e-01
1.892151914705690052e-01
2.550570368373654140e-01
2.306794524004791014e-01
3.000081112503034664e-01
3.145106108326088390e-01
2.394170714781400089e-01
1.814081130528041041e-01
1.335246987571749033e-01
2.520205525063258789e-01
3.010851050406910256e-01
1.820610687022901353e-01
2.108925079084685572e-01
2.115639391836471039e-01
1.595877231720396749e-01
2.715916976846882713e-01
2.783736041890100266e-01
2.850637470535261064e-01
3.258469497192600373e-01
3.012783105166859654e-01
1.656257228776306101e-01
2.745820452968258940e-01
1.375181376569293845e-01
1.929846697369249076e-01
1.771812503942961914e-01
2.494114600108242596e-01
1.218675302644765812e-01
2.003634810713218195e-01
1.925602629028280444e-01
1.801779067566699200e-01
1.600135638130073812e-01
1.973377074001629594e-01
2.462936092360092366e-01
2.321439837053984045e-01
3.126301179736284963e-01
1.832061068702287299e-01
2.360033366279020717e-01
1.919568691775485891e-01
2.062172733581475181e-01
1.339212487720461975e-01
1.608731310327422837e-01
2.469244842596674538e-01
1.746577502996657927e-01
1.605863696583518241e-01
2.363117644172463561e-01
3.065001156604212906e-01
2.208062582802339802e-01
2.350009463125350417e-01
1.944199104157464664e-01
3.430382941139352715e-01
2.737546977658011360e-01
2.475553592833245886e-01
3.181292452631791501e-01
4.289214140012195808e-01
3.153586524509487954e-01
2.555254137488690569e-01
3.658358233779339108e-01
3.514184173448572368e-01
3.002965112611192255e-01
2.217683426913122369e-01
4.516749731878109686e-01
4.198823768566999903e-01
1.726783799129390784e-01
3.129928711122327289e-01
3.865213551195508246e-01
3.715853889344519767e-01
1.901366010445962595e-01
2.977842767919102740e-01
3.335646541753404248e-01
3.362213389971880906e-01
3.040324742918421586e-01
3.764542597052695228e-01
2.928521859819567252e-01
2.415694686176784456e-01
2.286921960759569772e-01
3.254305722036461845e-01
4.876523286127437684e-01
5.402839358217581545e-01
4.769910694059478207e-01
4.164800236278035639e-01
2.800623973068221417e-01
3.969340440967727979e-01
4.071381257294258704e-01
4.106275431347187199e-01
4.786387098655623396e-01
3.852277386998073649e-01
4.628994101504588232e-01
4.102135444595145786e-01
3.950129400402245805e-01
5.572801819464221484e-01
3.386971039243693582e-01
3.302890529651399398e-01
2.656637435680427317e-01
4.408926299599104093e-01
3.331756195523026265e-01
2.445839653832585503e-01
1.846743251071045477e-01
2.187694332038533362e-01
1.328780518579262548e-01
1.951769604441349892e-01
1.649828311868550557e-01
2.296385086114435259e-01
2.242760709103517325e-01
1.608731310327420061e-01
1.815117568066900444e-01
3.310477256955389747e-01
1.889838706285611181e-01
1.869345782600451977e-01
2.452956796531333972e-01
3.032931676234937868e-01
2.480916030534345562e-01
1.620441927954063555e-01
2.174310769036653102e-01
1.738235933239397069e-01
3.560816352280610775e-01
2.855160107068492881e-01
3.619645448236704643e-01
1.892151914705690052e-01
2.550570368373654140e-01
2.306794524004791014e-01
3.000081112503034664e-01
3.145106108326088390e-01
2.394170714781400089e-01
1.814081130528041041e-01
1.335246987571749033e-01
2.520205525063258789e-01
3.010851050406910256e-01
1.820610687022901353e-01
2.108925079084685572e-01
2.115639391836471039e-01
1.595877231720396749e-01
2.715916976846882713e-01
2.783736041890100266e-01
2.850637470535261064e-01
3.258469497192600373e-01
3.012783105166859654e-01
1.656257228776306101e-01
2.745820452968258940e-01
1.375181376569293845e-01
1.929846697369249076e-01
1.771812503942961914e-01
2.494114600108242596e-01
1.218675302644765812e-01
2.003634810713218195e-01
1.925602629028280444e-01
1.801779067566699200e-01
1.600135638130073812e-01
1.973377074001629594e-01
2.462936092360092366e-01
2.321439837053984045e-01
3.126301179736284963e-01
1.832061068702287299e-01
2.360033366279020717e-01
1.919568691775485891e-01
2.062172733581475181e-01
1.339212487720461975e-01
1.608731310327422837e-01
2.469244842596674538e-01
1.746577502996657927e-01
1.605863696583518241e-01
2.800623973068221417e-01
3.969340440967727979e-01
4.071381257294258704e-01
4.106275431347187199e-01
4.786387098655623396e-01
3.852277386998073649e-01
4.628994101504588232e-01
4.102135444595145786e-01
3.950129400402245805e-01
5.572801819464221484e-01
3.386971039243693582e-01
3.302890529651399398e-01
2.656637435680427317e-01
4.408926299599104093e-01
3.331756195523026265e-01
2.445839653832585503e-01
3.199333264711837765e-01
5.017667480503955613e-01
3.396210544024560463e-01
2.939877610245406614e-01
4.673522175257079914e-01
4.642422373164913352e-01
4.401822421123703921e-01
3.848653081824490174e-01
3.797867642420033607e-01
4.400658552121468614e-01
3.967249060934000537e-01
3.935068292764544728e-01
3.345214812945550009e-01
3.542736697714085614e-01
3.817721650517499898e-01
2.320032384917880830e-01
3.034001525281259104e-01
3.811423683905614812e-01
4.468881107851485623e-01
2.731144127945491218e-01
4.111372366316999871e-01
4.316358124751760728e-01
4.344329402059740608e-01
4.444630635863593415e-01
4.968710038266202500e-01
3.729297308846094006e-01
3.264476439177874112e-01
3.853045159943993547e-01
2.605911485442095055e-01
4.064850188258566921e-01
2.846786320758414868e-01
2.665531055802652372e-01
2.823393657645686394e-01
5.062460567823336977e-01
4.311429264741565848e-01
3.101143533123028040e-01
4.770101647388713673e-01
4.465646687697161221e-01
4.521819137749735762e-01
4.142803627760253127e-01
4.363799509288470713e-01
3.867795273485536423e-01
3.742523659305994066e-01
4.244321766561511278e-01
2.491735015772867379e-01
3.822890308880738663e-01
3.510120756911218054e-01
2.243202643833555332e-01
2.837313479920501313e-01
5.022066192597288703e-01
3.416318475821927270e-01
3.078330546704939885e-01
4.802126524358878434e-01
4.208480968450864501e-01
4.828581343260037739e-01
4.377730392422025663e-01
4.195715953184638858e-01
3.695561003037762804e-01
3.713934232611166841e-01
4.106764527812334364e-01
2.805030652912287037e-01
4.145427838148810773e-01
4.304873613654853770e-01
2.448531499416381207e-01
2.860685216732913316e-01
4.529978232065108856e-01
3.937156918417564766e-01
3.570025448503583720e-01
4.566429007087724479e-01
3.720108524197108246e-01
4.884982295227245919e-01
4.110396029192168732e-01
3.687200101878263525e-01
4.790292440184774625e-01
3.274233915914778192e-01
3.623592182472084033e-01
3.589430808813731666e-01
3.799358710628056301e-01
3.816013628620100739e-01
2.937724777588492375e-01
1.846743251071043812e-01
2.187694332038511991e-01
1.328780518579261716e-01
1.951769604441342398e-01
1.649828311868550001e-01
2.296385086114429708e-01
2.242760709103500394e-01
1.608731310327420616e-01
1.815117568066871578e-01
3.310477256955378644e-01
1.889838706285596470e-01
1.869345782600419226e-01
2.452956796531320371e-01
3.032931676234921214e-01
2.480916030534352779e-01
1.620441927954065220e-01
2.174310769036656710e-01
1.738235933239400677e-01
3.560816352280613550e-01
2.855160107068500097e-01
3.619645448236686880e-01
1.892151914705680615e-01
2.550570368373654695e-01
2.306794524004779634e-01
3.000081112503029113e-01
3.145106108326095606e-01
2.394170714781368448e-01
1.814081130528022445e-01
1.335246987571761801e-01
2.520205525063264895e-01
3.010851050406889717e-01
1.820610687022896634e-01
2.108925079084657539e-01
2.115639391836448002e-01
1.595877231720357059e-01
2.715916976846872721e-01
2.783736041890083612e-01
2.850637470535249407e-01
3.258469497192581499e-01
3.012783105166854103e-01
1.656257228776278900e-01
2.745820452968252279e-01
1.375181376569284408e-01
1.929846697369216324e-01
1.771812503942968020e-01
2.494114600108222057e-01
1.218675302644762620e-01
2.003634810713225967e-01
1.925602629028274337e-01
1.801779067566667003e-01
1.600135638130078808e-01
1.973377074001608222e-01
2.462936092360086815e-01
2.321439837053968225e-01
3.126301179736282188e-01
1.832061068702255935e-01
2.360033366278982414e-01
1.919568691775470348e-01
2.062172733581438822e-01
1.339212487720450873e-01
1.608731310327393416e-01
2.469244842596665657e-01
1.746577502996629061e-01
1.605863696583520739e-01
