1.297025087446127545e-01
1.795992405403922243e-01
1.207834792618687619e-01
1.225276450273824896e-01
1.486627231909249947e-01
2.510203369728251088e-01
2.317996302368567629e-01
1.199986046673860024e-01
1.494899560968553087e-01
3.380106045278539750e-01
2.341426262485311605e-01
1.486098998848832120e-01
1.766110542055000787e-01
2.930198486064107821e-01
2.333544294335450908e-01
1.190175114242848636e-01
1.616143998325586806e-01
1.820870299957748906e-01
3.732514738200710114e-01
2.493658711609664513e-01
3.700422088115247754e-01
2.425471796839567540e-01
3.387487037677148760e-01
2.413285892024495116e-01
3.141591376844446448e-01
3.829866021235888152e-01
3.101126731084519750e-01
1.742421599748838756e-01
1.369867792234970849e-01
1.868156571822802425e-01
3.120118758309003426e-01
1.686119928838027138e-01
1.848815711445214172e-01
2.321153242404156158e-01
1.564167858513262621e-01
2.710433599609308186e-01
2.677294450064525155e-01
3.881783615623921047e-01
3.809258031883350215e-01
2.999049429657789090e-01
1.836722828804308871e-01
3.504517389332681421e-01
1.692189625702024414e-01
2.163463215543995066e-01
1.587539679771160228e-01
2.525552028464770338e-01
1.368821292775663778e-01
1.829361554829850578e-01
1.299244934784044292e-01
1.743468099208143052e-01
1.419227683399017781e-01
1.790909408030139649e-01
2.143230892664035325e-01
1.954462323527795808e-01
3.255659817909092868e-01
1.490738479785109483e-01
2.209276636318175391e-01
1.858699317449795663e-01
2.127882233927512468e-01
1.334585810463992384e-01
1.423239264659700576e-01
2.173753793560538328e-01
1.379635120521849612e-01
1.281169035032354575e-01
1.764630643829722956e-01
2.641752227687277355e-01
2.026720619527669909e-01
1.587190846618058426e-01
1.835036801897649561e-01
3.793560539993716674e-01
2.734727337057542007e-01
1.906572514937524276e-01
2.604930950415305646e-01
4.326141556493521279e-01
3.572958453971460946e-01
2.050208718503269689e-01
3.589493145428536147e-01
3.178567691073359569e-01
2.294434208481717363e-01
2.392268694550059860e-01
4.709247566888754011e-01
4.310027402782133366e-01
2.175672375902601430e-01
4.107405727840370280e-01
4.036348414553312947e-01
4.438752373311273813e-01
1.807249487307053537e-01
2.511972452147566703e-01
2.930276004542581303e-01
3.540449788051557856e-01
2.933468796874454942e-01
4.972390881911769034e-01
2.797293054731912476e-01
2.251923199251437968e-01
1.761607423169489761e-01
2.927686887361767853e-01
4.128488920644788340e-01
6.085727729695638022e-01
5.616837917566505078e-01
3.487341627907992736e-01
2.094638304349480395e-01
3.887261057625224225e-01
4.026266220175800936e-01
3.508005441607366381e-01
4.515329695064641546e-01
4.551503418445649318e-01
5.397376866192270528e-01
3.832670573461695596e-01
3.885699668453959088e-01
6.416772751399236752e-01
4.076920010364966096e-01
3.264722928808315716e-01
2.241324323785599537e-01
3.984698386121572344e-01
3.273336123901209316e-01
2.043393330542764563e-01
1.297025087446127545e-01
1.795992405403922243e-01
1.207834792618687619e-01
1.225276450273824896e-01
1.486627231909249947e-01
2.510203369728251088e-01
2.317996302368567629e-01
1.199986046673860024e-01
1.494899560968553087e-01
3.380106045278539750e-01
2.341426262485311605e-01
1.486098998848832120e-01
1.766110542055000787e-01
2.930198486064107821e-01
2.333544294335450908e-01
1.190175114242848636e-01
1.616143998325586806e-01
1.820870299957748906e-01
3.732514738200710114e-01
2.493658711609664513e-01
3.700422088115247754e-01
2.425471796839567540e-01
3.387487037677148760e-01
2.413285892024495116e-01
3.141591376844446448e-01
3.829866021235888152e-01
3.101126731084519750e-01
1.742421599748838756e-01
1.369867792234970849e-01
1.868156571822802425e-01
3.120118758309003426e-01
1.686119928838027138e-01
1.848815711445214172e-01
2.321153242404156158e-01
1.564167858513262621e-01
2.710433599609308186e-01
2.677294450064525155e-01
3.881783615623921047e-01
3.809258031883350215e-01
2.999049429657789090e-01
1.836722828804308871e-01
3.504517389332681421e-01
1.692189625702024414e-01
2.163463215543995066e-01
1.587539679771160228e-01
2.525552028464770338e-01
1.368821292775663778e-01
1.829361554829850578e-01
1.299244934784044292e-01
1.743468099208143052e-01
1.419227683399017781e-01
1.790909408030139649e-01
2.143230892664035325e-01
1.954462323527795808e-01
3.255659817909092868e-01
1.490738479785109483e-01
2.209276636318175391e-01
1.858699317449795663e-01
2.127882233927512468e-01
1.334585810463992384e-01
1.423239264659700576e-01
2.173753793560538328e-01
1.379635120521849612e-01
1.281169035032354575e-01
2.094638304349480395e-01
3.887261057625224225e-01
4.026266220175800936e-01
3.508005441607366381e-01
4.515329695064641546e-01
4.551503418445649318e-01
5.397376866192270528e-01
3.832670573461695596e-01
3.885699668453959088e-01
6.416772751399236752e-01
4.076920010364966096e-01
3.264722928808315716e-01
2.241324323785599537e-01
3.984698386121572344e-01
3.273336123901209316e-01
2.043393330542764563e-01
2.456005713519854861e-01
4.909366697411994274e-01
3.483680422320666881e-01
2.086022255555166904e-01
4.515296333763559877e-01
5.162498110487087066e-01
5.265603856139278172e-01
3.648097115149824821e-01
3.641818118393966852e-01
5.444272778523580048e-01
4.524837391897078009e-01
3.976910809690606396e-01
2.826779715967731033e-01
3.177544037110227593e-01
3.693527503442161630e-01
1.998651178474664947e-01
2.451828565096588197e-01
3.525371177933250832e-01
4.309960696760390397e-01
2.224935463615428932e-01
3.866735720150909494e-01
5.244558020675560428e-01
4.833990367795005239e-01
4.139036090633199105e-01
4.620187947125783401e-01
4.380118984076817878e-01
4.220784743439695563e-01
3.696150357700622169e-01
2.244819646968531091e-01
3.573564297408514667e-01
2.742818585916859675e-01
2.285367785570937005e-01
2.080292305856215607e-01
4.976413357365737644e-01
4.228796844181456627e-01
2.480769230769227507e-01
4.535069868403203697e-01
5.061643118785977835e-01
5.487664011473534220e-01
3.947344322344323864e-01
4.336182336182337616e-01
4.673677815324309148e-01
4.472213500784929519e-01
4.252817024245592603e-01
1.937321937321934973e-01
3.736513360440669174e-01
3.317652283645379230e-01
1.772711038017158736e-01
2.296260117220207120e-01
4.803848968279921805e-01
3.221311949284318410e-01
2.298004465531678087e-01
4.622553361890079371e-01
4.778539609587017511e-01
5.760452135082332337e-01
4.263796607587199139e-01
4.010256768071445710e-01
4.390155308564954173e-01
4.491072677237250566e-01
4.228367213515881184e-01
2.167662883368993709e-01
4.139216325412506392e-01
4.369539860662772779e-01
1.840357242534188809e-01
2.462547535149842148e-01
4.168265708404563230e-01
3.765531471633415950e-01
2.824477549453997538e-01
4.167277209875681065e-01
4.331716847503748191e-01
5.791799529092827026e-01
3.982811754991917863e-01
3.366009471379066142e-01
5.750807235417748631e-01
4.034661068139357987e-01
3.561909081394131205e-01
2.984567793554986914e-01
3.581337356842478892e-01
3.679039447800562801e-01
2.452516156307271711e-01
1.297025087446128100e-01
1.795992405403896708e-01
1.207834792618686093e-01
1.225276450273832668e-01
1.486627231909227465e-01
2.510203369728262746e-01
2.317996302368576789e-01
1.199986046673850032e-01
1.494899560968552532e-01
3.380106045278524762e-01
2.341426262485295506e-01
1.486098998848837949e-01
1.766110542054970534e-01
2.930198486064095054e-01
2.333544294335411218e-01
1.190175114242845306e-01
1.616143998325594855e-01
1.820870299957725313e-01
3.732514738200717885e-01
2.493658711609649803e-01
3.700422088115250530e-01
2.425471796839545335e-01
3.387487037677142099e-01
2.413285892024491786e-01
3.141591376844454775e-01
3.829866021235887596e-01
3.101126731084518640e-01
1.742421599748827932e-01
1.369867792234918114e-01
1.868156571822796874e-01
3.120118758309000095e-01
1.686119928838023252e-01
1.848815711445193632e-01
2.321153242404122852e-01
1.564167858513230425e-01
2.710433599609295419e-01
2.677294450064518494e-01
3.881783615623925487e-01
3.809258031883333007e-01
2.999049429657795196e-01
1.836722828804278618e-01
3.504517389332671429e-01
1.692189625702005540e-01
2.163463215543990625e-01
1.587539679771133028e-01
2.525552028464765342e-01
1.368821292775637133e-01
1.829361554829865844e-01
1.299244934784026528e-01
1.743468099208148048e-01
1.419227683399018058e-01
1.790909408030127159e-01
2.143230892664030329e-01
1.954462323527763890e-01
3.255659817909106746e-01
1.490738479785116144e-01
2.209276636318162623e-01
1.858699317449778454e-01
2.127882233927511080e-01
1.334585810463990996e-01
1.423239264659715564e-01
2.173753793560538605e-01
1.379635120521826019e-01
1.281169035032345971e-01
