1.584661866244081729e-01
1.919265167996119514e-01
1.189221977460650087e-01
1.524438910704587480e-01
1.370877629856650515e-01
2.413561919356379259e-01
2.131021932765062299e-01
1.468569421830600019e-01
1.392313270485855126e-01
2.908605497557698594e-01
2.060679585820856530e-01
1.641222105162320755e-01
1.827643352401512600e-01
2.825399865913217901e-01
2.367452488130576682e-01
1.520847300705547023e-01
1.721327550271134488e-01
1.593007623081369450e-01
3.147008587938567303e-01
2.331467976521127139e-01
3.120710021390025735e-01
2.013887558662952604e-01
2.951563329879575703e-01
2.455277804382291484e-01
2.994787034629953770e-01
3.541511644183803487e-01
2.653002585959189918e-01
1.861890623503485442e-01
1.587491619576666124e-01
2.082885490605043965e-01
3.683661633091760979e-01
1.878172588832482393e-01
1.865356812200971437e-01
2.152507741914881090e-01
1.582223924911400348e-01
2.720045972607977869e-01
2.390415988251437529e-01
3.201481339590709352e-01
3.578839830156749779e-01
3.510319892730571767e-01
1.662250316593770205e-01
3.220636592918941776e-01
1.536634421990225319e-01
2.391214123806775227e-01
1.642722600006386313e-01
2.645945387364589951e-01
1.674204613578237355e-01
2.083133799444499001e-01
1.647932248449437420e-01
1.888707978163004231e-01
1.266002617884610937e-01
1.948408517702638343e-01
2.129496607037070222e-01
1.953106115542656840e-01
3.278102352903617400e-01
1.880566995498509919e-01
2.566520164451387420e-01
2.016223435388258822e-01
2.605912588193974866e-01
1.613100368966658982e-01
1.702205466212742824e-01
2.389511434622052233e-01
1.731634900871557581e-01
1.445350932947900291e-01
2.073875427002518645e-01
2.910321489001683748e-01
2.132618203875739915e-01
2.000659792059083508e-01
1.940906043482417132e-01
3.899980554515556919e-01
2.699864544994312610e-01
2.217174964996053987e-01
2.837105854058245558e-01
4.365162979280398647e-01
3.393544679628385796e-01
2.175717523864245939e-01
3.528920079058950887e-01
3.093573412508382470e-01
2.644585883739213883e-01
2.450409177494705382e-01
4.712192318743406716e-01
4.356046497603810463e-01
1.876975385499470850e-01
3.547936021453879096e-01
3.955559812278512943e-01
4.135163116103638958e-01
1.850153830126500532e-01
2.671473723097129160e-01
3.087365691522380717e-01
3.497063452367853431e-01
2.886656769785777565e-01
4.317669218822472454e-01
2.665453500622539385e-01
2.387552090082269984e-01
2.167736168310820111e-01
3.137630495163290512e-01
4.194124293366903178e-01
5.537790504755442100e-01
5.391025869439294294e-01
4.170576869214637217e-01
2.378701779640357561e-01
3.782403269058863815e-01
3.651353594687776205e-01
3.669510598901798981e-01
4.021986878468016835e-01
4.000327225130889675e-01
5.004214021197801454e-01
4.410356276337631387e-01
3.839365525293243486e-01
5.981743190886867900e-01
3.885473484502979247e-01
3.637024449181260888e-01
2.465438724217931532e-01
4.156481261895635382e-01
3.800813008130080051e-01
2.366976817078971784e-01
1.584661866244081729e-01
1.919265167996119514e-01
1.189221977460650087e-01
1.524438910704587480e-01
1.370877629856650515e-01
2.413561919356379259e-01
2.131021932765062299e-01
1.468569421830600019e-01
1.392313270485855126e-01
2.908605497557698594e-01
2.060679585820856530e-01
1.641222105162320755e-01
1.827643352401512600e-01
2.825399865913217901e-01
2.367452488130576682e-01
1.520847300705547023e-01
1.721327550271134488e-01
1.593007623081369450e-01
3.147008587938567303e-01
2.331467976521127139e-01
3.120710021390025735e-01
2.013887558662952604e-01
2.951563329879575703e-01
2.455277804382291484e-01
2.994787034629953770e-01
3.541511644183803487e-01
2.653002585959189918e-01
1.861890623503485442e-01
1.587491619576666124e-01
2.082885490605043965e-01
3.683661633091760979e-01
1.878172588832482393e-01
1.865356812200971437e-01
2.152507741914881090e-01
1.582223924911400348e-01
2.720045972607977869e-01
2.390415988251437529e-01
3.201481339590709352e-01
3.578839830156749779e-01
3.510319892730571767e-01
1.662250316593770205e-01
3.220636592918941776e-01
1.536634421990225319e-01
2.391214123806775227e-01
1.642722600006386313e-01
2.645945387364589951e-01
1.674204613578237355e-01
2.083133799444499001e-01
1.647932248449437420e-01
1.888707978163004231e-01
1.266002617884610937e-01
1.948408517702638343e-01
2.129496607037070222e-01
1.953106115542656840e-01
3.278102352903617400e-01
1.880566995498509919e-01
2.566520164451387420e-01
2.016223435388258822e-01
2.605912588193974866e-01
1.613100368966658982e-01
1.702205466212742824e-01
2.389511434622052233e-01
1.731634900871557581e-01
1.445350932947900291e-01
2.378701779640357561e-01
3.782403269058863815e-01
3.651353594687776205e-01
3.669510598901798981e-01
4.021986878468016835e-01
4.000327225130889675e-01
5.004214021197801454e-01
4.410356276337631387e-01
3.839365525293243486e-01
5.981743190886867900e-01
3.885473484502979247e-01
3.637024449181260888e-01
2.465438724217931532e-01
4.156481261895635382e-01
3.800813008130080051e-01
2.366976817078971784e-01
2.575474218541272120e-01
4.570720044938580973e-01
3.294703572454740215e-01
2.549777054134873544e-01
4.290776745522456026e-01
4.745300164002073107e-01
4.832706921199550476e-01
3.745490534112315140e-01
3.435175430195060442e-01
4.900346339338401691e-01
4.469697165799071392e-01
4.528207869906135108e-01
3.202307644636243622e-01
3.437328184735775616e-01
4.101008279952146895e-01
2.323755706669220766e-01
2.550199634160538742e-01
3.511953540319443512e-01
4.017367984164486594e-01
2.503671540770064929e-01
3.789275662719241988e-01
4.392478147297279034e-01
4.728123435235386807e-01
4.514998673252536010e-01
4.430898901239234133e-01
4.193970955948168045e-01
4.045699416644458757e-01
3.892520862701563944e-01
2.456580039588785458e-01
3.982024894599501263e-01
2.945388445568649649e-01
2.793000221607061517e-01
2.267353835244218241e-01
4.609899641348183530e-01
4.043490113538960595e-01
2.860979853772228632e-01
4.169974706356046612e-01
4.714408863063121458e-01
4.980293661689532136e-01
4.179643849174670689e-01
4.366458665171987219e-01
4.212419439530560861e-01
4.327448038057531976e-01
4.445292295903702229e-01
2.188137884060746829e-01
3.828121447999471294e-01
3.767761223631496681e-01
2.280289658087301663e-01
2.536398467432947057e-01
4.376929658148268620e-01
3.101398467432946449e-01
2.706577266922089442e-01
4.235215725470593551e-01
4.438141087155863529e-01
5.223103448275863148e-01
4.490012037312484106e-01
3.750342090859328792e-01
4.090000751258357492e-01
4.416608488958703171e-01
4.558478979688235233e-01
2.568841350929473299e-01
4.190723922840625115e-01
4.741909443601047269e-01
2.349425287356320113e-01
2.346530859861425955e-01
4.047902231872020917e-01
3.669520555755745317e-01
3.347935757846670635e-01
4.097831986972759744e-01
3.739583000734376106e-01
5.468723784419513567e-01
4.206541290164646507e-01
3.367231443522771261e-01
5.444382499810053178e-01
3.836949192653208995e-01
3.725893227753122594e-01
3.374025706794950841e-01
3.844003360264264257e-01
3.944717755503539536e-01
2.982384307214377972e-01
1.584661866244083672e-01
1.919265167996112575e-01
1.189221977460650920e-01
1.524438910704571937e-01
1.370877629856632474e-01
2.413561919356358998e-01
2.131021932765023996e-01
1.468569421830597244e-01
1.392313270485857624e-01
2.908605497557699149e-01
2.060679585820853477e-01
1.641222105162285227e-01
1.827643352401513988e-01
2.825399865913192921e-01
2.367452488130574184e-01
1.520847300705525929e-01
1.721327550271104512e-01
1.593007623081366120e-01
3.147008587938565083e-01
2.331467976521132690e-01
3.120710021390035172e-01
2.013887558662950106e-01
2.951563329879573483e-01
2.455277804382286488e-01
2.994787034629935452e-01
3.541511644183786833e-01
2.653002585959179926e-01
1.861890623503481001e-01
1.587491619576663904e-01
2.082885490605054790e-01
3.683661633091774856e-01
1.878172588832460743e-01
1.865356812200970882e-01
2.152507741914855277e-01
1.582223924911398960e-01
2.720045972607957885e-01
2.390415988251431423e-01
3.201481339590703801e-01
3.578839830156740898e-01
3.510319892730557889e-01
1.662250316593730237e-01
3.220636592918941776e-01
1.536634421990203392e-01
2.391214123806745806e-01
1.642722600006344680e-01
2.645945387364583845e-01
1.674204613578230139e-01
2.083133799444499001e-01
1.647932248449441306e-01
1.888707978162972034e-01
1.266002617884564863e-01
1.948408517702636122e-01
2.129496607037045242e-01
1.953106115542647958e-01
3.278102352903591310e-01
1.880566995498512972e-01
2.566520164451396857e-01
2.016223435388257712e-01
2.605912588193968205e-01
1.613100368966642606e-01
1.702205466212748930e-01
2.389511434622026698e-01
1.731634900871560634e-01
1.445350932947906120e-01
