1.163965012581091030e-01
1.877735466244478402e-01
1.143179923070712506e-01
1.250773327595012530e-01
1.333043855840204961e-01
2.361137262285817051e-01
2.457164375823752689e-01
1.409473599268360189e-01
1.584466586483957717e-01
3.704407294832819386e-01
2.354950641525659916e-01
1.626059122575784222e-01
1.575460878793571440e-01
2.788014094735983273e-01
1.910974142999306014e-01
1.319464991796000519e-01
1.619626574033866673e-01
1.840594393785877914e-01
4.263220539580916402e-01
2.407018164072241284e-01
4.097156844285429478e-01
2.002124969739348392e-01
2.886608778154623467e-01
2.221041683478120199e-01
2.899949661657155175e-01
3.724511225923384239e-01
2.821637033649829762e-01
2.211447938241377364e-01
1.049439169378897641e-01
1.937906650766744454e-01
2.904274745735859198e-01
2.211125158027812954e-01
1.756078066700214046e-01
2.302566102697891359e-01
1.559230169190623794e-01
2.517685665868682476e-01
2.662936761976487654e-01
3.486319743145194217e-01
3.862603222422460458e-01
2.972234177044940084e-01
1.684554070168833018e-01
2.965274228689782632e-01
1.440406703069095906e-01
2.364903031444171022e-01
1.803130968071650631e-01
2.936535464060256451e-01
1.176025798507439046e-01
2.378952247150318555e-01
1.425857140411831703e-01
1.607768243806642350e-01
1.454528337412896444e-01
1.463270301530514295e-01
2.486603126783871742e-01
2.138418914920511560e-01
3.525566882750081898e-01
1.659897248298663197e-01
2.185102497661324528e-01
1.889497090495013687e-01
1.869435403609749913e-01
1.220147633521484754e-01
1.380129943489007971e-01
2.969084828433342649e-01
1.884498480243156360e-01
1.675033684071527418e-01
1.943136885708903472e-01
3.079323237485539488e-01
2.305188691933179879e-01
1.687871533474991637e-01
1.660704198832602674e-01
3.836071666988625228e-01
3.159211340344830754e-01
2.161244087166022398e-01
2.827674219125919652e-01
4.523809523809521616e-01
3.438658310245573113e-01
1.752517237360008140e-01
3.376354393112068197e-01
2.844231648599931939e-01
2.683770757579828081e-01
2.262465144219987789e-01
4.914328751647523696e-01
4.339600649146866385e-01
1.819269978750301942e-01
3.612878930521559173e-01
4.047260402937298274e-01
4.402491555839055382e-01
1.621354742533220872e-01
2.555151226372672224e-01
3.386203536834300754e-01
3.815541070295347947e-01
2.948311456007740583e-01
4.346267220878179960e-01
2.816795330446240642e-01
2.305346917528074413e-01
1.815638701347599970e-01
3.163891653441637808e-01
4.090974288457586150e-01
5.936717996452105517e-01
5.364408778857839843e-01
3.915990659135804020e-01
2.036260447283092245e-01
3.884017429662703913e-01
4.292861369627198331e-01
3.275256872343857983e-01
4.789914303143371077e-01
4.186514874388078677e-01
5.296129431384150044e-01
3.889396955188553218e-01
3.738654964917806911e-01
6.204206788961212915e-01
3.708798598249345990e-01
3.629690015186808894e-01
2.130215257871395651e-01
4.427605675655592044e-01
3.126131941829397576e-01
2.585766753554152864e-01
1.163965012581091030e-01
1.877735466244478402e-01
1.143179923070712506e-01
1.250773327595012530e-01
1.333043855840204961e-01
2.361137262285817051e-01
2.457164375823752689e-01
1.409473599268360189e-01
1.584466586483957717e-01
3.704407294832819386e-01
2.354950641525659916e-01
1.626059122575784222e-01
1.575460878793571440e-01
2.788014094735983273e-01
1.910974142999306014e-01
1.319464991796000519e-01
1.619626574033866673e-01
1.840594393785877914e-01
4.263220539580916402e-01
2.407018164072241284e-01
4.097156844285429478e-01
2.002124969739348392e-01
2.886608778154623467e-01
2.221041683478120199e-01
2.899949661657155175e-01
3.724511225923384239e-01
2.821637033649829762e-01
2.211447938241377364e-01
1.049439169378897641e-01
1.937906650766744454e-01
2.904274745735859198e-01
2.211125158027812954e-01
1.756078066700214046e-01
2.302566102697891359e-01
1.559230169190623794e-01
2.517685665868682476e-01
2.662936761976487654e-01
3.486319743145194217e-01
3.862603222422460458e-01
2.972234177044940084e-01
1.684554070168833018e-01
2.965274228689782632e-01
1.440406703069095906e-01
2.364903031444171022e-01
1.803130968071650631e-01
2.936535464060256451e-01
1.176025798507439046e-01
2.378952247150318555e-01
1.425857140411831703e-01
1.607768243806642350e-01
1.454528337412896444e-01
1.463270301530514295e-01
2.486603126783871742e-01
2.138418914920511560e-01
3.525566882750081898e-01
1.659897248298663197e-01
2.185102497661324528e-01
1.889497090495013687e-01
1.869435403609749913e-01
1.220147633521484754e-01
1.380129943489007971e-01
2.969084828433342649e-01
1.884498480243156360e-01
1.675033684071527418e-01
2.036260447283092245e-01
3.884017429662703913e-01
4.292861369627198331e-01
3.275256872343857983e-01
4.789914303143371077e-01
4.186514874388078677e-01
5.296129431384150044e-01
3.889396955188553218e-01
3.738654964917806911e-01
6.204206788961212915e-01
3.708798598249345990e-01
3.629690015186808894e-01
2.130215257871395651e-01
4.427605675655592044e-01
3.126131941829397576e-01
2.585766753554152864e-01
2.289984045030667992e-01
4.980601787625930088e-01
3.353327774340766343e-01
2.275600505688999964e-01
4.484493100572928270e-01
4.933077898621111013e-01
4.993032024022741600e-01
4.008661269064202060e-01
3.591826487702967086e-01
5.053592795406803839e-01
4.334414840910790767e-01
4.226843337672168688e-01
3.000431955874042766e-01
3.574329460354712662e-01
3.898283094069860399e-01
2.128376863831580035e-01
2.187401106343114243e-01
3.490897132885765197e-01
4.349921096047628666e-01
2.461265332472563072e-01
3.989670755326011342e-01
4.820919360903627160e-01
4.961455785774982474e-01
4.257098949085995621e-01
4.489848703050762779e-01
4.370838894675767028e-01
3.727867306908871359e-01
4.120545099402425082e-01
2.476597805035502808e-01
4.007495836617755436e-01
2.839433549092523212e-01
2.422720540766339359e-01
2.079467667150391164e-01
4.745722184861389525e-01
4.167192592209400526e-01
2.641123066577000245e-01
4.403048643801836248e-01
4.952078009414930260e-01
5.199641336023315130e-01
4.245544720914592451e-01
4.199323519888417122e-01
4.439637688593040532e-01
4.309831876260929451e-01
4.308702084734359339e-01
2.101914368975560943e-01
3.993809125495161316e-01
3.383896645910685064e-01
2.090152752425783467e-01
2.258029805778228871e-01
4.473753489335832167e-01
3.151399723821307619e-01
2.634368106741267201e-01
4.483919335861202282e-01
4.660921500417614105e-01
5.595814278797007768e-01
4.419415998701351489e-01
3.897213105934254629e-01
4.311370375879410299e-01
4.221261568954139398e-01
4.233057277475567037e-01
2.323771692281940693e-01
4.404227648912941162e-01
4.412457073365332882e-01
2.231021681820625213e-01
2.285691227503830192e-01
4.086971726790948889e-01
3.694847642874433125e-01
3.121799872667438414e-01
4.149606793461200205e-01
4.206278750706156089e-01
5.415712049164826958e-01
4.284973860956430847e-01
3.335392094380347228e-01
5.458424968475381611e-01
3.831750115912720411e-01
3.685966629004926443e-01
3.185107470475882496e-01
3.858812501553989804e-01
3.927416300913195712e-01
2.667749046192601226e-01
1.163965012581072711e-01
1.877735466244458973e-01
1.143179923070693077e-01
1.250773327595006423e-01
1.333043855840199965e-01
2.361137262285800398e-01
2.457164375823759628e-01
1.409473599268360744e-01
1.584466586483940509e-01
3.704407294832814390e-01
2.354950641525671573e-01
1.626059122575775617e-01
1.575460878793586983e-01
2.788014094735962733e-01
1.910974142999324055e-01
1.319464991795989695e-01
1.619626574033867783e-01
1.840594393785867366e-01
4.263220539580902524e-01
2.407018164072238231e-01
4.097156844285437249e-01
2.002124969739347837e-01
2.886608778154605148e-01
2.221041683478124362e-01
2.899949661657147404e-01
3.724511225923392566e-01
2.821637033649830317e-01
2.211447938241389299e-01
1.049439169378868220e-01
1.937906650766759165e-01
2.904274745735840324e-01
2.211125158027809623e-01
1.756078066700197393e-01
2.302566102697903849e-01
1.559230169190604087e-01
2.517685665868645284e-01
2.662936761976475442e-01
3.486319743145202543e-01
3.862603222422459348e-01
2.972234177044927317e-01
1.684554070168795270e-01
2.965274228689773195e-01
1.440406703069061212e-01
2.364903031444132997e-01
1.803130968071612605e-01
2.936535464060263112e-01
1.176025798507441406e-01
2.378952247150317445e-01
1.425857140411808666e-01
1.607768243806637354e-01
1.454528337412881733e-01
1.463270301530485429e-01
2.486603126783855089e-01
2.138418914920512948e-01
3.525566882750076347e-01
1.659897248298662364e-01
2.185102497661328413e-01
1.889497090495019238e-01
1.869435403609730206e-01
1.220147633521453390e-01
1.380129943489002697e-01
2.969084828433341539e-01
1.884498480243135821e-01
1.675033684071524365e-01
