1.317723660060509117e-01
1.743049422942221927e-01
1.522579859313612505e-01
1.210450988154324892e-01
1.248602489200544424e-01
2.059137001735731054e-01
2.219921434879247313e-01
1.546941137062620153e-01
1.452541185785192479e-01
3.135639026766943172e-01
2.310565689170396009e-01
1.732147751149548665e-01
1.355317540950464750e-01
2.667559913517452697e-01
2.695053355548489016e-01
1.289891592314014734e-01
1.528800685595957110e-01
1.342441744402820269e-01
3.115769359602911792e-01
2.150752806984721210e-01
2.490027101921490349e-01
1.606656719144917700e-01
2.709693850715195196e-01
2.300110640803099404e-01
3.595463582064880037e-01
3.281885750292219406e-01
2.996437163129200276e-01
2.002040257011473146e-01
1.452084411827389288e-01
1.907048191344286048e-01
3.622555836386948669e-01
1.752733030847467566e-01
2.222966594597885481e-01
2.542236365297354528e-01
1.841560339839811711e-01
2.822863059167448063e-01
2.576966411888300112e-01
2.842462814447344610e-01
4.314991321294799898e-01
3.335820213770210874e-01
1.951744368992149037e-01
3.638844057370810292e-01
1.987514845153628140e-01
2.583513505283341338e-01
1.704223636529723362e-01
2.535399981729035690e-01
1.818197197776356966e-01
2.292653903543397376e-01
1.289486724487785008e-01
1.627576966411875270e-01
1.176192941319758323e-01
1.785986174974863450e-01
1.905593281700949104e-01
1.816829292696396647e-01
3.230305429519763627e-01
1.713359115685602063e-01
2.751470981319632525e-01
2.139097820680687378e-01
2.919546880233862551e-01
1.504221896438459882e-01
1.421259090493832700e-01
2.190332632946591085e-01
1.990881921756793016e-01
1.467213318974936731e-01
1.906134643428711306e-01
2.915841935909532223e-01
2.320411705593949936e-01
1.641848614959850183e-01
1.790553914552813208e-01
3.768385151801205146e-01
2.857121106002003530e-01
2.337682111426745146e-01
2.752283023911270554e-01
4.395916440817320137e-01
3.464721824659696137e-01
1.807403798329217381e-01
3.493905528072218103e-01
3.188891257346447849e-01
2.695686116009508027e-01
2.370479206634383273e-01
4.648131794512619930e-01
4.222621476496433157e-01
1.905432564938029094e-01
3.610524071987570860e-01
4.313316483449547989e-01
4.374067419836170645e-01
1.704063364965598959e-01
2.759893506414402564e-01
3.241064993858923104e-01
3.715320424111800968e-01
3.086079052346294427e-01
4.344833886537347589e-01
2.783580498797153524e-01
2.252074738967114187e-01
1.754011997929290079e-01
3.087791954688023921e-01
4.015422726438249157e-01
5.146441829448711314e-01
6.172558385258868352e-01
3.996553555130202273e-01
2.197597165319454260e-01
3.598051157125455868e-01
3.939555420219240656e-01
3.417402557856267231e-01
3.679521062670927378e-01
3.477009744214370479e-01
5.266823995127889457e-01
4.199908647990255872e-01
4.347021634475958796e-01
6.204578273917900066e-01
4.481381590394987180e-01
3.798416565164430270e-01
2.132389230744894948e-01
3.886825010150218307e-01
4.039484368656107716e-01
2.315026021481562390e-01
1.317723660060509117e-01
1.743049422942221927e-01
1.522579859313612505e-01
1.210450988154324892e-01
1.248602489200544424e-01
2.059137001735731054e-01
2.219921434879247313e-01
1.546941137062620153e-01
1.452541185785192479e-01
3.135639026766943172e-01
2.310565689170396009e-01
1.732147751149548665e-01
1.355317540950464750e-01
2.667559913517452697e-01
2.695053355548489016e-01
1.289891592314014734e-01
1.528800685595957110e-01
1.342441744402820269e-01
3.115769359602911792e-01
2.150752806984721210e-01
2.490027101921490349e-01
1.606656719144917700e-01
2.709693850715195196e-01
2.300110640803099404e-01
3.595463582064880037e-01
3.281885750292219406e-01
2.996437163129200276e-01
2.002040257011473146e-01
1.452084411827389288e-01
1.907048191344286048e-01
3.622555836386948669e-01
1.752733030847467566e-01
2.222966594597885481e-01
2.542236365297354528e-01
1.841560339839811711e-01
2.822863059167448063e-01
2.576966411888300112e-01
2.842462814447344610e-01
4.314991321294799898e-01
3.335820213770210874e-01
1.951744368992149037e-01
3.638844057370810292e-01
1.987514845153628140e-01
2.583513505283341338e-01
1.704223636529723362e-01
2.535399981729035690e-01
1.818197197776356966e-01
2.292653903543397376e-01
1.289486724487785008e-01
1.627576966411875270e-01
1.176192941319758323e-01
1.785986174974863450e-01
1.905593281700949104e-01
1.816829292696396647e-01
3.230305429519763627e-01
1.713359115685602063e-01
2.751470981319632525e-01
2.139097820680687378e-01
2.919546880233862551e-01
1.504221896438459882e-01
1.421259090493832700e-01
2.190332632946591085e-01
1.990881921756793016e-01
1.467213318974936731e-01
2.197597165319454260e-01
3.598051157125455868e-01
3.939555420219240656e-01
3.417402557856267231e-01
3.679521062670927378e-01
3.477009744214370479e-01
5.266823995127889457e-01
4.199908647990255872e-01
4.347021634475958796e-01
6.204578273917900066e-01
4.481381590394987180e-01
3.798416565164430270e-01
2.132389230744894948e-01
3.886825010150218307e-01
4.039484368656107716e-01
2.315026021481562390e-01
2.232326453943558886e-01
4.298946904866371987e-01
3.735395921516079798e-01
2.314321386156699967e-01
4.151161728432655740e-01
4.207260337471364631e-01
4.846488651616976395e-01
3.625871676969452673e-01
3.853142097303000058e-01
5.011448818232453473e-01
5.325441157226534772e-01
4.686892901872537487e-01
2.917173446923759794e-01
3.288958887505741280e-01
4.357265303271036228e-01
2.209222773734481060e-01
2.231148991663173264e-01
3.279437315082499027e-01
4.366282964857782223e-01
2.402704184176867042e-01
3.636054852024153683e-01
4.071755574283758561e-01
4.722030689920835855e-01
4.260864158071140384e-01
4.776220794857737317e-01
4.205004153126504218e-01
4.666690459892004483e-01
4.244519716838371926e-01
2.316371277178876920e-01
3.805899106002297860e-01
3.291383998221837914e-01
2.515718876624280509e-01
2.030604116345006149e-01
4.390169625727071145e-01
4.391715724054242598e-01
2.643093157109356328e-01
4.031123427840546114e-01
4.068261412431101176e-01
5.323686356515174856e-01
3.883157718427380223e-01
4.519876516892081253e-01
4.559193165901289091e-01
5.005816609312664367e-01
4.726558455400914904e-01
2.061252042919062277e-01
3.643682614339532333e-01
3.840056759590915192e-01
2.189240650427724533e-01
2.201851626263857109e-01
4.010086546459692425e-01
3.500137866491868088e-01
2.566695090754047559e-01
3.968496930728203087e-01
4.011398300114514259e-01
5.332354732610546932e-01
4.277031488796314562e-01
4.286018829507682315e-01
4.228760757561640937e-01
5.168917050575561056e-01
4.604343378550436183e-01
2.302537188180993066e-01
3.987504968431854757e-01
5.009423619267389105e-01
2.264831282738455909e-01
2.340703517587935378e-01
3.732983097304704012e-01
3.738171376362330323e-01
3.155717983858686293e-01
3.679813207451398394e-01
3.508451347647327800e-01
5.543887576697669184e-01
4.041094360692352172e-01
3.407921773246277430e-01
5.562085605545475930e-01
4.633601758047514174e-01
4.022527409776150975e-01
3.283217433971200028e-01
3.550151291140884457e-01
4.246125733562919335e-01
2.738684509893495878e-01
1.317723660060509672e-01
1.743049422942222482e-01
1.522579859313590023e-01
1.210450988154312540e-01
1.248602489200522775e-01
2.059137001735739103e-01
2.219921434879234545e-01
1.546941137062617377e-01
1.452541185785161948e-01
3.135639026766941506e-01
2.310565689170362147e-01
1.732147751149520354e-01
1.355317540950456145e-01
2.667559913517449366e-01
2.695053355548484575e-01
1.289891592313999469e-01
1.528800685595938791e-01
1.342441744402813886e-01
3.115769359602897359e-01
2.150752806984708165e-01
2.490027101921492014e-01
1.606656719144907708e-01
2.709693850715191310e-01
2.300110640803074424e-01
3.595463582064857833e-01
3.281885750292202752e-01
2.996437163129200276e-01
2.002040257011457880e-01
1.452084411827360144e-01
1.907048191344297705e-01
3.622555836386935901e-01
1.752733030847438978e-01
2.222966594597843570e-01
2.542236365297321221e-01
1.841560339839805327e-01
2.822863059167425304e-01
2.576966411888285680e-01
2.842462814447333508e-01
4.314991321294782689e-01
3.335820213770209763e-01
1.951744368992120449e-01
3.638844057370793639e-01
1.987514845153602328e-01
2.583513505283325795e-01
1.704223636529683672e-01
2.535399981729049568e-01
1.818197197776330043e-01
2.292653903543397376e-01
1.289486724487752534e-01
1.627576966411874715e-01
1.176192941319711555e-01
1.785986174974860119e-01
1.905593281700956043e-01
1.816829292696395814e-01
3.230305429519767513e-01
1.713359115685586520e-01
2.751470981319628084e-01
2.139097820680679884e-01
2.919546880233839237e-01
1.504221896438436290e-01
1.421259090493835198e-01
2.190332632946602742e-01
1.990881921756774420e-01
1.467213318974940617e-01
