1.625279761270382040e-01
2.124748785798014072e-01
1.456257327080887343e-01
1.506631008206325006e-01
1.413446240160765588e-01
2.487543962485345428e-01
2.489375732708087596e-01
1.626611957795999763e-01
1.569984089767201274e-01
3.239394050410318027e-01
2.138286440015621237e-01
1.656652989448986202e-01
2.024539060002121249e-01
3.088364595545132762e-01
2.355761179031983510e-01
1.363157605509961179e-01
2.022588343661015087e-01
1.774781815813460673e-01
3.527989449003513522e-01
2.662870540947910314e-01
3.836459554513473869e-01
2.136137162954272195e-01
2.729937120323989719e-01
2.264067995310657666e-01
2.935437950092101844e-01
3.280108666245826199e-01
2.516852286049230392e-01
2.037661195779596202e-01
1.541434642438438418e-01
2.019506317571951870e-01
3.281514589032161755e-01
2.062060375146532454e-01
2.203357896499742730e-01
2.166159876905038584e-01
1.502234759671744468e-01
2.626758499413827663e-01
2.518684056271975336e-01
3.092960673558561302e-01
3.333821805392730431e-01
3.319396614888623920e-01
1.955842125830401235e-01
2.842321219226259243e-01
1.264800703399759085e-01
1.974648300117221034e-01
1.772420867526362243e-01
2.366222928364271338e-01
1.393203725413565408e-01
2.105126702137249117e-01
1.511710007460301819e-01
2.100087924970690523e-01
1.160334847596715541e-01
2.030334114888620312e-01
2.506187312752369833e-01
2.169129961480475710e-01
3.095325322391543899e-01
1.746959261430239829e-01
2.307867656636707898e-01
2.050361469323948860e-01
2.143171160609612658e-01
1.383876235136485833e-01
1.483400831290621613e-01
2.767194216490803660e-01
1.614522274325894680e-01
1.335527016945536605e-01
2.026507750423339749e-01
3.085108115149149399e-01
2.461899179366940082e-01
1.886723329425550322e-01
1.819497362250876715e-01
3.621909304060534907e-01
3.055785253726335804e-01
2.350318204655829357e-01
2.887195519082964013e-01
4.453735590074244244e-01
3.308177022274323975e-01
2.337338804220398247e-01
3.636896514973882999e-01
3.305001953888230259e-01
2.785622935095377062e-01
2.375989155920278650e-01
4.685301875732706400e-01
4.412530936563755501e-01
1.795317995310667103e-01
3.321255861664707543e-01
3.804403575615469268e-01
3.840332440127279812e-01
1.752020731782553131e-01
2.564739993300954035e-01
3.609930636967563777e-01
3.310592245234680320e-01
2.986014434349353874e-01
3.994724501758495916e-01
3.042570339976552463e-01
2.618246155437559120e-01
1.938012895662359902e-01
3.253810082063301468e-01
4.581042182156274123e-01
5.663487147572514591e-01
4.990970417503481915e-01
4.015011139400409546e-01
2.553027805253323956e-01
4.100084258343407728e-01
3.953731179250463690e-01
3.778849324101549167e-01
4.635404678515361310e-01
4.092940616184924107e-01
4.832252628493973745e-01
4.220243982855256260e-01
3.930102209033955463e-01
5.760558257789741843e-01
3.518021341958038062e-01
3.406376017651982502e-01
2.480796852705854649e-01
4.309596205408926517e-01
3.446044131833777002e-01
2.314207022416712167e-01
1.625279761270382040e-01
2.124748785798014072e-01
1.456257327080887343e-01
1.506631008206325006e-01
1.413446240160765588e-01
2.487543962485345428e-01
2.489375732708087596e-01
1.626611957795999763e-01
1.569984089767201274e-01
3.239394050410318027e-01
2.138286440015621237e-01
1.656652989448986202e-01
2.024539060002121249e-01
3.088364595545132762e-01
2.355761179031983510e-01
1.363157605509961179e-01
2.022588343661015087e-01
1.774781815813460673e-01
3.527989449003513522e-01
2.662870540947910314e-01
3.836459554513473869e-01
2.136137162954272195e-01
2.729937120323989719e-01
2.264067995310657666e-01
2.935437950092101844e-01
3.280108666245826199e-01
2.516852286049230392e-01
2.037661195779596202e-01
1.541434642438438418e-01
2.019506317571951870e-01
3.281514589032161755e-01
2.062060375146532454e-01
2.203357896499742730e-01
2.166159876905038584e-01
1.502234759671744468e-01
2.626758499413827663e-01
2.518684056271975336e-01
3.092960673558561302e-01
3.333821805392730431e-01
3.319396614888623920e-01
1.955842125830401235e-01
2.842321219226259243e-01
1.264800703399759085e-01
1.974648300117221034e-01
1.772420867526362243e-01
2.366222928364271338e-01
1.393203725413565408e-01
2.105126702137249117e-01
1.511710007460301819e-01
2.100087924970690523e-01
1.160334847596715541e-01
2.030334114888620312e-01
2.506187312752369833e-01
2.169129961480475710e-01
3.095325322391543899e-01
1.746959261430239829e-01
2.307867656636707898e-01
2.050361469323948860e-01
2.143171160609612658e-01
1.383876235136485833e-01
1.483400831290621613e-01
2.767194216490803660e-01
1.614522274325894680e-01
1.335527016945536605e-01
2.553027805253323956e-01
4.100084258343407728e-01
3.953731179250463690e-01
3.778849324101549167e-01
4.635404678515361310e-01
4.092940616184924107e-01
4.832252628493973745e-01
4.220243982855256260e-01
3.930102209033955463e-01
5.760558257789741843e-01
3.518021341958038062e-01
3.406376017651982502e-01
2.480796852705854649e-01
4.309596205408926517e-01
3.446044131833777002e-01
2.314207022416712167e-01
2.746961189609428144e-01
5.088292807950979268e-01
3.622020320437666641e-01
2.515631105900740239e-01
4.733294255568575859e-01
4.692886761321694022e-01
4.642042942271730754e-01
3.974941383352871838e-01
3.836948026572880588e-01
4.564535037628102976e-01
4.009378663540443810e-01
4.139515527691148278e-01
3.129417798772495263e-01
3.799156038400548496e-01
3.666234225225845633e-01
2.182859515435713604e-01
2.560412917685846446e-01
3.962366936758824898e-01
4.369640349270315638e-01
2.651034988093057265e-01
4.246734397677792705e-01
4.425718942251792298e-01
4.543803420231949386e-01
4.537177676441529472e-01
4.721039356320537173e-01
4.060232609626475142e-01
3.467413465162972885e-01
3.857201234376536614e-01
2.651767723026191570e-01
3.947498311554050177e-01
2.883451359328276231e-01
2.431117528528172200e-01
2.385390272780210374e-01
5.237455525430900760e-01
4.344544588554258846e-01
2.796127353997212572e-01
4.683406202421369624e-01
4.696490071077891737e-01
4.773759800688796018e-01
4.204083315014290334e-01
4.326458942271941277e-01
3.959065836368911850e-01
4.041987249945044325e-01
4.268740382501645114e-01
2.460711755941475121e-01
3.834314535016043468e-01
3.285315768141457982e-01
2.185043285285095949e-01
2.677609643498329306e-01
4.695825600500528885e-01
3.291444460147058271e-01
2.980251346499099840e-01
4.688827681568293881e-01
4.501569706200929666e-01
5.043007364525702307e-01
4.454886929918908667e-01
4.149546456181858467e-01
3.968212060407647623e-01
3.982202410411337934e-01
3.906975997157182690e-01
2.509536429772387112e-01
4.276095931442919218e-01
4.366756560013657085e-01
2.343164914080531347e-01
2.576908984317745621e-01
4.437106111681074494e-01
3.816503004543450595e-01
3.449435732082660744e-01
4.525501978601788600e-01
3.825296790268207792e-01
5.204947546633044153e-01
4.217499633592260988e-01
3.387395615138125149e-01
5.254446593714041658e-01
3.519583415954684602e-01
3.515292942986953939e-01
3.585259009559167986e-01
3.802296051475549388e-01
3.698801564842894574e-01
2.751334155236183077e-01
1.625279761270370382e-01
2.124748785798004636e-01
1.456257327080877906e-01
1.506631008206322786e-01
1.413446240160767253e-01
2.487543962485318505e-01
2.489375732708066780e-01
1.626611957795984775e-01
1.569984089767187674e-01
3.239394050410306369e-01
2.138286440015591539e-01
1.656652989448986757e-01
2.024539060002103485e-01
3.088364595545111668e-01
2.355761179031958252e-01
1.363157605509961456e-01
2.022588343661007315e-01
1.774781815813453734e-01
3.527989449003486877e-01
2.662870540947911424e-01
3.836459554513497183e-01
2.136137162954272473e-01
2.729937120323985833e-01
2.264067995310663495e-01
2.935437950092114057e-01
3.280108666245812321e-01
2.516852286049220400e-01
2.037661195779573164e-01
1.541434642438415104e-01
2.019506317571947429e-01
3.281514589032169527e-01
2.062060375146530788e-01
2.203357896499742452e-01
2.166159876905012771e-01
1.502234759671719211e-01
2.626758499413823778e-01
2.518684056271946470e-01
3.092960673558559637e-01
3.333821805392716553e-01
3.319396614888610042e-01
1.955842125830374867e-01
2.842321219226252582e-01
1.264800703399732995e-01
1.974648300117197164e-01
1.772420867526370014e-01
2.366222928364255795e-01
1.393203725413572069e-01
2.105126702137210259e-01
1.511710007460265459e-01
2.100087924970674147e-01
1.160334847596680014e-01
2.030334114888623365e-01
2.506187312752368168e-01
2.169129961480455726e-01
3.095325322391539458e-01
1.746959261430217347e-01
2.307867656636673204e-01
2.050361469323951635e-01
2.143171160609602943e-01
1.383876235136494159e-01
1.483400831290617727e-01
2.767194216490820313e-01
1.614522274325894124e-01
1.335527016945522727e-01
