1.580175974142572770e-01
2.365646563886816545e-01
1.274914706410475163e-01
2.024600466870162541e-01
1.802991047379614020e-01
2.423415334889557071e-01
2.047046148321062242e-01
2.075776620578199949e-01
1.636918656850411269e-01
2.789998204345474075e-01
1.960495600646428027e-01
2.504363440474035030e-01
2.537227182944538639e-01
3.081343149578013030e-01
2.228612472103218556e-01
2.113081343149576519e-01
2.110253187286757481e-01
1.839827617166449047e-01
3.136604417310100978e-01
3.201395480081059008e-01
3.425031423954026932e-01
1.955036810917573920e-01
2.049788602491057210e-01
2.749625905309138751e-01
2.316086499243248387e-01
2.006105225354641586e-01
2.021906985096059983e-01
2.268989046507444707e-01
1.208834620219063488e-01
2.374374014883964268e-01
3.161748568464307629e-01
2.061375471359313261e-01
2.159915860759814010e-01
1.996678039145257655e-01
1.615640150834971311e-01
2.558807685401328080e-01
2.240079008798699922e-01
2.298894856266017750e-01
2.197881127671030277e-01
2.343822948464714950e-01
1.838271383252526314e-01
1.874950619500806714e-01
1.262488777159265219e-01
2.252469024959595223e-01
2.458969294307777331e-01
2.887488068348275094e-01
1.396181241395821060e-01
3.182452311559867408e-01
2.136828874124616362e-01
2.109965882564180384e-01
2.034476566708550149e-01
2.252828155862799386e-01
3.008399672791836621e-01
2.479850191108944057e-01
3.028191775902301930e-01
2.056203986353010993e-01
2.850701302847111207e-01
1.882594122224215683e-01
1.876458969294300116e-01
2.203011569145523763e-01
2.048025596238910451e-01
3.175016460166396048e-01
2.585639894312894427e-01
2.115607502571045795e-01
2.529558468506210023e-01
4.005586480716659681e-01
2.316394325731720161e-01
2.717423834320941700e-01
2.605674268270784522e-01
3.795360681695750804e-01
2.936664699997426076e-01
3.254649462586242104e-01
3.206320703896563540e-01
3.479888669420004299e-01
3.539450529718080607e-01
2.763392589932361920e-01
3.589186894986861054e-01
3.577662057820069075e-01
3.596532754370783680e-01
2.427006643921702789e-01
4.337583049021364601e-01
3.906546158296910765e-01
1.699317651283891173e-01
2.577015622194288036e-01
3.363620039504393588e-01
2.435010132621908963e-01
2.099139030913612924e-01
2.895108124054069920e-01
3.847010235230738373e-01
3.548665562671665108e-01
2.699991021727413676e-01
2.813220242307730712e-01
3.180104147961928529e-01
3.087892007224861124e-01
2.707847010235230334e-01
3.955324115640145854e-01
4.954086265491451924e-01
4.771104499737446880e-01
4.166985600775199305e-01
5.279207985051740382e-01
2.726913609266549687e-01
4.200244200244199755e-01
3.937728937728938172e-01
4.318169575522516901e-01
4.732917840575998625e-01
3.692002442002439988e-01
3.743158801982329198e-01
4.204374057315233282e-01
3.862810081297471387e-01
4.138092350342200132e-01
3.076307446055344674e-01
4.345631743821786186e-01
3.078275599284003294e-01
4.810676407315060410e-01
3.693528693528693729e-01
3.261085319908849089e-01
1.580175974142572770e-01
2.365646563886816545e-01
1.274914706410475163e-01
2.024600466870162541e-01
1.802991047379614020e-01
2.423415334889557071e-01
2.047046148321062242e-01
2.075776620578199949e-01
1.636918656850411269e-01
2.789998204345474075e-01
1.960495600646428027e-01
2.504363440474035030e-01
2.537227182944538639e-01
3.081343149578013030e-01
2.228612472103218556e-01
2.113081343149576519e-01
2.110253187286757481e-01
1.839827617166449047e-01
3.136604417310100978e-01
3.201395480081059008e-01
3.425031423954026932e-01
1.955036810917573920e-01
2.049788602491057210e-01
2.749625905309138751e-01
2.316086499243248387e-01
2.006105225354641586e-01
2.021906985096059983e-01
2.268989046507444707e-01
1.208834620219063488e-01
2.374374014883964268e-01
3.161748568464307629e-01
2.061375471359313261e-01
2.159915860759814010e-01
1.996678039145257655e-01
1.615640150834971311e-01
2.558807685401328080e-01
2.240079008798699922e-01
2.298894856266017750e-01
2.197881127671030277e-01
2.343822948464714950e-01
1.838271383252526314e-01
1.874950619500806714e-01
1.262488777159265219e-01
2.252469024959595223e-01
2.458969294307777331e-01
2.887488068348275094e-01
1.396181241395821060e-01
3.182452311559867408e-01
2.136828874124616362e-01
2.109965882564180384e-01
2.034476566708550149e-01
2.252828155862799386e-01
3.008399672791836621e-01
2.479850191108944057e-01
3.028191775902301930e-01
2.056203986353010993e-01
2.850701302847111207e-01
1.882594122224215683e-01
1.876458969294300116e-01
2.203011569145523763e-01
2.048025596238910451e-01
3.175016460166396048e-01
2.585639894312894427e-01
2.115607502571045795e-01
2.726913609266549687e-01
4.200244200244199755e-01
3.937728937728938172e-01
4.318169575522516901e-01
4.732917840575998625e-01
3.692002442002439988e-01
3.743158801982329198e-01
4.204374057315233282e-01
3.862810081297471387e-01
4.138092350342200132e-01
3.076307446055344674e-01
4.345631743821786186e-01
3.078275599284003294e-01
4.810676407315060410e-01
3.693528693528693729e-01
3.261085319908849089e-01
3.051440776478813177e-01
4.906928633516598470e-01
3.210630274735140066e-01
3.567366971927933839e-01
4.174537618962111951e-01
3.911041945159380862e-01
3.875014989676537902e-01
4.512479798886691040e-01
3.837912252349313658e-01
3.712370901128944078e-01
3.357155683246544342e-01
4.187053186627053836e-01
4.021526728845600251e-01
3.995631629391384054e-01
4.172256081459337906e-01
2.985479140480035709e-01
2.783058130593136781e-01
4.029821346608064569e-01
4.239932002106976960e-01
3.217210170952447545e-01
4.259749372879666485e-01
3.495156403981518056e-01
3.796918948147320894e-01
4.860364354566040213e-01
4.681549954140096781e-01
3.103822083245568741e-01
2.620884543901073616e-01
4.633314178997267052e-01
3.138737250395054468e-01
4.526223956626944100e-01
3.429066447870159906e-01
3.281116641456177652e-01
2.943875149569860072e-01
4.887244749328570337e-01
4.118090722982432061e-01
3.427342599576193027e-01
4.569151631968140781e-01
3.866034550874545839e-01
3.884279711238013411e-01
4.512377437776101674e-01
3.897725473920569117e-01
3.224202453993953998e-01
3.215601767050963455e-01
4.799123657651832020e-01
3.127871757114291662e-01
4.063801268825745772e-01
3.823893592472765723e-01
3.150488367598591188e-01
2.967459234250411360e-01
4.489509329545061100e-01
3.154297549779195853e-01
3.889447597155373804e-01
4.677699940346613516e-01
3.657299647889405425e-01
4.070914445801303572e-01
4.702981412306832532e-01
3.884932322185389864e-01
3.286623678995339026e-01
3.094434091065061954e-01
4.485498896414501502e-01
3.170390058185472704e-01
4.566280899489913447e-01
4.953640014475213516e-01
3.306659004381869993e-01
2.802701052404726334e-01
4.402589705829531019e-01
3.859467281039781761e-01
4.025142775043998866e-01
4.573949690504408583e-01
3.304479005782836043e-01
3.737838653095507113e-01
4.632855620607495561e-01
3.451532577016913628e-01
3.743179829638438871e-01
2.898025270953892840e-01
4.323805269207284252e-01
4.089252860489521191e-01
4.342506866357190298e-01
4.408329718483807724e-01
3.697213377646594856e-01
1.580175974142568329e-01
2.365646563886790177e-01
1.274914706410478216e-01
2.024600466870168647e-01
1.802991047379612910e-01
2.423415334889556794e-01
2.047046148321057246e-01
2.075776620578195508e-01
1.636918656850420428e-01
2.789998204345489063e-01
1.960495600646406378e-01
2.504363440473997282e-01
2.537227182944544190e-01
3.081343149578009144e-01
2.228612472103215780e-01
2.113081343149570968e-01
2.110253187286730281e-01
1.839827617166439888e-01
3.136604417310085435e-01
3.201395480081069556e-01
3.425031423954033594e-01
1.955036810917567536e-01
2.049788602491063039e-01
2.749625905309133755e-01
2.316086499243246999e-01
2.006105225354638533e-01
2.021906985096036391e-01
2.268989046507443874e-01
1.208834620219064043e-01
2.374374014883977313e-01
3.161748568464295972e-01
2.061375471359275513e-01
2.159915860759814288e-01
1.996678039145244610e-01
1.615640150834936062e-01
2.558807685401311982e-01
2.240079008798701032e-01
2.298894856266006648e-01
2.197881127671002799e-01
2.343822948464716616e-01
1.838271383252514657e-01
1.874950619500786175e-01
1.262488777159256614e-01
2.252469024959572463e-01
2.458969294307757070e-01
2.887488068348273429e-01
1.396181241395819395e-01
3.182452311559836877e-01
2.136828874124591104e-01
2.109965882564179551e-01
2.034476566708538214e-01
2.252828155862781623e-01
3.008399672791809421e-01
2.479850191108926571e-01
3.028191775902291938e-01
2.056203986353014046e-01
2.850701302847076790e-01
1.882594122224215683e-01
1.876458969294282353e-01
2.203011569145526261e-01
2.048025596238896295e-01
3.175016460166366072e-01
2.585639894312890541e-01
2.115607502571036358e-01
