1.355439363019218246e-01
1.639724650011587237e-01
1.327516554912324953e-01
1.265045187622337586e-01
1.311006264985680736e-01
1.988255382949473127e-01
2.198992128607712426e-01
1.332722502186479974e-01
1.753244048858558779e-01
3.394329682228968692e-01
2.852650868351989666e-01
1.635500395651988403e-01
1.977654181227536112e-01
2.630044562908667727e-01
2.526877562069761440e-01
1.351255674482520763e-01
1.371514246446566554e-01
1.462755496323440429e-01
3.876973054016906173e-01
2.584529709597378488e-01
3.405522468868419361e-01
1.498937986756067320e-01
2.542168172920737379e-01
2.137700776033192307e-01
3.221737655955302926e-01
2.834085659457359352e-01
2.977801840822950075e-01
2.018449877139636417e-01
9.451917870975555525e-02
1.976131310186530210e-01
2.793858370469086139e-01
2.284577901795001031e-01
1.880090672727371404e-01
2.366956811461411458e-01
1.947336637374523505e-01
2.992378493190618327e-01
2.561326058889674684e-01
2.925969536689615458e-01
3.719128732664189751e-01
2.939381949939607885e-01
1.771410325822883602e-01
3.343800757985918581e-01
2.104285535796088513e-01
2.845362542168161646e-01
1.758777227104229568e-01
2.872455387771825075e-01
1.740174642177881870e-01
2.292218630563555015e-01
1.531873648820037959e-01
1.503810753404677680e-01
1.619361959102072201e-01
1.607180042480518267e-01
2.274513070398279102e-01
2.182095111169284340e-01
3.285160967889714234e-01
1.745450002082374608e-01
2.750220963539850572e-01
1.939735954354251390e-01
2.269793011536375138e-01
1.472360882214693301e-01
1.358089663449705276e-01
2.809753862812873204e-01
2.090886914925894624e-01
1.582607971346463582e-01
2.010930175521400409e-01
2.835182023054249045e-01
2.498854691599680100e-01
1.717962600474775003e-01
1.810420224063969685e-01
3.923391172985102870e-01
2.855387709204704749e-01
2.107664939283779015e-01
3.052674931397181268e-01
4.294385906459538549e-01
3.750031235683636277e-01
2.069329335165825956e-01
3.577905581154089965e-01
3.365401968542197642e-01
2.651814887873357174e-01
2.402197603876000676e-01
4.576652367664815202e-01
4.243425467031310405e-01
1.911623839073753051e-01
3.492274374245135649e-01
4.106242971971176270e-01
3.773389577396074057e-01
1.659765589894102167e-01
2.891085633370418240e-01
3.379330769693510428e-01
3.819360570849461012e-01
2.927564449627251264e-01
4.208757260765284003e-01
2.913664570405226639e-01
2.204994279582638550e-01
1.869976260880419905e-01
3.356794802382238596e-01
4.213903390976779795e-01
5.083029336769662176e-01
5.861494079036648763e-01
4.143690747182482426e-01
2.133705874335559693e-01
3.494919207063127975e-01
4.432158920539726044e-01
3.617097701149419309e-01
4.299831216467240314e-01
3.575035398967182920e-01
4.889742628685653791e-01
3.844952523738128236e-01
4.237286118845334237e-01
5.744725575356652847e-01
4.410770805073654377e-01
3.904105639487944757e-01
2.243137089463922984e-01
4.278654323631835843e-01
3.615414514964738757e-01
2.548593127678582815e-01
1.355439363019218246e-01
1.639724650011587237e-01
1.327516554912324953e-01
1.265045187622337586e-01
1.311006264985680736e-01
1.988255382949473127e-01
2.198992128607712426e-01
1.332722502186479974e-01
1.753244048858558779e-01
3.394329682228968692e-01
2.852650868351989666e-01
1.635500395651988403e-01
1.977654181227536112e-01
2.630044562908667727e-01
2.526877562069761440e-01
1.351255674482520763e-01
1.371514246446566554e-01
1.462755496323440429e-01
3.876973054016906173e-01
2.584529709597378488e-01
3.405522468868419361e-01
1.498937986756067320e-01
2.542168172920737379e-01
2.137700776033192307e-01
3.221737655955302926e-01
2.834085659457359352e-01
2.977801840822950075e-01
2.018449877139636417e-01
9.451917870975555525e-02
1.976131310186530210e-01
2.793858370469086139e-01
2.284577901795001031e-01
1.880090672727371404e-01
2.366956811461411458e-01
1.947336637374523505e-01
2.992378493190618327e-01
2.561326058889674684e-01
2.925969536689615458e-01
3.719128732664189751e-01
2.939381949939607885e-01
1.771410325822883602e-01
3.343800757985918581e-01
2.104285535796088513e-01
2.845362542168161646e-01
1.758777227104229568e-01
2.872455387771825075e-01
1.740174642177881870e-01
2.292218630563555015e-01
1.531873648820037959e-01
1.503810753404677680e-01
1.619361959102072201e-01
1.607180042480518267e-01
2.274513070398279102e-01
2.182095111169284340e-01
3.285160967889714234e-01
1.745450002082374608e-01
2.750220963539850572e-01
1.939735954354251390e-01
2.269793011536375138e-01
1.472360882214693301e-01
1.358089663449705276e-01
2.809753862812873204e-01
2.090886914925894624e-01
1.582607971346463582e-01
2.133705874335559693e-01
3.494919207063127975e-01
4.432158920539726044e-01
3.617097701149419309e-01
4.299831216467240314e-01
3.575035398967182920e-01
4.889742628685653791e-01
3.844952523738128236e-01
4.237286118845334237e-01
5.744725575356652847e-01
4.410770805073654377e-01
3.904105639487944757e-01
2.243137089463922984e-01
4.278654323631835843e-01
3.615414514964738757e-01
2.548593127678582815e-01
2.597669050807849822e-01
4.332933662714525402e-01
3.767717573889740046e-01
2.276734274568600058e-01
4.161426013077336172e-01
3.940878949000224396e-01
4.715794188332656511e-01
3.979426096372498112e-01
3.620562797606646788e-01
4.944642307759481437e-01
5.019861392357328755e-01
4.693938116097853830e-01
3.148556911415598125e-01
3.529267179914496455e-01
4.170882463184764632e-01
2.219454972026706774e-01
2.357975843398581739e-01
3.317124286714769332e-01
4.420824656393166352e-01
2.586422324031649178e-01
3.817992503123694426e-01
4.048501075118460246e-01
4.660517566180348292e-01
4.025633153008241205e-01
4.816903213404666317e-01
4.173828389500286451e-01
4.287691520984235338e-01
4.192259635408321361e-01
2.402957101207828239e-01
3.685356363342645603e-01
3.251316511770074302e-01
2.778229659210619817e-01
2.133739321438669068e-01
4.619749075578132858e-01
4.468003985684850798e-01
2.696540880503145443e-01
4.096195408203406330e-01
4.198175684118456985e-01
4.907349558730291772e-01
4.013573035111833165e-01
4.719492535978022096e-01
4.061245982850597014e-01
4.754716981132077747e-01
4.752259569328164401e-01
2.149749399530730132e-01
3.675557951104027055e-01
3.920512311579555931e-01
2.276467753163990693e-01
2.339220259913359079e-01
3.971153713538169150e-01
3.646472075445746364e-01
2.761162945684767500e-01
4.195558002404993214e-01
3.933469043610900440e-01
5.213012329223590813e-01
4.136813427849173053e-01
4.211393821107250468e-01
4.108140423780308192e-01
4.674865763679437181e-01
4.792845307272007860e-01
2.444393535488167402e-01
4.168402303346828153e-01
4.890688952739021267e-01
2.341886037987334634e-01
2.349564710292826875e-01
3.778585412587995296e-01
3.984552124677916418e-01
3.323641715610721192e-01
3.979117201927212522e-01
3.473986753863456123e-01
5.057288660732702779e-01
4.195276377723163308e-01
3.565861109033608423e-01
5.300660038511870731e-01
4.401853380999170007e-01
3.809644062148538346e-01
3.329399295575821704e-01
3.696439558021129557e-01
4.186471253576679596e-01
2.904397981961145403e-01
1.355439363019216026e-01
1.639724650011603613e-01
1.327516554912319680e-01
1.265045187622308442e-01
1.311006264985693226e-01
1.988255382949449535e-01
2.198992128607713537e-01
1.332722502186480251e-01
1.753244048858536575e-01
3.394329682228978684e-01
2.852650868352010205e-01
1.635500395651933447e-01
1.977654181227536390e-01
2.630044562908669392e-01
2.526877562069743122e-01
1.351255674482520763e-01
1.371514246446562391e-01
1.462755496323425441e-01
3.876973054016885079e-01
2.584529709597394032e-01
3.405522468868417141e-01
1.498937986756042340e-01
2.542168172920748481e-01
2.137700776033189254e-01
3.221737655955282942e-01
2.834085659457351025e-01
2.977801840822933421e-01
2.018449877139650850e-01
9.451917870975556912e-02
1.976131310186511614e-01
2.793858370469066710e-01
2.284577901794984933e-01
1.880090672727343093e-01
2.366956811461420063e-01
1.947336637374517399e-01
2.992378493190595568e-01
2.561326058889643598e-01
2.925969536689612127e-01
3.719128732664193637e-01
2.939381949939610661e-01
1.771410325822890264e-01
3.343800757985904704e-01
2.104285535796084350e-01
2.845362542168171083e-01
1.758777227104198482e-01
2.872455387771792878e-01
1.740174642177874376e-01
2.292218630563530035e-01
1.531873648820027412e-01
1.503810753404688783e-01
1.619361959102023907e-01
1.607180042480493287e-01
2.274513070398274106e-01
2.182095111169272128e-01
3.285160967889713679e-01
1.745450002082364338e-01
2.750220963539813934e-01
1.939735954354234737e-01
2.269793011536350436e-01
1.472360882214664990e-01
1.358089663449694451e-01
2.809753862812865433e-01
2.090886914925875195e-01
1.582607971346453313e-01
