1.527651679627354542e-01
2.097512561255501784e-01
1.270082501085537385e-01
1.498046026921399931e-01
1.598163885615036806e-01
2.583586626139807163e-01
1.980026052974372119e-01
1.493703864524520142e-01
1.347931269772336127e-01
2.870386452453316806e-01
1.908235634679399662e-01
1.560486322188452402e-01
1.932578060237636064e-01
2.904906643508463060e-01
2.476893492959494070e-01
1.626845419018672356e-01
2.116866199367286594e-01
1.472475515028707216e-01
3.101280937907071045e-01
2.597853731158115687e-01
3.402952670429858495e-01
2.391793313069903171e-01
2.900011842261078221e-01
2.810175133883335841e-01
2.616462998573277354e-01
3.137579745482481086e-01
2.748588797221009905e-01
1.740990013026486316e-01
1.716239687364295441e-01
2.242099676750118897e-01
3.667438606648322219e-01
1.746721667390360166e-01
1.873332919794057083e-01
2.360486322188450337e-01
1.434650455927043433e-01
2.676943117672592742e-01
2.219930525401649923e-01
3.188291951209886177e-01
3.287016934433339976e-01
3.247991749891447344e-01
1.859603415834415741e-01
3.030134607034299932e-01
1.909422492401215421e-01
2.188449848024315303e-01
1.424229266174550368e-01
2.514980460269202744e-01
1.614464225406465059e-01
1.916396673235566117e-01
1.509888288003776446e-01
1.966478506296119866e-01
9.839339991315680656e-02
2.214502822405553517e-01
2.266415786172615299e-01
2.268469697909548388e-01
2.871471993052528426e-01
1.912939643942678791e-01
2.772036474164125130e-01
2.051490809089588085e-01
2.355623100303949891e-01
1.528068978351213303e-01
1.684364267950889393e-01
2.400202634245182653e-01
1.577135413435876710e-01
1.788181423439781925e-01
2.269503546099291003e-01
2.935494765282000706e-01
2.114633087277459911e-01
2.051671732522791780e-01
2.033434650455922810e-01
3.873406229029318637e-01
2.516438186216726769e-01
2.183921592953281532e-01
2.823756452935771710e-01
4.158380373425962784e-01
3.545679548415104909e-01
2.388334057027064750e-01
3.552086211660679949e-01
3.341438703140829358e-01
2.829195120988424184e-01
2.315204805326379345e-01
4.669995657837600067e-01
4.318039272446566046e-01
2.274424663482410014e-01
3.575379939209726299e-01
3.460486322188445762e-01
3.726691892562497554e-01
1.752096807367957421e-01
2.661125240369700551e-01
3.100882906354028301e-01
3.562888985381374995e-01
2.815078158923139395e-01
4.183596842992514109e-01
3.042553191489361653e-01
2.292917166866746959e-01
2.066869300911849949e-01
3.364307425097696203e-01
4.296313367271108463e-01
5.612286934653052395e-01
5.114113620654818781e-01
4.253327126620500831e-01
2.423926644325236357e-01
3.921670791541831957e-01
3.516998827667055516e-01
3.843081064651986956e-01
4.222708850990828933e-01
4.314782250010854026e-01
4.657288003126221487e-01
4.445095740523636318e-01
3.835513624493690488e-01
5.623999387647398152e-01
3.941023589323703891e-01
3.392551176841910876e-01
2.462547655982591510e-01
4.214443886190661903e-01
3.747268174778921046e-01
2.495687630505915577e-01
1.527651679627354542e-01
2.097512561255501784e-01
1.270082501085537385e-01
1.498046026921399931e-01
1.598163885615036806e-01
2.583586626139807163e-01
1.980026052974372119e-01
1.493703864524520142e-01
1.347931269772336127e-01
2.870386452453316806e-01
1.908235634679399662e-01
1.560486322188452402e-01
1.932578060237636064e-01
2.904906643508463060e-01
2.476893492959494070e-01
1.626845419018672356e-01
2.116866199367286594e-01
1.472475515028707216e-01
3.101280937907071045e-01
2.597853731158115687e-01
3.402952670429858495e-01
2.391793313069903171e-01
2.900011842261078221e-01
2.810175133883335841e-01
2.616462998573277354e-01
3.137579745482481086e-01
2.748588797221009905e-01
1.740990013026486316e-01
1.716239687364295441e-01
2.242099676750118897e-01
3.667438606648322219e-01
1.746721667390360166e-01
1.873332919794057083e-01
2.360486322188450337e-01
1.434650455927043433e-01
2.676943117672592742e-01
2.219930525401649923e-01
3.188291951209886177e-01
3.287016934433339976e-01
3.247991749891447344e-01
1.859603415834415741e-01
3.030134607034299932e-01
1.909422492401215421e-01
2.188449848024315303e-01
1.424229266174550368e-01
2.514980460269202744e-01
1.614464225406465059e-01
1.916396673235566117e-01
1.509888288003776446e-01
1.966478506296119866e-01
9.839339991315680656e-02
2.214502822405553517e-01
2.266415786172615299e-01
2.268469697909548388e-01
2.871471993052528426e-01
1.912939643942678791e-01
2.772036474164125130e-01
2.051490809089588085e-01
2.355623100303949891e-01
1.528068978351213303e-01
1.684364267950889393e-01
2.400202634245182653e-01
1.577135413435876710e-01
1.788181423439781925e-01
2.423926644325236357e-01
3.921670791541831957e-01
3.516998827667055516e-01
3.843081064651986956e-01
4.222708850990828933e-01
4.314782250010854026e-01
4.657288003126221487e-01
4.445095740523636318e-01
3.835513624493690488e-01
5.623999387647398152e-01
3.941023589323703891e-01
3.392551176841910876e-01
2.462547655982591510e-01
4.214443886190661903e-01
3.747268174778921046e-01
2.495687630505915577e-01
2.638069337477428333e-01
4.800154466127909414e-01
3.253727022723980067e-01
2.576349688811693239e-01
4.474164133738600113e-01
4.642350557244172560e-01
4.831080867891586750e-01
3.878419452887533758e-01
3.366623245042693058e-01
4.819520121020268721e-01
4.380138714485218299e-01
4.159239458540818224e-01
3.274629000536379286e-01
3.645966109258430565e-01
3.626982707976801334e-01
2.562367925893761500e-01
2.682895990477476844e-01
3.472933075587836260e-01
4.113538002808055372e-01
2.506404967649485394e-01
3.898061641341851735e-01
4.467727340455447949e-01
4.686305292205879547e-01
4.510788840052842863e-01
4.506926049763341768e-01
4.016136495808030893e-01
3.652542916747186230e-01
4.085718007729383094e-01
2.371574970689127870e-01
4.292639733960200155e-01
2.947704621406971315e-01
2.799449798591543415e-01
2.351759414168560491e-01
4.892015517341205544e-01
3.885771168209937176e-01
2.880569306930692575e-01
4.347219809700265669e-01
4.804498870939725164e-01
4.937491556173158602e-01
4.100198671182906929e-01
4.344720436955980536e-01
3.944104769531368571e-01
4.124804585721729144e-01
4.433645996178564030e-01
2.164726999015685327e-01
3.903589523216784429e-01
3.640516959532324459e-01
2.472621322282599898e-01
2.532679028965993395e-01
4.498375515676769631e-01
3.106966631993772210e-01
2.839275632952620310e-01
4.453599838374981967e-01
4.588047120291876557e-01
5.065670734355323113e-01
4.433742086465862764e-01
3.845640831570388829e-01
3.995194899082663009e-01
4.104218934108813110e-01
4.347384934064898454e-01
2.525127507322318943e-01
4.180641255348356289e-01
4.688851725333095244e-01
2.587571112172665777e-01
2.507252670893768687e-01
4.083698862155825116e-01
3.618270030152250238e-01
3.390688786589070025e-01
4.215234951793626061e-01
3.886041865717012045e-01
5.167365470377791592e-01
4.329830047193030107e-01
3.298290262911236503e-01
5.158380295599261922e-01
3.683338357491871551e-01
3.735559801962997639e-01
3.356978102048888690e-01
4.015517351623968945e-01
3.957532956056361573e-01
2.998400784790594131e-01
1.527651679627344827e-01
2.097512561255473473e-01
1.270082501085538218e-01
1.498046026921400486e-01
1.598163885615017099e-01
2.583586626139816045e-01
1.980026052974345196e-01
1.493703864524523472e-01
1.347931269772322527e-01
2.870386452453306259e-01
1.908235634679407156e-01
1.560486322188416319e-01
1.932578060237603312e-01
2.904906643508465836e-01
2.476893492959451049e-01
1.626845419018674854e-01
2.116866199367272161e-01
1.472475515028706383e-01
3.101280937907058277e-01
2.597853731158112911e-01
3.402952670429856274e-01
2.391793313069883187e-01
2.900011842261080997e-01
2.810175133883309750e-01
2.616462998573300669e-01
3.137579745482472759e-01
2.748588797221002689e-01
1.740990013026456618e-01
1.716239687364271294e-01
2.242099676750135273e-01
3.667438606648329436e-01
1.746721667390354893e-01
1.873332919794046814e-01
2.360486322188458941e-01
1.434650455927042600e-01
2.676943117672585526e-01
2.219930525401644372e-01
3.188291951209883401e-01
3.287016934433333315e-01
3.247991749891440683e-01
1.859603415834394924e-01
3.030134607034299377e-01
1.909422492401212368e-01
2.188449848024275612e-01
1.424229266174519837e-01
2.514980460269216622e-01
1.614464225406441467e-01
1.916396673235554737e-01
1.509888288003760348e-01
1.966478506296131801e-01
9.839339991315579348e-02
2.214502822405550186e-01
2.266415786172593372e-01
2.268469697909542560e-01
2.871471993052517879e-01
1.912939643942682399e-01
2.772036474164121800e-01
2.051490809089581702e-01
2.355623100303910755e-01
1.528068978351201368e-01
1.684364267950873018e-01
2.400202634245158784e-01
1.577135413435860056e-01
1.788181423439768603e-01
