1.731936837084554759e-01
1.732249602201862693e-01
1.386917817055862423e-01
1.494430826129949930e-01
1.298204225568433123e-01
2.311959747129397058e-01
1.961037285511547101e-01
1.161140498000239885e-01
1.615029704308504344e-01
3.371339182041022675e-01
2.465775025444731094e-01
1.637638154216646269e-01
2.027890829335794454e-01
2.735130950845052755e-01
2.430838417162763943e-01
1.461746871371431278e-01
1.680028997794435486e-01
1.484396278616371689e-01
3.474175375220393547e-01
2.270674751644938538e-01
3.063260654539196604e-01
1.636563024125912424e-01
2.816801742101704420e-01
2.465775025444731094e-01
3.270730044049616758e-01
3.137659656818476139e-01
2.950156968993239981e-01
1.921687524190419660e-01
1.151464327183585462e-01
1.868002694992751400e-01
3.313550939663695294e-01
1.634240743129910522e-01
1.922946962296714080e-01
2.163269255579916839e-01
1.833204317722441357e-01
2.986711392078438276e-01
2.623317421407987404e-01
3.059702951329836274e-01
4.042489141186079715e-01
3.005902464198169088e-01
1.942688398629559832e-01
3.560142777276043002e-01
2.097019739388459592e-01
2.468498688341281277e-01
1.895454349976344044e-01
2.556410378287349849e-01
1.609398070499863387e-01
1.935234163333750812e-01
1.641625909462307298e-01
1.526512708037670585e-01
1.616780630456283174e-01
1.835032038876698302e-01
2.116238287054947598e-01
2.025299346935251765e-01
3.004773577602889989e-01
1.518513740162545367e-01
2.375034045786207637e-01
1.961754038905369757e-01
2.655571324130212574e-01
1.353742374255850756e-01
1.415653112208389852e-01
2.192620307057147888e-01
1.756393952239648781e-01
1.485634307205709048e-01
2.202248694314231370e-01
2.664220148415737399e-01
2.137358620393060016e-01
1.942401697272033434e-01
1.724938717584821035e-01
3.880242236583352766e-01
2.633300772250576904e-01
1.975474746730060405e-01
2.737424561705300019e-01
4.325033329032809681e-01
3.705844407173260469e-01
2.228242950730372762e-01
3.641172400042220203e-01
3.094941154546359541e-01
2.631918462133920333e-01
2.320345761837176446e-01
4.671655270287705108e-01
4.362638990428944208e-01
1.979744549090438899e-01
3.649464585214806656e-01
3.964649722616437888e-01
4.136854845150548243e-01
1.792422935806807782e-01
2.726837090145042275e-01
3.002241048944701007e-01
3.442232065635486005e-01
2.979723046488619853e-01
4.442791695442206423e-01
2.928224315142126111e-01
2.312541582237329918e-01
1.978239366963399914e-01
3.010020212445699839e-01
4.353101727014689892e-01
5.206756616375947111e-01
5.870038459866623315e-01
3.864461821866339575e-01
2.457934900740438022e-01
3.474671024339895942e-01
4.183151285800291164e-01
3.703663885783088916e-01
4.095850419728962466e-01
3.766502537197897182e-01
5.029586307732001327e-01
3.857400877268423178e-01
4.119107004632073243e-01
6.058771841935628455e-01
4.437823293074003583e-01
3.589258423695508848e-01
2.389277532478702448e-01
3.911626059213568762e-01
3.635790258306811351e-01
2.256561920920739372e-01
1.731936837084554759e-01
1.732249602201862693e-01
1.386917817055862423e-01
1.494430826129949930e-01
1.298204225568433123e-01
2.311959747129397058e-01
1.961037285511547101e-01
1.161140498000239885e-01
1.615029704308504344e-01
3.371339182041022675e-01
2.465775025444731094e-01
1.637638154216646269e-01
2.027890829335794454e-01
2.735130950845052755e-01
2.430838417162763943e-01
1.461746871371431278e-01
1.680028997794435486e-01
1.484396278616371689e-01
3.474175375220393547e-01
2.270674751644938538e-01
3.063260654539196604e-01
1.636563024125912424e-01
2.816801742101704420e-01
2.465775025444731094e-01
3.270730044049616758e-01
3.137659656818476139e-01
2.950156968993239981e-01
1.921687524190419660e-01
1.151464327183585462e-01
1.868002694992751400e-01
3.313550939663695294e-01
1.634240743129910522e-01
1.922946962296714080e-01
2.163269255579916839e-01
1.833204317722441357e-01
2.986711392078438276e-01
2.623317421407987404e-01
3.059702951329836274e-01
4.042489141186079715e-01
3.005902464198169088e-01
1.942688398629559832e-01
3.560142777276043002e-01
2.097019739388459592e-01
2.468498688341281277e-01
1.895454349976344044e-01
2.556410378287349849e-01
1.609398070499863387e-01
1.935234163333750812e-01
1.641625909462307298e-01
1.526512708037670585e-01
1.616780630456283174e-01
1.835032038876698302e-01
2.116238287054947598e-01
2.025299346935251765e-01
3.004773577602889989e-01
1.518513740162545367e-01
2.375034045786207637e-01
1.961754038905369757e-01
2.655571324130212574e-01
1.353742374255850756e-01
1.415653112208389852e-01
2.192620307057147888e-01
1.756393952239648781e-01
1.485634307205709048e-01
2.457934900740438022e-01
3.474671024339895942e-01
4.183151285800291164e-01
3.703663885783088916e-01
4.095850419728962466e-01
3.766502537197897182e-01
5.029586307732001327e-01
3.857400877268423178e-01
4.119107004632073243e-01
6.058771841935628455e-01
4.437823293074003583e-01
3.589258423695508848e-01
2.389277532478702448e-01
3.911626059213568762e-01
3.635790258306811351e-01
2.256561920920739372e-01
2.790313417397185525e-01
4.632466560842523062e-01
3.506357602603246693e-01
2.399690362533866694e-01
4.242033286027607764e-01
4.180073937094538894e-01
4.889519036647724248e-01
3.648561475938583709e-01
3.795925973709480261e-01
4.978476589215683479e-01
5.101346992715848350e-01
4.350530822955180343e-01
3.009478852823544437e-01
3.220044411267966589e-01
4.123440112724227613e-01
2.131911294599977136e-01
2.618686817579255477e-01
3.413350445704282921e-01
4.383938299214399370e-01
2.518493032857385128e-01
4.007198719051461855e-01
4.053817876006609588e-01
4.877899732247082398e-01
3.871480896772007130e-01
4.685122206195660444e-01
4.265708655974179142e-01
4.413748668987566570e-01
4.011234765578476913e-01
2.346464820230514670e-01
3.769746667489217162e-01
2.858351330278980362e-01
2.597309782333714900e-01
2.254594595818173453e-01
4.669619944661874689e-01
4.532609019297756947e-01
2.766010064083266329e-01
4.296780544683862502e-01
4.367253021375425148e-01
5.015650461867829923e-01
3.726694550772010617e-01
4.858588320374911951e-01
4.089935868137137831e-01
4.830759967313234537e-01
4.504107350221496220e-01
2.006279299815057204e-01
3.650582755436024840e-01
3.670696665160893546e-01
2.143072187371354853e-01
2.562580645161289250e-01
4.326283481958893007e-01
3.544607475678439035e-01
2.625376344086021718e-01
4.410883590462830184e-01
4.067685944367974149e-01
5.296103225806448878e-01
3.913353696495012746e-01
4.214439324116743824e-01
4.022365591397847884e-01
4.929240047848964523e-01
4.604231551038442394e-01
2.345615292712067146e-01
4.054639346993167970e-01
4.597638466220322906e-01
2.235182795698922587e-01
2.564368359929456442e-01
3.962052131274459432e-01
3.860811217686783148e-01
3.322723558002492195e-01
4.075874231149727578e-01
3.582089552238804098e-01
5.416588619258057014e-01
3.803833856653333068e-01
3.620589168310381356e-01
5.376755975309345237e-01
4.314889360621878001e-01
3.837691943739512945e-01
3.233018385498062086e-01
3.525430695679896420e-01
4.097446705730933836e-01
2.672676623662496587e-01
1.731936837084559755e-01
1.732249602201856864e-01
1.386917817055847990e-01
1.494430826129961032e-01
1.298204225568433401e-01
2.311959747129374021e-01
1.961037285511529615e-01
1.161140498000254179e-01
1.615029704308480474e-01
3.371339182041004356e-01
2.465775025444743584e-01
1.637638154216634334e-01
2.027890829335773082e-01
2.735130950845047759e-01
2.430838417162730358e-01
1.461746871371432110e-01
1.680028997794428547e-01
1.484396278616354203e-01
3.474175375220377449e-01
2.270674751644951583e-01
3.063260654539204930e-01
1.636563024125916310e-01
2.816801742101692207e-01
2.465775025444727486e-01
3.270730044049613983e-01
3.137659656818473364e-01
2.950156968993224438e-01
1.921687524190426044e-01
1.151464327183578662e-01
1.868002694992753066e-01
3.313550939663681971e-01
1.634240743129884432e-01
1.922946962296709916e-01
2.163269255579931272e-01
1.833204317722421928e-01
2.986711392078422733e-01
2.623317421407956873e-01
3.059702951329840159e-01
4.042489141186076940e-01
3.005902464198166313e-01
1.942688398629539015e-01
3.560142777276056880e-01
2.097019739388426840e-01
2.468498688341282665e-01
1.895454349976312958e-01
2.556410378287334861e-01
1.609398070499831190e-01
1.935234163333733326e-01
1.641625909462279265e-01
1.526512708037639221e-01
1.616780630456230716e-01
1.835032038876663885e-01
2.116238287054953982e-01
2.025299346935250933e-01
3.004773577602897761e-01
1.518513740162536485e-01
2.375034045786170167e-01
1.961754038905365871e-01
2.655571324130217015e-01
1.353742374255858527e-01
1.415653112208373754e-01
2.192620307057144557e-01
1.756393952239639067e-01
1.485634307205697391e-01
