1.635336414997427545e-01
2.019047619047613928e-01
1.350282485875700100e-01
1.689265536723162653e-01
1.532203389830507356e-01
2.138757062146880994e-01
2.542372881355923209e-01
1.654237288135579909e-01
1.683680387409199342e-01
3.006949152542369719e-01
1.916459510357814977e-01
1.699615819209040479e-01
1.989193631227514913e-01
2.962711864406778473e-01
2.281323648103303903e-01
1.699209039548017497e-01
2.042937853107343604e-01
1.658606403013172526e-01
3.210000000000001186e-01
2.766101694915241715e-01
3.319322033898295388e-01
1.789966101694907830e-01
2.458798151001541921e-01
2.591487758945384412e-01
2.708765133171910366e-01
3.313481095176005198e-01
2.422598870056490161e-01
1.922033898305084143e-01
1.625084745762711003e-01
2.318041431261764207e-01
3.436283741368482136e-01
2.098440677966096346e-01
1.885391444713471198e-01
2.313446327683608972e-01
1.493333333333328738e-01
2.549152542372872809e-01
2.451977401129937506e-01
3.041027221366199296e-01
3.227118644067789588e-01
3.214576271186435630e-01
1.743427495291902107e-01
2.575909604519774909e-01
1.509152542372882433e-01
2.265310734463266973e-01
1.816045197740095984e-01
2.505905441570019376e-01
1.461544256120516916e-01
2.182529335071706766e-01
1.823112480739597641e-01
2.010033898305073341e-01
1.478079096045179508e-01
1.959322033898295568e-01
2.539108600125539739e-01
2.039580306698948187e-01
3.204067796610162722e-01
2.110508474576271165e-01
2.328185812931565790e-01
2.139736346516007137e-01
2.180790960451975125e-01
1.473833736884576084e-01
1.802157164869024886e-01
2.878568738229755342e-01
1.707312348668269808e-01
1.672316384180790871e-01
2.263904582548647570e-01
3.055568110483360966e-01
2.399999999999999911e-01
2.225988700564967004e-01
1.955254237288128749e-01
3.574730354391363885e-01
3.007263922518159660e-01
2.399935431799828378e-01
3.294212178279974368e-01
4.226327683615812014e-01
3.387525423728813267e-01
2.276308851224101704e-01
3.507550077041604597e-01
3.324444444444443203e-01
2.872275295326133238e-01
2.340112994350276310e-01
4.580338983050843971e-01
4.107972379158811305e-01
1.745084745762707779e-01
3.089491525423725404e-01
3.725423728813553881e-01
3.803066989507666862e-01
2.011394588165316966e-01
2.759322033898298221e-01
3.429453860640296337e-01
3.520770035572294288e-01
3.014689265536719120e-01
3.784167497507473499e-01
2.789152542372878574e-01
2.586640079760712529e-01
2.345762711864399774e-01
3.290395480225986047e-01
4.520045243572529126e-01
5.395215219122517780e-01
4.897566708512511857e-01
4.433247227293115600e-01
2.554193749845923289e-01
3.998915303263128052e-01
3.803217933652710547e-01
3.853554641598119779e-01
4.438993483292089648e-01
3.757005333092284793e-01
4.690296483774745173e-01
4.481153394196868978e-01
3.790369442543355394e-01
5.597249492363790546e-01
3.518291344378300378e-01
3.555406448383033324e-01
2.643085469172422042e-01
4.466992075687728492e-01
3.554792250444421264e-01
2.635114591636329995e-01
1.635336414997427545e-01
2.019047619047613928e-01
1.350282485875700100e-01
1.689265536723162653e-01
1.532203389830507356e-01
2.138757062146880994e-01
2.542372881355923209e-01
1.654237288135579909e-01
1.683680387409199342e-01
3.006949152542369719e-01
1.916459510357814977e-01
1.699615819209040479e-01
1.989193631227514913e-01
2.962711864406778473e-01
2.281323648103303903e-01
1.699209039548017497e-01
2.042937853107343604e-01
1.658606403013172526e-01
3.210000000000001186e-01
2.766101694915241715e-01
3.319322033898295388e-01
1.789966101694907830e-01
2.458798151001541921e-01
2.591487758945384412e-01
2.708765133171910366e-01
3.313481095176005198e-01
2.422598870056490161e-01
1.922033898305084143e-01
1.625084745762711003e-01
2.318041431261764207e-01
3.436283741368482136e-01
2.098440677966096346e-01
1.885391444713471198e-01
2.313446327683608972e-01
1.493333333333328738e-01
2.549152542372872809e-01
2.451977401129937506e-01
3.041027221366199296e-01
3.227118644067789588e-01
3.214576271186435630e-01
1.743427495291902107e-01
2.575909604519774909e-01
1.509152542372882433e-01
2.265310734463266973e-01
1.816045197740095984e-01
2.505905441570019376e-01
1.461544256120516916e-01
2.182529335071706766e-01
1.823112480739597641e-01
2.010033898305073341e-01
1.478079096045179508e-01
1.959322033898295568e-01
2.539108600125539739e-01
2.039580306698948187e-01
3.204067796610162722e-01
2.110508474576271165e-01
2.328185812931565790e-01
2.139736346516007137e-01
2.180790960451975125e-01
1.473833736884576084e-01
1.802157164869024886e-01
2.878568738229755342e-01
1.707312348668269808e-01
1.672316384180790871e-01
2.554193749845923289e-01
3.998915303263128052e-01
3.803217933652710547e-01
3.853554641598119779e-01
4.438993483292089648e-01
3.757005333092284793e-01
4.690296483774745173e-01
4.481153394196868978e-01
3.790369442543355394e-01
5.597249492363790546e-01
3.518291344378300378e-01
3.555406448383033324e-01
2.643085469172422042e-01
4.466992075687728492e-01
3.554792250444421264e-01
2.635114591636329995e-01
2.824145108534042992e-01
4.597350046127923751e-01
3.474199623352160482e-01
2.808286252354046941e-01
4.414915254237288256e-01
4.602134337727555868e-01
4.404987390768871913e-01
4.106666666666664578e-01
3.570621468926553632e-01
4.481283032622560558e-01
4.094182317911127522e-01
4.238187160676407106e-01
3.402991026919240936e-01
3.819661016949156274e-01
3.868394815553338195e-01
2.471126177024481063e-01
2.599426228636455560e-01
3.627839626706935716e-01
4.336617850900977844e-01
2.766226722111733149e-01
4.053933771887120452e-01
4.234661739240833667e-01
4.336484780980106035e-01
4.653788196765400453e-01
4.681167684241265281e-01
3.883365703402907876e-01
3.402976968790675794e-01
4.003275245817279338e-01
2.652549267763510965e-01
4.186511640388762001e-01
3.041003133696059679e-01
2.842069299243831226e-01
2.467567689734662950e-01
4.907712938269372938e-01
4.089026735141635394e-01
3.051010260814536745e-01
4.469908139844402384e-01
4.377118835600956603e-01
4.725624915246573465e-01
4.308694571260676121e-01
4.240798498629715363e-01
3.871459796806301368e-01
3.912760475523213155e-01
4.409618948605519839e-01
2.504301707122297271e-01
4.033468757791527359e-01
3.524868924172254170e-01
2.491653805670888400e-01
2.720368863574723073e-01
4.436018554051794904e-01
3.349453320188335859e-01
2.961757526444263600e-01
4.480607540005420164e-01
4.257169314126187931e-01
4.786004882017901862e-01
4.699039910407543097e-01
3.975357433453446387e-01
3.763421560650297981e-01
3.852919524196988244e-01
4.367124773825842299e-01
2.650353092446934844e-01
4.552097877469364895e-01
4.561309240523813702e-01
2.612422023325196574e-01
2.725102843451923107e-01
4.267438180914060464e-01
3.750799175960785603e-01
3.330741527658481749e-01
4.453535855823275158e-01
3.650829528502327892e-01
4.861819155859989916e-01
4.359145909618312720e-01
3.321180232659337594e-01
4.847322996844688481e-01
3.516346369477676981e-01
3.834704579358978460e-01
3.362516261571456000e-01
4.098555248746055257e-01
3.929158857055423670e-01
3.286150769697143148e-01
1.635336414997426713e-01
2.019047619047596720e-01
1.350282485875676508e-01
1.689265536723151551e-01
1.532203389830503193e-01
2.138757062146866006e-01
2.542372881355938197e-01
1.654237288135552431e-01
1.683680387409179080e-01
3.006949152542364168e-01
1.916459510357797213e-01
1.699615819209016887e-01
1.989193631227499925e-01
2.962711864406763485e-01
2.281323648103274759e-01
1.699209039548001676e-01
2.042937853107337776e-01
1.658606403013155317e-01
3.210000000000008402e-01
2.766101694915223397e-01
3.319322033898299829e-01
1.789966101694888956e-01
2.458798151001541088e-01
2.591487758945363318e-01
2.708765133171924244e-01
3.313481095176016300e-01
2.422598870056469900e-01
1.922033898305091359e-01
1.625084745762698513e-01
2.318041431261750052e-01
3.436283741368484357e-01
2.098440677966089962e-01
1.885391444713469533e-01
2.313446327683623405e-01
1.493333333333316526e-01
2.549152542372864483e-01
2.451977401129917800e-01
3.041027221366183753e-01
3.227118644067784592e-01
3.214576271186441181e-01
1.743427495291873519e-01
2.575909604519763807e-01
1.509152542372868000e-01
2.265310734463230335e-01
1.816045197740080441e-01
2.505905441570036585e-01
1.461544256120512197e-01
2.182529335071695387e-01
1.823112480739567665e-01
2.010033898305036704e-01
1.478079096045181173e-01
1.959322033898295290e-01
2.539108600125515314e-01
2.039580306698939305e-01
3.204067796610184371e-01
2.110508474576255900e-01
2.328185812931545806e-01
2.139736346515993259e-01
2.180790960451942651e-01
1.473833736884578860e-01
1.802157164869015449e-01
2.878568738229729251e-01
1.707312348668248714e-01
1.672316384180774218e-01
