1.690164850252336426e-01
1.987292990313504204e-01
1.712061243620449924e-01
1.523278825122375002e-01
1.395539155147519361e-01
2.048744922403915036e-01
2.390376002499737251e-01
1.676908655348400001e-01
1.790140907941134563e-01
3.096877929382347294e-01
2.190310037148894273e-01
1.698052286220168294e-01
1.723305337512189561e-01
2.640349963545452483e-01
2.763625812787358638e-01
1.589092282053948535e-01
1.958798934634775057e-01
1.356050874330220202e-01
3.050854077700233535e-01
2.231910366479675778e-01
2.709092802833033553e-01
1.229403187167998623e-01
2.291238602039560590e-01
1.877408603270485921e-01
3.138065975270425412e-01
2.730965524424534552e-01
2.708051244662009749e-01
2.439589626080615747e-01
1.102228934485969536e-01
1.735178048582888266e-01
3.546794894050381841e-01
2.012134152692414968e-01
2.417902897019642561e-01
2.757525257785639061e-01
1.705291115508793809e-01
3.023122591396728009e-01
2.486720133319437476e-01
2.466693810303846601e-01
3.619414644307880069e-01
3.164644307884584284e-01
2.161580390931502615e-01
3.070930111446715793e-01
1.607645036975305919e-01
2.639308405374439226e-01
1.975054681803975198e-01
2.619463981273875697e-01
1.721869249730922369e-01
2.478708147388485883e-01
1.537245173324737202e-01
1.561712321633162981e-01
1.434876575356734962e-01
1.868034579731272238e-01
2.088671318959829382e-01
1.585102742273868937e-01
3.461618581397771233e-01
2.002135194250586891e-01
3.113564559247292141e-01
2.066191021768563618e-01
2.909853140297875007e-01
1.269436219441415215e-01
1.513099961178287212e-01
2.807172863937772433e-01
2.126936182242918916e-01
1.576540322504282055e-01
2.235878207131196671e-01
3.232417919429681485e-01
2.635142172690340123e-01
2.044057910634308473e-01
1.733413186126440686e-01
3.805238090729182177e-01
3.279234305950267103e-01
2.416563750799755328e-01
3.300582115288905327e-01
4.251770648890734750e-01
3.056712842412247499e-01
2.069055306738877553e-01
3.604027989508669094e-01
3.287504773808277991e-01
3.129219494181468275e-01
2.308440093045856789e-01
4.551088428288719845e-01
4.357185015449777654e-01
1.504530778043952355e-01
3.162795542131025539e-01
4.161285282783038775e-01
3.655422798220424041e-01
1.643058014790113042e-01
2.534892198729296608e-01
3.808457452348708028e-01
3.938015715955512919e-01
2.979507342985098783e-01
3.713461220338564739e-01
2.772627851265492271e-01
2.390069661861200789e-01
1.973752734090190031e-01
3.444641183210075952e-01
4.539448068674589720e-01
4.654990531740962889e-01
5.709546536183478516e-01
4.358925095835430863e-01
2.644141777089753509e-01
3.807738374212359944e-01
4.022808936103733357e-01
3.732880279123053091e-01
3.887511680073573173e-01
3.050499921887205312e-01
4.828308076862990461e-01
4.100921730979530944e-01
4.559456235756813580e-01
5.486555741129364172e-01
4.118850477231977836e-01
3.953829329551872829e-01
2.320308447476077118e-01
4.090209119110848057e-01
4.030967383568536122e-01
2.601108728276358417e-01
1.690164850252336426e-01
1.987292990313504204e-01
1.712061243620449924e-01
1.523278825122375002e-01
1.395539155147519361e-01
2.048744922403915036e-01
2.390376002499737251e-01
1.676908655348400001e-01
1.790140907941134563e-01
3.096877929382347294e-01
2.190310037148894273e-01
1.698052286220168294e-01
1.723305337512189561e-01
2.640349963545452483e-01
2.763625812787358638e-01
1.589092282053948535e-01
1.958798934634775057e-01
1.356050874330220202e-01
3.050854077700233535e-01
2.231910366479675778e-01
2.709092802833033553e-01
1.229403187167998623e-01
2.291238602039560590e-01
1.877408603270485921e-01
3.138065975270425412e-01
2.730965524424534552e-01
2.708051244662009749e-01
2.439589626080615747e-01
1.102228934485969536e-01
1.735178048582888266e-01
3.546794894050381841e-01
2.012134152692414968e-01
2.417902897019642561e-01
2.757525257785639061e-01
1.705291115508793809e-01
3.023122591396728009e-01
2.486720133319437476e-01
2.466693810303846601e-01
3.619414644307880069e-01
3.164644307884584284e-01
2.161580390931502615e-01
3.070930111446715793e-01
1.607645036975305919e-01
2.639308405374439226e-01
1.975054681803975198e-01
2.619463981273875697e-01
1.721869249730922369e-01
2.478708147388485883e-01
1.537245173324737202e-01
1.561712321633162981e-01
1.434876575356734962e-01
1.868034579731272238e-01
2.088671318959829382e-01
1.585102742273868937e-01
3.461618581397771233e-01
2.002135194250586891e-01
3.113564559247292141e-01
2.066191021768563618e-01
2.909853140297875007e-01
1.269436219441415215e-01
1.513099961178287212e-01
2.807172863937772433e-01
2.126936182242918916e-01
1.576540322504282055e-01
2.644141777089753509e-01
3.807738374212359944e-01
4.022808936103733357e-01
3.732880279123053091e-01
3.887511680073573173e-01
3.050499921887205312e-01
4.828308076862990461e-01
4.100921730979530944e-01
4.559456235756813580e-01
5.486555741129364172e-01
4.118850477231977836e-01
3.953829329551872829e-01
2.320308447476077118e-01
4.090209119110848057e-01
4.030967383568536122e-01
2.601108728276358417e-01
2.760129153213203845e-01
4.392665462619796957e-01
3.891955699059120311e-01
2.669860778391139888e-01
4.132902822622639971e-01
3.617408680422951606e-01
4.446015391274481532e-01
3.827726278512655900e-01
4.079436169843413396e-01
4.595119460002484724e-01
4.605094626967347060e-01
4.810742542485341722e-01
3.264825355201965706e-01
3.359560310284641083e-01
4.587451062082992803e-01
2.303648925459152730e-01
2.635310048189890009e-01
3.336317491240437527e-01
4.439525719146571459e-01
2.899848966199675138e-01
4.043859895117638548e-01
3.520060659020069482e-01
4.163820289672157116e-01
4.280943545529263261e-01
4.775913113499696272e-01
3.957117519761080837e-01
4.243082504146542533e-01
4.220212889553025537e-01
2.592312900369769801e-01
3.820844808608794274e-01
3.505795562134212950e-01
2.692261738818748640e-01
2.515707236842105732e-01
4.643518518518516269e-01
4.307131410256405113e-01
3.072070312500001510e-01
4.158449074074072049e-01
3.602890625000001457e-01
4.831105324074074225e-01
3.869824218750001488e-01
4.731427469135804365e-01
3.951968573446332234e-01
4.553437499999998805e-01
4.796197916666665728e-01
2.361527777777776005e-01
3.617749972393995428e-01
4.078316750862491791e-01
2.392485119047619013e-01
2.493879889577580999e-01
4.079575554882075572e-01
3.805667953936090475e-01
3.099119745820092531e-01
4.451318796042362247e-01
3.523991132423118788e-01
4.653992395437259733e-01
4.100967368511661548e-01
4.311980534700470269e-01
3.970549936730772833e-01
4.556793667576395923e-01
4.686388489126500634e-01
2.649675040945418947e-01
3.810356918524958614e-01
5.187760368808513878e-01
2.560966717016507355e-01
2.454630690696947837e-01
3.895327638295654760e-01
4.329022368401466703e-01
3.505226238844320052e-01
3.961523769837135833e-01
3.081570996978851840e-01
4.734674378608636491e-01
4.284751883876795620e-01
3.819631246849146677e-01
4.920745147751569570e-01
4.179847165452281743e-01
4.003167647671631579e-01
3.752242710467519893e-01
3.727016620757895859e-01
4.185051327461991599e-01
2.939429965131169498e-01
1.690164850252332818e-01
1.987292990313510865e-01
1.712061243620452422e-01
1.523278825122373337e-01
1.395539155147526023e-01
2.048744922403906710e-01
2.390376002499713659e-01
1.676908655348360588e-01
1.790140907941116244e-01
3.096877929382351735e-01
2.190310037148904543e-01
1.698052286220190499e-01
1.723305337512174296e-01
2.640349963545441381e-01
2.763625812787363079e-01
1.589092282053948257e-01
1.958798934634765343e-01
1.356050874330213818e-01
3.050854077700226319e-01
2.231910366479658292e-01
2.709092802833013014e-01
1.229403187167993072e-01
2.291238602039563366e-01
1.877408603270492304e-01
3.138065975270404317e-01
2.730965524424530666e-01
2.708051244661991430e-01
2.439589626080610196e-01
1.102228934485975087e-01
1.735178048582895760e-01
3.546794894050367408e-01
2.012134152692406364e-01
2.417902897019628683e-01
2.757525257785628514e-01
1.705291115508777711e-01
3.023122591396711356e-01
2.486720133319436365e-01
2.466693810303838275e-01
3.619414644307858975e-01
3.164644307884564300e-01
2.161580390931503726e-01
3.070930111446721900e-01
1.607645036975322572e-01
2.639308405374394817e-01
1.975054681803975198e-01
2.619463981273881803e-01
1.721869249730915430e-01
2.478708147388450911e-01
1.537245173324715275e-01
1.561712321633133005e-01
1.434876575356676953e-01
1.868034579731261968e-01
2.088671318959798573e-01
1.585102742273845899e-01
3.461618581397775118e-01
2.002135194250567740e-01
3.113564559247275487e-01
2.066191021768559177e-01
2.909853140297845031e-01
1.269436219441395508e-01
1.513099961178286101e-01
2.807172863937766327e-01
2.126936182242918083e-01
1.576540322504278724e-01
