2.000315839343045632e-01
2.262221854578531366e-01
2.410248986682100025e-01
1.266647365373474998e-01
1.607742575895435844e-01
2.245512449334099159e-01
2.127967573827437286e-01
1.864504921829759909e-01
1.990404499958635942e-01
2.470034742327735788e-01
2.395580003860249829e-01
1.956919513607407179e-01
1.350844870242670359e-01
2.944412275622463326e-01
2.612374886260229734e-01
1.319557035321367588e-01
1.804036727603593737e-01
1.402560638229428114e-01
2.486030689056154541e-01
2.253288113160721307e-01
2.195136074116965375e-01
1.277301679212505536e-01
2.616413117860714732e-01
2.256417679984555058e-01
3.432541980312680541e-01
2.411919290900175483e-01
2.339316734221190131e-01
2.610885929357257274e-01
1.727562246670509005e-01
1.767676767676761296e-01
3.958373544360802021e-01
1.804516502605664208e-01
3.192985358590442746e-01
2.401708164447009519e-01
1.486103068905615665e-01
2.831499710480598342e-01
2.048349739432537286e-01
2.231983997473279413e-01
3.271569195136069808e-01
3.242544875506654933e-01
1.740976645435238224e-01
3.065199768384480050e-01
1.517544875506654234e-01
2.585987261146492910e-01
2.314707585408214419e-01
2.636698869350547758e-01
1.781252010551368226e-01
2.846198387599654378e-01
1.673422119281992859e-01
1.913607411696577054e-01
1.252460914881283194e-01
1.860451650260556422e-01
2.165862446117219342e-01
2.104392422863756718e-01
3.061378112333512092e-01
2.149681528662409358e-01
3.178279611400631754e-01
2.008782088399918841e-01
2.808338158656624728e-01
1.654479278683101684e-01
1.512344054324359921e-01
2.842887473460717906e-01
1.888162792621382591e-01
1.416013054692845663e-01
2.338287331917905387e-01
3.696326320530141651e-01
3.063115228720320049e-01
1.698513800424625020e-01
2.121887666473649126e-01
3.921671842922557771e-01
3.232897675572828367e-01
2.731987757465458855e-01
3.605996268416639117e-01
3.887714726886697392e-01
3.495773016792116383e-01
1.847133757961778033e-01
3.675580354792855609e-01
3.202470565527882340e-01
2.827814918144966327e-01
2.387859486585597601e-01
4.460914881297044499e-01
3.931030045679722029e-01
1.481325998841918345e-01
3.137232194557033615e-01
4.103937463810076736e-01
3.269087600297790330e-01
1.932633407490930155e-01
2.381710646041851898e-01
4.453194364022389773e-01
3.679855883677531914e-01
2.684387666473647682e-01
3.548077250587554632e-01
2.834394904458590325e-01
2.857556456282561164e-01
2.061378112333520085e-01
3.540938042848867928e-01
4.730494344200155687e-01
4.606775591099469547e-01
5.456405714697791787e-01
4.443581121813336976e-01
3.046251993620411880e-01
3.960396039603960028e-01
3.960396039603961138e-01
3.521365294424174119e-01
3.535712061772213199e-01
3.195891957616812107e-01
4.611111111111111382e-01
4.446760465520235850e-01
4.605270050814605498e-01
4.991119730529754994e-01
3.900675781863898184e-01
4.285886078486384476e-01
2.446154389875076773e-01
4.268399271004792439e-01
4.107849381429370395e-01
2.461456671982986677e-01
2.000315839343045632e-01
2.262221854578531366e-01
2.410248986682100025e-01
1.266647365373474998e-01
1.607742575895435844e-01
2.245512449334099159e-01
2.127967573827437286e-01
1.864504921829759909e-01
1.990404499958635942e-01
2.470034742327735788e-01
2.395580003860249829e-01
1.956919513607407179e-01
1.350844870242670359e-01
2.944412275622463326e-01
2.612374886260229734e-01
1.319557035321367588e-01
1.804036727603593737e-01
1.402560638229428114e-01
2.486030689056154541e-01
2.253288113160721307e-01
2.195136074116965375e-01
1.277301679212505536e-01
2.616413117860714732e-01
2.256417679984555058e-01
3.432541980312680541e-01
2.411919290900175483e-01
2.339316734221190131e-01
2.610885929357257274e-01
1.727562246670509005e-01
1.767676767676761296e-01
3.958373544360802021e-01
1.804516502605664208e-01
3.192985358590442746e-01
2.401708164447009519e-01
1.486103068905615665e-01
2.831499710480598342e-01
2.048349739432537286e-01
2.231983997473279413e-01
3.271569195136069808e-01
3.242544875506654933e-01
1.740976645435238224e-01
3.065199768384480050e-01
1.517544875506654234e-01
2.585987261146492910e-01
2.314707585408214419e-01
2.636698869350547758e-01
1.781252010551368226e-01
2.846198387599654378e-01
1.673422119281992859e-01
1.913607411696577054e-01
1.252460914881283194e-01
1.860451650260556422e-01
2.165862446117219342e-01
2.104392422863756718e-01
3.061378112333512092e-01
2.149681528662409358e-01
3.178279611400631754e-01
2.008782088399918841e-01
2.808338158656624728e-01
1.654479278683101684e-01
1.512344054324359921e-01
2.842887473460717906e-01
1.888162792621382591e-01
1.416013054692845663e-01
3.046251993620411880e-01
3.960396039603960028e-01
3.960396039603961138e-01
3.521365294424174119e-01
3.535712061772213199e-01
3.195891957616812107e-01
4.611111111111111382e-01
4.446760465520235850e-01
4.605270050814605498e-01
4.991119730529754994e-01
3.900675781863898184e-01
4.285886078486384476e-01
2.446154389875076773e-01
4.268399271004792439e-01
4.107849381429370395e-01
2.461456671982986677e-01
2.971992807728640607e-01
4.462793436310021900e-01
4.169079328314993504e-01
2.528469407450293360e-01
4.155182397220608115e-01
3.459606682536617295e-01
4.377140590218852045e-01
3.988419224088013970e-01
4.126616483304380023e-01
4.356613183405868006e-01
4.285325278955851580e-01
4.893456196812023262e-01
3.376136789400183136e-01
3.702945805177511596e-01
4.193773629892021959e-01
2.373673036093416344e-01
2.645185354238976383e-01
3.513947188813031919e-01
4.713146872044317592e-01
2.921998957669813546e-01
4.101702918079079829e-01
3.583512627512521753e-01
3.910640263786460680e-01
4.285821681234232017e-01
4.955923687176217451e-01
3.680917648454782864e-01
3.959346380633246842e-01
4.290525040423701086e-01
2.770861080548957522e-01
3.756205657128822706e-01
3.429848377220811595e-01
2.757440227813863221e-01
2.599392853224092303e-01
4.629243559055923329e-01
4.553286648491651767e-01
3.195868079684966445e-01
4.207654492574578464e-01
3.693073893907807270e-01
4.629340076699353657e-01
3.840774843641417413e-01
4.790080560059713499e-01
3.917081038176495333e-01
4.243571924947882601e-01
4.633831364373408590e-01
2.591691761253954174e-01
3.463380967348254069e-01
3.965366158731741253e-01
2.569989079718057456e-01
2.825041987606417559e-01
4.400460955898433113e-01
3.569848532065476032e-01
3.137777262987200833e-01
4.475589274338329093e-01
3.314614272924510385e-01
4.650165054728668812e-01
4.260307129764611123e-01
4.303212568979635222e-01
3.760556518895272204e-01
4.370914718466194504e-01
4.670281660083257513e-01
2.696473041060980513e-01
3.987521499573374872e-01
5.123351228376519240e-01
2.581571784328483554e-01
2.714525657361284150e-01
4.181701030927832963e-01
4.019129254852636390e-01
3.654851538669441902e-01
4.058457855515652524e-01
3.125217189852887989e-01
4.499022538029240348e-01
4.254951928645890891e-01
3.786309201236373045e-01
4.391008254074564854e-01
4.141336367745287461e-01
4.119512336383647777e-01
3.805552337928099216e-01
3.819474180383520823e-01
4.268415471936843897e-01
2.908129543952412410e-01
2.000315839343049518e-01
2.262221854578523317e-01
2.410248986682088090e-01
1.266647365373475831e-01
1.607742575895443338e-01
2.245512449334074456e-01
2.127967573827443115e-01
1.864504921829732986e-01
1.990404499958612350e-01
2.470034742327734678e-01
2.395580003860262874e-01
1.956919513607351946e-01
1.350844870242671747e-01
2.944412275622443342e-01
2.612374886260218632e-01
1.319557035321361760e-01
1.804036727603609835e-01
1.402560638229421452e-01
2.486030689056149823e-01
2.253288113160725747e-01
2.195136074116967873e-01
1.277301679212493879e-01
2.616413117860705295e-01
2.256417679984539792e-01
3.432541980312654450e-01
2.411919290900162716e-01
2.339316734221171812e-01
2.610885929357258384e-01
1.727562246670514279e-01
1.767676767676766569e-01
3.958373544360809237e-01
1.804516502605637007e-01
3.192985358590413325e-01
2.401708164446976768e-01
1.486103068905572644e-01
2.831499710480583909e-01
2.048349739432508698e-01
2.231983997473289405e-01
3.271569195136043162e-01
3.242544875506638835e-01
1.740976645435216297e-01
3.065199768384467283e-01
1.517544875506630087e-01
2.585987261146460714e-01
2.314707585408218860e-01
2.636698869350560526e-01
1.781252010551368781e-01
2.846198387599647162e-01
1.673422119281972875e-01
1.913607411696537641e-01
1.252460914881288745e-01
1.860451650260544487e-01
2.165862446117191031e-01
2.104392422863760603e-01
3.061378112333504320e-01
2.149681528662407970e-01
3.178279611400621207e-01
2.008782088399905519e-01
2.808338158656599748e-01
1.654479278683087529e-01
1.512344054324369913e-01
2.842887473460691816e-01
1.888162792621381203e-01
1.416013054692838447e-01
