1.473859844271410008e-02
4.716098695520237749e-02
6.983067605981933823e-02
6.256952169076750170e-02
4.226918798665160043e-02
6.531949079223822729e-02
8.549903933663659250e-02
3.337444181135215682e-02
6.502951997946429530e-02
1.405543196143859419e-01
8.081896551724088162e-02
6.015943641082652227e-02
5.044699872286078496e-02
9.604105571847497413e-02
5.561735261401550001e-02
6.395995550611749403e-02
5.850776957562244668e-02
9.546321309391377075e-02
2.007786429365959469e-01
7.832777159807149947e-02
1.052094920281790025e-01
1.195773081201330010e-02
1.639784946236555185e-01
7.080088987764139585e-02
8.167511226465574981e-02
2.135200728081706190e-01
1.616796440489430831e-01
8.429118773946348009e-02
6.968290048523759043e-03
6.129032258064511657e-02
1.315628476084535203e-01
5.905196807368798262e-02
6.674082313681850565e-02
8.589791125942400352e-02
4.714640198511134417e-02
7.971820541342199140e-02
1.014868372265479018e-01
1.405450500556173765e-01
1.521080067177036921e-01
8.342023544679247338e-02
6.071560993696699382e-02
1.375602521319981286e-01
1.334816462736370009e-02
7.930107526881693958e-02
5.667913843664647289e-02
1.068471140773698119e-01
7.415647015202049552e-02
8.701025831170397518e-02
4.437700504586401806e-02
5.140897293288815978e-02
3.117352614015525894e-02
7.559681697612692652e-02
1.197626992955133640e-01
9.547645532072650265e-02
9.913278127961085151e-02
4.049954494893315965e-02
7.461994809047049759e-02
7.526881720430088352e-02
6.581386725991800191e-02
5.672969966629559657e-02
5.764120627858073526e-02
9.349894945000589153e-02
5.164380175503623105e-02
2.373007044864660145e-02
3.846866889136069806e-02
1.207781373242994422e-01
1.081172062525610489e-01
1.084538375973300162e-01
9.899888765294760640e-02
1.382885746067055166e-01
8.742036606330255699e-02
7.371717367122886111e-02
8.549903933663662026e-02
1.980672969966628394e-01
1.500556173526136627e-01
5.862068965517228114e-02
1.603633667037444865e-01
1.339451242120874852e-01
9.160177975528360772e-02
1.566555431961434985e-01
3.323414905450500223e-01
1.710233592880975040e-01
2.530589543937699845e-02
1.905241935483870663e-01
1.727742759444649834e-01
2.447702834799607985e-01
2.787316019409621926e-02
1.072580645161286816e-01
1.500697423945477338e-01
1.884501297738226389e-01
1.270717463848718420e-01
2.756395995550608435e-01
1.561920652576934965e-01
1.018303165132976307e-01
6.714250401680879610e-02
1.770485724879495015e-01
2.123262279888785964e-01
2.814643188137164187e-01
2.759962928637627044e-01
2.302131603336421972e-01
4.912410788766329722e-02
1.979794234868847980e-01
1.748540179812770046e-01
1.903859555171075468e-01
2.340375614051346531e-01
6.970062100287330309e-02
3.883121698025763235e-01
1.445917137825560861e-01
2.393614411192224456e-01
3.795161738808045526e-01
6.886643803874309411e-02
2.417276856057092027e-01
1.245575912366160137e-01
2.467791268884975409e-01
1.515179602120004243e-01
6.692001112243950445e-02
1.473859844271410008e-02
4.716098695520237749e-02
6.983067605981933823e-02
6.256952169076750170e-02
4.226918798665160043e-02
6.531949079223822729e-02
8.549903933663659250e-02
3.337444181135215682e-02
6.502951997946429530e-02
1.405543196143859419e-01
8.081896551724088162e-02
6.015943641082652227e-02
5.044699872286078496e-02
9.604105571847497413e-02
5.561735261401550001e-02
6.395995550611749403e-02
5.850776957562244668e-02
9.546321309391377075e-02
2.007786429365959469e-01
7.832777159807149947e-02
1.052094920281790025e-01
1.195773081201330010e-02
1.639784946236555185e-01
7.080088987764139585e-02
8.167511226465574981e-02
2.135200728081706190e-01
1.616796440489430831e-01
8.429118773946348009e-02
6.968290048523759043e-03
6.129032258064511657e-02
1.315628476084535203e-01
5.905196807368798262e-02
6.674082313681850565e-02
8.589791125942400352e-02
4.714640198511134417e-02
7.971820541342199140e-02
1.014868372265479018e-01
1.405450500556173765e-01
1.521080067177036921e-01
8.342023544679247338e-02
6.071560993696699382e-02
1.375602521319981286e-01
1.334816462736370009e-02
7.930107526881693958e-02
5.667913843664647289e-02
1.068471140773698119e-01
7.415647015202049552e-02
8.701025831170397518e-02
4.437700504586401806e-02
5.140897293288815978e-02
3.117352614015525894e-02
7.559681697612692652e-02
1.197626992955133640e-01
9.547645532072650265e-02
9.913278127961085151e-02
4.049954494893315965e-02
7.461994809047049759e-02
7.526881720430088352e-02
6.581386725991800191e-02
5.672969966629559657e-02
5.764120627858073526e-02
9.349894945000589153e-02
5.164380175503623105e-02
2.373007044864660145e-02
4.912410788766329722e-02
1.979794234868847980e-01
1.748540179812770046e-01
1.903859555171075468e-01
2.340375614051346531e-01
6.970062100287330309e-02
3.883121698025763235e-01
1.445917137825560861e-01
2.393614411192224456e-01
3.795161738808045526e-01
6.886643803874309411e-02
2.417276856057092027e-01
1.245575912366160137e-01
2.467791268884975409e-01
1.515179602120004243e-01
6.692001112243950445e-02
5.107526881720429734e-02
1.929392446633823033e-01
2.600111234705225205e-01
1.198301142683790288e-01
1.361159255331073903e-01
6.785317018909900466e-02
4.018817204301074475e-01
2.250541912666494948e-01
1.538746755654430143e-01
4.020628981696834359e-01
6.562847608453829806e-02
2.061827956989245314e-01
1.881256952169076402e-01
1.733407489803484858e-01
1.688752397994548737e-01
5.849091583240630110e-02
4.996755353666450239e-02
1.591351542681845588e-01
1.501344210623897502e-01
1.953108539740595895e-01
1.488225491062669936e-01
9.372392694910540445e-02
4.029469023170590969e-01
1.556271437841845739e-01
3.048586852969194516e-01
3.331282604481824450e-01
8.621488829146189969e-02
1.759622937941868470e-01
2.105185534776709277e-01
2.700219961738452579e-01
1.607490497821449094e-01
5.979419671827190114e-02
4.561468570368990005e-02
1.777683192016585589e-01
1.727239013536064904e-01
1.987424776225072132e-01
1.949131590333146591e-01
8.019655108473940086e-02
2.918783608381234629e-01
1.832931577971443904e-01
3.222358950154238788e-01
2.826997960318932135e-01
7.454107175968839594e-02
1.763576440188296679e-01
1.585388466530687213e-01
1.976106593202828776e-01
2.050806601149638697e-01
5.052846282217689916e-02
4.135373203523409757e-02
1.856281872971719538e-01
3.232143409055785455e-01
1.541577106250260620e-01
2.174189741644539375e-01
7.964765878535000343e-02
3.146036161335185044e-01
2.242929995363929785e-01
1.835883171070928910e-01
2.451031525266572364e-01
7.473342605470560673e-02
1.935536569750756219e-01
1.973110802039867995e-01
1.951248078471560787e-01
2.327348590213678681e-01
4.997681965693089728e-02
4.840504451038570022e-02
2.258902077151331567e-01
2.245103857566765060e-01
1.835459940652816035e-01
2.057214391691394029e-01
8.623887240356080397e-02
3.465782640949554572e-01
2.303412462908011882e-01
2.744111646884273559e-01
3.835929772502469359e-01
7.984050445103850480e-02
2.357293456192409709e-01
1.446587537091986730e-01
2.577120425321462460e-01
1.348114291184071556e-01
5.925445103857560070e-02
1.473859844271402202e-02
4.716098695520219014e-02
6.983067605981760351e-02
6.256952169076653025e-02
4.226918798665180860e-02
6.531949079223826893e-02
8.549903933663569044e-02
3.337444181135145599e-02
6.502951997946407325e-02
1.405543196143852203e-01
8.081896551724107591e-02
6.015943641082585613e-02
5.044699872286002168e-02
9.604105571847383616e-02
5.561735261401499347e-02
6.395995550611704994e-02
5.850776957562273811e-02
9.546321309391396503e-02
2.007786429365951419e-01
7.832777159807115253e-02
1.052094920281789470e-01
1.195773081201318214e-02
1.639784946236552410e-01
7.080088987764067421e-02
8.167511226465490326e-02
2.135200728081708688e-01
1.616796440489419451e-01
8.429118773946314702e-02
6.968290048523334036e-03
6.129032258064425615e-02
1.315628476084538534e-01
5.905196807368746220e-02
6.674082313681750644e-02
8.589791125942257410e-02
4.714640198511042823e-02
7.971820541342104771e-02
1.014868372265469582e-01
1.405450500556165438e-01
1.521080067177034145e-01
8.342023544679233460e-02
6.071560993696553665e-02
1.375602521319975735e-01
1.334816462736352315e-02
7.930107526881607916e-02
5.667913843664553614e-02
1.068471140773692429e-01
7.415647015202068981e-02
8.701025831170323965e-02
4.437700504586412215e-02
5.140897293288741038e-02
3.117352614015513751e-02
7.559681697612660733e-02
1.197626992955126285e-01
9.547645532072603081e-02
9.913278127961026864e-02
4.049954494893274332e-02
7.461994809047045596e-02
7.526881720430012024e-02
6.581386725991686393e-02
5.672969966629573535e-02
5.764120627857945156e-02
9.349894945000515600e-02
5.164380175503575920e-02
2.373007044864643839e-02
