1.690194340697600064e-02
6.284277221796998047e-02
6.836741153383533998e-02
7.817940115211699514e-02
4.026080901436959736e-02
8.064822434639463966e-02
8.233439030425801497e-02
3.631674698828303571e-02
7.475616110166947992e-02
1.131670570361459488e-01
6.328733303791812814e-02
6.984237513451881096e-02
4.448101960287817458e-02
1.032819810435808561e-01
7.343166424004550497e-02
8.894093815281349513e-02
8.217325499087825558e-02
7.691333797556466900e-02
1.468569981642079969e-01
7.754636956384100555e-02
1.069823384186869980e-01
1.050832436538579918e-02
1.244258755178544451e-01
6.567069696777848298e-02
1.046893573322641435e-01
1.882866136838405036e-01
1.230423498132551807e-01
7.737052745598638204e-02
1.728176235994153057e-02
5.051592074444476860e-02
1.230423498132551807e-01
6.849734959669183387e-02
7.722985376970301075e-02
8.440421177016733945e-02
6.328368093260128280e-02
9.906944356523350592e-02
7.979236563904518187e-02
1.194340697600808493e-01
1.415607579994712095e-01
8.164524909792983398e-02
6.583528518073049340e-02
1.141482559979742906e-01
1.050832436538579918e-02
7.763228099367866508e-02
6.527706641652290809e-02
7.858032115802519868e-02
7.248211685763100709e-02
9.315411505700767203e-02
4.708654092273951292e-02
6.648097740077207884e-02
4.631259099829045794e-02
8.423215703078940075e-02
1.002916814779826471e-01
6.488573779831600941e-02
1.009685383300623629e-01
4.763274960147768217e-02
8.672532759384650458e-02
7.808233630858167629e-02
9.748686459454300457e-02
4.988288915616879982e-02
8.824460340570995653e-02
8.397314740291224322e-02
7.620012238610686384e-02
2.747357093118939914e-02
4.437551433816540325e-02
1.416580823746737827e-01
1.165344519112555544e-01
1.432460051185123207e-01
9.014369817053839717e-02
1.504625652248615386e-01
8.217037757456806257e-02
8.315282758696591892e-02
9.936294002888891586e-02
1.739531240108878329e-01
1.277331138823826207e-01
5.740013926694931962e-02
1.857947711590804962e-01
1.509780338038864966e-01
1.323204827920912985e-01
1.389504336266375040e-01
2.698993479774637327e-01
2.044692030132300165e-01
2.101664873077159837e-02
1.447980629233396044e-01
1.953605818263660365e-01
2.218971381217374472e-01
4.833884254302543704e-02
1.122175096537315897e-01
1.494346425029466630e-01
1.587643223396848213e-01
1.138412356776600659e-01
2.314869912008607478e-01
1.307210229790465028e-01
1.236655981860767389e-01
8.478403072313277222e-02
1.725011078052789970e-01
2.279258180897525132e-01
2.576745363630609797e-01
2.647635926324450883e-01
2.496360529147413909e-01
5.804532219268260240e-02
2.096467907330039904e-01
1.619679219375383117e-01
2.183914513323299000e-01
2.072255981769842437e-01
6.177997214837319812e-02
3.515001898974552397e-01
1.483099126471703888e-01
2.798865083443174417e-01
3.343756593661643683e-01
6.247626281807820009e-02
2.342068616280540139e-01
1.489733815344651546e-01
2.190941891378655471e-01
1.705969685460758667e-01
7.893404228383339716e-02
1.690194340697600064e-02
6.284277221796998047e-02
6.836741153383533998e-02
7.817940115211699514e-02
4.026080901436959736e-02
8.064822434639463966e-02
8.233439030425801497e-02
3.631674698828303571e-02
7.475616110166947992e-02
1.131670570361459488e-01
6.328733303791812814e-02
6.984237513451881096e-02
4.448101960287817458e-02
1.032819810435808561e-01
7.343166424004550497e-02
8.894093815281349513e-02
8.217325499087825558e-02
7.691333797556466900e-02
1.468569981642079969e-01
7.754636956384100555e-02
1.069823384186869980e-01
1.050832436538579918e-02
1.244258755178544451e-01
6.567069696777848298e-02
1.046893573322641435e-01
1.882866136838405036e-01
1.230423498132551807e-01
7.737052745598638204e-02
1.728176235994153057e-02
5.051592074444476860e-02
1.230423498132551807e-01
6.849734959669183387e-02
7.722985376970301075e-02
8.440421177016733945e-02
6.328368093260128280e-02
9.906944356523350592e-02
7.979236563904518187e-02
1.194340697600808493e-01
1.415607579994712095e-01
8.164524909792983398e-02
6.583528518073049340e-02
1.141482559979742906e-01
1.050832436538579918e-02
7.763228099367866508e-02
6.527706641652290809e-02
7.858032115802519868e-02
7.248211685763100709e-02
9.315411505700767203e-02
4.708654092273951292e-02
6.648097740077207884e-02
4.631259099829045794e-02
8.423215703078940075e-02
1.002916814779826471e-01
6.488573779831600941e-02
1.009685383300623629e-01
4.763274960147768217e-02
8.672532759384650458e-02
7.808233630858167629e-02
9.748686459454300457e-02
4.988288915616879982e-02
8.824460340570995653e-02
8.397314740291224322e-02
7.620012238610686384e-02
2.747357093118939914e-02
5.804532219268260240e-02
2.096467907330039904e-01
1.619679219375383117e-01
2.183914513323299000e-01
2.072255981769842437e-01
6.177997214837319812e-02
3.515001898974552397e-01
1.483099126471703888e-01
2.798865083443174417e-01
3.343756593661643683e-01
6.247626281807820009e-02
2.342068616280540139e-01
1.489733815344651546e-01
2.190941891378655471e-01
1.705969685460758667e-01
7.893404228383339716e-02
5.266822814458439750e-02
2.037155939795678994e-01
2.585934038108499977e-01
1.484746816138852177e-01
1.675899604134430676e-01
5.792239032727729969e-02
3.164445780844462597e-01
2.232848496063029042e-01
1.524023548775082504e-01
3.380618874700027643e-01
6.317655250997020189e-02
2.190510856491738600e-01
2.026597877234070921e-01
1.606317655250995013e-01
2.232069380262074187e-01
6.349306830410829383e-02
5.514054190934410127e-02
1.627281935587835682e-01
1.566021461129397385e-01
2.214312023757453174e-01
1.609621511480680001e-01
7.381615598885790663e-02
3.541291168277895807e-01
1.592590687515825498e-01
3.243616751884395022e-01
2.877828679297402270e-01
7.869080779944290227e-02
1.804320880702642016e-01
2.204873500771193928e-01
2.866951357075436246e-01
1.695998987085335918e-01
6.976449734109900491e-02
4.900284900284899992e-02
1.761503928170592981e-01
1.811965811965812190e-01
2.385392385392382797e-01
2.009567021912701257e-01
6.616017727128829795e-02
2.522165242165240184e-01
1.789173789173786888e-01
3.395781173558949373e-01
2.522165242165240184e-01
6.875593542260199920e-02
1.736360015929907519e-01
1.855567942524462000e-01
1.933704155926377066e-01
2.104369643464292228e-01
6.267806267806259879e-02
4.830948461441050140e-02
1.776061232816962265e-01
3.217593178844285751e-01
1.957561559625632941e-01
2.166731900491556118e-01
6.800050652146380492e-02
2.812249377400697914e-01
2.114762286663007806e-01
1.893757122958082961e-01
2.283105926301124133e-01
6.692414841078890564e-02
1.919384697021773722e-01
2.248955299480812076e-01
1.819478416187358116e-01
2.494128955759953026e-01
6.223882487020380300e-02
5.375799404799590231e-02
2.345161961447654320e-01
2.319204710947886938e-01
2.053542708795034200e-01
2.168452076006055496e-01
6.863800417906659734e-02
2.965448827539625132e-01
2.434984758165913143e-01
2.818178940036722424e-01
3.281833723801684810e-01
7.503324257582469348e-02
2.486944582376602042e-01
1.602397686738850635e-01
2.706895460013929444e-01
1.442125237191650977e-01
6.572532134489959821e-02
1.690194340697592779e-02
6.284277221796977231e-02
6.836741153383443792e-02
7.817940115211673147e-02
4.026080901436891041e-02
8.064822434639429272e-02
8.233439030425800109e-02
3.631674698828300796e-02
7.475616110166825867e-02
1.131670570361454631e-01
6.328733303791711506e-02
6.984237513451919954e-02
4.448101960287800111e-02
1.032819810435806063e-01
7.343166424004557435e-02
8.894093815281298165e-02
8.217325499087814455e-02
7.691333797556455798e-02
1.468569981642081912e-01
7.754636956384115820e-02
1.069823384186865678e-01
1.050832436538582000e-02
1.244258755178535986e-01
6.567069696777766419e-02
1.046893573322627974e-01
1.882866136838392823e-01
1.230423498132551530e-01
7.737052745598663184e-02
1.728176235994102750e-02
5.051592074444478941e-02
1.230423498132544730e-01
6.849734959669133427e-02
7.722985376970235849e-02
8.440421177016636800e-02
6.328368093260006155e-02
9.906944356523375572e-02
7.979236563904487656e-02
1.194340697600795170e-01
1.415607579994713205e-01
8.164524909792941765e-02
6.583528518072946645e-02
1.141482559979734718e-01
1.050832436538544183e-02
7.763228099367791568e-02
6.527706641652315789e-02
7.858032115802582318e-02
7.248211685762978584e-02
9.315411505700703365e-02
4.708654092273957537e-02
6.648097740077130169e-02
4.631259099828993753e-02
8.423215703078849870e-02
1.002916814779822030e-01
6.488573779831506572e-02
1.009685383300615857e-01
4.763274960147711318e-02
8.672532759384593559e-02
7.808233630858110730e-02
9.748686459454189435e-02
4.988288915616800184e-02
8.824460340570838834e-02
8.397314740291192403e-02
7.620012238610647526e-02
2.747357093118926036e-02
