2.060203731257859855e-02
7.243489027854337070e-02
7.782991873640800196e-02
8.870321620693599751e-02
5.310747396131360043e-02
8.492617603296309658e-02
9.667349932887266128e-02
4.981313852630729622e-02
6.423609582588639400e-02
9.859219411697339730e-02
6.187049330433777583e-02
7.360650108732931518e-02
5.322192972416155132e-02
9.745908206478141877e-02
6.924573652283350089e-02
9.099233146388899240e-02
9.677755002237072024e-02
1.165486682254448653e-01
1.376559459768798288e-01
8.526954332150600557e-02
1.127389264049439982e-01
1.178894357330890000e-02
1.062785344575431085e-01
6.719697836786074630e-02
9.541795429399874129e-02
1.697899216498277297e-01
8.546411811834683792e-02
7.498124197219971365e-02
2.128379555214917479e-02
5.023463431383731054e-02
1.043836557170653850e-01
9.918495448877391596e-02
6.638434245164200054e-02
8.774941818320533549e-02
4.817707186941435488e-02
7.325168822250199829e-02
7.907061920567681756e-02
1.148220212887716279e-01
9.716620996573042957e-02
7.821620693601907814e-02
4.292091106787200572e-02
9.550188852008675844e-02
6.981801533707200115e-03
6.270540721725331723e-02
5.930889529378696040e-02
7.538819579565786411e-02
6.066155430925899983e-02
9.512545623338758416e-02
6.837985379520356011e-02
7.023005608332336114e-02
3.984205104727021191e-02
1.031686637729896383e-01
1.298104436481453128e-01
5.837243905230600494e-02
8.603258174049062401e-02
5.278491681147028797e-02
7.840219755064650742e-02
7.036740299874083560e-02
7.496852466521650160e-02
4.898706649879799868e-02
1.235740719545223854e-01
1.013805545109196238e-01
6.842165503033065255e-02
3.696921139979390120e-02
5.757124871237259689e-02
1.529181016991475461e-01
1.538707131798821293e-01
1.540247551464214715e-01
1.020945404601120016e-01
1.393989437368169382e-01
8.807370951127380110e-02
9.917343033873930735e-02
9.723537307376128869e-02
1.586356873068558992e-01
1.278699782534048757e-01
6.945461829003067578e-02
1.550875586585779842e-01
1.545152798443399922e-01
1.345160428827588961e-01
1.613826256151995042e-01
2.420396016939451722e-01
1.877074510701609855e-01
1.877074510701609925e-02
1.111937736065010673e-01
1.720651634809812480e-01
1.752546640723358640e-01
4.800175167080496241e-02
9.720727938651688160e-02
1.576491876365971601e-01
1.587501430697035865e-01
1.076456449582233743e-01
2.083094883827396049e-01
1.012933501201784964e-01
1.209901463993257181e-01
1.208366716264162449e-01
1.894242875128759884e-01
2.448792768051263891e-01
2.602128389975968958e-01
2.266849753976427073e-01
2.682229087996337857e-01
6.752117189288160681e-02
2.508583199816887821e-01
1.504833001743047516e-01
2.223239490348667691e-01
2.352011329823758823e-01
6.179903868162049674e-02
3.023002975509269663e-01
1.610208285648888071e-01
2.350181088686329189e-01
2.939421683070114200e-01
4.760814831769279859e-02
2.197299153124283866e-01
1.753092071242674521e-01
2.287422751201646787e-01
1.500031211635696193e-01
9.578850995651179423e-02
2.060203731257859855e-02
7.243489027854337070e-02
7.782991873640800196e-02
8.870321620693599751e-02
5.310747396131360043e-02
8.492617603296309658e-02
9.667349932887266128e-02
4.981313852630729622e-02
6.423609582588639400e-02
9.859219411697339730e-02
6.187049330433777583e-02
7.360650108732931518e-02
5.322192972416155132e-02
9.745908206478141877e-02
6.924573652283350089e-02
9.099233146388899240e-02
9.677755002237072024e-02
1.165486682254448653e-01
1.376559459768798288e-01
8.526954332150600557e-02
1.127389264049439982e-01
1.178894357330890000e-02
1.062785344575431085e-01
6.719697836786074630e-02
9.541795429399874129e-02
1.697899216498277297e-01
8.546411811834683792e-02
7.498124197219971365e-02
2.128379555214917479e-02
5.023463431383731054e-02
1.043836557170653850e-01
9.918495448877391596e-02
6.638434245164200054e-02
8.774941818320533549e-02
4.817707186941435488e-02
7.325168822250199829e-02
7.907061920567681756e-02
1.148220212887716279e-01
9.716620996573042957e-02
7.821620693601907814e-02
4.292091106787200572e-02
9.550188852008675844e-02
6.981801533707200115e-03
6.270540721725331723e-02
5.930889529378696040e-02
7.538819579565786411e-02
6.066155430925899983e-02
9.512545623338758416e-02
6.837985379520356011e-02
7.023005608332336114e-02
3.984205104727021191e-02
1.031686637729896383e-01
1.298104436481453128e-01
5.837243905230600494e-02
8.603258174049062401e-02
5.278491681147028797e-02
7.840219755064650742e-02
7.036740299874083560e-02
7.496852466521650160e-02
4.898706649879799868e-02
1.235740719545223854e-01
1.013805545109196238e-01
6.842165503033065255e-02
3.696921139979390120e-02
6.752117189288160681e-02
2.508583199816887821e-01
1.504833001743047516e-01
2.223239490348667691e-01
2.352011329823758823e-01
6.179903868162049674e-02
3.023002975509269663e-01
1.610208285648888071e-01
2.350181088686329189e-01
2.939421683070114200e-01
4.760814831769279859e-02
2.197299153124283866e-01
1.753092071242674521e-01
2.287422751201646787e-01
1.500031211635696193e-01
9.578850995651179423e-02
6.031818702071640309e-02
2.030881254871182984e-01
2.741215520201439881e-01
1.663770589030975078e-01
1.774836235097459747e-01
6.352294838045090264e-02
2.651224676662469193e-01
2.538760884302832532e-01
1.321964060890465087e-01
3.169800326719177663e-01
4.612567242760669955e-02
1.924573652283391167e-01
2.502766014268818506e-01
1.642440196863910185e-01
1.877074510701613186e-01
7.668536110793169880e-02
6.398809523809520505e-02
1.745129870129868144e-01
1.475145947802196378e-01
2.542769730269730521e-01
1.702657807308969873e-01
7.818223443223440428e-02
3.137254901960784270e-01
1.658832703754577753e-01
2.879257267555138666e-01
2.416333666333665420e-01
5.689102564102559850e-02
1.811740890688258443e-01
2.708333333333330928e-01
3.020417082917080109e-01
1.545329670329670113e-01
7.749542124542120602e-02
6.536920435031480514e-02
1.866160170682208685e-01
1.597023468803661084e-01
2.566477597960137857e-01
1.938243337785410525e-01
6.777332570120199462e-02
2.325678305666855350e-01
2.040068689181450678e-01
2.965811521049070421e-01
2.126204922724668767e-01
5.060103033772180015e-02
1.679339697546022303e-01
2.275702446429904435e-01
2.148990105486957014e-01
1.875808263902137285e-01
7.086433886662850401e-02
5.919395465994960193e-02
2.034195862911226671e-01
2.761315930081670866e-01
2.187272310926992869e-01
2.392843016841184889e-01
6.400274788184100172e-02
2.535302648652775215e-01
2.334300180647785328e-01
1.738035264483627218e-01
1.834068010075565192e-01
5.003434852301349989e-02
1.823906572017401084e-01
2.436455232425004114e-01
2.139491159774863649e-01
2.281834835647519322e-01
7.133043279138989723e-02
6.263597847246070438e-02
2.566455644435718941e-01
2.039299209893505604e-01
2.413282949730904403e-01
2.191686705599449614e-01
7.248368258330470382e-02
2.776823542883312679e-01
2.539628011974284783e-01
2.648860643536013471e-01
2.808656818962555479e-01
5.233024161227520232e-02
2.386591693937692438e-01
1.890148478949575939e-01
2.843619985495629554e-01
1.347502798062963636e-01
7.431581358067100573e-02
2.060203731257857426e-02
7.243489027854298212e-02
7.782991873640809910e-02
8.870321620693515097e-02
5.310747396131294817e-02
8.492617603296247208e-02
9.667349932887177311e-02
4.981313852630706723e-02
6.423609582588592215e-02
9.859219411697270341e-02
6.187049330433706112e-02
7.360650108732816332e-02
5.322192972416153051e-02
9.745908206478177960e-02
6.924573652283298741e-02
9.099233146388803484e-02
9.677755002237085902e-02
1.165486682254439077e-01
1.376559459768784965e-01
8.526954332150571414e-02
1.127389264049441647e-01
1.178894357330870571e-02
1.062785344575415958e-01
6.719697836786046874e-02
9.541795429399735351e-02
1.697899216498275909e-01
8.546411811834719874e-02
7.498124197219985243e-02
2.128379555214917132e-02
5.023463431383756728e-02
1.043836557170648993e-01
9.918495448877417964e-02
6.638434245164162584e-02
8.774941818320414200e-02
4.817707186941405650e-02
7.325168822250073541e-02
7.907061920567598490e-02
1.148220212887710034e-01
9.716620996572952751e-02
7.821620693601825935e-02
4.292091106787082611e-02
9.550188852008646700e-02
6.981801533707195778e-03
6.270540721725230415e-02
5.930889529378571834e-02
7.538819579565830820e-02
6.066155430925856268e-02
9.512545623338677925e-02
6.837985379520304663e-02
7.023005608332370808e-02
3.984205104726944169e-02
1.031686637729885003e-01
1.298104436481445356e-01
5.837243905230510982e-02
8.603258174049008278e-02
5.278491681147057940e-02
7.840219755064539719e-02
7.036740299874026661e-02
7.496852466521546077e-02
4.898706649879746439e-02
1.235740719545218858e-01
1.013805545109187217e-01
6.842165503033059704e-02
3.696921139979375548e-02
