4.833561331509340225e-02
9.713758653567111656e-02
1.261589907280739886e-01
9.917920656634700294e-02
8.116735066119440400e-02
8.086335309317489728e-02
4.607635866185755963e-02
4.871230595372605388e-02
1.332912413623763281e-01
8.878248974008171035e-02
7.023768809849484374e-02
7.802097583219316790e-02
7.774737802097549111e-02
1.126829167184842800e-01
6.953944368445050261e-02
1.162790697674414980e-01
1.045371637026899364e-01
6.991401211647410574e-02
1.143638850889188291e-01
1.105791153670769855e-01
8.093935248517999947e-02
1.390788873689009948e-02
7.417540659674720649e-02
7.277701778385749221e-02
7.263008562598156914e-02
1.019773659992537634e-01
5.588235294117620267e-02
4.681562547499592414e-02
4.149566803465563197e-02
7.537619699042392984e-02
8.187414500683946883e-02
7.689538483692125170e-02
1.105791153670769855e-01
7.143942848457199291e-02
6.664562068118787264e-02
7.979936160510700538e-02
5.803009575923358254e-02
5.588235294117620267e-02
7.081355113864967743e-02
6.802895576835338298e-02
5.585955312357500369e-02
5.490196078431346799e-02
5.927952576379300412e-03
4.515992443489016267e-02
5.670936450690208797e-02
6.353549171606602541e-02
5.357957136342899468e-02
7.245275371130330266e-02
8.930589424849783020e-02
7.264021887824861912e-02
7.667578659370703764e-02
1.484268125854989184e-01
1.226279420533863962e-01
6.383948928408550438e-02
6.269949840401256580e-02
6.179786925340940290e-02
7.751937984496098943e-02
5.201398388812882023e-02
4.901960784313700442e-02
5.198358413132680295e-02
1.682626538987686826e-01
7.247084880463777745e-02
5.192278461772287246e-02
3.442772457820329757e-02
8.276333789329680390e-02
1.584380052232308433e-01
1.655386756905943002e-01
1.846785225718191870e-01
1.331509347925216025e-01
1.181844830955638276e-01
4.784852630269856993e-02
1.010329308669875165e-01
1.540334950047671236e-01
1.404468764249883206e-01
1.416552667578659108e-01
1.007181942544458364e-01
1.744186046511625177e-01
1.801185590515275159e-01
1.233166134670921760e-01
1.139990880072955098e-01
1.962380300957588530e-01
1.299589603283169970e-01
1.983584131326939989e-02
7.521089831281328741e-02
1.281856411815369134e-01
1.154085312772042682e-01
9.291421320803323891e-02
1.403556771545826642e-01
1.661998132586368637e-01
1.314029487764094284e-01
7.927496580027357242e-02
1.098039215686274911e-01
1.196990424076604942e-01
1.205073995771666767e-01
1.612517099863200465e-01
1.823985408116735041e-01
3.113035551504101939e-01
2.237921604375568974e-01
1.964448495897903046e-01
2.684594348222424931e-01
1.105539092774105031e-01
2.352404832459535911e-01
1.876698637583068263e-01
2.737887191956028810e-01
2.176530088899019388e-01
5.379530430818320330e-02
1.969455208570776161e-01
1.634374287668109160e-01
2.867295083066277450e-01
2.044221563710962863e-01
3.761112377478909724e-02
1.860041030316844091e-01
2.388707376170333407e-01
2.222475495782993138e-01
1.270074807799903560e-01
8.889901983131980046e-02
4.833561331509340225e-02
9.713758653567111656e-02
1.261589907280739886e-01
9.917920656634700294e-02
8.116735066119440400e-02
8.086335309317489728e-02
4.607635866185755963e-02
4.871230595372605388e-02
1.332912413623763281e-01
8.878248974008171035e-02
7.023768809849484374e-02
7.802097583219316790e-02
7.774737802097549111e-02
1.126829167184842800e-01
6.953944368445050261e-02
1.162790697674414980e-01
1.045371637026899364e-01
6.991401211647410574e-02
1.143638850889188291e-01
1.105791153670769855e-01
8.093935248517999947e-02
1.390788873689009948e-02
7.417540659674720649e-02
7.277701778385749221e-02
7.263008562598156914e-02
1.019773659992537634e-01
5.588235294117620267e-02
4.681562547499592414e-02
4.149566803465563197e-02
7.537619699042392984e-02
8.187414500683946883e-02
7.689538483692125170e-02
1.105791153670769855e-01
7.143942848457199291e-02
6.664562068118787264e-02
7.979936160510700538e-02
5.803009575923358254e-02
5.588235294117620267e-02
7.081355113864967743e-02
6.802895576835338298e-02
5.585955312357500369e-02
5.490196078431346799e-02
5.927952576379300412e-03
4.515992443489016267e-02
5.670936450690208797e-02
6.353549171606602541e-02
5.357957136342899468e-02
7.245275371130330266e-02
8.930589424849783020e-02
7.264021887824861912e-02
7.667578659370703764e-02
1.484268125854989184e-01
1.226279420533863962e-01
6.383948928408550438e-02
6.269949840401256580e-02
6.179786925340940290e-02
7.751937984496098943e-02
5.201398388812882023e-02
4.901960784313700442e-02
5.198358413132680295e-02
1.682626538987686826e-01
7.247084880463777745e-02
5.192278461772287246e-02
3.442772457820329757e-02
1.105539092774105031e-01
2.352404832459535911e-01
1.876698637583068263e-01
2.737887191956028810e-01
2.176530088899019388e-01
5.379530430818320330e-02
1.969455208570776161e-01
1.634374287668109160e-01
2.867295083066277450e-01
2.044221563710962863e-01
3.761112377478909724e-02
1.860041030316844091e-01
2.388707376170333407e-01
2.222475495782993138e-01
1.270074807799903560e-01
8.889901983131980046e-02
1.139990880072958984e-01
2.207890908301304023e-01
2.690378476972180022e-01
1.871657754010694064e-01
1.673983817431784760e-01
5.289557683538530231e-02
2.000113999088006522e-01
2.364779543302114317e-01
1.464888280893752448e-01
2.054470836960574087e-01
4.172366621067030018e-02
1.641130870953031728e-01
2.858907128742969594e-01
1.390788873689010052e-01
1.633854755248911883e-01
8.344733242134060036e-02
1.124287343215507051e-01
1.920286099305481831e-01
1.413127137970353608e-01
3.134653260080854653e-01
1.875314894858261527e-01
5.564424173318129746e-02
2.233952646052716207e-01
1.593286773090079878e-01
3.002013634488949201e-01
1.903182336477661218e-01
4.492588369441270074e-02
1.512332713196901379e-01
3.122317819011089512e-01
2.621540375246189103e-01
1.580387685290763067e-01
7.616875712656780151e-02
1.065237226277371968e-01
2.012949983410747823e-01
1.786040145985401117e-01
3.135368281353681508e-01
2.001469991889699707e-01
4.927007299270069751e-02
1.833667883211677063e-01
1.813412408759124128e-01
3.046408427339081237e-01
1.788503649635035386e-01
4.060218978102189680e-02
1.348746173769718448e-01
3.132933989209772396e-01
1.727059436913451484e-01
1.468302243849688715e-01
7.778284671532839645e-02
9.833447410449459858e-02
1.983927801860723428e-01
3.167389155068827677e-01
2.941219173252027086e-01
2.408686453860989507e-01
5.293178188455389954e-02
1.799376378431818968e-01
2.049078510406367737e-01
1.759069130732373032e-01
1.545031941592514557e-01
4.198037873602550318e-02
1.423030540073659256e-01
3.495322838238648089e-01
1.681136448239009262e-01
1.810611245929519275e-01
7.346566278804469996e-02
1.006389776357826948e-01
2.779552715654951545e-01
2.240164308534915161e-01
3.062802373345501206e-01
2.391498278079744744e-01
5.636695572797800063e-02
2.101399665297425390e-01
2.191758492534391922e-01
2.699109995435871601e-01
2.087935493686291222e-01
4.404381560931080325e-02
2.062864829806144995e-01
2.495055530199298544e-01
2.386657538414725110e-01
1.085378601610693522e-01
7.325422181652209430e-02
4.833561331509338838e-02
9.713758653567088064e-02
1.261589907280737666e-01
9.917920656634629517e-02
8.116735066119377950e-02
8.086335309317482789e-02
4.607635866185753187e-02
4.871230595372567224e-02
1.332912413623763281e-01
8.878248974008179362e-02
7.023768809849503802e-02
7.802097583219280708e-02
7.774737802097506090e-02
1.126829167184833363e-01
6.953944368445015567e-02
1.162790697674414703e-01
1.045371637026904221e-01
6.991401211647446656e-02
1.143638850889184405e-01
1.105791153670762361e-01
8.093935248517894476e-02
1.390788873689004744e-02
7.417540659674599912e-02
7.277701778385661791e-02
7.263008562597993156e-02
1.019773659992538328e-01
5.588235294117605001e-02
4.681562547499570903e-02
4.149566803465546544e-02
7.537619699042413801e-02
8.187414500683998231e-02
7.689538483692016924e-02
1.105791153670760835e-01
7.143942848457035533e-02
6.664562068118770610e-02
7.979936160510585352e-02
5.803009575923381846e-02
5.588235294117599450e-02
7.081355113864884476e-02
6.802895576835354952e-02
5.585955312357417102e-02
5.490196078431329452e-02
5.927952576379239696e-03
4.515992443489010716e-02
5.670936450690201858e-02
6.353549171606459600e-02
5.357957136342890447e-02
7.245275371130238673e-02
8.930589424849726121e-02
7.264021887824813339e-02
7.667578659370605232e-02
1.484268125854985299e-01
1.226279420533860076e-01
6.383948928408468559e-02
6.269949840401155272e-02
6.179786925340925025e-02
7.751937984496030942e-02
5.201398388812794593e-02
4.901960784313708769e-02
5.198358413132680989e-02
1.682626538987682108e-01
7.247084880463758316e-02
5.192278461772264347e-02
3.442772457820324900e-02
