6.329113924050599853e-03
1.308975834292283591e-02
8.438818565400800498e-02
0.000000000000000000e+00
3.797468354430359738e-02
5.907172995780562291e-02
1.147871116225546301e-01
6.260319207484833781e-02
1.850048685491714404e-02
1.867088607594932781e-01
9.196993670886031980e-02
1.120253164556962167e-01
1.090014064697603265e-02
3.768699654775584801e-02
1.107594936708860001e-01
0.000000000000000000e+00
0.000000000000000000e+00
1.098553345388788571e-01
2.344936708860759222e-01
4.746835443037950020e-02
1.582278481012650007e-02
9.493670886075899346e-03
1.930379746835440835e-01
5.411392405063264466e-02
1.286919831223629629e-01
1.651323360184119016e-01
1.803797468354427225e-01
6.188466947960587911e-02
0.000000000000000000e+00
1.803797468354421604e-02
1.803797468354427225e-01
4.447035309793448410e-02
7.911392405063250033e-02
2.109704641350206578e-01
7.400194741966857614e-02
6.329113924050600026e-02
1.662025316455695845e-01
1.443037974683543112e-01
1.310498883097541700e-01
6.091772151898702109e-02
1.424050632911390002e-01
1.949367088607591447e-01
4.430379746835440280e-02
5.334538878842649823e-02
6.559263521288805077e-02
1.002109704641345328e-01
1.265822784810125001e-01
6.188466947960587911e-02
0.000000000000000000e+00
5.601265822784780996e-02
1.867088607594927230e-02
6.791626095423529408e-02
9.250243427458572365e-02
1.582278481012650007e-02
5.801687763713050949e-02
2.560414269275016266e-02
1.107594936708860001e-01
6.118143459915580812e-02
1.424050632911390002e-01
8.860759493670880560e-02
4.324894514767910897e-02
4.023508137432168369e-02
3.860759493670865711e-02
3.164556962025309728e-02
3.797468354430379861e-02
6.544879171461417955e-02
1.037641572285142727e-01
0.000000000000000000e+00
1.265822784810123891e-01
1.066907775768534128e-01
9.018987341772133348e-02
1.377270225646667623e-01
3.840621403912523879e-02
2.132120253164555557e-01
1.443037974683543112e-01
2.943037974683529109e-02
9.493670886075949999e-02
1.582278481012655003e-01
3.860759493670865711e-02
2.215189873417720001e-01
4.148734177215186447e-01
1.582278481012655003e-01
5.379746835443029868e-02
2.179588607594936667e-01
1.740506329113921391e-01
2.002301495972380885e-01
1.252063841496966860e-02
9.018987341772108368e-02
1.072935503315249339e-01
3.006329113924048890e-01
1.623417721518984613e-01
3.367088607594937444e-01
1.582278481012655003e-01
1.147871116225546301e-01
2.162447257383955102e-02
1.898734177215190000e-01
1.855345911949685123e-01
2.515723270440251014e-01
3.616352201257860832e-01
2.012578616352201089e-01
2.208201892744469930e-02
2.523659305993687929e-01
2.055326377092938916e-01
1.098259142423178847e-01
2.103706624605678477e-01
5.047318611987380160e-02
3.832807570977914691e-01
1.324921135646685011e-01
3.457042122842828302e-01
4.094637223974761930e-01
1.198738170347003057e-01
2.649842271293372242e-01
7.687813996962226948e-02
1.301261829652995416e-01
2.168052767421850824e-01
5.678233438485800338e-02
6.329113924050599853e-03
1.308975834292283591e-02
8.438818565400800498e-02
0.000000000000000000e+00
3.797468354430359738e-02
5.907172995780562291e-02
1.147871116225546301e-01
6.260319207484833781e-02
1.850048685491714404e-02
1.867088607594932781e-01
9.196993670886031980e-02
1.120253164556962167e-01
1.090014064697603265e-02
3.768699654775584801e-02
1.107594936708860001e-01
0.000000000000000000e+00
0.000000000000000000e+00
1.098553345388788571e-01
2.344936708860759222e-01
4.746835443037950020e-02
1.582278481012650007e-02
9.493670886075899346e-03
1.930379746835440835e-01
5.411392405063264466e-02
1.286919831223629629e-01
1.651323360184119016e-01
1.803797468354427225e-01
6.188466947960587911e-02
0.000000000000000000e+00
1.803797468354421604e-02
1.803797468354427225e-01
4.447035309793448410e-02
7.911392405063250033e-02
2.109704641350206578e-01
7.400194741966857614e-02
6.329113924050600026e-02
1.662025316455695845e-01
1.443037974683543112e-01
1.310498883097541700e-01
6.091772151898702109e-02
1.424050632911390002e-01
1.949367088607591447e-01
4.430379746835440280e-02
5.334538878842649823e-02
6.559263521288805077e-02
1.002109704641345328e-01
1.265822784810125001e-01
6.188466947960587911e-02
0.000000000000000000e+00
5.601265822784780996e-02
1.867088607594927230e-02
6.791626095423529408e-02
9.250243427458572365e-02
1.582278481012650007e-02
5.801687763713050949e-02
2.560414269275016266e-02
1.107594936708860001e-01
6.118143459915580812e-02
1.424050632911390002e-01
8.860759493670880560e-02
4.324894514767910897e-02
4.023508137432168369e-02
3.860759493670865711e-02
3.164556962025309728e-02
2.208201892744469930e-02
2.523659305993687929e-01
2.055326377092938916e-01
1.098259142423178847e-01
2.103706624605678477e-01
5.047318611987380160e-02
3.832807570977914691e-01
1.324921135646685011e-01
3.457042122842828302e-01
4.094637223974761930e-01
1.198738170347003057e-01
2.649842271293372242e-01
7.687813996962226948e-02
1.301261829652995416e-01
2.168052767421850824e-01
5.678233438485800338e-02
2.215189873417720140e-02
1.588306208559370769e-01
3.639240506329110003e-01
9.493670886075930571e-02
6.748601707388868221e-02
5.379746835443029868e-02
4.818037974683542224e-01
1.598101265822784445e-01
2.452531645569620000e-01
5.477560414269272426e-01
1.075949367088606945e-01
1.493670886075947613e-01
1.513713080168775649e-01
9.493670886075949999e-02
1.805173362685743299e-01
6.962025316455690283e-02
4.444444444444439757e-02
1.219336219336217275e-01
1.802579365079364782e-01
1.038961038961035144e-01
1.055740125507566990e-01
7.301587301587300627e-02
5.267973856209150485e-01
1.018849206349204672e-01
3.107058426207358615e-01
4.207792207792206973e-01
1.301587301587301126e-01
2.526315789473683737e-01
1.838383838383836899e-01
2.077922077922074728e-01
1.904761904761902158e-01
4.444444444444439757e-02
2.866242038216559873e-02
2.054140127388534576e-01
1.815286624203819033e-01
1.042269832078748376e-01
1.312809624911533135e-01
7.643312101910819389e-02
3.278980891719744384e-01
1.337579617834391832e-01
4.270411117544872237e-01
2.396178343949041389e-01
1.433121019108279937e-01
2.083418943907950627e-01
1.246192190528936372e-01
1.273885350318468557e-01
2.329558858221277284e-01
4.458598726114639671e-02
3.514376996805110287e-02
1.476748313809016500e-01
2.913738019169326288e-01
1.376706360731917989e-01
1.835608480975893242e-01
6.389776357827470221e-02
3.599574014909475705e-01
1.675541356052537845e-01
1.725239616613415961e-01
2.855431309904150616e-01
1.661341853035142868e-01
1.705461737410618739e-01
1.661341853035140093e-01
1.600807129645197835e-01
2.065059541097877260e-01
4.792332268370599890e-02
3.846153846153840122e-02
1.327838827838825619e-01
2.984615384615384448e-01
1.255128205128203112e-01
1.647727272727270431e-01
6.410256410256409687e-02
3.739316239316237689e-01
1.978021978021975158e-01
3.501602564102564985e-01
4.835470085470082724e-01
1.217948717948716952e-01
2.909919028340081093e-01
8.547008547008533297e-02
2.403846153846150024e-01
1.885856079404466257e-01
3.525641025641020054e-02
6.329113924050529597e-03
1.308975834292212641e-02
8.438818565400681149e-02
0.000000000000000000e+00
3.797468354430362514e-02
5.907172995780476943e-02
1.147871116225537697e-01
6.260319207484858761e-02
1.850048685491687689e-02
1.867088607594933058e-01
9.196993670885973693e-02
1.120253164556952730e-01
1.090014064697556601e-02
3.768699654775570923e-02
1.107594936708850286e-01
0.000000000000000000e+00
0.000000000000000000e+00
1.098553345388782465e-01
2.344936708860746455e-01
4.746835443037864671e-02
1.582278481012563617e-02
9.493670886075869855e-03
1.930379746835437782e-01
5.411392405063163852e-02
1.286919831223622690e-01
1.651323360184104860e-01
1.803797468354424727e-01
6.188466947960550441e-02
0.000000000000000000e+00
1.803797468354340766e-02
1.803797468354428613e-01
4.447035309793406083e-02
7.911392405063290278e-02
2.109704641350205467e-01
7.400194741966735490e-02
6.329113924050573659e-02
1.662025316455685020e-01
1.443037974683543945e-01
1.310498883097528100e-01
6.091772151898667415e-02
1.424050632911385839e-01
1.949367088607593945e-01
4.430379746835442362e-02
5.334538878842617904e-02
6.559263521288780097e-02
1.002109704641339499e-01
1.265822784810111956e-01
6.188466947960619136e-02
0.000000000000000000e+00
5.601265822784688708e-02
1.867088607594921332e-02
6.791626095423480836e-02
9.250243427458615386e-02
1.582278481012577842e-02
5.801687763713021806e-02
2.560414269275026675e-02
1.107594936708850286e-01
6.118143459915542648e-02
1.424050632911384173e-01
8.860759493670886111e-02
4.324894514767762405e-02
4.023508137432128817e-02
3.860759493670889997e-02
3.164556962025293074e-02
