1.083591331269339979e-02
7.683647621728095789e-02
7.223942208462266756e-02
3.095975232198100099e-02
5.263157894736839731e-02
6.862745098039182978e-02
6.818181818181817677e-02
5.205949656750571281e-02
7.239819004524848667e-02
1.050309597523218647e-01
1.169698142414859754e-01
8.676470588235249415e-02
5.065359477124155990e-02
5.991415705037959200e-02
6.191950464396249465e-02
8.900928792569649806e-02
6.452293836194707144e-02
6.269349845201181715e-02
2.029411764705880694e-01
1.006191950464395135e-01
9.287925696594398484e-02
1.238390092879249928e-02
8.393532851737144085e-02
9.264705882352916588e-02
4.196766425868538042e-02
1.269349845201232507e-01
9.264705882352916588e-02
6.432748538011694162e-02
6.124646655000392549e-03
8.823529411764702290e-02
1.808823529411762165e-01
5.438324914453300518e-02
5.804953560371500093e-02
1.135190918472646637e-01
6.334841628959220206e-02
8.513931888544849780e-02
5.628482972136207574e-02
1.323529411764702568e-01
8.013112365689306626e-02
6.704721362229082438e-02
8.126934984520099714e-02
7.801857585139299056e-02
1.393188854489160050e-02
7.828394515700995426e-02
6.016042780748646901e-02
1.274509803921567430e-01
5.417956656346700067e-02
1.135190918472649135e-01
5.205949656750571281e-02
4.566563467492226747e-02
4.566563467492226747e-02
8.305548940223840548e-02
1.900452488687777997e-01
4.643962848297199242e-02
7.094943240454057443e-02
6.888544891640835388e-02
1.083591331269345009e-01
6.883384932920530441e-02
6.191950464396249465e-02
7.430340557275519342e-02
8.462332301341543572e-02
1.049683031107178505e-01
6.295149638802884084e-02
4.411764705882349757e-02
5.495356037151700318e-02
1.728820714888825993e-01
1.051409483460973016e-01
1.028306059265811645e-01
1.269349845201236116e-01
1.402587350729764537e-01
6.818181818181816289e-02
1.102436397900118242e-01
1.189839572192511602e-01
1.527186532507737171e-01
2.073529411764702401e-01
6.118421052631576457e-02
1.354489164086685182e-01
1.625386996904019943e-01
1.070175438596490669e-01
1.083591331269345009e-01
3.838235294117648411e-01
1.547987616099069930e-01
2.631578947368419866e-02
1.038119195046439264e-01
1.087891296869624019e-01
1.371235575569937359e-01
3.674787993000393910e-02
1.499999999999999944e-01
1.541721951938667678e-01
2.352941176470588480e-01
9.044117647058808052e-02
2.080495356037151966e-01
1.277089783281729896e-01
1.002673796791439531e-01
8.726780185758488406e-02
2.708978328173370365e-01
2.210200927357031941e-01
2.503863987635239763e-01
2.511591962905718733e-01
2.774343122102008730e-01
4.640371229698370126e-02
2.165506573859239947e-01
1.923969302159556083e-01
1.911718369568327636e-01
2.367797757153904115e-01
5.955143078112910132e-02
2.366589327146167709e-01
1.809744779582364016e-01
2.690050498157498526e-01
2.616138179943283681e-01
6.264501160092800225e-02
2.629543696829079735e-01
1.400131763627508741e-01
2.639211136890949327e-01
1.727483653237711914e-01
9.667440061871609980e-02
1.083591331269339979e-02
7.683647621728095789e-02
7.223942208462266756e-02
3.095975232198100099e-02
5.263157894736839731e-02
6.862745098039182978e-02
6.818181818181817677e-02
5.205949656750571281e-02
7.239819004524848667e-02
1.050309597523218647e-01
1.169698142414859754e-01
8.676470588235249415e-02
5.065359477124155990e-02
5.991415705037959200e-02
6.191950464396249465e-02
8.900928792569649806e-02
6.452293836194707144e-02
6.269349845201181715e-02
2.029411764705880694e-01
1.006191950464395135e-01
9.287925696594398484e-02
1.238390092879249928e-02
8.393532851737144085e-02
9.264705882352916588e-02
4.196766425868538042e-02
1.269349845201232507e-01
9.264705882352916588e-02
6.432748538011694162e-02
6.124646655000392549e-03
8.823529411764702290e-02
1.808823529411762165e-01
5.438324914453300518e-02
5.804953560371500093e-02
1.135190918472646637e-01
6.334841628959220206e-02
8.513931888544849780e-02
5.628482972136207574e-02
1.323529411764702568e-01
8.013112365689306626e-02
6.704721362229082438e-02
8.126934984520099714e-02
7.801857585139299056e-02
1.393188854489160050e-02
7.828394515700995426e-02
6.016042780748646901e-02
1.274509803921567430e-01
5.417956656346700067e-02
1.135190918472649135e-01
5.205949656750571281e-02
4.566563467492226747e-02
4.566563467492226747e-02
8.305548940223840548e-02
1.900452488687777997e-01
4.643962848297199242e-02
7.094943240454057443e-02
6.888544891640835388e-02
1.083591331269345009e-01
6.883384932920530441e-02
6.191950464396249465e-02
7.430340557275519342e-02
8.462332301341543572e-02
1.049683031107178505e-01
6.295149638802884084e-02
4.411764705882349757e-02
4.640371229698370126e-02
2.165506573859239947e-01
1.923969302159556083e-01
1.911718369568327636e-01
2.367797757153904115e-01
5.955143078112910132e-02
2.366589327146167709e-01
1.809744779582364016e-01
2.690050498157498526e-01
2.616138179943283681e-01
6.264501160092800225e-02
2.629543696829079735e-01
1.400131763627508741e-01
2.639211136890949327e-01
1.727483653237711914e-01
9.667440061871609980e-02
5.108359133126930129e-02
1.805248415155535635e-01
2.825077399380804821e-01
1.414297776526876604e-01
1.131830945352436946e-01
5.572755417956649915e-02
3.479102167182662741e-01
2.375267920933555599e-01
1.335139318885447401e-01
3.782718829158457363e-01
5.108359133126930129e-02
2.146284829721361032e-01
2.723813209494321819e-01
1.489938080495354922e-01
1.683268272984248248e-01
9.133126934984520107e-02
5.731990704879930121e-02
1.693542708259979379e-01
1.262103020914018270e-01
2.249841560453489098e-01
1.405076288436941934e-01
5.499612703330750141e-02
4.270743153961814587e-01
1.701926800929511596e-01
2.956639253753480245e-01
3.460319695796070794e-01
5.499612703330750141e-02
1.940560153287943235e-01
2.370959791563971852e-01
2.788536018590239696e-01
1.951975213013165955e-01
8.675445391169629705e-02
5.426356589147279808e-02
1.613636363636361537e-01
1.581395348837207893e-01
2.410147991543339085e-01
1.871662360034453132e-01
5.426356589147279808e-02
2.118139534883718977e-01
2.372093023255811839e-01
2.702607470049330218e-01
2.302325581395348042e-01
7.209302325581390392e-02
1.774943735933982858e-01
2.093023255813951655e-01
2.392026578073088439e-01
2.109388458225666396e-01
6.821705426356579338e-02
4.887509697439870043e-02
1.568830273252305729e-01
2.869407809671578047e-01
2.200789900557162393e-01
1.894350800479580321e-01
6.439100077579519577e-02
2.084303077320919517e-01
2.797172657529520823e-01
1.675717610550813141e-01
2.080100853374706182e-01
6.283941039565550668e-02
2.005245853189993877e-01
2.544608223429011828e-01
2.126495447307173992e-01
2.980816700754637116e-01
5.896043444530640193e-02
4.813664596273289908e-02
2.348047914818097714e-01
2.168944099378881940e-01
2.155900621118011229e-01
1.964991530208921033e-01
7.065217391304340344e-02
2.264492753623187637e-01
2.934782608695651329e-01
2.581521739130434590e-01
2.833850931677015517e-01
6.677018633540370007e-02
2.788901601830661159e-01
1.842650103519666571e-01
2.717391304347824832e-01
1.808254858745740601e-01
6.987577639751549330e-02
1.083591331269338764e-02
7.683647621728012522e-02
7.223942208462216796e-02
3.095975232198054303e-02
5.263157894736786996e-02
6.862745098039191305e-02
6.818181818181787146e-02
5.205949656750505361e-02
7.239819004524870871e-02
1.050309597523211430e-01
1.169698142414843101e-01
8.676470588235141168e-02
5.065359477124165705e-02
5.991415705037850953e-02
6.191950464396207138e-02
8.900928792569592907e-02
6.452293836194628041e-02
6.269349845201188653e-02
2.029411764705884302e-01
1.006191950464383617e-01
9.287925696594417913e-02
1.238390092879253571e-02
8.393532851737010858e-02
9.264705882352866628e-02
4.196766425868447836e-02
1.269349845201218629e-01
9.264705882352788913e-02
6.432748538011646977e-02
6.124646654999825295e-03
8.823529411764614860e-02
1.808823529411754671e-01
5.438324914453249864e-02
5.804953560371468174e-02
1.135190918472636507e-01
6.334841628959138327e-02
8.513931888544840065e-02
5.628482972136113205e-02
1.323529411764698960e-01
8.013112365689212258e-02
6.704721362228995007e-02
8.126934984520021998e-02
7.801857585139297668e-02
1.393188854489123274e-02
7.828394515700942691e-02
6.016042780748657309e-02
1.274509803921564932e-01
5.417956656346623046e-02
1.135190918472644139e-01
5.205949656750540749e-02
4.566563467492232298e-02
4.566563467492142786e-02
8.305548940223846099e-02
1.900452488687774111e-01
4.643962848297135404e-02
7.094943240453999156e-02
6.888544891640870083e-02
1.083591331269347230e-01
6.883384932920430521e-02
6.191950464396164810e-02
7.430340557275488811e-02
8.462332301341453367e-02
1.049683031107175452e-01
6.295149638802811920e-02
4.411764705882346982e-02
