1.388888888888879965e-02
5.744949494949459778e-02
1.851851851851800054e-02
6.944444444444400344e-02
6.666666666666640206e-02
9.074074074074056639e-02
2.878787878787851182e-02
5.495169082125569981e-02
8.119658119658071382e-02
6.555555555555549196e-02
4.843749999999982792e-02
8.194444444444391740e-02
8.611111111111111049e-02
1.157828282828280292e-01
6.944444444444400344e-02
4.166666666666650476e-02
6.616161616161610193e-02
1.607142857142812228e-02
1.108333333333331172e-01
9.722222222222200172e-02
9.722222222222200172e-02
8.333333333333300258e-03
1.317901234567898927e-01
1.899999999999998634e-01
1.882716049382664528e-02
1.035353535353528975e-01
9.499999999999965417e-02
8.148148148148118275e-02
5.495169082125569981e-02
4.749999999999982708e-02
2.216666666666662344e-01
9.108187134502904181e-02
2.777777777777750215e-02
7.407407407407400057e-02
1.136752136752134518e-01
5.555555555555549696e-02
3.366666666666653929e-02
1.266666666666665664e-01
7.189542483660087135e-02
8.020833333333302062e-02
5.555555555555549696e-02
7.777777777777730717e-02
5.555555555555500256e-03
3.511904761904748734e-02
7.196969696969653107e-02
1.231481481481479096e-01
5.555555555555549696e-02
1.222222222222222598e-01
5.495169082125569981e-02
1.638888888888884454e-01
4.916666666666647673e-02
1.589743589743588537e-01
4.871794871794854487e-02
1.527777777777774848e-01
6.790123456790117529e-02
6.742424242424217840e-02
9.722222222222200172e-02
8.592592592592585010e-02
4.166666666666650476e-02
1.222222222222219962e-01
1.328703703703700834e-01
7.063492063492038397e-02
6.777777777777750645e-02
3.333333333333329818e-02
4.722222222222220017e-02
1.608585858585855344e-01
1.040935672514618909e-01
9.523809523809514954e-02
1.888888888888888007e-01
1.170634920634917586e-01
5.757575757575752323e-02
1.099033816425118021e-01
1.236111111111109218e-01
1.336805555555551916e-01
2.374999999999997113e-01
1.097916666666666208e-01
1.527777777777774848e-01
1.666666666666664909e-01
1.129629629629626403e-01
6.944444444444400344e-02
3.324999999999999067e-01
1.388888888888885065e-01
1.388888888888879965e-02
1.309027777777777846e-01
8.487654320987601808e-02
1.171717171717168854e-01
8.792270531400959988e-02
1.583333333333329374e-01
9.417989417989412748e-02
1.935185185185182288e-01
8.708333333333317938e-02
2.022222222222222476e-01
2.083333333333330095e-01
2.159090909090906341e-01
1.138888888888887757e-01
1.388888888888885065e-01
2.154696132596685132e-01
2.624309392265192775e-01
2.182320441988949977e-01
3.038674033149170728e-01
4.432132963988919677e-02
2.216066481994455883e-01
1.476667376944384158e-01
2.314558325638657876e-01
1.595394736842104810e-01
8.033240997229909586e-02
2.243767313019388587e-01
2.409972299168972876e-01
2.243767313019387477e-01
2.397045244690672317e-01
3.878116343490300294e-02
2.770083102493072214e-01
2.507438186108544298e-01
2.493074792243767934e-01
1.971795517501886974e-01
8.587257617728530357e-02
1.388888888888879965e-02
5.744949494949459778e-02
1.851851851851800054e-02
6.944444444444400344e-02
6.666666666666640206e-02
9.074074074074056639e-02
2.878787878787851182e-02
5.495169082125569981e-02
8.119658119658071382e-02
6.555555555555549196e-02
4.843749999999982792e-02
8.194444444444391740e-02
8.611111111111111049e-02
1.157828282828280292e-01
6.944444444444400344e-02
4.166666666666650476e-02
6.616161616161610193e-02
1.607142857142812228e-02
1.108333333333331172e-01
9.722222222222200172e-02
9.722222222222200172e-02
8.333333333333300258e-03
1.317901234567898927e-01
1.899999999999998634e-01
1.882716049382664528e-02
1.035353535353528975e-01
9.499999999999965417e-02
8.148148148148118275e-02
5.495169082125569981e-02
4.749999999999982708e-02
2.216666666666662344e-01
9.108187134502904181e-02
2.777777777777750215e-02
7.407407407407400057e-02
1.136752136752134518e-01
5.555555555555549696e-02
3.366666666666653929e-02
1.266666666666665664e-01
7.189542483660087135e-02
8.020833333333302062e-02
5.555555555555549696e-02
7.777777777777730717e-02
5.555555555555500256e-03
3.511904761904748734e-02
7.196969696969653107e-02
1.231481481481479096e-01
5.555555555555549696e-02
1.222222222222222598e-01
5.495169082125569981e-02
1.638888888888884454e-01
4.916666666666647673e-02
1.589743589743588537e-01
4.871794871794854487e-02
1.527777777777774848e-01
6.790123456790117529e-02
6.742424242424217840e-02
9.722222222222200172e-02
8.592592592592585010e-02
4.166666666666650476e-02
1.222222222222219962e-01
1.328703703703700834e-01
7.063492063492038397e-02
6.777777777777750645e-02
3.333333333333329818e-02
4.432132963988919677e-02
2.216066481994455883e-01
1.476667376944384158e-01
2.314558325638657876e-01
1.595394736842104810e-01
8.033240997229909586e-02
2.243767313019388587e-01
2.409972299168972876e-01
2.243767313019387477e-01
2.397045244690672317e-01
3.878116343490300294e-02
2.770083102493072214e-01
2.507438186108544298e-01
2.493074792243767934e-01
1.971795517501886974e-01
8.587257617728530357e-02
6.944444444444440590e-02
1.886243386243383613e-01
1.527777777777774848e-01
1.363636363636364091e-01
1.438630490956071817e-01
3.333333333333329818e-02
3.423611111111110605e-01
3.452991452991450161e-01
9.722222222222200172e-02
3.393939393939390814e-01
5.000000000000000278e-02
1.802777777777777590e-01
2.087962962962962854e-01
2.430555555555554970e-01
1.584541062801930744e-01
1.027777777777777041e-01
3.899721448467959733e-02
1.975183590782474130e-01
9.627437325905276178e-02
2.848822486705493429e-01
1.094772300317419234e-01
9.192200557103059888e-02
3.578567917417659339e-01
1.719185236768800973e-01
2.862561488769039819e-01
1.914408711066089286e-01
5.571030640668520051e-02
1.806186776132530092e-01
3.456571283869332989e-01
2.506963788300833884e-01
1.754874651810584829e-01
1.030640668523676029e-01
4.189944134078209953e-02
1.719781615033010025e-01
1.675977653631282038e-01
2.399695276790246579e-01
1.480446927374300670e-01
7.262569832402229753e-02
2.544134078212289540e-01
2.346368715083798906e-01
2.846622651091923473e-01
1.769832402234637059e-01
4.469273743016759920e-02
1.757073346548925774e-01
2.841875151809568623e-01
2.394253790901834378e-01
1.634595489344090047e-01
9.497206703910610059e-02
3.641456582633049999e-02
1.861188920012448178e-01
1.135387488328661598e-01
3.218742042271454662e-01
2.212885154061622339e-01
5.602240896358540168e-02
2.670401493930902870e-01
2.846249610955492448e-01
1.008403361344535898e-01
1.925770308123248287e-01
5.882352941176469813e-02
1.810057356275842355e-01
3.473389355742296236e-01
2.394220846233227618e-01
2.816399286987522621e-01
6.162464985994389743e-02
4.775280898876400199e-02
1.629213483146066677e-01
1.961797752808985829e-01
2.699999999999996847e-01
1.999489274770170355e-01
6.741573033707859430e-02
2.926029962546816687e-01
2.925361155698232296e-01
2.401685393258423395e-01
3.280898876404492182e-01
3.932584269662919851e-02
2.217622708456531977e-01
1.872659176029962680e-01
3.394194756554304582e-01
1.515041681768755644e-01
9.550561797752800397e-02
1.388888888888862444e-02
5.744949494949484065e-02
1.851851851851673766e-02
6.944444444444358711e-02
6.666666666666631880e-02
9.074074074074064966e-02
2.878787878787845630e-02
5.495169082125528348e-02
8.119658119658040851e-02
6.555555555555482583e-02
4.843749999999936301e-02
8.194444444444434761e-02
8.611111111111117988e-02
1.157828282828270300e-01
6.944444444444428099e-02
4.166666666666666435e-02
6.616161616161481129e-02
1.607142857142793840e-02
1.108333333333321735e-01
9.722222222222108579e-02
9.722222222222209886e-02
8.333333333333333218e-03
1.317901234567894764e-01
1.899999999999997247e-01
1.882716049382695753e-02
1.035353535353522036e-01
9.500000000000004274e-02
8.148148148148058600e-02
5.495169082125528348e-02
4.749999999999958422e-02
2.216666666666666230e-01
9.108187134502898630e-02
2.777777777777661050e-02
7.407407407407320954e-02
1.136752136752129522e-01
5.555555555555424796e-02
3.366666666666627561e-02
1.266666666666655949e-01
7.189542483660135708e-02
8.020833333333245163e-02
5.555555555555536512e-02
7.777777777777780677e-02
5.555555555555416990e-03
3.511904761904716121e-02
7.196969696969685026e-02
1.231481481481480622e-01
5.555555555555480307e-02
1.222222222222222182e-01
5.495169082125537369e-02
1.638888888888883066e-01
4.916666666666556773e-02
1.589743589743584651e-01
4.871794871794779547e-02
1.527777777777770962e-01
6.790123456789996792e-02
6.742424242424213676e-02
9.722222222222140497e-02
8.592592592592532275e-02
4.166666666666609536e-02
1.222222222222220933e-01
1.328703703703692507e-01
7.063492063492027295e-02
6.777777777777745094e-02
3.333333333333333287e-02
