1.335559265442400056e-02
4.143269084838355903e-02
7.790762381747333432e-02
7.512520868113500838e-02
6.677796327212000282e-02
1.246521981079573987e-01
8.650781605706457655e-02
1.321042316904983034e-02
6.831899319378434421e-02
1.181969949916524126e-01
4.851836393989970853e-02
0.000000000000000000e+00
3.450194769059532901e-02
1.192897252997416474e-01
5.008347245409000559e-02
5.008347245409000559e-02
6.958567309151596214e-02
1.738611972334838940e-01
1.141903171953252416e-01
1.335559265442400056e-01
1.419031719532549973e-01
2.170283806343899918e-02
2.941940270821740144e-01
1.237061769616023404e-01
3.394546466332769297e-02
2.364546972226431731e-01
1.808013355592649751e-01
8.161751066592447257e-02
6.605211584524915171e-03
8.564273789649393120e-02
1.427378964941565520e-01
5.474035673490890846e-02
9.181969949916499174e-02
8.903728436282667968e-02
2.927956851162185833e-02
1.669449081803000071e-02
6.070116861435709971e-02
2.664440734557594337e-01
7.777668663458685294e-02
8.034223706176937818e-02
6.677796327212000282e-02
1.215358931552584509e-01
1.168614357262100049e-02
7.739088957786766088e-02
4.325390802853228828e-02
8.458542014468536929e-02
5.843071786310500421e-02
8.161751066592447257e-02
2.642084633809966068e-02
5.909849749582620632e-02
1.969949916527540326e-02
3.582894567869516350e-02
1.659175548991905225e-01
1.085141903171950029e-01
6.121313299944335096e-02
4.727576263469406015e-02
5.008347245409000559e-02
7.746243739565920883e-02
6.677796327212000282e-02
5.342237061769600226e-02
3.422370617696150752e-02
9.905397885364471133e-02
4.073455759599319687e-02
1.335559265442400056e-02
2.671118530884800113e-02
1.104871755956894908e-01
1.094807134698178169e-01
1.073217266873357362e-01
1.202003338898160051e-01
1.899594562365846950e-01
8.650781605706481248e-02
1.321042316904983034e-02
9.455152526938812030e-02
1.767529215358931149e-01
1.712854757929878624e-01
3.493322203672778042e-02
1.168614357262100084e-01
1.836393989983305108e-01
8.825820812465191845e-02
2.086811352253754859e-01
2.569282136894823765e-01
2.086811352253754859e-01
3.338898163606009856e-02
2.723288814691151583e-01
9.181969949916501950e-02
1.971771133707693469e-01
1.981563475357474638e-02
1.141903171953252416e-01
1.768821050957945229e-01
1.691708402893707386e-01
9.991652754590982233e-02
3.833055091819700388e-01
1.752921535893154914e-01
9.515859766277103005e-02
3.992765720645508748e-02
1.919866444073455025e-01
2.029950083194675126e-01
3.444259567387686904e-01
2.479201331114808116e-01
2.046589018302827911e-01
5.000000000000000278e-02
2.533333333333331883e-01
1.184615384615384931e-01
1.740740740740740478e-01
2.677604166666666119e-01
1.166666666666665991e-01
3.825000000000000067e-01
1.599999999999999201e-01
1.905882352941176971e-01
3.671111111111109992e-01
6.500000000000000222e-02
2.000000000000000111e-01
8.703703703703702388e-02
2.687499999999998224e-01
1.390909090909089318e-01
5.166666666666659691e-02
1.335559265442400056e-02
4.143269084838355903e-02
7.790762381747333432e-02
7.512520868113500838e-02
6.677796327212000282e-02
1.246521981079573987e-01
8.650781605706457655e-02
1.321042316904983034e-02
6.831899319378434421e-02
1.181969949916524126e-01
4.851836393989970853e-02
0.000000000000000000e+00
3.450194769059532901e-02
1.192897252997416474e-01
5.008347245409000559e-02
5.008347245409000559e-02
6.958567309151596214e-02
1.738611972334838940e-01
1.141903171953252416e-01
1.335559265442400056e-01
1.419031719532549973e-01
2.170283806343899918e-02
2.941940270821740144e-01
1.237061769616023404e-01
3.394546466332769297e-02
2.364546972226431731e-01
1.808013355592649751e-01
8.161751066592447257e-02
6.605211584524915171e-03
8.564273789649393120e-02
1.427378964941565520e-01
5.474035673490890846e-02
9.181969949916499174e-02
8.903728436282667968e-02
2.927956851162185833e-02
1.669449081803000071e-02
6.070116861435709971e-02
2.664440734557594337e-01
7.777668663458685294e-02
8.034223706176937818e-02
6.677796327212000282e-02
1.215358931552584509e-01
1.168614357262100049e-02
7.739088957786766088e-02
4.325390802853228828e-02
8.458542014468536929e-02
5.843071786310500421e-02
8.161751066592447257e-02
2.642084633809966068e-02
5.909849749582620632e-02
1.969949916527540326e-02
3.582894567869516350e-02
1.659175548991905225e-01
1.085141903171950029e-01
6.121313299944335096e-02
4.727576263469406015e-02
5.008347245409000559e-02
7.746243739565920883e-02
6.677796327212000282e-02
5.342237061769600226e-02
3.422370617696150752e-02
9.905397885364471133e-02
4.073455759599319687e-02
1.335559265442400056e-02
5.000000000000000278e-02
2.533333333333331883e-01
1.184615384615384931e-01
1.740740740740740478e-01
2.677604166666666119e-01
1.166666666666665991e-01
3.825000000000000067e-01
1.599999999999999201e-01
1.905882352941176971e-01
3.671111111111109992e-01
6.500000000000000222e-02
2.000000000000000111e-01
8.703703703703702388e-02
2.687499999999998224e-01
1.390909090909089318e-01
5.166666666666659691e-02
5.175292153589310107e-02
2.267270848239127945e-01
2.337228714524204887e-01
7.740173015632093034e-02
1.424078891175213357e-01
9.849749582637719325e-02
4.357262103505841755e-01
2.983177090021830735e-01
1.377295492487477513e-01
4.844437699195625058e-01
4.340567612687810245e-02
1.625208681135223432e-01
1.711185308848078568e-01
1.878130217028380067e-01
1.309428758075052157e-01
4.340567612687810245e-02
4.180602006688959732e-02
1.976284584980236569e-01
1.362353678929765499e-01
1.641836424445118348e-01
2.072800808897873881e-01
1.337792642140467891e-01
4.207161125319692774e-01
1.527487458193978465e-01
2.618657937806873059e-01
3.037397385223469248e-01
7.357859531772570350e-02
1.725048406970600967e-01
1.660079051383397675e-01
3.420492550927331510e-01
1.153846153846151967e-01
4.347826086956520231e-02
3.852596314907869718e-02
2.111694837825490167e-01
1.557788944723617064e-01
1.713111009593420719e-01
2.170109808300761944e-01
1.256281407035174935e-01
3.051256281407033200e-01
1.959798994974872866e-01
3.054667275772801061e-01
3.051256281407033200e-01
6.532663316582909552e-02
1.222240233425189587e-01
1.376447454664626868e-01
2.057908590571905783e-01
1.470314535641168152e-01
4.857621440536009916e-02
3.691275167785230266e-02
2.617449664429528089e-01
2.295302013422815257e-01
1.144752898108600120e-01
2.289505796217203848e-01
1.006711409395972950e-01
3.926174496644292966e-01
2.804809843400447034e-01
1.610738255033555832e-01
2.999161073825503121e-01
5.369127516778519904e-02
1.508469159475870069e-01
2.013422818791943958e-01
1.978099611444717743e-01
1.988255033557046469e-01
3.355704697986570256e-02
4.201680672268900268e-02
3.411764705882349147e-01
1.825882352941174680e-01
1.196638655462182455e-01
2.193277310924366952e-01
1.058823529411763997e-01
4.481792717086833799e-01
2.722689075630251310e-01
3.033613445378148255e-01
4.416806722689076148e-01
4.705882352941170160e-02
1.857585139318883305e-01
1.165266106442575944e-01
2.731092436974787985e-01
1.071293033342368556e-01
5.378151260504199921e-02
1.335559265442380975e-02
4.143269084838303168e-02
7.790762381747244614e-02
7.512520868113488348e-02
6.677796327211917016e-02
1.246521981079572600e-01
8.650781605706428512e-02
1.321042316904921972e-02
6.831899319378352542e-02
1.181969949916521073e-01
4.851836393989956975e-02
0.000000000000000000e+00
3.450194769059500982e-02
1.192897252997407315e-01
5.008347245408997089e-02
5.008347245408905496e-02
6.958567309151587887e-02
1.738611972334843936e-01
1.141903171953249918e-01
1.335559265442401444e-01
1.419031719532550806e-01
2.170283806343905469e-02
2.941940270821736814e-01
1.237061769616016188e-01
3.394546466332758888e-02
2.364546972226435340e-01
1.808013355592637261e-01
8.161751066592387582e-02
6.605211584524106790e-03
8.564273789649343160e-02
1.427378964941556361e-01
5.474035673490865173e-02
9.181969949916417295e-02
8.903728436282637437e-02
2.927956851162057811e-02
1.669449081802999030e-02
6.070116861435689154e-02
2.664440734557584900e-01
7.777668663458667253e-02
8.034223706176882307e-02
6.677796327211873995e-02
1.215358931552585620e-01
1.168614357262076110e-02
7.739088957786791068e-02
4.325390802853228134e-02
8.458542014468552195e-02
5.843071786310484461e-02
8.161751066592404236e-02
2.642084633809939354e-02
5.909849749582503364e-02
1.969949916527541367e-02
3.582894567869450431e-02
1.659175548991911608e-01
1.085141903171942812e-01
6.121313299944262237e-02
4.727576263469387280e-02
5.008347245408997089e-02
7.746243739565930597e-02
6.677796327211910077e-02
5.342237061769505163e-02
3.422370617696086914e-02
9.905397885364422561e-02
4.073455759599280829e-02
1.335559265442396934e-02
