8.210180623973700048e-03
3.396029258098213349e-02
2.189381499726266583e-02
1.642036124794699764e-02
6.568144499178960038e-02
4.597701149425255374e-02
8.508732646663655363e-02
2.598700649675130675e-02
5.759757483895374536e-02
6.781609195402288348e-02
5.726600985221635270e-02
4.844006568144483549e-02
3.393541324575782142e-02
1.564412598895355833e-01
4.926108374384199906e-02
6.568144499178948936e-02
5.866547245857547943e-02
1.140042223786063708e-01
1.310344827586205074e-01
1.149425287356319880e-01
8.210180623973700742e-02
1.477832512315269999e-02
1.891990512680164216e-01
9.359605911330021177e-02
6.677613574165253141e-02
4.406627854903715780e-01
8.423645320197041542e-02
5.619412515964232469e-02
6.496751624187727808e-03
5.615763546797990224e-02
1.778325123152706133e-01
1.076830006049605132e-01
8.210180623973498820e-03
8.757525998905266174e-02
4.799797903246164760e-02
1.067323481116579931e-01
1.061412151067322590e-01
2.527093596059112879e-01
1.359992272771176625e-01
1.106321839080457864e-01
4.926108374384199906e-02
8.275862068965515739e-02
4.926108374384200080e-03
5.536007506450830312e-02
3.403493058665431337e-02
4.159824849479971942e-02
4.105090311986850371e-02
1.284437146506111072e-01
1.299350324837545562e-02
5.812807881773356111e-02
2.906403940886678056e-02
8.222811671087522367e-02
9.599595806492329519e-02
3.284072249589450182e-02
1.505199781061845321e-01
7.971339005821748147e-02
7.389162561576349819e-02
1.333333333333331372e-01
6.568144499178948936e-02
5.911330049261079994e-02
7.854406130268187791e-02
1.043865822190942344e-01
1.135194307608097669e-01
2.463054187192110014e-02
3.284072249589489734e-02
1.426332288401251924e-01
1.230662864056692313e-01
7.037297677691743691e-02
1.247947454844003934e-01
9.688013136288985139e-02
7.232422749664110806e-02
5.847076461769113581e-02
1.195700850873264304e-01
1.659482758620687004e-01
1.497536945812806830e-01
4.963054187192097316e-02
2.380952380952380265e-01
1.642036124794744867e-01
1.535851122058016771e-01
1.395730706075530014e-01
3.088669950738917036e-01
1.477832512315269964e-01
1.970443349753690093e-02
1.547619047619045174e-01
2.107279693486587002e-01
3.601731601731600341e-01
2.598700649675130675e-02
1.029556650246305632e-01
1.113456877003674295e-01
1.247947454844004211e-01
1.731527093596056943e-01
3.310344827586206295e-01
8.210180623973700742e-02
8.508732646663655363e-02
5.049261083743839668e-02
1.559934318555004917e-01
1.718494271685760966e-01
3.126022913256955027e-01
2.536824877250408727e-01
2.618657937806874170e-01
2.295081967213110155e-02
2.032786885245899955e-01
1.165195460277425737e-01
2.054644808743167350e-01
2.285860655737702862e-01
7.540983606557369323e-02
4.278688524590161246e-01
1.967213114754096104e-01
2.108968177434908109e-01
4.707103825136608743e-01
4.262295081967210075e-02
1.901639344262291975e-01
1.027322404371581871e-01
2.520491803278687160e-01
1.891207153502234006e-01
8.852459016393439406e-02
8.210180623973700048e-03
3.396029258098213349e-02
2.189381499726266583e-02
1.642036124794699764e-02
6.568144499178960038e-02
4.597701149425255374e-02
8.508732646663655363e-02
2.598700649675130675e-02
5.759757483895374536e-02
6.781609195402288348e-02
5.726600985221635270e-02
4.844006568144483549e-02
3.393541324575782142e-02
1.564412598895355833e-01
4.926108374384199906e-02
6.568144499178948936e-02
5.866547245857547943e-02
1.140042223786063708e-01
1.310344827586205074e-01
1.149425287356319880e-01
8.210180623973700742e-02
1.477832512315269999e-02
1.891990512680164216e-01
9.359605911330021177e-02
6.677613574165253141e-02
4.406627854903715780e-01
8.423645320197041542e-02
5.619412515964232469e-02
6.496751624187727808e-03
5.615763546797990224e-02
1.778325123152706133e-01
1.076830006049605132e-01
8.210180623973498820e-03
8.757525998905266174e-02
4.799797903246164760e-02
1.067323481116579931e-01
1.061412151067322590e-01
2.527093596059112879e-01
1.359992272771176625e-01
1.106321839080457864e-01
4.926108374384199906e-02
8.275862068965515739e-02
4.926108374384200080e-03
5.536007506450830312e-02
3.403493058665431337e-02
4.159824849479971942e-02
4.105090311986850371e-02
1.284437146506111072e-01
1.299350324837545562e-02
5.812807881773356111e-02
2.906403940886678056e-02
8.222811671087522367e-02
9.599595806492329519e-02
3.284072249589450182e-02
1.505199781061845321e-01
7.971339005821748147e-02
7.389162561576349819e-02
1.333333333333331372e-01
6.568144499178948936e-02
5.911330049261079994e-02
7.854406130268187791e-02
1.043865822190942344e-01
1.135194307608097669e-01
2.463054187192110014e-02
2.295081967213110155e-02
2.032786885245899955e-01
1.165195460277425737e-01
2.054644808743167350e-01
2.285860655737702862e-01
7.540983606557369323e-02
4.278688524590161246e-01
1.967213114754096104e-01
2.108968177434908109e-01
4.707103825136608743e-01
4.262295081967210075e-02
1.901639344262291975e-01
1.027322404371581871e-01
2.520491803278687160e-01
1.891207153502234006e-01
8.852459016393439406e-02
4.433497536945810169e-02
1.648291500508247964e-01
1.970443349753689954e-01
8.508732646663665078e-02
1.150570893955014523e-01
1.034482758620688947e-01
3.511904761904759975e-01
2.870405456612352135e-01
1.108374384236452542e-01
4.012539184952974569e-01
4.761904761904760253e-02
2.470443349753694284e-01
1.570881226053637281e-01
1.888341543513957499e-01
2.517312772185333891e-01
7.060755336617399736e-02
3.453947368421050185e-02
1.360645933014352216e-01
1.015111019736840148e-01
2.018540669856455916e-01
1.839810281517746948e-01
1.019736842105262997e-01
3.257546439628480894e-01
2.152035361842103978e-01
2.092665173572226811e-01
3.794856459330140375e-01
7.730263157894730341e-02
1.696675900277007931e-01
1.428678229665071298e-01
3.633373205741626810e-01
2.220394736842103978e-01
6.578947368421049491e-02
3.459637561779239923e-02
1.449004043732213531e-01
1.235584843492584101e-01
1.887075033697767634e-01
1.552260662639572963e-01
8.401976935749580488e-02
4.044810543657329505e-01
2.174629324546950015e-01
2.562528081473713359e-01
2.935749588138382160e-01
5.271828665568360078e-02
2.031142052399424747e-01
1.482701812191102031e-01
3.059543421981643085e-01
1.638904143022758830e-01
6.095551894563420309e-02
2.145214521452139950e-02
1.811514484781811540e-01
2.257425742574255545e-01
1.540654065406540929e-01
2.014701470147014783e-01
1.039603960396039001e-01
2.788778877887787555e-01
2.866703337000364726e-01
1.336633663366335045e-01
2.609323432343234050e-01
5.445544554455439973e-02
2.225365393682225135e-01
2.046204620462044044e-01
2.091367031439984314e-01
3.199819981998200391e-01
5.115511551155110109e-02
3.636363636363629942e-02
2.054309327036598076e-01
1.410909090909088781e-01
1.765289256198345758e-01
1.830202854996239858e-01
1.140495867768595017e-01
2.961432506887050620e-01
3.123966942148757586e-01
2.355371900826445652e-01
3.378512396694210995e-01
7.438016528925620041e-02
2.348847324923878099e-01
1.057851239669421323e-01
3.374655647382917012e-01
1.742468675019993862e-01
7.107438016528920544e-02
8.210180623973545658e-03
3.396029258098160614e-02
2.189381499726197888e-02
1.642036124794682417e-02
6.568144499178962814e-02
4.597701149425197087e-02
8.508732646663677568e-02
2.598700649675134144e-02
5.759757483895248942e-02
6.781609195402246715e-02
5.726600985221668577e-02
4.844006568144392649e-02
3.393541324575768264e-02
1.564412598895356110e-01
4.926108374384151334e-02
6.568144499178879547e-02
5.866547245857545861e-02
1.140042223786058989e-01
1.310344827586197858e-01
1.149425287356315023e-01
8.210180623973604985e-02
1.477832512315248661e-02
1.891990512680163938e-01
9.359605911330055872e-02
6.677613574165221222e-02
4.406627854903713004e-01
8.423645320196895825e-02
5.619412515964163773e-02
6.496751624187582959e-03
5.615763546797975653e-02
1.778325123152700860e-01
1.076830006049606520e-01
8.210180623973242081e-03
8.757525998905264786e-02
4.799797903246075942e-02
1.067323481116583400e-01
1.061412151067318288e-01
2.527093596059112879e-01
1.359992272771170796e-01
1.106321839080458697e-01
4.926108374384227662e-02
8.275862068965368634e-02
4.926108374384201814e-03
5.536007506450727617e-02
3.403493058665365417e-02
4.159824849480019127e-02
4.105090311986765717e-02
1.284437146506104133e-01
1.299350324837531510e-02
5.812807881773265906e-02
2.906403940886566339e-02
8.222811671087457142e-02
9.599595806492336458e-02
3.284072249589414794e-02
1.505199781061841158e-01
7.971339005821755086e-02
7.389162561576301247e-02
1.333333333333325821e-01
6.568144499178825424e-02
5.911330049260989095e-02
7.854406130268123953e-02
1.043865822190935266e-01
1.135194307608100583e-01
2.463054187192109667e-02
