3.417085427135670150e-02
7.898583828232040582e-02
9.380234505862600214e-02
1.105527638190949985e-01
5.226130653266319870e-02
6.097152428810709290e-02
1.249885792599356865e-01
3.181123006336018799e-02
5.287978353304950002e-02
7.708542713567821669e-02
8.762562814070348760e-02
8.894472361809038774e-02
4.846454494695676130e-02
1.196893558702603194e-01
1.005025125628140059e-01
1.155778894472360152e-01
8.976701690269524303e-02
6.977745872218182877e-02
1.432160804020100042e-01
8.542713567839149702e-02
7.035175879396950160e-02
1.005025125628140024e-02
1.430485762144050599e-01
4.010050251256234294e-02
8.855388051367936442e-02
1.048880767473727299e-01
1.374874371859292621e-01
7.861529871580100193e-02
1.192921127376002019e-02
2.864321608040200015e-02
1.031155778894470854e-01
2.824649563607490796e-02
1.105527638190949985e-01
1.072026800670013436e-01
5.875531503672205835e-02
8.542713567839149702e-02
7.714572864321579682e-02
7.447236180904508174e-02
8.844221105527592941e-02
5.320351758793946673e-02
8.040201005025100767e-02
1.069346733668337934e-01
2.311557788944720165e-02
8.047379755922440259e-02
8.332571950662379101e-02
8.274706867671675903e-02
9.045226130653249985e-02
7.370184254606361451e-02
7.157526764256051666e-02
6.522613065326605952e-02
1.778894472361796167e-02
1.437959025898723764e-01
1.351372245844606190e-01
8.542713567839149702e-02
3.070910106085984054e-02
2.439470077661015299e-02
1.356783919597985000e-01
5.440536013400308624e-02
7.537688442211049056e-02
4.824120603015039782e-02
1.304857621440531079e-01
5.537209858817888908e-02
4.904522613065290249e-02
2.010050251256280049e-02
5.427135678391949852e-02
1.413430790315209351e-01
9.415498545358366722e-02
1.938262742282841622e-01
1.005025125628140059e-01
1.355348169418521265e-01
1.041571493832799816e-01
9.145728643216069487e-02
6.098675194152578666e-02
1.160804020100498768e-01
1.260301507537683330e-01
7.944723618090433759e-02
1.859296482412060025e-01
1.859296482412060025e-01
1.103517587939694400e-01
1.507537688442209811e-01
2.463316582914570896e-01
1.457286432160800060e-01
3.316582914572859669e-02
1.639447236180903711e-01
1.105527638190953038e-01
1.314207400639559320e-01
2.385842254752004038e-02
8.592964824120599698e-02
1.490787269681741745e-01
1.845896147403680854e-01
9.452261306532649954e-02
1.801005025125628767e-01
1.658291457286429904e-01
1.406121516674275762e-01
1.270519262981574526e-01
2.512562814070350425e-01
2.768304914744232903e-01
2.226680040120360971e-01
2.647943831494483091e-01
2.357071213640921925e-01
8.935742971887550290e-02
2.329317269076303931e-01
1.546184738955821980e-01
2.691506767811985834e-01
2.099962349397589412e-01
5.321285140562240223e-02
3.027108433734936321e-01
9.638554216867468993e-02
3.109496810772501285e-01
2.369477911646583335e-01
7.730923694779109900e-02
2.489959839357427929e-01
1.817640934106795336e-01
1.920180722891565439e-01
1.675794085432639469e-01
6.425702811244979329e-02
3.417085427135670150e-02
7.898583828232040582e-02
9.380234505862600214e-02
1.105527638190949985e-01
5.226130653266319870e-02
6.097152428810709290e-02
1.249885792599356865e-01
3.181123006336018799e-02
5.287978353304950002e-02
7.708542713567821669e-02
8.762562814070348760e-02
8.894472361809038774e-02
4.846454494695676130e-02
1.196893558702603194e-01
1.005025125628140059e-01
1.155778894472360152e-01
8.976701690269524303e-02
6.977745872218182877e-02
1.432160804020100042e-01
8.542713567839149702e-02
7.035175879396950160e-02
1.005025125628140024e-02
1.430485762144050599e-01
4.010050251256234294e-02
8.855388051367936442e-02
1.048880767473727299e-01
1.374874371859292621e-01
7.861529871580100193e-02
1.192921127376002019e-02
2.864321608040200015e-02
1.031155778894470854e-01
2.824649563607490796e-02
1.105527638190949985e-01
1.072026800670013436e-01
5.875531503672205835e-02
8.542713567839149702e-02
7.714572864321579682e-02
7.447236180904508174e-02
8.844221105527592941e-02
5.320351758793946673e-02
8.040201005025100767e-02
1.069346733668337934e-01
2.311557788944720165e-02
8.047379755922440259e-02
8.332571950662379101e-02
8.274706867671675903e-02
9.045226130653249985e-02
7.370184254606361451e-02
7.157526764256051666e-02
6.522613065326605952e-02
1.778894472361796167e-02
1.437959025898723764e-01
1.351372245844606190e-01
8.542713567839149702e-02
3.070910106085984054e-02
2.439470077661015299e-02
1.356783919597985000e-01
5.440536013400308624e-02
7.537688442211049056e-02
4.824120603015039782e-02
1.304857621440531079e-01
5.537209858817888908e-02
4.904522613065290249e-02
2.010050251256280049e-02
8.935742971887550290e-02
2.329317269076303931e-01
1.546184738955821980e-01
2.691506767811985834e-01
2.099962349397589412e-01
5.321285140562240223e-02
3.027108433734936321e-01
9.638554216867468993e-02
3.109496810772501285e-01
2.369477911646583335e-01
7.730923694779109900e-02
2.489959839357427929e-01
1.817640934106795336e-01
1.920180722891565439e-01
1.675794085432639469e-01
6.425702811244979329e-02
7.035175879396980692e-02
1.928691074419716378e-01
3.668341708542710022e-01
1.863864778437641367e-01
1.377819329204159338e-01
4.120603015075369885e-02
3.206030150753766961e-01
1.795902589872436783e-01
1.834170854271355011e-01
3.121059844677931405e-01
6.834170854271350015e-02
1.838190954773868679e-01
2.987437185929647243e-01
1.381909547738692512e-01
1.254096569805548678e-01
5.829145728643209817e-02
7.142857142857139685e-02
1.991494421071884902e-01
2.061431086519114608e-01
2.263581488933599506e-01
1.611997566796125325e-01
5.231388329979869828e-02
3.015741507870750016e-01
1.465354627766598250e-01
4.578535040027397196e-01
2.123650996890429354e-01
6.941649899396369616e-02
1.719792438843587012e-01
2.413572343149807398e-01
2.469361624291199209e-01
1.690140845070420006e-01
6.136820925553319872e-02
6.847935548841889430e-02
2.007690195001372579e-01
2.205438066465255087e-01
2.760230705850041377e-01
2.401812688821750863e-01
4.330312185297079813e-02
2.073716012084591276e-01
1.329305135951660832e-01
3.943055937013637546e-01
2.073716012084591276e-01
6.948640483383680677e-02
1.748367605496539134e-01
2.088532772888478661e-01
1.697597467990217268e-01
2.033120734027077381e-01
5.337361530714999913e-02
6.250000000000000000e-02
2.038530465949819348e-01
3.830645161290323064e-01
2.461510263929616027e-01
2.895894428152490097e-01
4.435483870967740078e-02
2.184139784946236840e-01
1.519937275985660252e-01
2.026209677419353039e-01
1.905871975806449070e-01
6.552419354838709409e-02
2.152457757296465657e-01
2.661290322580643908e-01
1.544991511035651299e-01
2.642503665689148185e-01
4.334677419354830002e-02
8.577194752774970621e-02
2.382874441401179322e-01
3.132189707366296871e-01
1.903935418768919197e-01
2.434180350426566608e-01
5.045408678102920180e-02
2.438614194416412750e-01
1.985007928499349927e-01
3.594853683148331869e-01
2.946518668012108599e-01
6.659939455095860439e-02
2.469594774018797900e-01
1.453077699293642555e-01
2.270433905146316822e-01
1.434849126005011966e-01
6.760847628657920549e-02
3.417085427135661824e-02
7.898583828231979520e-02
9.380234505862498906e-02
1.105527638190946793e-01
5.226130653266320564e-02
6.097152428810679453e-02
1.249885792599349371e-01
3.181123006335941777e-02
5.287978353304851470e-02
7.708542713567703708e-02
8.762562814070297412e-02
8.894472361808951344e-02
4.846454494695637272e-02
1.196893558702594590e-01
1.005025125628138810e-01
1.155778894472353768e-01
8.976701690269479894e-02
6.977745872218168999e-02
1.432160804020099210e-01
8.542713567839135824e-02
7.035175879396955712e-02
1.005025125628134300e-02
1.430485762144040607e-01
4.010050251256158660e-02
8.855388051367797664e-02
1.048880767473716613e-01
1.374874371859287348e-01
7.861529871579996109e-02
1.192921127375990743e-02
2.864321608040073380e-02
1.031155778894473213e-01
2.824649563607503633e-02
1.105527638190950263e-01
1.072026800670013713e-01
5.875531503672175998e-02
8.542713567839164968e-02
7.714572864321550538e-02
7.447236180904510949e-02
8.844221105527536042e-02
5.320351758793953612e-02
8.040201005025070236e-02
1.069346733668338906e-01
2.311557788944706288e-02
8.047379755922404176e-02
8.332571950662269467e-02
8.274706867671652311e-02
9.045226130653205576e-02
7.370184254606329532e-02
7.157526764255994767e-02
6.522613065326632320e-02
1.778894472361651491e-02
1.437959025898709609e-01
1.351372245844596753e-01
8.542713567839103905e-02
3.070910106085851521e-02
2.439470077661027789e-02
1.356783919597985832e-01
5.440536013400245480e-02
7.537688442210890849e-02
4.824120603015074477e-02
1.304857621440531912e-01
5.537209858817795233e-02
4.904522613065330494e-02
2.010050251256279702e-02
