4.032258064516100297e-03
0.000000000000000000e+00
5.376344086021467295e-02
0.000000000000000000e+00
4.838709677419320010e-02
1.317204301075269313e-01
1.462609970674487170e-01
0.000000000000000000e+00
0.000000000000000000e+00
9.516129032258054121e-02
4.687499999999968775e-02
4.758064516128998611e-02
4.166666666666636598e-02
7.203079178885579692e-02
6.048387096774150012e-02
4.032258064516100471e-02
4.802052785923719563e-02
3.266129032258064391e-01
6.895161290322533720e-02
1.612903225806449903e-01
2.016129032258059950e-01
2.016129032258059950e-02
1.913082437275986647e-01
9.193548387096767138e-02
0.000000000000000000e+00
4.208211143695015366e-01
2.068548387096771357e-01
1.182795698924727912e-01
1.595371669004196774e-02
9.193548387096767138e-02
6.895161290322533720e-02
3.777589134125610565e-02
0.000000000000000000e+00
0.000000000000000000e+00
0.000000000000000000e+00
2.016129032258050235e-02
1.303225806451611679e-01
2.068548387096771357e-01
1.878557874762805946e-01
5.821572580645119344e-02
2.016129032258050235e-02
2.032258064516126450e-01
1.209677419354830002e-02
1.019585253456218310e-01
6.268328445747757549e-02
1.787634408602150893e-01
8.064516129032249514e-02
7.885304659498201807e-02
0.000000000000000000e+00
7.137096774193497917e-02
7.137096774193497917e-02
5.769230769230729999e-02
1.414392059553346015e-01
1.008064516129029975e-01
1.724910394265233016e-01
4.893695014662723108e-02
0.000000000000000000e+00
3.118279569892451128e-02
1.008064516129029975e-01
6.451612903225799334e-02
2.755376344086002405e-02
1.025345622119813033e-01
1.639784946236547483e-02
8.064516129032200595e-03
1.209677419354830002e-02
6.671554252199407564e-02
7.555178268251266926e-02
3.456221198156658042e-02
1.129032258064515959e-01
2.209101382488476706e-01
1.358137829912021699e-01
3.190743338008393548e-02
4.893695014662723108e-02
1.358366935483870663e-01
1.379032258064512295e-01
4.687499999999989592e-02
8.064516129032249514e-02
2.217741935483870108e-01
4.919354838709641409e-02
3.629032258064515126e-01
1.379032258064512295e-01
3.024193548387095198e-01
3.225806451612899667e-02
2.338709677419352762e-01
1.724910394265233016e-01
3.912023460410555820e-01
6.381486676016824566e-02
9.193548387096767138e-02
1.025345622119813033e-01
1.787634408602150893e-01
1.149193548387094227e-01
4.064516129032258451e-01
1.209677419354834998e-01
1.253665689149556783e-01
1.377688172043001029e-02
1.209677419354834998e-01
1.559999999999999998e-01
3.719999999999999973e-01
2.720000000000000195e-01
2.000000000000000111e-01
1.204819277108429981e-02
2.730923694779116007e-01
9.514983008958913246e-02
1.538003867321134921e-01
3.286897590361445021e-01
1.044176706827309037e-01
5.421686746987948169e-01
1.204819277108433173e-01
1.913536498936918573e-02
4.580990629183397944e-01
7.630522088353410004e-02
2.891566265060239727e-01
1.118548267142644437e-01
3.162650602409636802e-01
1.084337349397589551e-01
4.016064257028110346e-02
4.032258064516100297e-03
0.000000000000000000e+00
5.376344086021467295e-02
0.000000000000000000e+00
4.838709677419320010e-02
1.317204301075269313e-01
1.462609970674487170e-01
0.000000000000000000e+00
0.000000000000000000e+00
9.516129032258054121e-02
4.687499999999968775e-02
4.758064516128998611e-02
4.166666666666636598e-02
7.203079178885579692e-02
6.048387096774150012e-02
4.032258064516100471e-02
4.802052785923719563e-02
3.266129032258064391e-01
6.895161290322533720e-02
1.612903225806449903e-01
2.016129032258059950e-01
2.016129032258059950e-02
1.913082437275986647e-01
9.193548387096767138e-02
0.000000000000000000e+00
4.208211143695015366e-01
2.068548387096771357e-01
1.182795698924727912e-01
1.595371669004196774e-02
9.193548387096767138e-02
6.895161290322533720e-02
3.777589134125610565e-02
0.000000000000000000e+00
0.000000000000000000e+00
0.000000000000000000e+00
2.016129032258050235e-02
1.303225806451611679e-01
2.068548387096771357e-01
1.878557874762805946e-01
5.821572580645119344e-02
2.016129032258050235e-02
2.032258064516126450e-01
1.209677419354830002e-02
1.019585253456218310e-01
6.268328445747757549e-02
1.787634408602150893e-01
8.064516129032249514e-02
7.885304659498201807e-02
0.000000000000000000e+00
7.137096774193497917e-02
7.137096774193497917e-02
5.769230769230729999e-02
1.414392059553346015e-01
1.008064516129029975e-01
1.724910394265233016e-01
4.893695014662723108e-02
0.000000000000000000e+00
3.118279569892451128e-02
1.008064516129029975e-01
6.451612903225799334e-02
2.755376344086002405e-02
1.025345622119813033e-01
1.639784946236547483e-02
8.064516129032200595e-03
1.204819277108429981e-02
2.730923694779116007e-01
9.514983008958913246e-02
1.538003867321134921e-01
3.286897590361445021e-01
1.044176706827309037e-01
5.421686746987948169e-01
1.204819277108433173e-01
1.913536498936918573e-02
4.580990629183397944e-01
7.630522088353410004e-02
2.891566265060239727e-01
1.118548267142644437e-01
3.162650602409636802e-01
1.084337349397589551e-01
4.016064257028110346e-02
2.822580645161289897e-02
1.666666666666666574e-01
2.822580645161290036e-01
4.398826979472136856e-02
1.596961740435106636e-01
1.491935483870966972e-01
3.215725806451612545e-01
3.132754342431759431e-01
1.209677419354837496e-01
5.131964809384164106e-01
6.451612903225799334e-02
1.665322580645161032e-01
9.643817204301075030e-02
1.612903225806449903e-01
2.300140252454415390e-01
4.435483870967740078e-02
2.834008097165989851e-02
2.153110047846889807e-01
7.995951417004040773e-02
9.937430990062569303e-02
1.468788249694002457e-01
1.336032388663966897e-01
6.284829721362223953e-01
1.799089068825910909e-01
1.783099319493494095e-01
4.173721015826276082e-01
8.502024291497969899e-02
1.789899850841677187e-01
1.842105263157891581e-01
3.146853146853146321e-01
1.214574898785422963e-01
4.048582995951410107e-02
3.252032520325200127e-02
2.026053215077603942e-01
7.317073170731699938e-02
1.164079822616407023e-01
1.795392953929537683e-01
1.422764227642276114e-01
4.346341463414634121e-01
1.829268292682924846e-01
2.398373983739834625e-01
3.219512195121947973e-01
6.504065040650400253e-02
1.943351691581430007e-01
7.953340402969240330e-02
2.206736353077814183e-01
2.259861487503762034e-01
2.845528455284549937e-02
3.673469387755100291e-02
1.650793650793649647e-01
2.688435374149660273e-01
2.931354359925771383e-02
2.491651205936920299e-01
1.387755102040816035e-01
3.006802721088435715e-01
3.077097505668932031e-01
9.795918367346939659e-02
2.806122448979588846e-01
8.571428571428570120e-02
1.949465500485908498e-01
8.163265306122440002e-02
2.646616541353382090e-01
2.491651205936920299e-01
2.448979591836730058e-02
2.049180327868849877e-02
2.207259953161589405e-01
1.272131147540982443e-01
1.750819672131145310e-01
2.593144560357672490e-01
1.352459016393441904e-01
3.927595628415300744e-01
2.845433255269318451e-01
1.557377049180326545e-01
6.183060109289615358e-01
7.377049180327860389e-02
1.455996548748920150e-01
1.092896174863386555e-01
2.219945355191254299e-01
1.808566895822314446e-01
3.688524590163930195e-02
4.032258064515873049e-03
0.000000000000000000e+00
5.376344086021447172e-02
0.000000000000000000e+00
4.838709677419274213e-02
1.317204301075259321e-01
1.462609970674478566e-01
0.000000000000000000e+00
0.000000000000000000e+00
9.516129032257941711e-02
4.687499999999873712e-02
4.758064516128915344e-02
4.166666666666666435e-02
7.203079178885500589e-02
6.048387096774184013e-02
4.032258064516030388e-02
4.802052785923675848e-02
3.266129032258057729e-01
6.895161290322454617e-02
1.612903225806442131e-01
2.016129032258058562e-01
2.016129032258059603e-02
1.913082437275974435e-01
9.193548387096779628e-02
0.000000000000000000e+00
4.208211143695014811e-01
2.068548387096765528e-01
1.182795698924719585e-01
1.595371669004111079e-02
9.193548387096779628e-02
6.895161290322437964e-02
3.777589134125595299e-02
0.000000000000000000e+00
0.000000000000000000e+00
0.000000000000000000e+00
2.016129032258012418e-02
1.303225806451607238e-01
2.068548387096773855e-01
1.878557874762800395e-01
5.821572580645034689e-02
2.016129032258008602e-02
2.032258064516119789e-01
1.209677419354838676e-02
1.019585253456219004e-01
6.268328445747795019e-02
1.787634408602142566e-01
8.064516129032235636e-02
7.885304659498171276e-02
0.000000000000000000e+00
7.137096774193422977e-02
7.137096774193546489e-02
5.769230769230632855e-02
1.414392059553339909e-01
1.008064516129028587e-01
1.724910394265226354e-01
4.893695014662757109e-02
0.000000000000000000e+00
3.118279569892441414e-02
1.008064516129029420e-01
6.451612903225775741e-02
2.755376344085955220e-02
1.025345622119814976e-01
1.639784946236553034e-02
8.064516129032209268e-03
