2.777777777777769991e-02
9.191919191919184495e-02
1.481481481481480011e-01
1.111111111111109939e-01
0.000000000000000000e+00
7.777777777777750146e-02
5.757575757575753017e-02
0.000000000000000000e+00
0.000000000000000000e+00
2.294444444444439235e-01
6.458333333333329818e-02
6.555555555555549196e-02
3.827160493827155840e-02
6.616161616161610193e-02
2.777777777777750215e-02
5.555555555555549696e-02
1.654040404040399426e-01
0.000000000000000000e+00
9.499999999999965417e-02
5.555555555555549696e-02
2.777777777777750215e-02
4.444444444444439757e-02
2.259259259259258357e-01
6.333333333333328319e-02
7.530864197530860726e-02
1.242424242424237935e-01
2.533333333333331328e-01
1.086419753086418916e-01
0.000000000000000000e+00
1.266666666666665664e-01
6.333333333333328319e-02
0.000000000000000000e+00
8.333333333333300952e-02
3.703703703703666722e-02
6.495726495726492078e-02
2.777777777777750215e-02
1.122222222222219318e-01
1.266666666666665664e-01
2.875816993464024723e-02
1.069444444444443282e-01
5.555555555555549696e-02
1.244444444444443576e-01
3.333333333333329818e-02
2.107142857142857706e-01
1.151515151515150603e-01
2.111111111111109717e-01
8.333333333333300952e-02
5.432098765432094578e-02
8.792270531400959988e-02
3.277777777777745455e-02
6.555555555555549196e-02
0.000000000000000000e+00
1.299145299145298416e-01
5.555555555555549696e-02
2.716049382716047011e-01
0.000000000000000000e+00
8.333333333333300952e-02
0.000000000000000000e+00
1.111111111111109939e-01
0.000000000000000000e+00
3.796296296296259448e-02
4.708994708994706374e-02
2.259259259259236569e-02
5.555555555555500256e-03
3.333333333333329818e-02
1.378787878787877674e-01
1.040935672514618909e-01
1.428571428571427382e-01
0.000000000000000000e+00
2.809523809523807314e-01
8.636363636363628138e-02
4.396135265700479994e-02
0.000000000000000000e+00
2.940972222222221766e-01
1.266666666666665664e-01
2.583333333333330886e-02
8.333333333333300952e-02
8.333333333333300952e-02
1.355555555555554015e-01
8.333333333333300952e-02
1.583333333333329374e-01
1.388888888888885065e-01
7.777777777777769574e-02
2.819444444444442199e-01
3.395061728395059042e-01
9.373737373737367484e-02
4.396135265700479994e-02
1.899999999999998634e-01
1.177248677248674408e-01
2.462962962962958191e-01
7.916666666666644092e-02
2.488888888888887152e-01
1.111111111111109939e-01
1.439393939393935895e-01
9.490740740740714887e-02
1.944444444444440034e-01
2.252747252747251960e-01
2.802197802197802234e-01
3.131868131868131844e-01
1.813186813186813129e-01
9.392265193370159804e-02
1.325966850828728116e-01
1.799830004249893534e-01
1.346429302230404412e-01
1.674723756906074945e-01
9.392265193370159804e-02
4.226519337016572120e-01
9.944751381215460873e-02
1.842703932401686950e-01
3.042357274401471523e-01
1.160220994475137934e-01
3.314917127071819736e-01
1.346429302230404412e-01
2.900552486187844559e-01
9.492717227523840562e-02
2.762430939226509855e-02
2.777777777777769991e-02
9.191919191919184495e-02
1.481481481481480011e-01
1.111111111111109939e-01
0.000000000000000000e+00
7.777777777777750146e-02
5.757575757575753017e-02
0.000000000000000000e+00
0.000000000000000000e+00
2.294444444444439235e-01
6.458333333333329818e-02
6.555555555555549196e-02
3.827160493827155840e-02
6.616161616161610193e-02
2.777777777777750215e-02
5.555555555555549696e-02
1.654040404040399426e-01
0.000000000000000000e+00
9.499999999999965417e-02
5.555555555555549696e-02
2.777777777777750215e-02
4.444444444444439757e-02
2.259259259259258357e-01
6.333333333333328319e-02
7.530864197530860726e-02
1.242424242424237935e-01
2.533333333333331328e-01
1.086419753086418916e-01
0.000000000000000000e+00
1.266666666666665664e-01
6.333333333333328319e-02
0.000000000000000000e+00
8.333333333333300952e-02
3.703703703703666722e-02
6.495726495726492078e-02
2.777777777777750215e-02
1.122222222222219318e-01
1.266666666666665664e-01
2.875816993464024723e-02
1.069444444444443282e-01
5.555555555555549696e-02
1.244444444444443576e-01
3.333333333333329818e-02
2.107142857142857706e-01
1.151515151515150603e-01
2.111111111111109717e-01
8.333333333333300952e-02
5.432098765432094578e-02
8.792270531400959988e-02
3.277777777777745455e-02
6.555555555555549196e-02
0.000000000000000000e+00
1.299145299145298416e-01
5.555555555555549696e-02
2.716049382716047011e-01
0.000000000000000000e+00
8.333333333333300952e-02
0.000000000000000000e+00
1.111111111111109939e-01
0.000000000000000000e+00
3.796296296296259448e-02
4.708994708994706374e-02
2.259259259259236569e-02
5.555555555555500256e-03
9.392265193370159804e-02
1.325966850828728116e-01
1.799830004249893534e-01
1.346429302230404412e-01
1.674723756906074945e-01
9.392265193370159804e-02
4.226519337016572120e-01
9.944751381215460873e-02
1.842703932401686950e-01
3.042357274401471523e-01
1.160220994475137934e-01
3.314917127071819736e-01
1.346429302230404412e-01
2.900552486187844559e-01
9.492717227523840562e-02
2.762430939226509855e-02
3.888888888888879930e-02
2.624338624338621861e-01
2.500000000000000000e-01
1.212121212121211183e-01
1.354005167958654832e-01
8.333333333333330095e-02
3.826388888888888062e-01
1.726495726495725080e-01
1.944444444444442532e-01
4.242424242424241432e-01
6.666666666666659635e-02
2.622222222222219679e-01
2.277777777777775514e-01
6.944444444444425324e-02
2.971014492753621949e-01
5.555555555555500256e-03
6.145251396648040293e-02
2.145759268664295116e-01
5.516759776536313276e-02
2.513966480446925833e-01
2.195660647005325539e-01
8.938547486033519840e-02
4.784751889582649076e-01
6.895949720670378758e-02
1.640318554617853364e-01
4.662265109192481605e-01
1.452513966480447061e-01
1.317259629520729225e-01
2.541899441340780830e-01
1.142712036566783385e-01
1.340782122905027907e-01
5.027932960893850139e-02
4.494382022471909988e-02
2.305924412665985301e-01
1.516853932584266984e-01
1.838610827374872747e-01
1.819600499375778890e-01
7.303370786516849567e-02
2.892134831460672628e-01
2.022471910112357829e-01
3.314606741573030146e-01
4.004494382022469323e-01
1.123595505617976942e-01
1.130844508880028965e-01
2.418172936003906148e-01
9.630818619582656726e-02
1.808156471077817795e-01
2.808988764044939926e-02
5.084745762711859879e-02
1.305712492153168758e-01
5.152542372881359078e-01
8.115048793014868755e-02
2.637390857729840499e-01
9.604519774011299749e-02
2.693032015065913165e-01
1.481481481481479734e-01
2.203389830508473701e-01
2.718926553672316171e-01
9.604519774011299749e-02
1.904761904761904101e-01
1.355932203389828006e-01
1.998215878679749369e-01
1.420133538777604842e-01
4.519774011299430155e-02
5.681818181818180241e-02
1.412337662337658228e-01
2.865909090909089518e-01
2.022727272727271874e-01
2.920971074380163124e-01
9.090909090909089774e-02
3.551136363636362425e-01
8.766233766233758051e-02
3.238636363636360760e-01
5.253787878787876675e-01
7.386363636363629803e-02
2.691387559808609553e-01
9.090909090909066181e-02
2.367424242424241987e-01
1.532258064516129337e-01
3.409090909090899818e-02
2.777777777777751256e-02
9.191919191919109555e-02
1.481481481481479456e-01
1.111111111111102306e-01
0.000000000000000000e+00
7.777777777777702961e-02
5.757575757575691261e-02
0.000000000000000000e+00
0.000000000000000000e+00
2.294444444444436182e-01
6.458333333333315940e-02
6.555555555555409031e-02
3.827160493827132942e-02
6.616161616161587988e-02
2.777777777777712398e-02
5.555555555555471287e-02
1.654040404040401369e-01
0.000000000000000000e+00
9.499999999999900191e-02
5.555555555555526798e-02
2.777777777777665560e-02
4.444444444444427267e-02
2.259259259259259467e-01
6.333333333333324155e-02
7.530864197530783011e-02
1.242424242424243624e-01
2.533333333333334658e-01
1.086419753086412393e-01
0.000000000000000000e+00
1.266666666666664831e-01
6.333333333333214521e-02
0.000000000000000000e+00
8.333333333333284298e-02
3.703703703703660477e-02
6.495726495726483751e-02
2.777777777777712398e-02
1.122222222222221122e-01
1.266666666666655949e-01
2.875816993464053867e-02
1.069444444444437314e-01
5.555555555555536512e-02
1.244444444444444686e-01
3.333333333333333287e-02
2.107142857142858261e-01
1.151515151515140334e-01
2.111111111111106942e-01
8.333333333333219073e-02
5.432098765432067516e-02
8.792270531400900313e-02
3.277777777777765578e-02
6.555555555555409031e-02
0.000000000000000000e+00
1.299145299145294252e-01
5.555555555555541369e-02
2.716049382716051452e-01
0.000000000000000000e+00
8.333333333333284298e-02
0.000000000000000000e+00
1.111111111111096061e-01
0.000000000000000000e+00
3.796296296296240019e-02
4.708994708994650169e-02
2.259259259259248365e-02
5.555555555555554900e-03
