1.829268292682920127e-02
1.261086474501105781e-01
0.000000000000000000e+00
3.048780487804849879e-02
0.000000000000000000e+00
2.276422764227641060e-01
9.478935698447861491e-02
2.412513255567316772e-02
3.564727954971826096e-02
7.195121951219506096e-02
3.544207317073139879e-02
3.597560975609723211e-02
2.100271002710007648e-02
7.261640798226157156e-02
1.219512195121950082e-01
1.219512195121950082e-01
7.261640798226157156e-02
0.000000000000000000e+00
6.951219512195117023e-02
6.097560975609750411e-02
1.524390243902435105e-01
2.439024390243900095e-02
1.239837398373979938e-01
1.042682926829264778e-01
2.066395663956635542e-01
4.545454545454504641e-02
1.042682926829264778e-01
2.981029810298076177e-02
7.237539766701990562e-02
3.475609756097530062e-02
1.390243902439023405e-01
8.568677792041048957e-02
9.146341463414600637e-02
8.130081300813001011e-02
7.129455909943710479e-02
1.829268292682925123e-01
0.000000000000000000e+00
1.042682926829264778e-01
3.156384505021492953e-02
1.467225609756093729e-01
9.146341463414600637e-02
1.024390243902435632e-01
2.439024390243900095e-02
1.027874564459929640e-01
9.478935698447861491e-02
0.000000000000000000e+00
1.524390243902435105e-01
2.981029810298076177e-02
2.412513255567316772e-02
1.798780487804873540e-01
3.597560975609723211e-02
8.724202626641645864e-02
7.129455909943710479e-02
0.000000000000000000e+00
1.117886178861784707e-01
4.933481152993345054e-02
1.219512195121950082e-01
7.073170731707291436e-02
1.524390243902435105e-01
7.317073170731680509e-02
8.333333333333327320e-02
1.033681765389081880e-01
4.959349593495929881e-02
6.097560975609699931e-03
2.439024390243900095e-02
1.513303769401329324e-01
8.568677792041048957e-02
1.306620209059230209e-01
7.317073170731680509e-02
3.083623693379788366e-01
6.319290465631924314e-02
4.825026511134673096e-02
7.400221729489997458e-02
2.054115853658532165e-01
1.390243902439023405e-01
4.253048780487789921e-02
2.439024390243900164e-01
1.829268292682925123e-01
9.918699186991859762e-02
1.524390243902435105e-01
2.085365853658535107e-01
3.048780487804874650e-01
4.878048780487800190e-02
1.326219512195120909e-01
2.981029810298100879e-01
5.144124168514409290e-02
9.650053022269346192e-02
1.042682926829264778e-01
1.808943089430891105e-01
7.723577235772352556e-02
5.213414634146322502e-02
2.048780487804876815e-01
9.146341463414600637e-02
2.527716186252769726e-01
6.249999999999977796e-02
1.829268292682925123e-01
2.289156626506023973e-01
2.590361445783131988e-01
2.710843373493975750e-01
2.409638554216866901e-01
5.454545454545450117e-02
2.909090909090907839e-01
8.974358974358975782e-02
2.320987654320984805e-01
1.285984848484847953e-01
9.090909090909089774e-02
2.727272727272727071e-01
1.999999999999997891e-01
3.754010695187162128e-01
2.145454545454543727e-01
8.484848484848479810e-02
2.181818181818180047e-01
1.898989898989897063e-01
1.590909090909090329e-01
2.231404958677685735e-01
5.454545454545450117e-02
1.829268292682920127e-02
1.261086474501105781e-01
0.000000000000000000e+00
3.048780487804849879e-02
0.000000000000000000e+00
2.276422764227641060e-01
9.478935698447861491e-02
2.412513255567316772e-02
3.564727954971826096e-02
7.195121951219506096e-02
3.544207317073139879e-02
3.597560975609723211e-02
2.100271002710007648e-02
7.261640798226157156e-02
1.219512195121950082e-01
1.219512195121950082e-01
7.261640798226157156e-02
0.000000000000000000e+00
6.951219512195117023e-02
6.097560975609750411e-02
1.524390243902435105e-01
2.439024390243900095e-02
1.239837398373979938e-01
1.042682926829264778e-01
2.066395663956635542e-01
4.545454545454504641e-02
1.042682926829264778e-01
2.981029810298076177e-02
7.237539766701990562e-02
3.475609756097530062e-02
1.390243902439023405e-01
8.568677792041048957e-02
9.146341463414600637e-02
8.130081300813001011e-02
7.129455909943710479e-02
1.829268292682925123e-01
0.000000000000000000e+00
1.042682926829264778e-01
3.156384505021492953e-02
1.467225609756093729e-01
9.146341463414600637e-02
1.024390243902435632e-01
2.439024390243900095e-02
1.027874564459929640e-01
9.478935698447861491e-02
0.000000000000000000e+00
1.524390243902435105e-01
2.981029810298076177e-02
2.412513255567316772e-02
1.798780487804873540e-01
3.597560975609723211e-02
8.724202626641645864e-02
7.129455909943710479e-02
0.000000000000000000e+00
1.117886178861784707e-01
4.933481152993345054e-02
1.219512195121950082e-01
7.073170731707291436e-02
1.524390243902435105e-01
7.317073170731680509e-02
8.333333333333327320e-02
1.033681765389081880e-01
4.959349593495929881e-02
6.097560975609699931e-03
5.454545454545450117e-02
2.909090909090907839e-01
8.974358974358975782e-02
2.320987654320984805e-01
1.285984848484847953e-01
9.090909090909089774e-02
2.727272727272727071e-01
1.999999999999997891e-01
3.754010695187162128e-01
2.145454545454543727e-01
8.484848484848479810e-02
2.181818181818180047e-01
1.898989898989897063e-01
1.590909090909090329e-01
2.231404958677685735e-01
5.454545454545450117e-02
3.048780487804870001e-02
3.060394889663180518e-01
2.439024390243900164e-01
1.164079822616405774e-01
2.786443562110038630e-01
3.658536585365849969e-02
2.652439024390241817e-01
2.131801125703564892e-01
1.371951219512194953e-01
2.483370288248334945e-01
7.317073170731699938e-02
2.878048780487805214e-01
1.875000000000000000e-01
1.829268292682925123e-01
2.391304347826085919e-01
4.878048780487800190e-02
5.521472392638029913e-02
2.175125488008923802e-01
1.363113496932513713e-01
1.756832124930284011e-01
2.040233984876587137e-01
5.521472392638029913e-02
3.612414290869721545e-01
1.514570552147238292e-01
3.602662837749641689e-01
2.409369771332956767e-01
6.748466257668710166e-02
2.531482079431706667e-01
1.522587841606244941e-01
3.513664249860568023e-01
2.208588957055214741e-01
4.907975460122689787e-02
6.790123456790120304e-02
1.809764309764307355e-01
2.037037037037036091e-01
1.262626262626258822e-01
2.181069958847735024e-01
3.703703703703700029e-02
3.422222222222220944e-01
1.481481481481480844e-01
1.324354657687987769e-01
4.155555555555552893e-01
6.790123456790120304e-02
2.019115890083631459e-01
2.657004830917873983e-01
1.763668430335094406e-01
1.083676268861453185e-01
8.024691358024689525e-02
5.590062111801240297e-02
1.256038647342994918e-01
4.091097308488613193e-01
1.784302653867871069e-01
2.007340485601354918e-01
6.832298136645960362e-02
2.153209109730848947e-01
2.239475500345064762e-01
1.677018633540371950e-01
3.202639751552793790e-01
6.832298136645960362e-02
1.745045844424726045e-01
2.732919254658384145e-01
1.830663615560640112e-01
2.007340485601354918e-01
6.211180124223600330e-02
4.374999999999999722e-02
1.294642857142856984e-01
3.395000000000000795e-01
2.224999999999999756e-01
1.977272727272727515e-01
7.499999999999999722e-02
2.083333333333333703e-01
2.651785714285715412e-01
3.562500000000001221e-01
3.650000000000000466e-01
5.625000000000000139e-02
2.960526315789474006e-01
1.833333333333333481e-01
3.385416666666666852e-01
1.532258064516129337e-01
3.749999999999999861e-02
1.829268292682910066e-02
1.261086474501105503e-01
0.000000000000000000e+00
3.048780487804799225e-02
0.000000000000000000e+00
2.276422764227637174e-01
9.478935698447821245e-02
2.412513255567300119e-02
3.564727954971848300e-02
7.195121951219402012e-02
3.544207317073129471e-02
3.597560975609624678e-02
2.100271002709974341e-02
7.261640798226051685e-02
1.219512195121949388e-01
1.219512195121946474e-01
7.261640798226118299e-02
0.000000000000000000e+00
6.951219512195019878e-02
6.097560975609656736e-02
1.524390243902436770e-01
2.439024390243880319e-02
1.239837398373967586e-01
1.042682926829262141e-01
2.066395663956638595e-01
4.545454545454418599e-02
1.042682926829268941e-01
2.981029810298025870e-02
7.237539766702000277e-02
3.475609756097541164e-02
1.390243902439022294e-01
8.568677792041035080e-02
9.146341463414613127e-02
8.130081300812878886e-02
7.129455909943636926e-02
1.829268292682916797e-01
0.000000000000000000e+00
1.042682926829254786e-01
3.156384505021522097e-02
1.467225609756087068e-01
9.146341463414520145e-02
1.024390243902439379e-01
2.439024390243879278e-02
1.027874564459919371e-01
9.478935698447847613e-02
0.000000000000000000e+00
1.524390243902426223e-01
2.981029810298031074e-02
2.412513255567276527e-02
1.798780487804866324e-01
3.597560975609624678e-02
8.724202626641532066e-02
7.129455909943609171e-02
0.000000000000000000e+00
1.117886178861778324e-01
4.933481152993327706e-02
1.219512195121949388e-01
7.073170731707242864e-02
1.524390243902426223e-01
7.317073170731644427e-02
8.333333333333217685e-02
1.033681765389077301e-01
4.959349593495936820e-02
6.097560975609737227e-03
