2.201090715809550166e-02
6.830642508262425860e-02
1.014021061931006662e-01
7.856357533438650120e-02
4.368688155758280317e-02
7.128728250607369032e-02
7.957168322245028458e-02
4.136831111897595892e-02
7.138436446509037470e-02
9.987913296102346461e-02
6.568322642182566895e-02
6.366489249386511617e-02
4.240944478018612157e-02
1.062220048174711551e-01
8.777422619611000010e-02
8.406084126371549115e-02
8.775238275533113474e-02
7.397437244314680749e-02
1.201913485412220428e-01
7.783546064176000145e-02
8.278664055161949475e-02
8.671845989180200498e-03
1.321592888422894740e-01
5.677547127223474960e-02
1.100998407046850230e-01
1.781934944937978993e-01
1.165391252430082042e-01
8.575249439958423925e-02
2.177886017127136919e-02
4.930501452588799405e-02
1.357963026335906875e-01
5.859483827997826605e-02
9.829548350456150663e-02
7.975282933234266458e-02
5.256988080762469567e-02
9.825907776992999498e-02
8.471760071646480816e-02
1.065785162478793957e-01
1.413022202786791137e-01
8.735601531953304799e-02
6.225380621955550753e-02
1.275016200551906953e-01
1.138771379267660040e-02
7.750988935777156086e-02
6.097100051563739131e-02
7.548850428252742994e-02
8.446130434465999592e-02
9.329899868049398859e-02
5.156634881822219629e-02
6.340713989267586503e-02
3.505435376180408152e-02
9.719659040692021912e-02
9.198664973706646708e-02
6.021508508020149975e-02
9.766849585257723898e-02
4.821873359673402304e-02
9.680284838467749509e-02
8.319438477949046840e-02
1.093264210978510120e-01
5.175439235188319942e-02
9.378724003271657339e-02
7.319563644331886221e-02
7.079750402283364885e-02
2.219293583125209884e-02
4.420384298934759704e-02
1.472443175612657418e-01
1.298431602630253368e-01
1.393923570840878978e-01
9.544127390946599565e-02
1.418866699882564697e-01
8.523112015150066667e-02
8.406179097853218318e-02
9.761568915062769636e-02
1.688252233491819299e-01
1.211874094407347502e-01
6.021526710887493278e-02
1.874531276166619964e-01
1.656096868378705012e-01
1.307281389631157753e-01
1.483897743572565042e-01
2.559876511748127026e-01
1.921130616494709786e-01
2.005955978185679917e-02
1.447983486358770111e-01
1.969388440289331355e-01
2.159752335096915277e-01
4.528620130851695319e-02
1.005606483133220791e-01
1.565127605567095403e-01
1.512536921482535990e-01
1.210836530970357955e-01
2.322103377724055451e-01
1.224688912997574930e-01
1.166598598974944861e-01
9.142390109289996736e-02
1.754756409229580039e-01
2.372090314031292946e-01
2.474898611505499946e-01
2.700392448104381171e-01
2.452618626358823994e-01
6.944707372835690062e-02
2.080354152407855872e-01
1.517189542556871829e-01
2.246174324489767227e-01
1.945542423293675216e-01
5.468829636964649826e-02
3.516003844417584512e-01
1.514613155480478146e-01
2.871479269869033901e-01
3.347895521156429299e-01
6.499832534840030429e-02
2.386451340449388114e-01
1.507758140397825741e-01
2.087944692810645431e-01
1.857592393772148909e-01
7.059748656638170639e-02
2.201090715809550166e-02
6.830642508262425860e-02
1.014021061931006662e-01
7.856357533438650120e-02
4.368688155758280317e-02
7.128728250607369032e-02
7.957168322245028458e-02
4.136831111897595892e-02
7.138436446509037470e-02
9.987913296102346461e-02
6.568322642182566895e-02
6.366489249386511617e-02
4.240944478018612157e-02
1.062220048174711551e-01
8.777422619611000010e-02
8.406084126371549115e-02
8.775238275533113474e-02
7.397437244314680749e-02
1.201913485412220428e-01
7.783546064176000145e-02
8.278664055161949475e-02
8.671845989180200498e-03
1.321592888422894740e-01
5.677547127223474960e-02
1.100998407046850230e-01
1.781934944937978993e-01
1.165391252430082042e-01
8.575249439958423925e-02
2.177886017127136919e-02
4.930501452588799405e-02
1.357963026335906875e-01
5.859483827997826605e-02
9.829548350456150663e-02
7.975282933234266458e-02
5.256988080762469567e-02
9.825907776992999498e-02
8.471760071646480816e-02
1.065785162478793957e-01
1.413022202786791137e-01
8.735601531953304799e-02
6.225380621955550753e-02
1.275016200551906953e-01
1.138771379267660040e-02
7.750988935777156086e-02
6.097100051563739131e-02
7.548850428252742994e-02
8.446130434465999592e-02
9.329899868049398859e-02
5.156634881822219629e-02
6.340713989267586503e-02
3.505435376180408152e-02
9.719659040692021912e-02
9.198664973706646708e-02
6.021508508020149975e-02
9.766849585257723898e-02
4.821873359673402304e-02
9.680284838467749509e-02
8.319438477949046840e-02
1.093264210978510120e-01
5.175439235188319942e-02
9.378724003271657339e-02
7.319563644331886221e-02
7.079750402283364885e-02
2.219293583125209884e-02
6.944707372835690062e-02
2.080354152407855872e-01
1.517189542556871829e-01
2.246174324489767227e-01
1.945542423293675216e-01
5.468829636964649826e-02
3.516003844417584512e-01
1.514613155480478146e-01
2.871479269869033901e-01
3.347895521156429299e-01
6.499832534840030429e-02
2.386451340449388114e-01
1.507758140397825741e-01
2.087944692810645431e-01
1.857592393772148909e-01
7.059748656638170639e-02
5.745553039514780108e-02
1.965015129183148579e-01
2.971072003261949757e-01
1.466489183194317758e-01
1.615965895785111406e-01
5.401154789902500031e-02
3.075975127602100234e-01
2.158952478194362812e-01
1.621147363132640074e-01
3.326822222854725064e-01
6.456921094210760215e-02
2.220753453083927076e-01
2.113322557235882693e-01
1.539416488885327616e-01
2.181843162195776786e-01
6.063739160192509886e-02
6.061598951507200100e-02
1.635605729642424233e-01
1.611140690985873591e-01
2.289407839866552663e-01
1.558735577297555019e-01
6.936071064511430129e-02
3.392066918510521778e-01
1.560270132517836972e-01
3.347926717046371126e-01
2.764089121887284839e-01
8.487694772098440532e-02
1.781640645957400237e-01
2.341650449448612614e-01
2.719230310973430598e-01
1.695937090432503014e-01
6.565457987476329416e-02
5.499530359184200135e-02
1.800005163070279579e-01
1.865020132664427233e-01
2.399040463246552290e-01
1.895658027055518169e-01
5.977180553229589910e-02
2.572259882480577020e-01
1.751432586519486023e-01
3.691383431442700758e-01
2.444526318088816041e-01
7.126162270003419397e-02
1.716637592545310897e-01
1.917502137680893726e-01
1.845693606955882970e-01
2.096566673489470567e-01
6.001208687991029661e-02
5.308072055803920303e-02
1.806686180566678956e-01
3.362332347929922749e-01
1.982951153027896207e-01
2.139830199944660061e-01
5.946642589814900293e-02
2.826772876649822908e-01
2.071612453298510848e-01
1.939084594212815982e-01
2.182321171125253256e-01
7.132767333148870570e-02
1.983101822476212861e-01
2.395840918027055955e-01
1.827377863756801113e-01
2.410185090797886120e-01
5.625536996315649851e-02
5.870959755928840257e-02
2.353824117733331889e-01
2.383311125188402324e-01
2.145015545701447202e-01
2.190394960770023214e-01
6.505166124205420675e-02
2.826380849055000199e-01
2.283891865577788449e-01
3.006946416479170936e-01
3.173997781612627467e-01
7.938137573996810470e-02
2.452572484970700351e-01
1.594520534645917365e-01
2.516923091859196160e-01
1.505381041736983394e-01
6.366820303341409748e-02
2.201090715809550166e-02
6.830642508262432799e-02
1.014021061931008327e-01
7.856357533438651508e-02
4.368688155758237990e-02
7.128728250607262173e-02
7.957168322244981273e-02
4.136831111897522339e-02
7.138436446508950040e-02
9.987913296102247929e-02
6.568322642182500282e-02
6.366489249386417248e-02
4.240944478018602443e-02
1.062220048174701836e-01
8.777422619610997234e-02
8.406084126371501930e-02
8.775238275533039922e-02
7.397437244314591931e-02
1.201913485412208910e-01
7.783546064175983492e-02
8.278664055161930047e-02
8.671845989180099884e-03
1.321592888422888634e-01
5.677547127223402795e-02
1.100998407046845096e-01
1.781934944937971221e-01
1.165391252430065666e-01
8.575249439958393394e-02
2.177886017127137266e-02
4.930501452588715444e-02
1.357963026335904655e-01
5.859483827997823829e-02
9.829548350456104866e-02
7.975282933234292826e-02
5.256988080762350912e-02
9.825907776992943987e-02
8.471760071646461387e-02
1.065785162478790210e-01
1.413022202786791692e-01
8.735601531953225696e-02
6.225380621955432792e-02
1.275016200551902790e-01
1.138771379267659173e-02
7.750988935777036737e-02
6.097100051563640599e-02
7.548850428252798506e-02
8.446130434465896897e-02
9.329899868049366940e-02
5.156634881822216160e-02
6.340713989267468542e-02
3.505435376180426887e-02
9.719659040691985830e-02
9.198664973706544012e-02
6.021508508020174261e-02
9.766849585257796063e-02
4.821873359673390508e-02
9.680284838467656527e-02
8.319438477948988553e-02
1.093264210978503459e-01
5.175439235188261655e-02
9.378724003271539378e-02
7.319563644331905650e-02
7.079750402283363497e-02
2.219293583125193578e-02
