2.947054094406790017e-02
6.855142675172529176e-02
1.068871788982040105e-01
1.135867692661075012e-01
5.283105547260800311e-02
6.769266107729396409e-02
6.314355220982031947e-02
4.371395329095499604e-02
8.386179113180342037e-02
9.235902147697250264e-02
6.855906167451447653e-02
7.284368898587308128e-02
6.523359238416077954e-02
1.131137955876669460e-01
9.176524635350849501e-02
1.134719191455149934e-01
1.068220971632015542e-01
7.242940819373573647e-02
1.129263810726996303e-01
8.648214080624749833e-02
8.200298610313500047e-02
8.246238658550500075e-03
9.738141725048755915e-02
5.898357643275493889e-02
9.107614562995286489e-02
1.266253902293864864e-01
8.425289996554471972e-02
6.513277950052917542e-02
2.862764092858789688e-02
5.348455265877977149e-02
1.008154358562076830e-01
7.510230727847493071e-02
9.337314804180499306e-02
6.691933693197001098e-02
5.982454435423294192e-02
1.016997817847705016e-01
7.465671298954855428e-02
8.634776616515421610e-02
9.559853802552346902e-02
7.235055128057872598e-02
6.115768921557350468e-02
9.036407488227843343e-02
9.440679912713899682e-03
6.384108024741977361e-02
6.272695949967090068e-02
6.510087668925336468e-02
7.292982657631749688e-02
8.944527391753753776e-02
7.402290011534919112e-02
6.972665671298908241e-02
4.756862294705357236e-02
1.332667791608871111e-01
1.139419211774786028e-01
5.731021017572050097e-02
8.253895333256712485e-02
5.626559612433015833e-02
9.635925117721350075e-02
7.096512384671324614e-02
8.470196393706200255e-02
5.779258068220959749e-02
1.294150300524480324e-01
8.352557055899186012e-02
7.472914513226880384e-02
2.908005053405299939e-02
5.855059147812100018e-02
1.442287814402203883e-01
1.502046145569503333e-01
1.946217329242478922e-01
1.106236361548176006e-01
1.249716976488536024e-01
6.608945780302141748e-02
9.256270566910167197e-02
1.142967518297710872e-01
1.476857700700583975e-01
1.262156885264729411e-01
8.734437808659684110e-02
1.966808315148730057e-01
1.782473871597564929e-01
1.476834730676465646e-01
1.355231422992990153e-01
2.137418169289073133e-01
1.667049500401975026e-01
1.768691857126450037e-02
1.056649821982311999e-01
1.646567895562957018e-01
1.495523977572902619e-01
6.052701224901479299e-02
1.118134834041574488e-01
1.626704293753794273e-01
1.286742467746255225e-01
1.049724359710576121e-01
1.751969679568159133e-01
1.184678993912939848e-01
1.239660878916649112e-01
1.286302208950652615e-01
1.938095785000569782e-01
2.688694413818448758e-01
2.258016354281514038e-01
2.346334068357220914e-01
2.706955163542815179e-01
8.479287018639959650e-02
2.037877134752096031e-01
1.603368780385235892e-01
2.749727021413343464e-01
2.048428868394758240e-01
4.936201490737440051e-02
2.633712717207793430e-01
1.510146891617183962e-01
2.824753564873019873e-01
2.640412230631704049e-01
5.295678239597569753e-02
2.210609732287439899e-01
1.992022687317330509e-01
2.188731035591644225e-01
1.693946737302158556e-01
8.610214652410100311e-02
2.947054094406790017e-02
6.855142675172529176e-02
1.068871788982040105e-01
1.135867692661075012e-01
5.283105547260800311e-02
6.769266107729396409e-02
6.314355220982031947e-02
4.371395329095499604e-02
8.386179113180342037e-02
9.235902147697250264e-02
6.855906167451447653e-02
7.284368898587308128e-02
6.523359238416077954e-02
1.131137955876669460e-01
9.176524635350849501e-02
1.134719191455149934e-01
1.068220971632015542e-01
7.242940819373573647e-02
1.129263810726996303e-01
8.648214080624749833e-02
8.200298610313500047e-02
8.246238658550500075e-03
9.738141725048755915e-02
5.898357643275493889e-02
9.107614562995286489e-02
1.266253902293864864e-01
8.425289996554471972e-02
6.513277950052917542e-02
2.862764092858789688e-02
5.348455265877977149e-02
1.008154358562076830e-01
7.510230727847493071e-02
9.337314804180499306e-02
6.691933693197001098e-02
5.982454435423294192e-02
1.016997817847705016e-01
7.465671298954855428e-02
8.634776616515421610e-02
9.559853802552346902e-02
7.235055128057872598e-02
6.115768921557350468e-02
9.036407488227843343e-02
9.440679912713899682e-03
6.384108024741977361e-02
6.272695949967090068e-02
6.510087668925336468e-02
7.292982657631749688e-02
8.944527391753753776e-02
7.402290011534919112e-02
6.972665671298908241e-02
4.756862294705357236e-02
1.332667791608871111e-01
1.139419211774786028e-01
5.731021017572050097e-02
8.253895333256712485e-02
5.626559612433015833e-02
9.635925117721350075e-02
7.096512384671324614e-02
8.470196393706200255e-02
5.779258068220959749e-02
1.294150300524480324e-01
8.352557055899186012e-02
7.472914513226880384e-02
2.908005053405299939e-02
8.479287018639959650e-02
2.037877134752096031e-01
1.603368780385235892e-01
2.749727021413343464e-01
2.048428868394758240e-01
4.936201490737440051e-02
2.633712717207793430e-01
1.510146891617183962e-01
2.824753564873019873e-01
2.640412230631704049e-01
5.295678239597569753e-02
2.210609732287439899e-01
1.992022687317330509e-01
2.188731035591644225e-01
1.693946737302158556e-01
8.610214652410100311e-02
7.596186975996320478e-02
1.940562328066634534e-01
2.918341564258640219e-01
1.876546561282980696e-01
1.675983771410865519e-01
4.713448949121389758e-02
2.415972780521419283e-01
2.214235230716219971e-01
1.537268864132304846e-01
2.627019012915416396e-01
5.272769036407479876e-02
2.030136671643503199e-01
2.610667662034375502e-01
1.533536235213044940e-01
2.028083351226646902e-01
7.606523486849660343e-02
7.901779048800369742e-02
1.655948939138132958e-01
1.575061876213116607e-01
2.863246390793505736e-01
1.596889075144090342e-01
5.794255130988060221e-02
2.811448391505582678e-01
1.543305453146353867e-01
3.286241799423933463e-01
2.259775162645299984e-01
6.324868782230179398e-02
1.715566178306255352e-01
2.890784633712654150e-01
2.691282462498393313e-01
1.651793405230332079e-01
7.997105743720489546e-02
7.540083612808369529e-02
1.821021813671235279e-01
1.754490742867640951e-01
2.980742324703365975e-01
1.839009611899765084e-01
5.172968254697470070e-02
2.122630587586713802e-01
1.740363853539761974e-01
3.492265188755288019e-01
1.943887536178616482e-01
5.501447144760410191e-02
1.646054918884312379e-01
2.579243409948444032e-01
1.796297147057471233e-01
1.975977907433781044e-01
7.439013185096700342e-02
7.259926263681990011e-02
1.759870750877676748e-01
3.205837649932427591e-01
2.588001716546399211e-01
2.160311233668531505e-01
5.231603248073320167e-02
2.282954506299745001e-01
1.987741241419442861e-01
1.866838182089655129e-01
1.769937232246428238e-01
5.501510331124299935e-02
1.851245373705087960e-01
2.955884548680899893e-01
1.799896389531835394e-01
2.286102552162022350e-01
7.208241928629670336e-02
7.630992580341350306e-02
2.329661242210339100e-01
2.352082328348609752e-01
2.694962442285161464e-01
2.243298187581832526e-01
5.552109893643900063e-02
2.296150812793358587e-01
2.254053575120350261e-01
2.918762777662919916e-01
2.627684744906159109e-01
5.981669078630000302e-02
2.343503476491517468e-01
1.984088698994631861e-01
2.501933399183758344e-01
1.448452527300385650e-01
7.718282682103229375e-02
2.947054094406799038e-02
6.855142675172445910e-02
1.068871788982040522e-01
1.135867692661076539e-01
5.283105547260725371e-02
6.769266107729411674e-02
6.314355220982013905e-02
4.371395329095529442e-02
8.386179113180303180e-02
9.235902147697143405e-02
6.855906167451313038e-02
7.284368898587223473e-02
6.523359238416047423e-02
1.131137955876665990e-01
9.176524635350778725e-02
1.134719191455139803e-01
1.068220971632012073e-01
7.242940819373519523e-02
1.129263810726987977e-01
8.648214080624776201e-02
8.200298610313452863e-02
8.246238658550496606e-03
9.738141725048686526e-02
5.898357643275450868e-02
9.107614562995121343e-02
1.266253902293869582e-01
8.425289996554476135e-02
6.513277950052924481e-02
2.862764092858810158e-02
5.348455265877943843e-02
1.008154358562066144e-01
7.510230727847524990e-02
9.337314804180397998e-02
6.691933693196906729e-02
5.982454435423258110e-02
1.016997817847706542e-01
7.465671298954812407e-02
8.634776616515327241e-02
9.559853802552212287e-02
7.235055128057754636e-02
6.115768921557277610e-02
9.036407488227780893e-02
9.440679912713812946e-03
6.384108024741932952e-02
6.272695949967094231e-02
6.510087668925296223e-02
7.292982657631658094e-02
8.944527391753727408e-02
7.402290011534910785e-02
6.972665671298913792e-02
4.756862294705289929e-02
1.332667791608865837e-01
1.139419211774774648e-01
5.731021017571980014e-02
8.253895333256612565e-02
5.626559612433051916e-02
9.635925117721258482e-02
7.096512384671256612e-02
8.470196393706141968e-02
5.779258068220943095e-02
1.294150300524468111e-01
8.352557055899104133e-02
7.472914513226885935e-02
2.908005053405293000e-02
