2.408049189491329872e-02
8.138624930128547652e-02
8.943543879262133567e-02
9.491335941866950454e-02
5.670206819452199704e-02
8.002981181293049306e-02
8.365059200162563990e-02
4.573553357474406666e-02
7.777443350389098842e-02
1.093594186696477261e-01
5.783258803800979397e-02
5.989044158747875574e-02
5.629712440221071312e-02
1.196900248996392163e-01
7.054220234767999420e-02
9.256567915036301164e-02
1.192906143604856029e-01
9.404615507466222712e-02
1.370039128004469364e-01
9.603130240357700409e-02
1.140301844605924875e-01
1.252096143096700052e-02
1.165368610645302339e-01
6.435997764113990383e-02
9.638159120551503811e-02
1.928431322729807218e-01
9.877026271660130363e-02
6.919321781255792503e-02
2.158504872773221728e-02
5.696813862492979691e-02
1.200536612632751576e-01
6.430643405607362750e-02
7.859139183901600600e-02
7.870318613750668102e-02
4.614180676785454432e-02
8.965902738960300489e-02
8.825220793739513292e-02
1.206908887646727241e-01
1.165501594712783362e-01
7.758105086640562642e-02
5.556176634991599750e-02
9.478367803242020162e-02
7.758524315259899932e-03
5.691288030024731215e-02
6.071040195131854889e-02
6.641326625675375572e-02
5.813303521520400696e-02
8.121731569467709189e-02
6.457821955428086347e-02
6.661822247065356251e-02
3.904751257685801225e-02
9.261211678204361863e-02
1.210405469321059607e-01
6.484069312465050305e-02
9.605614558101957523e-02
4.558768230092986179e-02
7.344885410844000095e-02
7.858692006707637678e-02
7.132476243711549646e-02
5.053102291783079930e-02
9.335196571641483920e-02
8.509356118076058517e-02
6.146599590087552939e-02
2.531022917831190003e-02
4.939072107322520222e-02
1.501021393363484169e-01
1.271465976287838862e-01
1.606963187734564424e-01
1.072330911123531988e-01
1.291847001517206772e-01
7.849484221759221725e-02
8.589787833863918309e-02
9.940647390619414270e-02
1.667831190609276037e-01
1.210732252655113556e-01
6.809949692565664403e-02
1.901621017328114782e-01
1.665735047512574840e-01
1.429357182783674851e-01
1.394074902179985032e-01
2.570575740637226492e-01
1.853549468977079839e-01
2.027948574622689959e-02
1.251425377305756814e-01
1.829575802745166957e-01
2.040949235225364700e-01
4.777018980727631287e-02
1.019564002235885392e-01
1.517091218824027643e-01
1.411812930873857508e-01
1.201811067635548541e-01
2.133571827836776014e-01
1.204024594745664867e-01
1.192194725341735179e-01
1.024427054220232031e-01
1.769703745108994752e-01
2.561987166588414189e-01
2.651418606211012885e-01
2.347575290093232014e-01
2.439018937107340079e-01
7.615257344721189370e-02
2.361042793900635928e-01
1.538839910704149772e-01
2.404484258886618042e-01
2.410713287573223729e-01
6.381075884273129661e-02
3.220609936055089384e-01
1.507177033492821117e-01
2.541829860773176519e-01
3.211674044925396099e-01
4.930018333855019919e-02
2.017618387515091871e-01
1.642428548478719053e-01
2.274683629208959224e-01
1.519616411849117610e-01
7.416267942583730510e-02
2.408049189491329872e-02
8.138624930128547652e-02
8.943543879262133567e-02
9.491335941866950454e-02
5.670206819452199704e-02
8.002981181293049306e-02
8.365059200162563990e-02
4.573553357474406666e-02
7.777443350389098842e-02
1.093594186696477261e-01
5.783258803800979397e-02
5.989044158747875574e-02
5.629712440221071312e-02
1.196900248996392163e-01
7.054220234767999420e-02
9.256567915036301164e-02
1.192906143604856029e-01
9.404615507466222712e-02
1.370039128004469364e-01
9.603130240357700409e-02
1.140301844605924875e-01
1.252096143096700052e-02
1.165368610645302339e-01
6.435997764113990383e-02
9.638159120551503811e-02
1.928431322729807218e-01
9.877026271660130363e-02
6.919321781255792503e-02
2.158504872773221728e-02
5.696813862492979691e-02
1.200536612632751576e-01
6.430643405607362750e-02
7.859139183901600600e-02
7.870318613750668102e-02
4.614180676785454432e-02
8.965902738960300489e-02
8.825220793739513292e-02
1.206908887646727241e-01
1.165501594712783362e-01
7.758105086640562642e-02
5.556176634991599750e-02
9.478367803242020162e-02
7.758524315259899932e-03
5.691288030024731215e-02
6.071040195131854889e-02
6.641326625675375572e-02
5.813303521520400696e-02
8.121731569467709189e-02
6.457821955428086347e-02
6.661822247065356251e-02
3.904751257685801225e-02
9.261211678204361863e-02
1.210405469321059607e-01
6.484069312465050305e-02
9.605614558101957523e-02
4.558768230092986179e-02
7.344885410844000095e-02
7.858692006707637678e-02
7.132476243711549646e-02
5.053102291783079930e-02
9.335196571641483920e-02
8.509356118076058517e-02
6.146599590087552939e-02
2.531022917831190003e-02
7.615257344721189370e-02
2.361042793900635928e-01
1.538839910704149772e-01
2.404484258886618042e-01
2.410713287573223729e-01
6.381075884273129661e-02
3.220609936055089384e-01
1.507177033492821117e-01
2.541829860773176519e-01
3.211674044925396099e-01
4.930018333855019919e-02
2.017618387515091871e-01
1.642428548478719053e-01
2.274683629208959224e-01
1.519616411849117610e-01
7.416267942583730510e-02
6.790385690329789337e-02
2.227900662780482322e-01
2.680827277808829900e-01
1.614716194928602355e-01
1.904538068558501163e-01
6.463946338736720199e-02
2.886221352711010324e-01
2.267798942253944072e-01
1.509782001117942474e-01
3.074465165912901865e-01
4.979318054779199865e-02
1.893012856344324091e-01
2.233724613378048895e-01
1.616545556176635090e-01
1.843789340656669107e-01
6.215762996087199899e-02
7.217601287899109985e-02
1.848407607060678082e-01
1.582574512565959879e-01
2.345293558065223993e-01
1.737270244580193801e-01
8.111975673016720567e-02
3.259113411933057813e-01
1.621766277613807261e-01
3.306616277233222490e-01
2.528965534063465359e-01
5.978892764511219843e-02
1.646872749353932297e-01
2.439792342529125135e-01
2.861184964753518134e-01
1.499195063053392063e-01
6.502101779805019577e-02
6.786217382554829425e-02
2.013850916652607237e-01
1.743398251458977977e-01
2.515484202759205035e-01
2.135764098512570597e-01
6.898016680455240635e-02
2.381861681908636064e-01
1.905060036222971931e-01
3.386827603449922286e-01
2.294202088410883522e-01
5.435681863917889850e-02
1.492585542691823863e-01
2.060509668694932295e-01
1.986833236972985750e-01
1.817459075245895228e-01
5.961138564049810185e-02
6.287733106748349954e-02
2.032854821638865328e-01
3.124606830344496822e-01
2.199253163990877169e-01
2.449770501400569400e-01
6.898170922588429954e-02
2.704336419062950414e-01
2.148929932571091439e-01
1.878941013371492885e-01
2.047649926210810545e-01
5.317293502079509931e-02
1.668551325543409236e-01
2.498993783820039893e-01
1.951423884159214084e-01
2.064359213077961719e-01
5.773444836992969870e-02
6.844659108696130034e-02
2.666117228403400152e-01
2.301746383130964801e-01
2.279877462489655060e-01
2.525476133848038041e-01
7.495360121643070139e-02
2.608766947668133551e-01
2.458959836701835877e-01
2.891147335703583843e-01
3.017657625425786971e-01
5.769101764271809818e-02
2.138698527360864965e-01
1.680940348680335927e-01
2.659078881658875071e-01
1.350769033239057060e-01
6.196194181704339776e-02
2.408049189491322933e-02
8.138624930128537938e-02
8.943543879261976748e-02
9.491335941866926862e-02
5.670206819452124070e-02
8.002981181293016000e-02
8.365059200162570929e-02
4.573553357474337971e-02
7.777443350389028065e-02
1.093594186696471987e-01
5.783258803800905845e-02
5.989044158747802021e-02
5.629712440221073394e-02
1.196900248996391747e-01
7.054220234768009135e-02
9.256567915036259531e-02
1.192906143604853531e-01
9.404615507466221325e-02
1.370039128004472417e-01
9.603130240357687919e-02
1.140301844605913772e-01
1.252096143096691552e-02
1.165368610645284159e-01
6.435997764113976505e-02
9.638159120551449688e-02
1.928431322729803610e-01
9.877026271659976320e-02
6.919321781255746706e-02
2.158504872773136379e-02
5.696813862492880465e-02
1.200536612632745193e-01
6.430643405607328056e-02
7.859139183901535375e-02
7.870318613750636183e-02
4.614180676785469004e-02
8.965902738960306040e-02
8.825220793739499414e-02
1.206908887646715306e-01
1.165501594712780725e-01
7.758105086640569581e-02
5.556176634991469993e-02
9.478367803241899425e-02
7.758524315259718654e-03
5.691288030024725664e-02
6.071040195131795908e-02
6.641326625675281203e-02
5.813303521520359063e-02
8.121731569467652290e-02
6.457821955427997529e-02
6.661822247065267433e-02
3.904751257685820653e-02
9.261211678204299413e-02
1.210405469321057387e-01
6.484069312465005896e-02
9.605614558101981115e-02
4.558768230092898055e-02
7.344885410844016749e-02
7.858692006707598821e-02
7.132476243711570463e-02
5.053102291783083400e-02
9.335196571641399266e-02
8.509356118076008557e-02
6.146599590087485632e-02
2.531022917831185839e-02
