2.532594436859150061e-02
7.120396803956346998e-02
9.334368502306800153e-02
7.241720879179699977e-02
5.354322276657799695e-02
7.396103838156650734e-02
8.517753229021379768e-02
3.198858365371958640e-02
6.933435477327480612e-02
9.129654913929248494e-02
8.402939522929861460e-02
5.654699756378325781e-02
3.448778470865034029e-02
8.767702728027178261e-02
1.092281744438194924e-01
7.362193130404499908e-02
6.280863408804923664e-02
7.001158828321306371e-02
1.388643482451207278e-01
6.170856423848149891e-02
5.394479693732749659e-02
1.303777474366180078e-02
1.798189644145789523e-01
6.851658501325179340e-02
7.929453829381508112e-02
1.664415417527613517e-01
1.461890611195887368e-01
7.787564289050091793e-02
1.154554840481928496e-02
3.952292988514927163e-02
1.634326560115648697e-01
5.116477644999943564e-02
1.236848445907954980e-01
9.227282056773600249e-02
6.808226710242565316e-02
1.060155810778250079e-01
7.873852167161939086e-02
1.287928680427272432e-01
1.211210691006784912e-01
8.941383556876250638e-02
1.034722779964124956e-01
1.398763151554087980e-01
1.884721441383550161e-02
7.581720343747486157e-02
5.340936470966175381e-02
7.612953890361309761e-02
1.080234519315714931e-01
6.230051431240072463e-02
4.109791542265936459e-02
6.254919283591675594e-02
8.213530372392901374e-03
9.499391460679697252e-02
9.171542188970482901e-02
5.448022916499300344e-02
5.644348066643428696e-02
4.353794145778709657e-02
1.358659277701920187e-01
8.229593339223056914e-02
1.177950900864720013e-01
5.268653120231280018e-02
8.488385582594837331e-02
5.468802786287296075e-02
5.312915517718340419e-02
1.525981848847480019e-02
4.058576285706629733e-02
1.239148370704066388e-01
1.167509972425240100e-01
1.251764057964360188e-01
1.062297539688911996e-01
1.426085493228695100e-01
8.385963887530029082e-02
6.990882520349317453e-02
9.151631973092083649e-02
1.638824190828045424e-01
1.509196048510155763e-01
5.415227692554799160e-02
1.796375123818700070e-01
1.709367386823009982e-01
9.602441570958139549e-02
1.685272936578049996e-01
3.022970042566861526e-01
1.717398870237994979e-01
3.188498915749730239e-02
1.891447808743606240e-01
1.279385561772517499e-01
1.928802116417565882e-01
1.705351645115498263e-02
1.059031403100148538e-01
1.595256580398334290e-01
1.637887184429629439e-01
1.162035177897355054e-01
2.664096591973870165e-01
1.579525071614059917e-01
1.083447112681710789e-01
7.793216073675453270e-02
2.143067491232295008e-01
2.374782492303572912e-01
2.467675010038815897e-01
2.946861196626957002e-01
2.210681301030651968e-01
7.102318359479570242e-02
2.150238260962679948e-01
1.522234257684276504e-01
2.134334366491563995e-01
1.799079415859078379e-01
6.237618461208969955e-02
3.402045296353799486e-01
1.483375274401668165e-01
3.403179122481566066e-01
3.306383966018807685e-01
8.250789741393149690e-02
2.266959361781868132e-01
1.241455622780245766e-01
1.746800878085344177e-01
2.090904223473693813e-01
5.364887294533379758e-02
2.532594436859150061e-02
7.120396803956346998e-02
9.334368502306800153e-02
7.241720879179699977e-02
5.354322276657799695e-02
7.396103838156650734e-02
8.517753229021379768e-02
3.198858365371958640e-02
6.933435477327480612e-02
9.129654913929248494e-02
8.402939522929861460e-02
5.654699756378325781e-02
3.448778470865034029e-02
8.767702728027178261e-02
1.092281744438194924e-01
7.362193130404499908e-02
6.280863408804923664e-02
7.001158828321306371e-02
1.388643482451207278e-01
6.170856423848149891e-02
5.394479693732749659e-02
1.303777474366180078e-02
1.798189644145789523e-01
6.851658501325179340e-02
7.929453829381508112e-02
1.664415417527613517e-01
1.461890611195887368e-01
7.787564289050091793e-02
1.154554840481928496e-02
3.952292988514927163e-02
1.634326560115648697e-01
5.116477644999943564e-02
1.236848445907954980e-01
9.227282056773600249e-02
6.808226710242565316e-02
1.060155810778250079e-01
7.873852167161939086e-02
1.287928680427272432e-01
1.211210691006784912e-01
8.941383556876250638e-02
1.034722779964124956e-01
1.398763151554087980e-01
1.884721441383550161e-02
7.581720343747486157e-02
5.340936470966175381e-02
7.612953890361309761e-02
1.080234519315714931e-01
6.230051431240072463e-02
4.109791542265936459e-02
6.254919283591675594e-02
8.213530372392901374e-03
9.499391460679697252e-02
9.171542188970482901e-02
5.448022916499300344e-02
5.644348066643428696e-02
4.353794145778709657e-02
1.358659277701920187e-01
8.229593339223056914e-02
1.177950900864720013e-01
5.268653120231280018e-02
8.488385582594837331e-02
5.468802786287296075e-02
5.312915517718340419e-02
1.525981848847480019e-02
7.102318359479570242e-02
2.150238260962679948e-01
1.522234257684276504e-01
2.134334366491563995e-01
1.799079415859078379e-01
6.237618461208969955e-02
3.402045296353799486e-01
1.483375274401668165e-01
3.403179122481566066e-01
3.306383966018807685e-01
8.250789741393149690e-02
2.266959361781868132e-01
1.241455622780245766e-01
1.746800878085344177e-01
2.090904223473693813e-01
5.364887294533379758e-02
6.058415656038330238e-02
1.867715093961979378e-01
3.337081358926990426e-01
1.278466132694708601e-01
1.095351140813071306e-01
5.439991433084349903e-02
3.813950686691832681e-01
1.989470519307478258e-01
1.880705699676062381e-01
3.738485164876616529e-01
7.549594410087540064e-02
2.080234519315716513e-01
2.243751059709617190e-01
1.392123791931035026e-01
1.684632745871058324e-01
5.247235831124669875e-02
6.141572071107299913e-02
1.754439338772170176e-01
1.709195625401583873e-01
1.940750404018768971e-01
1.580750322513161943e-01
6.422681516384659561e-02
3.909515830320132168e-01
1.412432734525593259e-01
3.550466408133316487e-01
3.058324733737022849e-01
9.723709573784529436e-02
1.844867040164125949e-01
2.117350415701240440e-01
2.490556669717087224e-01
1.655333047761831100e-01
5.383915185264510211e-02
5.410832373965890341e-02
1.916816149500681632e-01
2.075446440523679992e-01
1.995565410199555134e-01
1.887231934887954321e-01
6.176541458060019751e-02
2.721565687665655209e-01
1.565419935209229063e-01
4.066776841802944853e-01
2.531787636207864511e-01
8.446895665444030532e-02
1.773031943697148949e-01
1.699273519246906061e-01
1.591848755244645586e-01
2.115853906435149756e-01
4.963722524162669791e-02
5.271753681392229995e-02
1.850899895879814239e-01
3.571762605979473260e-01
1.800742363392963674e-01
2.200693683826214497e-01
5.866131191432390202e-02
3.032753235162872762e-01
1.863111706083591945e-01
2.179919678714859199e-01
2.359772423025434940e-01
8.455153949129849689e-02
1.933945305029640960e-01
2.031593038821951913e-01
1.633481293595432648e-01
2.501618595594499728e-01
4.522088353413650230e-02
5.885030389033169690e-02
2.288338184613854520e-01
2.600240970307101662e-01
2.004519531982111025e-01
2.258439437346499989e-01
6.184904548983900102e-02
3.071255812293054444e-01
2.087147102810171517e-01
3.226525475916354746e-01
3.615893330477389367e-01
9.052451203512809630e-02
2.445637239635810867e-01
1.428686176336714519e-01
2.308183173132700161e-01
1.555683574030135852e-01
4.867600203486029814e-02
2.532594436859153531e-02
7.120396803956355325e-02
9.334368502306673865e-02
7.241720879179637527e-02
5.354322276657823287e-02
7.396103838156653509e-02
8.517753229021327033e-02
3.198858365371935047e-02
6.933435477327506979e-02
9.129654913929255433e-02
8.402939522929792071e-02
5.654699756378207820e-02
3.448778470864980600e-02
8.767702728027121362e-02
1.092281744438194646e-01
7.362193130404452723e-02
6.280863408804866765e-02
7.001158828321311922e-02
1.388643482451203393e-01
6.170856423848030542e-02
5.394479693732742026e-02
1.303777474366169149e-02
1.798189644145778698e-01
6.851658501325090522e-02
7.929453829381548358e-02
1.664415417527602414e-01
1.461890611195871548e-01
7.787564289050033506e-02
1.154554840481888944e-02
3.952292988514891081e-02
1.634326560115641480e-01
5.116477644999892910e-02
1.236848445907952759e-01
9.227282056773536412e-02
6.808226710242458457e-02
1.060155810778241614e-01
7.873852167161878024e-02
1.287928680427271322e-01
1.211210691006778944e-01
8.941383556876249250e-02
1.034722779964119266e-01
1.398763151554089923e-01
1.884721441383540100e-02
7.581720343747391788e-02
5.340936470966178851e-02
7.612953890361320863e-02
1.080234519315710767e-01
6.230051431240084259e-02
4.109791542265878866e-02
6.254919283591663104e-02
8.213530372392335854e-03
9.499391460679554311e-02
9.171542188970475962e-02
5.448022916499253160e-02
5.644348066643438411e-02
4.353794145778648594e-02
1.358659277701911028e-01
8.229593339223033321e-02
1.177950900864709743e-01
5.268653120231299447e-02
8.488385582594808187e-02
5.468802786287224604e-02
5.312915517718255765e-02
1.525981848847465620e-02
