3.242721125983159813e-02
8.276151887301318177e-02
9.475185134078466243e-02
1.455774803366909897e-01
6.733820891403320685e-02
6.310657283473622425e-02
6.363761807393625292e-02
7.424961453314980753e-02
8.309008502191889134e-02
8.059886849730886482e-02
6.416448185456043174e-02
6.513039878570432706e-02
8.127501034910962485e-02
1.355733406927001894e-01
9.314198978887799907e-02
1.193597350627845083e-01
1.109236423849365299e-01
9.021467010979909718e-02
1.109010625086237628e-01
1.131502690768589892e-01
1.090106250862424991e-01
9.107216779356899772e-03
7.575548502828707842e-02
6.056299158272369226e-02
7.669073792987114724e-02
8.537702121253938625e-02
5.898992686628942023e-02
5.801634392775516930e-02
2.620574630581734565e-02
7.393404167241585112e-02
1.069684007175377982e-01
7.368566303297886810e-02
9.521181178418650082e-02
8.647256335955066930e-02
4.759529142032217081e-02
8.762246446805550815e-02
6.578170277356146234e-02
8.730509176210800304e-02
5.571473794430100573e-02
4.781288809162394932e-02
5.933489719884049718e-02
6.877328549744690656e-02
6.899406651028000027e-03
4.128802065879446509e-02
7.221797107266915428e-02
4.893979117795824868e-02
5.036566855250400321e-02
8.365147264001931982e-02
1.015472669350435952e-01
7.571408858838139799e-02
4.721953911963516076e-02
1.401747142053472173e-01
1.250384774601690230e-01
7.382365116599950983e-02
6.577434340646645672e-02
5.973004503430871109e-02
1.014212777701115065e-01
5.762384434938594424e-02
6.278460052435450023e-02
6.457844625362199609e-02
1.499241065268381856e-01
7.719450412978751119e-02
6.677705717308282662e-02
2.801159100317369977e-02
6.043880226300529790e-02
1.535368867368315515e-01
1.402613059487407277e-01
2.270890417709790499e-01
1.319166551676551891e-01
9.827711959628583627e-02
6.256507394909482933e-02
1.179258583761796514e-01
1.172271911888303209e-01
1.135556092176068094e-01
1.234855802400990771e-01
1.004174141023870814e-01
2.014626742100175116e-01
2.062922588657374878e-01
1.425325422013706822e-01
1.283289637091210023e-01
2.178694632261621578e-01
1.717952256105975128e-01
1.600662343038489893e-02
7.803228922312648030e-02
1.349217300645475792e-01
9.371150444698081450e-02
5.787102309201377220e-02
1.203394508072305330e-01
1.578978493563837349e-01
1.310887263695320604e-01
8.887815647854281631e-02
1.545467089830272756e-01
1.331585483648405066e-01
1.387157068128500592e-01
1.626535117979851230e-01
2.083620808610454900e-01
2.959028831562974249e-01
2.280314526141536124e-01
1.996137398261829121e-01
2.764519244033659118e-01
9.575055187637969423e-02
2.455849889624724114e-01
1.479134827644761618e-01
3.093369307497341181e-01
2.312750068984547047e-01
5.270419426048560119e-02
2.024006622516553444e-01
1.622516556291390133e-01
2.747857421114141552e-01
2.056751287711551246e-01
4.083885209713020159e-02
1.953642384105959973e-01
2.300813506663393626e-01
2.312706953642381935e-01
1.567956050571942817e-01
8.471302428256069494e-02
3.242721125983159813e-02
8.276151887301318177e-02
9.475185134078466243e-02
1.455774803366909897e-01
6.733820891403320685e-02
6.310657283473622425e-02
6.363761807393625292e-02
7.424961453314980753e-02
8.309008502191889134e-02
8.059886849730886482e-02
6.416448185456043174e-02
6.513039878570432706e-02
8.127501034910962485e-02
1.355733406927001894e-01
9.314198978887799907e-02
1.193597350627845083e-01
1.109236423849365299e-01
9.021467010979909718e-02
1.109010625086237628e-01
1.131502690768589892e-01
1.090106250862424991e-01
9.107216779356899772e-03
7.575548502828707842e-02
6.056299158272369226e-02
7.669073792987114724e-02
8.537702121253938625e-02
5.898992686628942023e-02
5.801634392775516930e-02
2.620574630581734565e-02
7.393404167241585112e-02
1.069684007175377982e-01
7.368566303297886810e-02
9.521181178418650082e-02
8.647256335955066930e-02
4.759529142032217081e-02
8.762246446805550815e-02
6.578170277356146234e-02
8.730509176210800304e-02
5.571473794430100573e-02
4.781288809162394932e-02
5.933489719884049718e-02
6.877328549744690656e-02
6.899406651028000027e-03
4.128802065879446509e-02
7.221797107266915428e-02
4.893979117795824868e-02
5.036566855250400321e-02
8.365147264001931982e-02
1.015472669350435952e-01
7.571408858838139799e-02
4.721953911963516076e-02
1.401747142053472173e-01
1.250384774601690230e-01
7.382365116599950983e-02
6.577434340646645672e-02
5.973004503430871109e-02
1.014212777701115065e-01
5.762384434938594424e-02
6.278460052435450023e-02
6.457844625362199609e-02
1.499241065268381856e-01
7.719450412978751119e-02
6.677705717308282662e-02
2.801159100317369977e-02
9.575055187637969423e-02
2.455849889624724114e-01
1.479134827644761618e-01
3.093369307497341181e-01
2.312750068984547047e-01
5.270419426048560119e-02
2.024006622516553444e-01
1.622516556291390133e-01
2.747857421114141552e-01
2.056751287711551246e-01
4.083885209713020159e-02
1.953642384105959973e-01
2.300813506663393626e-01
2.312706953642381935e-01
1.567956050571942817e-01
8.471302428256069494e-02
8.707051193597349636e-02
2.065485225413470627e-01
2.808058506968399981e-01
2.257987631245530480e-01
1.778217770946114995e-01
4.912377535531940037e-02
2.165896232923966158e-01
2.363895935718757224e-01
1.528218573202702324e-01
2.458697642911796821e-01
3.587691458534560118e-02
1.603836070097970634e-01
3.050342670530332145e-01
1.517869463226162452e-01
1.702173613069274671e-01
7.851524768869870552e-02
9.177477228815890398e-02
1.887875442250268043e-01
1.594500414021528811e-01
3.099515720272000285e-01
1.819127152751477128e-01
5.754899254761240007e-02
2.378756636521565104e-01
1.625163883521941743e-01
3.167411513909362264e-01
1.883421574285496780e-01
4.236820314656360165e-02
1.598558914537238085e-01
3.276666750307376530e-01
2.788999573432361379e-01
1.444935136627104044e-01
8.073419817830519707e-02
9.082125603864729668e-02
2.035479013739883714e-01
1.701863354037266851e-01
3.229813664596272726e-01
2.076757917337625770e-01
4.941338854382330142e-02
1.645217391304345522e-01
1.995859213250517072e-01
3.131564088085823649e-01
1.770931677018632300e-01
4.347826086956520231e-02
1.337073398784476563e-01
2.981366459627330379e-01
1.837720595484568786e-01
1.692150397464405320e-01
7.798481711525190319e-02
8.475980121479839702e-02
2.029879133689183324e-01
3.189398122584206630e-01
2.800750464334118561e-01
2.458711912052604920e-01
5.411374930977359832e-02
1.836462359653965870e-01
2.067841585373335345e-01
1.867752622860296974e-01
1.385629486471560146e-01
3.934290447266700075e-02
1.621177460492754518e-01
3.219215902816123798e-01
1.863465953674907916e-01
1.967960945735655609e-01
7.785753727222520515e-02
8.849924064614110575e-02
2.859904143902486928e-01
2.330249896451745961e-01
2.791771365456300891e-01
2.653471062969889327e-01
5.398315615076620250e-02
1.955911454737904176e-01
2.316522356561013796e-01
2.806847991163882172e-01
2.069492383450687867e-01
4.100510838050529933e-02
2.250812036303653230e-01
2.168530535229415968e-01
2.600211698651571091e-01
1.262531565515980503e-01
8.104376639514010439e-02
3.242721125983148017e-02
8.276151887301268217e-02
9.475185134078373261e-02
1.455774803366900183e-01
6.733820891403315134e-02
6.310657283473539159e-02
6.363761807393579495e-02
7.424961453315016835e-02
8.309008502191803092e-02
8.059886849730792113e-02
6.416448185455869702e-02
6.513039878570445196e-02
8.127501034910968036e-02
1.355733406927001616e-01
9.314198978887680558e-02
1.193597350627837173e-01
1.109236423849353087e-01
9.021467010979801471e-02
1.109010625086227775e-01
1.131502690768589614e-01
1.090106250862424020e-01
9.107216779356963957e-03
7.575548502828657882e-02
6.056299158272353267e-02
7.669073792987081417e-02
8.537702121253760990e-02
5.898992686628946186e-02
5.801634392775551624e-02
2.620574630581729361e-02
7.393404167241535152e-02
1.069684007175375623e-01
7.368566303297810482e-02
9.521181178418522406e-02
8.647256335954980888e-02
4.759529142032072752e-02
8.762246446805498079e-02
6.578170277356110152e-02
8.730509176210732303e-02
5.571473794430131798e-02
4.781288809162407422e-02
5.933489719884053881e-02
6.877328549744582409e-02
6.899406651027708594e-03
4.128802065879341732e-02
7.221797107266890448e-02
4.893979117795704825e-02
5.036566855250423913e-02
8.365147264001827898e-02
1.015472669350433038e-01
7.571408858838132860e-02
4.721953911963460565e-02
1.401747142053461348e-01
1.250384774601690785e-01
7.382365116599876043e-02
6.577434340646630406e-02
5.973004503430813517e-02
1.014212777701117424e-01
5.762384434938532668e-02
6.278460052435357042e-02
6.457844625362139934e-02
1.499241065268379358e-01
7.719450412978669240e-02
6.677705717308245192e-02
2.801159100317352976e-02
