2.291801162040019851e-02
6.809378484652837960e-02
1.011405207660853456e-01
1.000645577792119989e-01
5.681084570690760061e-02
7.682375726274996708e-02
5.185163448559169247e-02
6.130182165211770645e-02
7.925708894075544908e-02
1.047449967721107433e-01
6.941978695932810028e-02
6.475145255003189604e-02
6.115056308729628631e-02
9.994717999882608839e-02
8.392511297611350563e-02
8.876694641704299671e-02
9.610305769117863384e-02
1.064511666512957672e-01
1.398321497740476205e-01
9.522272433828249394e-02
9.199483537766299512e-02
1.549386701097480064e-02
1.356430672118208169e-01
9.015493867010977713e-02
7.219711641919461520e-02
1.323434473854095961e-01
8.463524854744958192e-02
6.154508284914979310e-02
2.426530440396315949e-02
1.011943189154290573e-01
1.067140090380886835e-01
8.164860181441303821e-02
8.876694641704299671e-02
7.531740908112732891e-02
4.906391220141993054e-02
7.746933505487400839e-02
9.258876694641682281e-02
1.140735958683017220e-01
7.351991797364515469e-02
8.077792123950924830e-02
5.971594577146500243e-02
8.676565526145892104e-02
9.683666881859200742e-03
4.897168680254535694e-02
4.348846763307675362e-02
7.359586830213031561e-02
6.778566817301449887e-02
7.890395237070478573e-02
7.024167064305143759e-02
5.713363460296928820e-02
3.618463524854725194e-02
1.039131946168737469e-01
1.320951482345925909e-01
8.876694641704299671e-02
7.101355713363451116e-02
4.831562885145806313e-02
8.392511297611350563e-02
8.861631159888078146e-02
6.132989025177500164e-02
5.810200129115519752e-02
1.080804820314181514e-01
7.660856466537542542e-02
7.088444157520949751e-02
2.711426726920590155e-02
5.003227888960620068e-02
1.348523974411643400e-01
1.527131256158471562e-01
1.618555750253618808e-01
1.149128469980632006e-01
1.183482431061511908e-01
5.854216796760352420e-02
1.047239453223675343e-01
1.031603967368974889e-01
1.662161071659131184e-01
1.582311168495799114e-01
7.504841833440918653e-02
1.613944480309875140e-01
1.791478373143959857e-01
1.365181837744779692e-01
1.597805035506774940e-01
2.465461588121368453e-01
1.533247256294379968e-01
2.517753389283399965e-02
1.263718528082632409e-01
1.361093178394663095e-01
1.347966429954806922e-01
4.853060880792631898e-02
1.490316333118140435e-01
1.518491192474404894e-01
1.451474069292013058e-01
1.306326662362814195e-01
1.988379599741769421e-01
1.484828921885084918e-01
9.366746874816586632e-02
1.146976544006884646e-01
1.969012265978049847e-01
2.538709677419354049e-01
2.638709677419354138e-01
2.251612903225805873e-01
2.570967741935483164e-01
7.454017424975789563e-02
2.245885769603095938e-01
1.605480676148633712e-01
2.404120803604507250e-01
2.367094223943207454e-01
6.969990319457890215e-02
2.512100677637947310e-01
1.800580832526620934e-01
2.521496497921528746e-01
2.906528987845541367e-01
4.872539528880279885e-02
1.987737979993544069e-01
1.673897195033043073e-01
2.408034849951596890e-01
1.631611370236733249e-01
7.841239109390120421e-02
2.291801162040019851e-02
6.809378484652837960e-02
1.011405207660853456e-01
1.000645577792119989e-01
5.681084570690760061e-02
7.682375726274996708e-02
5.185163448559169247e-02
6.130182165211770645e-02
7.925708894075544908e-02
1.047449967721107433e-01
6.941978695932810028e-02
6.475145255003189604e-02
6.115056308729628631e-02
9.994717999882608839e-02
8.392511297611350563e-02
8.876694641704299671e-02
9.610305769117863384e-02
1.064511666512957672e-01
1.398321497740476205e-01
9.522272433828249394e-02
9.199483537766299512e-02
1.549386701097480064e-02
1.356430672118208169e-01
9.015493867010977713e-02
7.219711641919461520e-02
1.323434473854095961e-01
8.463524854744958192e-02
6.154508284914979310e-02
2.426530440396315949e-02
1.011943189154290573e-01
1.067140090380886835e-01
8.164860181441303821e-02
8.876694641704299671e-02
7.531740908112732891e-02
4.906391220141993054e-02
7.746933505487400839e-02
9.258876694641682281e-02
1.140735958683017220e-01
7.351991797364515469e-02
8.077792123950924830e-02
5.971594577146500243e-02
8.676565526145892104e-02
9.683666881859200742e-03
4.897168680254535694e-02
4.348846763307675362e-02
7.359586830213031561e-02
6.778566817301449887e-02
7.890395237070478573e-02
7.024167064305143759e-02
5.713363460296928820e-02
3.618463524854725194e-02
1.039131946168737469e-01
1.320951482345925909e-01
8.876694641704299671e-02
7.101355713363451116e-02
4.831562885145806313e-02
8.392511297611350563e-02
8.861631159888078146e-02
6.132989025177500164e-02
5.810200129115519752e-02
1.080804820314181514e-01
7.660856466537542542e-02
7.088444157520949751e-02
2.711426726920590155e-02
7.454017424975789563e-02
2.245885769603095938e-01
1.605480676148633712e-01
2.404120803604507250e-01
2.367094223943207454e-01
6.969990319457890215e-02
2.512100677637947310e-01
1.800580832526620934e-01
2.521496497921528746e-01
2.906528987845541367e-01
4.872539528880279885e-02
1.987737979993544069e-01
1.673897195033043073e-01
2.408034849951596890e-01
1.631611370236733249e-01
7.841239109390120421e-02
6.843124596513880387e-02
1.991761197700511188e-01
2.695287282117495020e-01
1.751863372263630647e-01
1.563574399087180045e-01
6.939961265332469931e-02
2.831665590703678070e-01
2.520360530366984042e-01
1.525177533892832504e-01
2.974352954985619024e-01
4.583602324080050111e-02
1.771142672692058440e-01
2.492468259091885630e-01
1.710781149128470235e-01
1.691694501361323544e-01
6.810845706907679709e-02
6.328705198579269442e-02
2.032025126955702421e-01
1.514570552147238292e-01
2.483341650277392787e-01
1.874281938259830804e-01
7.717145624798189829e-02
2.869190298011358164e-01
1.745741846948658804e-01
3.318242087400985474e-01
2.314263069832974695e-01
5.747497578301580257e-02
1.560763387318797046e-01
2.497578301582174531e-01
2.892828837291218647e-01
1.588634162092346924e-01
7.297384565708750492e-02
6.233850129198959672e-02
2.348484848484848619e-01
1.531007751937983052e-01
2.484143763213531031e-01
2.044753086419752452e-01
6.718346253229970366e-02
2.430232558139533150e-01
1.967054263565888861e-01
3.464881371858112291e-01
2.136046511627907318e-01
5.458656330749350055e-02
1.308452113028255592e-01
2.237108190091000870e-01
1.790328534514580017e-01
1.701119724375537712e-01
7.913436692506460590e-02
5.945072697899830144e-02
1.885478370131035697e-01
3.143134087237477448e-01
2.424878836833601892e-01
2.181230724041707258e-01
7.463651050080770399e-02
2.506192784060312650e-01
2.308741698079339322e-01
1.793214862681742905e-01
1.954765751211628433e-01
4.749596122778670243e-02
1.715670436187397563e-01
2.933764135702743858e-01
1.980783946943285301e-01
2.076810104273755231e-01
5.848142164781899854e-02
6.561085972850670689e-02
2.758334102871916604e-01
2.156948933419520764e-01
2.370265029088557129e-01
2.479579244285124162e-01
7.466063348416289436e-02
2.491381167851754452e-01
2.555637639671250461e-01
2.640594699418227775e-01
3.067226890756302171e-01
5.494505494505490251e-02
2.041302350899871221e-01
1.844430079724197480e-01
2.491381167851754452e-01
1.347040056717475343e-01
7.304460245636709703e-02
2.291801162040000076e-02
6.809378484652803265e-02
1.011405207660854011e-01
1.000645577792114160e-01
5.681084570690672630e-02
7.682375726274978667e-02
5.185163448559076266e-02
6.130182165211687378e-02
7.925708894075497724e-02
1.047449967721096054e-01
6.941978695932711496e-02
6.475145255003153522e-02
6.115056308729619611e-02
9.994717999882567205e-02
8.392511297611290888e-02
8.876694641704324651e-02
9.610305769117868935e-02
1.064511666512952121e-01
1.398321497740467600e-01
9.522272433828207761e-02
9.199483537766244001e-02
1.549386701097462717e-02
1.356430672118195402e-01
9.015493867010879181e-02
7.219711641919342171e-02
1.323434473854088744e-01
8.463524854744851333e-02
6.154508284914899513e-02
2.426530440396269805e-02
1.011943189154283773e-01
1.067140090380880590e-01
8.164860181441317699e-02
8.876694641704301059e-02
7.531740908112742605e-02
4.906391220141866072e-02
7.746933505487356431e-02
9.258876694641672567e-02
1.140735958683006951e-01
7.351991797364375303e-02
8.077792123950898462e-02
5.971594577146414201e-02
8.676565526145774143e-02
9.683666881858973494e-03
4.897168680254530837e-02
4.348846763307671892e-02
7.359586830212953845e-02
6.778566817301322212e-02
7.890395237070464696e-02
7.024167064305128494e-02
5.713363460296943391e-02
3.618463524854611396e-02
1.039131946168738163e-01
1.320951482345930073e-01
8.876694641704234445e-02
7.101355713363380340e-02
4.831562885145815334e-02
8.392511297611290888e-02
8.861631159888068432e-02
6.132989025177468245e-02
5.810200129115534323e-02
1.080804820314170828e-01
7.660856466537528664e-02
7.088444157520983058e-02
2.711426726920574196e-02
