1.304509877003350027e-02
4.625080473011884685e-02
3.230214933532066929e-02
6.522549385016750134e-02
6.112560566530000211e-02
8.696732513355696914e-02
1.023616711279773245e-01
2.654394010598093434e-02
6.101092347831055251e-02
8.576220648527754786e-02
5.199403652627623829e-02
7.256802087215770414e-02
3.337888764649836471e-02
1.442584623725134130e-01
5.031680954155750424e-02
6.708907938874350552e-02
5.326466302985090329e-02
1.595761674032263044e-01
1.848304137159894334e-01
1.155423033917254982e-01
9.504286246738699595e-02
2.534476332463660164e-02
2.273574357062985718e-01
1.062243756988445753e-01
4.547148714125917590e-02
2.000474367227995931e-01
1.508386134923591637e-01
9.657514391021641831e-02
4.423990017663422848e-03
9.560193812895965981e-02
1.274692508386132683e-01
5.936010357612257760e-02
7.827059262020100161e-02
8.448254441545534343e-02
3.050546173915527626e-02
5.963473723443899616e-02
9.938128960119266275e-02
1.508386134923591637e-01
7.717436583280318230e-02
6.277953783078621397e-02
8.572493477450600363e-02
1.001863585538575602e-01
1.229966455460300076e-02
4.869282785794126073e-02
5.021515942127174892e-02
1.062243756988440757e-01
5.963473723443899616e-02
8.017559117074567199e-02
1.769596007065408691e-02
5.277674245247822304e-02
2.199030935519916130e-02
6.665902118753404271e-02
1.939275781989161507e-01
1.304509877003350027e-01
6.833146974779462368e-02
5.880459458543685347e-02
5.590756615728650208e-02
7.638215927444388931e-02
5.590756615728650208e-02
4.472605292582920028e-02
4.075040377686665882e-02
1.168911843529806260e-01
3.637718971300758081e-02
2.720834886321280011e-02
4.025344763324630037e-02
1.140853183342931260e-01
8.205661376699262266e-02
1.134124913476384500e-01
1.058516585911292024e-01
1.272296469836534105e-01
1.023616711279773106e-01
7.520783030028016514e-02
1.010232778775452950e-01
1.327338799850910078e-01
1.572120760342896606e-01
4.419493104733495520e-02
1.807677972418930135e-01
1.658591129332834813e-01
7.275437942601557795e-02
1.975400670890789800e-01
3.122996645546026739e-01
1.509504286246735050e-01
3.764442787923959893e-02
2.175270219903093771e-01
1.093303515964715311e-01
1.760851150340526639e-01
1.917062340987509689e-02
1.253447633246366211e-01
1.832348295262943016e-01
1.864827928935266776e-01
1.264070070816249169e-01
2.483786805814384990e-01
2.161759224748414920e-01
9.656761427167688538e-02
3.565660330475824147e-02
2.217666790905700180e-01
2.059590316573556013e-01
3.214152700186219125e-01
2.379888268156424014e-01
2.346368715083798906e-01
4.210134128166909823e-02
2.414307004470936102e-01
1.368221941992432411e-01
1.997571341833634107e-01
2.789563152011922953e-01
9.649776453055139425e-02
3.587928464977640508e-01
1.587183308494782008e-01
2.165775401069516548e-01
3.106805762543463634e-01
5.886736214605060163e-02
2.190760059612515964e-01
9.209582160401819095e-02
3.199515648286140879e-01
1.307749627421757044e-01
6.967213114754089442e-02
1.304509877003350027e-02
4.625080473011884685e-02
3.230214933532066929e-02
6.522549385016750134e-02
6.112560566530000211e-02
8.696732513355696914e-02
1.023616711279773245e-01
2.654394010598093434e-02
6.101092347831055251e-02
8.576220648527754786e-02
5.199403652627623829e-02
7.256802087215770414e-02
3.337888764649836471e-02
1.442584623725134130e-01
5.031680954155750424e-02
6.708907938874350552e-02
5.326466302985090329e-02
1.595761674032263044e-01
1.848304137159894334e-01
1.155423033917254982e-01
9.504286246738699595e-02
2.534476332463660164e-02
2.273574357062985718e-01
1.062243756988445753e-01
4.547148714125917590e-02
2.000474367227995931e-01
1.508386134923591637e-01
9.657514391021641831e-02
4.423990017663422848e-03
9.560193812895965981e-02
1.274692508386132683e-01
5.936010357612257760e-02
7.827059262020100161e-02
8.448254441545534343e-02
3.050546173915527626e-02
5.963473723443899616e-02
9.938128960119266275e-02
1.508386134923591637e-01
7.717436583280318230e-02
6.277953783078621397e-02
8.572493477450600363e-02
1.001863585538575602e-01
1.229966455460300076e-02
4.869282785794126073e-02
5.021515942127174892e-02
1.062243756988440757e-01
5.963473723443899616e-02
8.017559117074567199e-02
1.769596007065408691e-02
5.277674245247822304e-02
2.199030935519916130e-02
6.665902118753404271e-02
1.939275781989161507e-01
1.304509877003350027e-01
6.833146974779462368e-02
5.880459458543685347e-02
5.590756615728650208e-02
7.638215927444388931e-02
5.590756615728650208e-02
4.472605292582920028e-02
4.075040377686665882e-02
1.168911843529806260e-01
3.637718971300758081e-02
2.720834886321280011e-02
4.210134128166909823e-02
2.414307004470936102e-01
1.368221941992432411e-01
1.997571341833634107e-01
2.789563152011922953e-01
9.649776453055139425e-02
3.587928464977640508e-01
1.587183308494782008e-01
2.165775401069516548e-01
3.106805762543463634e-01
5.886736214605060163e-02
2.190760059612515964e-01
9.209582160401819095e-02
3.199515648286140879e-01
1.307749627421757044e-01
6.967213114754089442e-02
4.845322400298170129e-02
2.024741316578811401e-01
2.180395080134174823e-01
1.240131467488901351e-01
1.090067522471373368e-01
9.653373089824819619e-02
4.161386507640701948e-01
2.881246595372570773e-01
1.677226984718597214e-01
3.756988445769659513e-01
4.435333581811400083e-02
1.561311964219155857e-01
1.871971673499810696e-01
2.059262020126722548e-01
1.249088463595259824e-01
6.224375698844569760e-02
5.182699478001490112e-02
1.740559962036471175e-01
1.399142431021624389e-01
1.586333129957288590e-01
1.645769384180495454e-01
1.222967934377330035e-01
4.031670833881648153e-01
1.712108501118567438e-01
2.755168419883538000e-01
3.001830384380719252e-01
5.779269202087990165e-02
1.857215746300873993e-01
1.804453935326419123e-01
3.218425869432580133e-01
1.442953020134226105e-01
6.375838926174490218e-02
3.729951510630360317e-02
2.044945915703094419e-01
1.387541961954492087e-01
2.166762741175272677e-01
2.207509635708067575e-01
9.809772472957850598e-02
2.954121596419245765e-01
2.215591197314433214e-01
2.980909429995586835e-01
2.614397612831033113e-01
5.371130175307720078e-02
1.586071639133206923e-01
1.488737168155941371e-01
2.493739009964297260e-01
1.855305510657990209e-01
4.513241327862729801e-02
3.955223880597009967e-02
2.155887230514093866e-01
2.646766169154227688e-01
1.433683853459971069e-01
2.398405698778833528e-01
9.141791044776119424e-02
3.427860696517414096e-01
2.764096185737975886e-01
1.712686567164176943e-01
2.295942164179104461e-01
5.485074626865669989e-02
1.677327647476900274e-01
1.701492537313432085e-01
2.606441476826393822e-01
1.862449118046131669e-01
5.074626865671640064e-02
4.217991787980589907e-02
2.396949821361911703e-01
2.114520343411719905e-01
1.847107129525941971e-01
2.538939224269569084e-01
1.097424412094064050e-01
2.970635809381608761e-01
2.951527755559111288e-01
2.411347517730497436e-01
3.996516112977476221e-01
5.449794699514740048e-02
2.018624388518890089e-01
1.303969142714941354e-01
2.986188876446433937e-01
1.409288492335848408e-01
5.524449421425899759e-02
1.304509877003333373e-02
4.625080473011864562e-02
3.230214933531970478e-02
6.522549385016732093e-02
6.112560566529947476e-02
8.696732513355689975e-02
1.023616711279768526e-01
2.654394010598056311e-02
6.101092347831027496e-02
8.576220648527645152e-02
5.199403652627589828e-02
7.256802087215812047e-02
3.337888764649773327e-02
1.442584623725130522e-01
5.031680954155689361e-02
6.708907938874299204e-02
5.326466302985093798e-02
1.595761674032259991e-01
1.848304137159888505e-01
1.155423033917255260e-01
9.504286246738706534e-02
2.534476332463656348e-02
2.273574357062976004e-01
1.062243756988443255e-01
4.547148714125945346e-02
2.000474367227991213e-01
1.508386134923585253e-01
9.657514391021587707e-02
4.423990017663092383e-03
9.560193812895918797e-02
1.274692508386122136e-01
5.936010357612211269e-02
7.827059262019994690e-02
8.448254441545507976e-02
3.050546173915432563e-02
5.963473723443840635e-02
9.938128960119269051e-02
1.508386134923589694e-01
7.717436583280348761e-02
6.277953783078540906e-02
8.572493477450557342e-02
1.001863585538572132e-01
1.229966455460297821e-02
4.869282785794076807e-02
5.021515942127174198e-02
1.062243756988439092e-01
5.963473723443840635e-02
8.017559117074542219e-02
1.769596007065400711e-02
5.277674245247766099e-02
2.199030935519864435e-02
6.665902118753275207e-02
1.939275781989161784e-01
1.304509877003349749e-01
6.833146974779320815e-02
5.880459458543693674e-02
5.590756615728609269e-02
7.638215927444344522e-02
5.590756615728537104e-02
4.472605292582853415e-02
4.075040377686574983e-02
1.168911843529802791e-01
3.637718971300724080e-02
2.720834886321273419e-02
