5.438879913839519964e-02
1.314192000783273584e-01
1.292407108239093383e-01
1.265481960150779961e-01
8.400646203554119895e-02
7.287740082570456912e-02
1.116169775297396333e-01
5.326496687036111344e-02
8.500062134957117599e-02
9.531502423263275847e-02
8.138126009693037732e-02
5.401184706515872042e-02
4.637108837431924008e-02
1.058158319870755731e-01
8.077544426494301377e-02
8.077544426494301377e-02
1.378812356195228406e-01
7.165935841218519509e-02
1.411954765751210761e-01
5.654281098546000417e-02
7.808292945611200464e-02
1.130856219709200014e-02
1.459941363010824888e-01
6.445880452342442335e-02
1.204451624483931366e-01
1.726146766534484844e-01
8.594507269789980475e-02
6.055166636749806375e-02
1.917538807333003456e-02
3.069466882067796790e-02
1.565428109854600236e-01
3.279199614545217495e-02
2.046311254711900007e-01
9.334051337282334160e-02
4.407439625533293714e-02
8.077544426494301377e-02
8.267097469036079060e-02
1.135702746365104265e-01
7.526370806804134894e-02
5.960554658050588872e-02
1.077005923532575044e-01
7.539041464728035713e-02
8.616047388260600695e-03
4.538810677744403027e-02
5.859891320311311214e-02
6.479985639921019558e-02
4.308023694130300174e-02
5.528630407467201302e-02
4.900376952073212666e-02
8.260635433494865898e-02
1.270866989768409082e-02
7.704734683733002742e-02
8.500062134957117599e-02
6.462035541195450261e-02
6.581702866032373977e-02
3.049884956185418966e-02
1.238556812062465012e-01
5.621970920840056729e-02
8.346795907377449475e-02
3.446418955304240278e-02
6.623586429725354663e-02
5.249121727312332925e-02
5.036797702387336984e-02
9.693053311793200719e-03
6.408185245018839515e-02
1.781955255299355889e-01
1.236006008559358549e-01
1.777059773828755795e-01
1.184706515885835948e-01
1.112008616047384379e-01
8.789836980467016780e-02
8.948514434220668223e-02
8.931805943114476398e-02
1.373519116855139999e-01
1.442649434571889600e-01
5.634087237479797755e-02
1.696284329563809978e-01
1.373182552504035037e-01
1.445341949380720692e-01
1.050080775444264952e-01
2.977382875605816270e-01
1.615508885298864994e-01
1.992460958535269971e-02
1.327409800753904523e-01
1.744151259498590845e-01
1.590052381651732571e-01
2.769778277258760218e-02
7.366720516962815823e-02
2.259404569582273148e-01
1.534733441033923895e-01
9.975767366720508789e-02
1.869682283252555310e-01
1.723209477652125066e-01
1.311499485974444990e-01
7.543528989409414853e-02
1.965535810446955023e-01
3.200645508337816025e-01
2.447552447552447108e-01
2.415277030661646118e-01
1.936525013448089916e-01
1.307857911733046052e-01
2.884822389666307774e-01
1.593938892108966165e-01
2.211059283179842294e-01
2.169839881593109421e-01
5.974165769644770169e-02
3.075888051668457246e-01
1.340150699677070956e-01
3.744063825745581053e-01
2.646214567635449821e-01
5.435952637244340080e-02
1.657696447793323979e-01
1.367858709085833790e-01
1.715554359526369199e-01
1.585282317252175721e-01
4.413347685683530197e-02
5.438879913839519964e-02
1.314192000783273584e-01
1.292407108239093383e-01
1.265481960150779961e-01
8.400646203554119895e-02
7.287740082570456912e-02
1.116169775297396333e-01
5.326496687036111344e-02
8.500062134957117599e-02
9.531502423263275847e-02
8.138126009693037732e-02
5.401184706515872042e-02
4.637108837431924008e-02
1.058158319870755731e-01
8.077544426494301377e-02
8.077544426494301377e-02
1.378812356195228406e-01
7.165935841218519509e-02
1.411954765751210761e-01
5.654281098546000417e-02
7.808292945611200464e-02
1.130856219709200014e-02
1.459941363010824888e-01
6.445880452342442335e-02
1.204451624483931366e-01
1.726146766534484844e-01
8.594507269789980475e-02
6.055166636749806375e-02
1.917538807333003456e-02
3.069466882067796790e-02
1.565428109854600236e-01
3.279199614545217495e-02
2.046311254711900007e-01
9.334051337282334160e-02
4.407439625533293714e-02
8.077544426494301377e-02
8.267097469036079060e-02
1.135702746365104265e-01
7.526370806804134894e-02
5.960554658050588872e-02
1.077005923532575044e-01
7.539041464728035713e-02
8.616047388260600695e-03
4.538810677744403027e-02
5.859891320311311214e-02
6.479985639921019558e-02
4.308023694130300174e-02
5.528630407467201302e-02
4.900376952073212666e-02
8.260635433494865898e-02
1.270866989768409082e-02
7.704734683733002742e-02
8.500062134957117599e-02
6.462035541195450261e-02
6.581702866032373977e-02
3.049884956185418966e-02
1.238556812062465012e-01
5.621970920840056729e-02
8.346795907377449475e-02
3.446418955304240278e-02
6.623586429725354663e-02
5.249121727312332925e-02
5.036797702387336984e-02
9.693053311793200719e-03
1.307857911733046052e-01
2.884822389666307774e-01
1.593938892108966165e-01
2.211059283179842294e-01
2.169839881593109421e-01
5.974165769644770169e-02
3.075888051668457246e-01
1.340150699677070956e-01
3.744063825745581053e-01
2.646214567635449821e-01
5.435952637244340080e-02
1.657696447793323979e-01
1.367858709085833790e-01
1.715554359526369199e-01
1.585282317252175721e-01
4.413347685683530197e-02
1.033925686591276039e-01
2.400697489550477071e-01
3.554119547657510481e-01
1.747686885005138580e-01
1.870233309539015565e-01
5.223478729133009674e-02
3.220920840064621093e-01
1.631663974151858210e-01
2.355950457727517544e-01
2.933372497185093297e-01
3.931071620893909768e-02
1.493268712977920409e-01
2.097469036079697702e-01
1.346257404415722447e-01
1.497506497155299543e-01
3.661820140010769997e-02
1.082974137931033976e-01
2.355995297805641986e-01
1.848902209051723200e-01
2.314361285266455515e-01
2.052425821972733433e-01
5.226293103448270000e-02
3.432112068965516571e-01
1.489762931034482873e-01
4.165902421129856759e-01
2.671434169278993909e-01
6.034482758620689918e-02
1.238656987295825157e-01
2.429222178683383415e-01
2.402527429467082309e-01
1.260775862068964914e-01
3.448275862068959918e-02
1.099730458221024054e-01
2.512987012987012991e-01
2.199460916442048108e-01
2.073021318304335281e-01
2.476190476190474887e-01
6.037735849056599657e-02
2.092075471698110201e-01
1.407008086253367096e-01
4.395001225189901772e-01
2.156118598382748552e-01
5.768194070080859964e-02
1.207199373967480088e-01
1.708660494550565401e-01
1.278398151713514286e-01
1.687730857542177887e-01
4.797843665768190130e-02
9.223300970873779536e-02
2.415198369890924623e-01
4.427184466019418174e-01
2.033686378346571400e-01
3.060213788369126608e-01
5.825242718446600049e-02
2.290542970154617330e-01
1.573474769267647622e-01
2.637540453074432856e-01
1.928263214670979941e-01
4.962243797195250300e-02
1.348692659372269509e-01
2.179072276159652044e-01
1.398966672344289230e-01
1.840001961361184546e-01
4.099244875943899857e-02
1.003777657852130967e-01
3.241847197594630581e-01
3.057096600107931939e-01
2.228602266594707781e-01
3.243879703674628634e-01
5.612520237452769956e-02
2.158661629789529190e-01
2.081566571582759706e-01
3.768213707501348875e-01
2.757690232056121959e-01
6.907717215326490690e-02
1.448575567358763305e-01
1.554236373448461273e-01
2.271091923007733382e-01
1.018749020768412589e-01
3.993524015110629793e-02
5.438879913839524127e-02
1.314192000783268310e-01
1.292407108239085889e-01
1.265481960150778018e-01
8.400646203554093527e-02
7.287740082570426381e-02
1.116169775297395916e-01
5.326496687036053057e-02
8.500062134957064863e-02
9.531502423263249479e-02
8.138126009692982221e-02
5.401184706515792938e-02
4.637108837431927477e-02
1.058158319870751707e-01
8.077544426494265295e-02
8.077544426494275009e-02
1.378812356195220357e-01
7.165935841218537550e-02
1.411954765751210206e-01
5.654281098545996948e-02
7.808292945611167157e-02
1.130856219709203830e-02
1.459941363010821558e-01
6.445880452342392375e-02
1.204451624483927202e-01
1.726146766534483734e-01
8.594507269789902759e-02
6.055166636749774456e-02
1.917538807332991313e-02
3.069466882067779095e-02
1.565428109854603567e-01
3.279199614545168229e-02
2.046311254711891403e-01
9.334051337282245342e-02
4.407439625533133426e-02
8.077544426494265295e-02
8.267097469036038815e-02
1.135702746365095661e-01
7.526370806804084934e-02
5.960554658050559035e-02
1.077005923532573239e-01
7.539041464728023223e-02
8.616047388260546919e-03
4.538810677744428007e-02
5.859891320311329255e-02
6.479985639920909923e-02
4.308023694130301562e-02
5.528630407467229751e-02
4.900376952073230014e-02
8.260635433494879776e-02
1.270866989768340387e-02
7.704734683733005518e-02
8.500062134957071802e-02
6.462035541195393362e-02
6.581702866032423938e-02
3.049884956185392251e-02
1.238556812062452245e-01
5.621970920840035219e-02
8.346795907377332902e-02
3.446418955304142440e-02
6.623586429725307478e-02
5.249121727312261454e-02
5.036797702387329351e-02
9.693053311793008164e-03
