2.414231257941550080e-02
3.679103615571186620e-02
6.776789495976266731e-02
5.717916137229949597e-02
3.049555273189320098e-02
7.115628970775082773e-02
7.242693773824611381e-02
3.519142588807221833e-02
8.171244257648280218e-02
9.745870393900840645e-02
8.124205844980897373e-02
3.748411689961843318e-02
1.313002964845384236e-02
9.835970890608707051e-02
8.894536213468849650e-02
6.353240152477750147e-02
3.783065727157176178e-02
1.249773098565977597e-01
1.955527318932654968e-01
8.894536213468849650e-02
1.334180432020329876e-01
2.414231257941550080e-02
2.411407595651556546e-01
1.231257941550185503e-01
2.583650995340919243e-02
2.368025875014438397e-01
2.027954256670898570e-01
5.590851334180396703e-02
0.000000000000000000e+00
1.086404066073692887e-01
1.086404066073692887e-01
6.547181167658627787e-02
7.623888182973299898e-02
9.318085556967334315e-02
3.714201935294657309e-02
7.623888182973299898e-02
9.753494282083864653e-02
1.810673443456162213e-01
1.183944988414677574e-01
7.337992376111801551e-02
8.259212198221051182e-02
1.280813214739514871e-01
1.016518424396439975e-02
8.567798148484281895e-02
2.633706826845322660e-02
9.656925031766183665e-02
6.353240152477750147e-02
7.454468445573896040e-02
3.519142588807221833e-02
7.496823379923450888e-03
0.000000000000000000e+00
4.545010262926356404e-02
1.262828658000190452e-01
1.842439644218549777e-01
5.435549908230934146e-02
2.570174425320525050e-02
8.259212198221051182e-02
8.843710292249028215e-02
5.082592121982199701e-02
4.574332909783959678e-02
5.209656925031756064e-02
9.693229261208913261e-02
4.650571791613691830e-02
1.905972045743320117e-02
4.320203303684869850e-02
9.986138385121869077e-02
1.130876747141042055e-01
1.034670539117807375e-01
7.623888182973280470e-02
1.499364675984749262e-01
6.584267067113304395e-02
6.032815866526700099e-02
8.224558161025743996e-02
1.528748411689961062e-01
2.027954256670898570e-01
2.363405336721723093e-02
1.588310038119439827e-01
1.778907242693769930e-01
7.234222786954663809e-02
1.715374841168995079e-01
3.041931385006353405e-01
1.842439644218549777e-01
3.430749682337989881e-02
2.579415501905970576e-01
7.765071297472807277e-02
2.304724500404295162e-01
0.000000000000000000e+00
1.448538754764927550e-01
1.615538210201485636e-01
1.850910631088521774e-01
1.339898348157559094e-01
3.059720457433288687e-01
2.668360864040659752e-01
3.292133533556627217e-02
5.643795002117718562e-02
1.905972045743324905e-01
2.015209125475284913e-01
3.219264892268693945e-01
2.636248415716095916e-01
2.129277566539923006e-01
5.456852791878170211e-02
1.827411167512688062e-01
1.503319016009369846e-01
1.767249482985521480e-01
2.423461294416244249e-01
1.078680203045685043e-01
3.711928934010150227e-01
1.560913705583754085e-01
2.418632427590323153e-01
3.693739424703889607e-01
6.979695431472079936e-02
1.979695431472079936e-01
5.743560819702947517e-02
2.760152284263956979e-01
1.495154591601290939e-01
6.091370558375629879e-02
2.414231257941550080e-02
3.679103615571186620e-02
6.776789495976266731e-02
5.717916137229949597e-02
3.049555273189320098e-02
7.115628970775082773e-02
7.242693773824611381e-02
3.519142588807221833e-02
8.171244257648280218e-02
9.745870393900840645e-02
8.124205844980897373e-02
3.748411689961843318e-02
1.313002964845384236e-02
9.835970890608707051e-02
8.894536213468849650e-02
6.353240152477750147e-02
3.783065727157176178e-02
1.249773098565977597e-01
1.955527318932654968e-01
8.894536213468849650e-02
1.334180432020329876e-01
2.414231257941550080e-02
2.411407595651556546e-01
1.231257941550185503e-01
2.583650995340919243e-02
2.368025875014438397e-01
2.027954256670898570e-01
5.590851334180396703e-02
0.000000000000000000e+00
1.086404066073692887e-01
1.086404066073692887e-01
6.547181167658627787e-02
7.623888182973299898e-02
9.318085556967334315e-02
3.714201935294657309e-02
7.623888182973299898e-02
9.753494282083864653e-02
1.810673443456162213e-01
1.183944988414677574e-01
7.337992376111801551e-02
8.259212198221051182e-02
1.280813214739514871e-01
1.016518424396439975e-02
8.567798148484281895e-02
2.633706826845322660e-02
9.656925031766183665e-02
6.353240152477750147e-02
7.454468445573896040e-02
3.519142588807221833e-02
7.496823379923450888e-03
0.000000000000000000e+00
4.545010262926356404e-02
1.262828658000190452e-01
1.842439644218549777e-01
5.435549908230934146e-02
2.570174425320525050e-02
8.259212198221051182e-02
8.843710292249028215e-02
5.082592121982199701e-02
4.574332909783959678e-02
5.209656925031756064e-02
9.693229261208913261e-02
4.650571791613691830e-02
1.905972045743320117e-02
5.456852791878170211e-02
1.827411167512688062e-01
1.503319016009369846e-01
1.767249482985521480e-01
2.423461294416244249e-01
1.078680203045685043e-01
3.711928934010150227e-01
1.560913705583754085e-01
2.418632427590323153e-01
3.693739424703889607e-01
6.979695431472079936e-02
1.979695431472079936e-01
5.743560819702947517e-02
2.760152284263956979e-01
1.495154591601290939e-01
6.091370558375629879e-02
4.955527318932650277e-02
1.688146669086946494e-01
2.795425667090215005e-01
1.074275153055330168e-01
1.122602759965721092e-01
9.656925031766200318e-02
4.513977128335449618e-01
2.517349232724070962e-01
1.524777636594662478e-01
4.269377382465053272e-01
5.209656925031760227e-02
1.949174078780176733e-01
1.866793731469714168e-01
2.096569250317659727e-01
1.087232749571844515e-01
4.320203303684869850e-02
4.580152671755720328e-02
1.804302567661345280e-01
1.539042620865137545e-01
1.353226925746006670e-01
1.807799278063788873e-01
1.195928753180661025e-01
4.086214638527165821e-01
1.664678753180661164e-01
2.614909858697413436e-01
3.622484385843164345e-01
8.142493638676839840e-02
1.574929690638808000e-01
1.789266712930834002e-01
2.706453851492017226e-01
1.297709923664120968e-01
5.979643765903300268e-02
3.949044585987260270e-02
1.792704111175448256e-01
1.643312101910825995e-01
1.928199189345684850e-01
2.175513092710543994e-01
1.095541401273884968e-01
2.976305732484076372e-01
1.910828025477704917e-01
2.869716270990156359e-01
2.724076433121017105e-01
7.006369426751589413e-02
1.762892952537496727e-01
1.395735253392408615e-01
2.329390354868060287e-01
1.863647086577021328e-01
3.184713375796170004e-02
3.698979591836729780e-02
1.989795918367345540e-01
2.843537414965985888e-01
1.465677179962892873e-01
2.106910946196660916e-01
1.045918367346937994e-01
3.758503401360545060e-01
2.383078231292515003e-01
1.454081632653059786e-01
3.156887755102039117e-01
6.887755102040810096e-02
1.469266277939746401e-01
2.346938775510203912e-01
1.654135338345863460e-01
1.877898886827457370e-01
4.591836734693870159e-02
3.703703703703700029e-02
2.804232804232802967e-01
2.081226053639846640e-01
1.545849297573432257e-01
2.222222222222222376e-01
1.213282247765005983e-01
3.724989357173262849e-01
2.167487684729064445e-01
2.851213282247762604e-01
3.729246487867174942e-01
7.662835249042139474e-02
1.915708812260534522e-01
1.328224776500637194e-01
2.288207747977862583e-01
1.095867836690971736e-01
6.385696040868449330e-02
2.414231257941534467e-02
3.679103615571124863e-02
6.776789495976147382e-02
5.717916137229961393e-02
3.049555273189326343e-02
7.115628970775011997e-02
7.242693773824593340e-02
3.519142588807249589e-02
8.171244257648271891e-02
9.745870393900880890e-02
8.124205844980844637e-02
3.748411689961732990e-02
1.313002964845399329e-02
9.835970890608762562e-02
8.894536213468832997e-02
6.353240152477734881e-02
3.783065727157189362e-02
1.249773098565982316e-01
1.955527318932657743e-01
8.894536213468869079e-02
1.334180432020330154e-01
2.414231257941542100e-02
2.411407595651542390e-01
1.231257941550178564e-01
2.583650995340848813e-02
2.368025875014432291e-01
2.027954256670895239e-01
5.590851334180410581e-02
0.000000000000000000e+00
1.086404066073689417e-01
1.086404066073694413e-01
6.547181167658566725e-02
7.623888182973241612e-02
9.318085556967312111e-02
3.714201935294671186e-02
7.623888182973243000e-02
9.753494282083839673e-02
1.810673443456155829e-01
1.183944988414668276e-01
7.337992376111789061e-02
8.259212198220926282e-02
1.280813214739504324e-01
1.016518424396401984e-02
8.567798148484259690e-02
2.633706826845252924e-02
9.656925031766167011e-02
6.353240152477603042e-02
7.454468445573839142e-02
3.519142588807198935e-02
7.496823379923771812e-03
0.000000000000000000e+00
4.545010262926292566e-02
1.262828658000197390e-01
1.842439644218543116e-01
5.435549908230960514e-02
2.570174425320467804e-02
8.259212198220963752e-02
8.843710292249011562e-02
5.082592121982184435e-02
4.574332909783888901e-02
5.209656925031744962e-02
9.693229261208929914e-02
4.650571791613625217e-02
1.905972045743320811e-02
