5.063995548135780123e-02
1.035817271209588941e-01
1.335559265442400056e-01
1.196438508625485009e-01
8.013355592654400339e-02
8.829530699313664632e-02
8.074062831992710743e-02
4.623648109167440706e-02
9.759856170540619213e-02
9.521424596549757369e-02
7.439482470784603008e-02
5.581524763494677410e-02
5.175292153589299698e-02
1.027217078969999420e-01
9.738452977184149095e-02
8.903728436282649927e-02
1.292305357413867650e-01
9.015025041736221545e-02
1.363939899833053471e-01
5.564830272676650480e-02
7.790762381747350085e-02
1.669449081803000071e-02
1.395535769492362854e-01
7.612687813021683236e-02
1.206949854696093422e-01
1.576364648150951897e-01
8.247078464106803730e-02
3.536758795523360643e-02
1.761389755873297297e-02
3.806343906510841618e-02
1.585976627712854525e-01
3.649357115660577938e-02
1.669449081803004997e-01
9.645705805972867863e-02
5.530585163306331320e-02
9.460211463550349809e-02
8.992765720645509719e-02
8.881469115191982511e-02
7.489606861108347169e-02
8.034223706176937818e-02
9.738452977184149095e-02
8.414023372287124380e-02
7.790762381747300125e-03
5.159392638524525065e-02
4.325390802853228828e-02
4.229271007234268465e-02
3.617139677239800122e-02
6.529400853273957528e-02
5.504342987104109131e-02
6.894824707846390621e-02
9.849749582637701631e-03
1.114678310003851952e-01
8.458542014468517500e-02
7.512520868113500838e-02
6.121313299944335096e-02
2.026104112915459721e-02
1.112966054535335092e-01
6.455203116304934763e-02
9.738452977184149095e-02
2.448525319977720022e-02
1.026711185308845226e-01
5.896070169859818355e-02
4.073455759599319687e-02
1.725097384529769920e-02
6.789092932665549696e-02
1.588253149188040558e-01
1.303341827021643751e-01
1.788695444788933053e-01
1.046188091263215991e-01
1.313299944351696558e-01
5.911367430566095288e-02
8.366601340398212294e-02
8.779784489300325456e-02
1.580063995548134370e-01
1.490818030050083398e-01
7.116026711185295672e-02
1.808569838619919767e-01
1.530328324986084954e-01
1.289927657206451361e-01
1.140790205898720017e-01
2.949916527545907718e-01
1.752921535893154914e-01
2.448525319977740144e-02
1.270868113522537479e-01
1.700364805540097168e-01
1.502301816158240766e-01
2.421910914325789074e-02
9.198664440734513614e-02
2.004663857752339018e-01
1.339269152290849529e-01
1.110183639398995975e-01
1.713967723984415881e-01
1.725097384529769851e-01
1.038093792684774974e-01
9.886848451122223769e-02
1.836393989983305108e-01
3.107281823235130136e-01
2.462479155086159111e-01
2.351306281267369902e-01
2.078932740411338909e-01
1.195773081201333965e-01
2.669632925472744112e-01
1.630657996064002746e-01
2.420384789684008608e-01
2.191671301446050102e-01
6.618464961067850594e-02
2.728031145717460526e-01
1.401557285873190062e-01
3.630504482104298103e-01
2.712643678160919225e-01
5.450500556173520222e-02
1.423804226918795879e-01
1.490957030445347331e-01
1.668520578420465417e-01
1.583577712609968990e-01
5.617352614015570095e-02
5.063995548135780123e-02
1.035817271209588941e-01
1.335559265442400056e-01
1.196438508625485009e-01
8.013355592654400339e-02
8.829530699313664632e-02
8.074062831992710743e-02
4.623648109167440706e-02
9.759856170540619213e-02
9.521424596549757369e-02
7.439482470784603008e-02
5.581524763494677410e-02
5.175292153589299698e-02
1.027217078969999420e-01
9.738452977184149095e-02
8.903728436282649927e-02
1.292305357413867650e-01
9.015025041736221545e-02
1.363939899833053471e-01
5.564830272676650480e-02
7.790762381747350085e-02
1.669449081803000071e-02
1.395535769492362854e-01
7.612687813021683236e-02
1.206949854696093422e-01
1.576364648150951897e-01
8.247078464106803730e-02
3.536758795523360643e-02
1.761389755873297297e-02
3.806343906510841618e-02
1.585976627712854525e-01
3.649357115660577938e-02
1.669449081803004997e-01
9.645705805972867863e-02
5.530585163306331320e-02
9.460211463550349809e-02
8.992765720645509719e-02
8.881469115191982511e-02
7.489606861108347169e-02
8.034223706176937818e-02
9.738452977184149095e-02
8.414023372287124380e-02
7.790762381747300125e-03
5.159392638524525065e-02
4.325390802853228828e-02
4.229271007234268465e-02
3.617139677239800122e-02
6.529400853273957528e-02
5.504342987104109131e-02
6.894824707846390621e-02
9.849749582637701631e-03
1.114678310003851952e-01
8.458542014468517500e-02
7.512520868113500838e-02
6.121313299944335096e-02
2.026104112915459721e-02
1.112966054535335092e-01
6.455203116304934763e-02
9.738452977184149095e-02
2.448525319977720022e-02
1.026711185308845226e-01
5.896070169859818355e-02
4.073455759599319687e-02
1.725097384529769920e-02
1.195773081201333965e-01
2.669632925472744112e-01
1.630657996064002746e-01
2.420384789684008608e-01
2.191671301446050102e-01
6.618464961067850594e-02
2.728031145717460526e-01
1.401557285873190062e-01
3.630504482104298103e-01
2.712643678160919225e-01
5.450500556173520222e-02
1.423804226918795879e-01
1.490957030445347331e-01
1.668520578420465417e-01
1.583577712609968990e-01
5.617352614015570095e-02
1.023928770172509023e-01
2.283700347139412390e-01
3.394546466332775125e-01
1.714979511306723159e-01
1.814005254235094289e-01
6.010016694490809969e-02
3.146911519198662965e-01
1.534822995590940375e-01
2.086811352253754859e-01
2.634694187281830802e-01
3.895381190873670185e-02
1.805787423483583287e-01
2.243554071600814270e-01
1.432943795214245142e-01
1.468147395417481182e-01
4.396215915414580094e-02
1.085746102449887951e-01
2.155041506377807226e-01
1.800702951002225438e-01
2.277789026118648141e-01
2.087325840368775831e-01
6.180400890868589792e-02
3.487161011397876820e-01
1.237124164810689403e-01
3.732881580817892786e-01
2.077343591820202118e-01
6.236080178173709909e-02
1.608252256476378761e-01
2.349159748937030556e-01
2.847236282648309413e-01
1.035634743875277070e-01
4.732739420935409835e-02
9.749303621169909395e-02
2.237655102557607745e-01
2.272980501392756758e-01
2.484173208407191857e-01
2.312906220984213557e-01
6.908077994428969693e-02
2.029637883008356125e-01
1.403899721448468030e-01
4.243099518865532938e-01
2.162005571030639617e-01
4.791086350974930325e-02
1.359690897654773911e-01
2.158168826450281852e-01
1.337047353760445756e-01
1.760445682451252103e-01
4.623955431754869783e-02
9.476031215161649646e-02
2.351046698872785445e-01
3.727982162764770790e-01
2.181767507854463772e-01
2.662156683895814391e-01
6.354515050167219847e-02
2.536231884057967845e-01
1.626099343490644555e-01
2.324414715719060887e-01
1.705337235228536197e-01
4.626532887402450001e-02
1.738334129638476055e-01
2.564102564102563875e-01
1.544329050049873531e-01
2.021637782507346714e-01
3.567447045707909659e-02
9.760178471834909941e-02
3.165484821926536907e-01
2.683324037925262640e-01
2.402453987730060470e-01
3.021599148202604446e-01
6.134969325153370040e-02
2.347090537274583444e-01
1.979125169309218779e-01
3.337981037367538373e-01
2.849972113775791072e-01
6.413831567205799389e-02
1.673173452314554444e-01
1.769845696226063914e-01
2.114705335564229238e-01
1.107532878757893080e-01
4.629113218070270153e-02
5.063995548135767633e-02
1.035817271209591856e-01
1.335559265442393395e-01
1.196438508625486258e-01
8.013355592654403114e-02
8.829530699313574427e-02
8.074062831992565026e-02
4.623648109167377562e-02
9.759856170540477660e-02
9.521424596549694919e-02
7.439482470784627988e-02
5.581524763494584429e-02
5.175292153589296229e-02
1.027217078969993452e-01
9.738452977184063053e-02
8.903728436282569436e-02
1.292305357413859879e-01
9.015025041736210443e-02
1.363939899833054026e-01
5.564830272676619949e-02
7.790762381747334819e-02
1.669449081802984805e-02
1.395535769492356193e-01
7.612687813021637440e-02
1.206949854696085372e-01
1.576364648150949677e-01
8.247078464106832874e-02
3.536758795523293336e-02
1.761389755873296256e-02
3.806343906510818720e-02
1.585976627712845921e-01
3.649357115660498835e-02
1.669449081802991675e-01
9.645705805972792923e-02
5.530585163306244584e-02
9.460211463550279032e-02
8.992765720645505556e-02
8.881469115191893693e-02
7.489606861108372149e-02
8.034223706176882307e-02
9.738452977184193504e-02
8.414023372287102176e-02
7.790762381747312268e-03
5.159392638524527147e-02
4.325390802853228134e-02
4.229271007234276097e-02
3.617139677239734896e-02
6.529400853273839567e-02
5.504342987104057783e-02
6.894824707846304579e-02
9.849749582637706835e-03
1.114678310003849315e-01
8.458542014468548031e-02
7.512520868113449490e-02
6.121313299944262237e-02
2.026104112915451741e-02
1.112966054535327876e-01
6.455203116304886191e-02
9.738452977184085257e-02
2.448525319977675266e-02
1.026711185308843421e-01
5.896070169859739252e-02
4.073455759599280829e-02
1.725097384529762634e-02
