3.383458646616539778e-02
8.811802232854863692e-02
1.169590643274853320e-01
9.398496240601500462e-02
9.022556390977440333e-02
6.432748538011695549e-02
7.142857142857142461e-02
6.941266209000761245e-02
9.523809523809523281e-02
7.393483709273181159e-02
5.098684210526315680e-02
7.393483709273181159e-02
4.316346421609577877e-02
1.044657097288675812e-01
5.012531328320800339e-02
9.398496240601500462e-02
1.343130553656869119e-01
1.160042964554242467e-01
1.071428571428571369e-01
5.639097744360900555e-02
6.892230576441099599e-02
3.007518796992479995e-02
1.189083820662768243e-01
8.571428571428571508e-02
9.342801448064608216e-02
5.604921394395077916e-02
9.285714285714284644e-02
7.964355332776383578e-02
2.974828375286040980e-02
1.214285714285714274e-01
1.499999999999999944e-01
4.695950402321592138e-02
1.002506265664160068e-01
9.189640768588133724e-02
5.860805860805860801e-02
6.265664160401000771e-02
8.100250626566414536e-02
6.428571428571427937e-02
3.892083149049093554e-02
7.839912280701751002e-02
5.639097744360900555e-02
1.052631578947368363e-01
1.879699248120299954e-02
4.752953813104188185e-02
7.792207792207792028e-02
6.349206349206348854e-02
3.759398496240599907e-02
8.576998050682259345e-02
5.949656750572081959e-02
7.393483709273181159e-02
2.218045112781954001e-02
1.165413533834586263e-01
9.523809523809523281e-02
1.065162907268170089e-01
9.189640768588135111e-02
6.590339485076325554e-02
7.518796992481199815e-02
6.783625730994150005e-02
7.518796992481199815e-02
4.010025062656639994e-02
8.563074352548036283e-02
8.497434061343836498e-02
5.605680868838761044e-02
2.130325814536340040e-02
5.513784461152879818e-02
1.606858054226475152e-01
1.291386360638437925e-01
1.611170784103114484e-01
1.303258145363407894e-01
1.056211958467597467e-01
7.792207792207790640e-02
1.189931350114416392e-01
1.318067897015265111e-01
1.387061403508771384e-01
1.357142857142857040e-01
6.701127819548870213e-02
1.503759398496239963e-01
1.065162907268170089e-01
1.477861319966582432e-01
1.378446115288219920e-01
2.571428571428571175e-01
1.441102756892229941e-01
4.887218045112780296e-02
1.226503759398495930e-01
1.761347813979392551e-01
6.343130553656868564e-02
4.462242562929061296e-02
1.785714285714285476e-01
1.699486812268767300e-01
1.507936507936507853e-01
1.071428571428570953e-01
1.684210526315789436e-01
1.629072681704260006e-01
1.428571428571428492e-01
9.419381787802837136e-02
1.566416040100249707e-01
2.675000000000000155e-01
2.687499999999999889e-01
2.225000000000000033e-01
2.412499999999999922e-01
9.136420525657069913e-02
2.703379224030035832e-01
1.482622508905360736e-01
2.047930283224400350e-01
2.200406758448057720e-01
7.634543178973710043e-02
2.421777221526905943e-01
1.952440550688360199e-01
2.683501435618048658e-01
2.215269086357944395e-01
6.007509386733410339e-02
2.002503128911136132e-01
1.655773420479300928e-01
2.581351689612015887e-01
1.413130048924791382e-01
6.758448060075089581e-02
3.383458646616539778e-02
8.811802232854863692e-02
1.169590643274853320e-01
9.398496240601500462e-02
9.022556390977440333e-02
6.432748538011695549e-02
7.142857142857142461e-02
6.941266209000761245e-02
9.523809523809523281e-02
7.393483709273181159e-02
5.098684210526315680e-02
7.393483709273181159e-02
4.316346421609577877e-02
1.044657097288675812e-01
5.012531328320800339e-02
9.398496240601500462e-02
1.343130553656869119e-01
1.160042964554242467e-01
1.071428571428571369e-01
5.639097744360900555e-02
6.892230576441099599e-02
3.007518796992479995e-02
1.189083820662768243e-01
8.571428571428571508e-02
9.342801448064608216e-02
5.604921394395077916e-02
9.285714285714284644e-02
7.964355332776383578e-02
2.974828375286040980e-02
1.214285714285714274e-01
1.499999999999999944e-01
4.695950402321592138e-02
1.002506265664160068e-01
9.189640768588133724e-02
5.860805860805860801e-02
6.265664160401000771e-02
8.100250626566414536e-02
6.428571428571427937e-02
3.892083149049093554e-02
7.839912280701751002e-02
5.639097744360900555e-02
1.052631578947368363e-01
1.879699248120299954e-02
4.752953813104188185e-02
7.792207792207792028e-02
6.349206349206348854e-02
3.759398496240599907e-02
8.576998050682259345e-02
5.949656750572081959e-02
7.393483709273181159e-02
2.218045112781954001e-02
1.165413533834586263e-01
9.523809523809523281e-02
1.065162907268170089e-01
9.189640768588135111e-02
6.590339485076325554e-02
7.518796992481199815e-02
6.783625730994150005e-02
7.518796992481199815e-02
4.010025062656639994e-02
8.563074352548036283e-02
8.497434061343836498e-02
5.605680868838761044e-02
2.130325814536340040e-02
9.136420525657069913e-02
2.703379224030035832e-01
1.482622508905360736e-01
2.047930283224400350e-01
2.200406758448057720e-01
7.634543178973710043e-02
2.421777221526905943e-01
1.952440550688360199e-01
2.683501435618048658e-01
2.215269086357944395e-01
6.007509386733410339e-02
2.002503128911136132e-01
1.655773420479300928e-01
2.581351689612015887e-01
1.413130048924791382e-01
6.758448060075089581e-02
8.521303258145360160e-02
1.923857262203126084e-01
2.506265664160400308e-01
1.845522898154476621e-01
1.756134522352391925e-01
7.894736842105259944e-02
2.861842105263157632e-01
2.044534412955465175e-01
1.660401002506264878e-01
2.743221690590110784e-01
4.385964912280700123e-02
1.700501253132831458e-01
2.012322472848787902e-01
1.785714285714284921e-01
1.697722567287784090e-01
6.390977443609019426e-02
7.402760351317440313e-02
2.298391696133224582e-01
1.486825595984941073e-01
2.309798106535872753e-01
2.465641504479004487e-01
6.022584692597229838e-02
3.291017787290570484e-01
1.610727728983687435e-01
2.578819509330199100e-01
2.894946960191627783e-01
4.767879548306139942e-02
1.849039160007922011e-01
2.491160031937945663e-01
2.977073115090680955e-01
1.543287327478040927e-01
5.646173149309909739e-02
7.788944723618089483e-02
2.467736409319322144e-01
1.582914572864319025e-01
2.209913202375511643e-01
2.219430485762143024e-01
6.155778894472360013e-02
2.338190954773867181e-01
2.148241206030150063e-01
3.032206486980355553e-01
2.288442211055272957e-01
5.150753768844219815e-02
1.422434754417247205e-01
2.310465370329908563e-01
1.902368987796123068e-01
1.690861715987341807e-01
5.778894472361800067e-02
7.547169811320750266e-02
2.180293501048217175e-01
3.122851153039830630e-01
2.032590051457974223e-01
2.529445397369924908e-01
6.037735849056599657e-02
2.343815513626834601e-01
2.721174004192871698e-01
1.660377358490565114e-01
2.118710691823897097e-01
4.905660377358490171e-02
1.590296495956871614e-01
2.716981132075467764e-01
2.150281363786825384e-01
2.032590051457974223e-01
4.276729559748419784e-02
6.675062972292189478e-02
2.974091399784091760e-01
2.296725440806045293e-01
2.510831234256925004e-01
2.589878635218685887e-01
7.052896725440800652e-02
2.361460957178837528e-01
2.914717524289312522e-01
3.409949622166244532e-01
2.942065491183877834e-01
5.163727959697730213e-02
1.541163993106188512e-01
1.712846347607050457e-01
2.833753148614608364e-01
1.327699683107173567e-01
5.415617128463470070e-02
3.383458646616534227e-02
8.811802232854784589e-02
1.169590643274844716e-01
9.398496240601426910e-02
9.022556390977408414e-02
6.432748538011594241e-02
7.142857142857023112e-02
6.941266209000740428e-02
9.523809523809398381e-02
7.393483709273078464e-02
5.098684210526249760e-02
7.393483709273085402e-02
4.316346421609517509e-02
1.044657097288673314e-01
5.012531328320787849e-02
9.398496240601399154e-02
1.343130553656864679e-01
1.160042964554231781e-01
1.071428571428565402e-01
5.639097744360864473e-02
6.892230576440989964e-02
3.007518796992462301e-02
1.189083820662766161e-01
8.571428571428571508e-02
9.342801448064456948e-02
5.604921394394982159e-02
9.285714285714141702e-02
7.964355332776344720e-02
2.974828375285988591e-02
1.214285714285714413e-01
1.499999999999990230e-01
4.695950402321495687e-02
1.002506265664146329e-01
9.189640768587982456e-02
5.860805860805731043e-02
6.265664160400911953e-02
8.100250626566345147e-02
6.428571428571394630e-02
3.892083149049005431e-02
7.839912280701714919e-02
5.639097744360899167e-02
1.052631578947363367e-01
1.879699248120264565e-02
4.752953813104168757e-02
7.792207792207775374e-02
6.349206349206278077e-02
3.759398496240583254e-02
8.576998050682138608e-02
5.949656750572076408e-02
7.393483709273059035e-02
2.218045112781907857e-02
1.165413533834579185e-01
9.523809523809438626e-02
1.065162907268169257e-01
9.189640768588126785e-02
6.590339485076246451e-02
7.518796992481181773e-02
6.783625730994098657e-02
7.518796992481166508e-02
4.010025062656616401e-02
8.563074352547887791e-02
8.497434061343765721e-02
5.605680868838704839e-02
2.130325814536329632e-02
