5.868544600938900048e-03
6.311352966282539334e-02
7.042253521126734528e-02
6.455399061032850161e-02
3.755868544600920317e-02
9.859154929577432225e-02
9.731113956466024006e-02
2.321902429067130777e-02
6.175514626218830266e-02
9.694835680751168194e-02
8.186619718309851024e-02
6.924882629107961818e-02
4.851330203442871802e-02
1.467669654289369130e-01
7.042253521126749793e-02
8.215962441314549058e-02
9.784464361929146037e-02
1.018611670020120735e-01
1.739436619718308930e-01
1.173708920187790106e-01
1.760563380281690016e-01
8.215962441314500833e-03
1.431924882629103390e-01
4.683098591549267331e-02
1.431924882629103390e-01
1.924882629107977638e-01
1.739436619718308930e-01
5.738132498695864420e-02
0.000000000000000000e+00
2.676056338028127979e-02
1.003521126760563570e-01
3.848529775142056630e-02
8.802816901408450079e-02
8.607198748043801140e-02
3.430841459010434968e-02
1.115023474178400142e-01
1.043192488262908862e-01
1.605633802816899547e-01
1.397404032035347576e-01
3.389084507042224720e-02
7.042253521126749793e-02
1.446009389671359113e-01
1.173708920187790071e-02
7.914151576123369669e-02
3.040973111395612813e-02
1.115023474178404028e-01
6.455399061032850161e-02
9.181011997913363087e-02
1.857521943253696503e-02
5.539906103286357936e-02
3.462441314553951072e-02
7.556879739978304700e-02
1.029252437703142148e-01
7.629107981220650814e-02
1.362806468440267149e-01
3.798548868971386716e-02
6.455399061032850161e-02
7.715179968701062208e-02
7.042253521126749793e-02
5.164319248826280268e-02
6.416275430359906495e-02
7.461435278336689403e-02
6.682316118935832661e-02
2.699530516431920130e-02
3.286384976525819762e-02
1.407917200170721306e-01
8.796639486038998479e-02
1.257545271629777472e-01
8.920187793427200584e-02
1.681757209926221242e-01
7.906530089628674429e-02
6.965707287201471087e-02
8.071916346564200762e-02
1.129694835680747911e-01
1.271126760563376645e-01
5.730633802816887529e-02
2.347417840375584930e-01
1.877934272300464946e-01
1.336463223787166532e-01
1.525821596244130163e-01
2.742957746478872361e-01
2.464788732394365134e-01
1.995305164319240154e-02
1.872065727699530613e-01
2.653886280646841067e-01
2.227912932138284841e-01
2.321902429067130777e-02
6.021126760563359770e-02
1.492287055667337881e-01
1.932707355242565539e-01
1.304577464788731211e-01
3.023474178403757207e-01
1.467136150234740199e-01
7.906530089628675817e-02
4.812206572769946178e-02
1.525821596244130163e-01
2.213114754098360060e-01
2.798594847775174865e-01
2.728337236533958099e-01
2.259953161592505866e-01
4.454865181711600147e-02
2.203985932004688120e-01
1.562359094598249065e-01
2.408058703486602170e-01
2.665225674091441510e-01
7.268464243845250417e-02
4.009378663540444365e-01
9.144196951934339956e-02
2.792910833735600673e-01
3.458382180539272266e-01
7.033997655334109367e-02
2.203985932004688120e-01
1.061178411705960278e-01
2.417936694021101673e-01
1.496323137589255503e-01
7.033997655334109367e-02
5.868544600938900048e-03
6.311352966282539334e-02
7.042253521126734528e-02
6.455399061032850161e-02
3.755868544600920317e-02
9.859154929577432225e-02
9.731113956466024006e-02
2.321902429067130777e-02
6.175514626218830266e-02
9.694835680751168194e-02
8.186619718309851024e-02
6.924882629107961818e-02
4.851330203442871802e-02
1.467669654289369130e-01
7.042253521126749793e-02
8.215962441314549058e-02
9.784464361929146037e-02
1.018611670020120735e-01
1.739436619718308930e-01
1.173708920187790106e-01
1.760563380281690016e-01
8.215962441314500833e-03
1.431924882629103390e-01
4.683098591549267331e-02
1.431924882629103390e-01
1.924882629107977638e-01
1.739436619718308930e-01
5.738132498695864420e-02
0.000000000000000000e+00
2.676056338028127979e-02
1.003521126760563570e-01
3.848529775142056630e-02
8.802816901408450079e-02
8.607198748043801140e-02
3.430841459010434968e-02
1.115023474178400142e-01
1.043192488262908862e-01
1.605633802816899547e-01
1.397404032035347576e-01
3.389084507042224720e-02
7.042253521126749793e-02
1.446009389671359113e-01
1.173708920187790071e-02
7.914151576123369669e-02
3.040973111395612813e-02
1.115023474178404028e-01
6.455399061032850161e-02
9.181011997913363087e-02
1.857521943253696503e-02
5.539906103286357936e-02
3.462441314553951072e-02
7.556879739978304700e-02
1.029252437703142148e-01
7.629107981220650814e-02
1.362806468440267149e-01
3.798548868971386716e-02
6.455399061032850161e-02
7.715179968701062208e-02
7.042253521126749793e-02
5.164319248826280268e-02
6.416275430359906495e-02
7.461435278336689403e-02
6.682316118935832661e-02
2.699530516431920130e-02
4.454865181711600147e-02
2.203985932004688120e-01
1.562359094598249065e-01
2.408058703486602170e-01
2.665225674091441510e-01
7.268464243845250417e-02
4.009378663540444365e-01
9.144196951934339956e-02
2.792910833735600673e-01
3.458382180539272266e-01
7.033997655334109367e-02
2.203985932004688120e-01
1.061178411705960278e-01
2.417936694021101673e-01
1.496323137589255503e-01
7.033997655334109367e-02
3.990610328638490023e-02
2.287055667337355713e-01
2.875586854460089881e-01
1.280409731113955896e-01
2.216945081340755130e-01
5.633802816901400251e-02
3.616490610328637612e-01
2.006139400505597692e-01
1.584507042253520126e-01
4.302176696542893142e-01
5.751173708920179900e-02
1.973591549295774239e-01
1.523865414710483535e-01
1.555164319248824867e-01
2.092263727291281405e-01
5.985915492957739892e-02
4.112808460634539975e-02
1.909518213866037428e-01
1.421489424206813790e-01
2.403589360111098305e-01
2.096029295220395161e-01
8.460634547591069921e-02
4.025713693232873536e-01
1.247429494712102432e-01
2.702702702702701743e-01
3.172737955346646710e-01
9.635722679200940666e-02
1.662440472509122413e-01
2.284478154043371179e-01
2.692020083324428992e-01
1.339600470035249846e-01
5.992949471210339690e-02
5.882352941176469813e-02
2.035026737967913224e-01
1.447058823529410176e-01
1.877005347593580509e-01
1.801307189542484255e-01
7.529411764705880306e-02
3.307764705882350054e-01
1.799999999999999933e-01
3.596791443850263503e-01
2.888470588235292902e-01
7.411764705882349646e-02
1.480075901328272991e-01
1.335038363171354714e-01
1.781512605042014363e-01
1.996514161220042383e-01
5.999999999999999778e-02
5.535924617196699704e-02
1.565240151812589964e-01
2.685512367491162400e-01
2.114787450476494635e-01
1.945604454438376874e-01
8.362779740871610634e-02
3.725952100510402931e-01
1.853160581075774249e-01
1.872791519434628960e-01
2.712750294464072454e-01
6.478209658421670014e-02
1.886252734309270263e-01
1.978798586572436125e-01
1.874651292542309500e-01
2.495449191562263691e-01
4.240282685512360150e-02
4.009433962264150053e-02
2.882412398921832541e-01
2.150471698113204655e-01
1.973113207547166070e-01
2.378323327615778360e-01
8.254716981132069475e-02
3.144654088050312657e-01
2.410714285714286309e-01
3.416863207547168879e-01
3.386006289308176598e-01
8.962264150943390073e-02
1.675769612711021372e-01
1.320754716981130672e-01
2.456761006289308324e-01
1.300973828362750051e-01
6.367924528301879827e-02
5.868544600938888772e-03
6.311352966282493537e-02
7.042253521126679017e-02
6.455399061032814079e-02
3.755868544600932113e-02
9.859154929577433613e-02
9.731113956465919923e-02
2.321902429067073531e-02
6.175514626218779612e-02
9.694835680751051621e-02
8.186619718309842697e-02
6.924882629107841081e-02
4.851330203442854455e-02
1.467669654289369130e-01
7.042253521126727589e-02
8.215962441314503262e-02
9.784464361929098852e-02
1.018611670020113241e-01
1.739436619718308097e-01
1.173708920187788995e-01
1.760563380281687795e-01
8.215962441314426240e-03
1.431924882629095341e-01
4.683098591549168105e-02
1.431924882629104501e-01
1.924882629107977638e-01
1.739436619718300880e-01
5.738132498695869277e-02
0.000000000000000000e+00
2.676056338028035345e-02
1.003521126760554411e-01
3.848529775142038589e-02
8.802816901408448691e-02
8.607198748043648484e-02
3.430841459010333661e-02
1.115023474178403334e-01
1.043192488262902201e-01
1.605633802816892608e-01
1.397404032035342858e-01
3.389084507042220556e-02
7.042253521126741467e-02
1.446009389671360779e-01
1.173708920187758499e-02
7.914151576123291953e-02
3.040973111395583670e-02
1.115023474178393204e-01
6.455399061032744690e-02
9.181011997913361700e-02
1.857521943253646543e-02
5.539906103286282302e-02
3.462441314553920541e-02
7.556879739978290822e-02
1.029252437703135764e-01
7.629107981220548118e-02
1.362806468440265206e-01
3.798548868971365206e-02
6.455399061032783548e-02
7.715179968701091351e-02
7.042253521126737303e-02
5.164319248826236552e-02
6.416275430359900944e-02
7.461435278336604748e-02
6.682316118935752169e-02
2.699530516431910068e-02
