1.190476190476190063e-02
6.893939393939368943e-02
1.587301587301533437e-02
1.190476190476190133e-01
9.523809523809200275e-03
1.777777777777778678e-01
7.402597402597360654e-02
1.884057971014468924e-02
2.783882783882748665e-02
7.023809523809522448e-02
1.383928571428525052e-02
8.428571428571378366e-02
6.560846560846543551e-02
8.506493506493456591e-02
7.142857142857100827e-02
5.952380952380950663e-02
7.088744588744587405e-02
1.102040816326528005e-01
1.492857142857138275e-01
1.190476190476190133e-01
2.142857142857140240e-01
1.190476190476190063e-02
2.259259259259258357e-01
1.357142857142857040e-01
4.841269841269815744e-02
3.017316017316012955e-01
1.085714285714283467e-01
8.148148148148118275e-02
9.420289855072146862e-03
8.142857142857097552e-02
8.142857142857097552e-02
1.115288220551378245e-01
7.142857142857100827e-02
1.587301587301533437e-02
1.391941391941345189e-02
2.380952380952349942e-02
5.771428571428538490e-02
2.171428571428572485e-01
1.355742296918763523e-01
8.020833333333302062e-02
2.380952380952349942e-02
7.999999999999955758e-02
4.761904761904699884e-03
6.020408163265271451e-02
7.402597402597360654e-02
7.539682539682539264e-02
7.142857142857100827e-02
9.312169312169291113e-02
6.594202898550700909e-02
1.123809523809521094e-01
1.404761904761857132e-02
5.109890109890080634e-02
1.252747252747251627e-01
1.190476190476190133e-01
5.820105820105807293e-02
3.852813852813844614e-02
3.571428571428550414e-02
1.104761904761902142e-01
7.142857142857100827e-02
5.714285714285680107e-02
6.507936507936493142e-02
1.009070294784580601e-01
8.714285714285702200e-02
1.666666666666660052e-02
2.857142857142850115e-02
1.477272727272727071e-01
1.226817042606512254e-01
1.530612244897958663e-01
6.666666666666640206e-02
2.207482993197275867e-01
8.019480519480506886e-02
7.536231884057954800e-02
5.779220779220746451e-02
1.374999999999996503e-01
1.492857142857138275e-01
6.089285714285693624e-02
9.523809523809501076e-02
1.904761904761904934e-01
1.355555555555554015e-01
1.666666666666664909e-01
2.307142857142853720e-01
2.857142857142854764e-01
1.666666666666660052e-02
1.898809523809521227e-01
1.018518518518514715e-01
2.812121212121210245e-01
1.884057971014468924e-02
9.499999999999965417e-02
1.614512471655329684e-01
9.047619047618997434e-02
1.221428571428569837e-01
2.933333333333330017e-01
1.428571428571425161e-01
1.727272727272725905e-01
8.948412698412668009e-02
1.428571428571425161e-01
2.061611374407582020e-01
3.293838862559241853e-01
2.203791469194311958e-01
2.440758293838861948e-01
5.463182897862230158e-02
2.375296912114011894e-01
9.848346427918876211e-02
2.067388053136269277e-01
2.448040380047503961e-01
1.116389548693585976e-01
3.741092636579572694e-01
1.638954869358669186e-01
1.131759116948440336e-01
3.737133808392713030e-01
4.038004750593820330e-02
2.375296912114011894e-01
1.571214920383563751e-01
2.404988123515436615e-01
1.574174044482830881e-01
7.125890736342040122e-02
1.190476190476190063e-02
6.893939393939368943e-02
1.587301587301533437e-02
1.190476190476190133e-01
9.523809523809200275e-03
1.777777777777778678e-01
7.402597402597360654e-02
1.884057971014468924e-02
2.783882783882748665e-02
7.023809523809522448e-02
1.383928571428525052e-02
8.428571428571378366e-02
6.560846560846543551e-02
8.506493506493456591e-02
7.142857142857100827e-02
5.952380952380950663e-02
7.088744588744587405e-02
1.102040816326528005e-01
1.492857142857138275e-01
1.190476190476190133e-01
2.142857142857140240e-01
1.190476190476190063e-02
2.259259259259258357e-01
1.357142857142857040e-01
4.841269841269815744e-02
3.017316017316012955e-01
1.085714285714283467e-01
8.148148148148118275e-02
9.420289855072146862e-03
8.142857142857097552e-02
8.142857142857097552e-02
1.115288220551378245e-01
7.142857142857100827e-02
1.587301587301533437e-02
1.391941391941345189e-02
2.380952380952349942e-02
5.771428571428538490e-02
2.171428571428572485e-01
1.355742296918763523e-01
8.020833333333302062e-02
2.380952380952349942e-02
7.999999999999955758e-02
4.761904761904699884e-03
6.020408163265271451e-02
7.402597402597360654e-02
7.539682539682539264e-02
7.142857142857100827e-02
9.312169312169291113e-02
6.594202898550700909e-02
1.123809523809521094e-01
1.404761904761857132e-02
5.109890109890080634e-02
1.252747252747251627e-01
1.190476190476190133e-01
5.820105820105807293e-02
3.852813852813844614e-02
3.571428571428550414e-02
1.104761904761902142e-01
7.142857142857100827e-02
5.714285714285680107e-02
6.507936507936493142e-02
1.009070294784580601e-01
8.714285714285702200e-02
1.666666666666660052e-02
5.463182897862230158e-02
2.375296912114011894e-01
9.848346427918876211e-02
2.067388053136269277e-01
2.448040380047503961e-01
1.116389548693585976e-01
3.741092636579572694e-01
1.638954869358669186e-01
1.131759116948440336e-01
3.737133808392713030e-01
4.038004750593820330e-02
2.375296912114011894e-01
1.571214920383563751e-01
2.404988123515436615e-01
1.574174044482830881e-01
7.125890736342040122e-02
3.809523809523809867e-02
2.390022675736959978e-01
1.666666666666664909e-01
1.493506493506492061e-01
1.958471760797339534e-01
8.571428571428570120e-02
3.366071428571427715e-01
3.422161172161173326e-01
1.190476190476190133e-01
3.393939393939390814e-01
4.761904761904760253e-02
1.615476190476188845e-01
1.871031746031744103e-01
2.380952380952380265e-01
1.697722567287784090e-01
4.761904761904760253e-02
6.443914081145579731e-02
1.692341071816010900e-01
1.355161097852028429e-01
1.269255803862006926e-01
1.370927457401341365e-01
1.121718377088305046e-01
4.215920258318121561e-01
2.356801909307875698e-01
2.803026456101150865e-01
2.577565632458230782e-01
4.057279236276849915e-02
1.969601808817985078e-01
1.579518333694942545e-01
4.295942720763722411e-01
1.431980906921241081e-01
5.250596658711210313e-02
4.066985645933009902e-02
2.174314919530230539e-01
1.507177033492821117e-01
1.761635493692910448e-01
2.395002658160550746e-01
1.052631578947367946e-01
2.178947368421050024e-01
2.727272727272727071e-01
2.438016528925616710e-01
2.557894736842105665e-01
4.784688995215310298e-02
1.444667386942428411e-01
1.497815685458702972e-01
2.392344497607654108e-01
1.959950381003011388e-01
5.502392344497600285e-02
2.637889688249400039e-02
2.355448974154010500e-01
2.308553157474018680e-01
1.980597340309567522e-01
3.358404185742315806e-01
9.352517985611509543e-02
2.597921662669862575e-01
2.829736211031173010e-01
1.654676258992802962e-01
1.978417266187047774e-01
4.316546762589919956e-02
1.616992120589240967e-01
1.247002398081532015e-01
2.756531616811813135e-01
2.583387835186394255e-01
4.796163069544359669e-02
4.086538461538460204e-02
2.788461538461537992e-01
1.678846153846151601e-01
2.053846153846150269e-01
2.471590909090909394e-01
1.153846153846152939e-01
3.605769230769229061e-01
2.688873626373624592e-01
2.740384615384611755e-01
3.041666666666666963e-01
3.846153846153840122e-02
2.182439271255059710e-01
1.217948717948717230e-01
3.305288461538458678e-01
1.296526054590568799e-01
6.490384615384610367e-02
1.190476190476190410e-02
6.893939393939357840e-02
1.587301587301463354e-02
1.190476190476186802e-01
9.523809523809325175e-03
1.777777777777777568e-01
7.402597402597273224e-02
1.884057971014469618e-02
2.783882783882741727e-02
7.023809523809521060e-02
1.383928571428524358e-02
8.428571428571388080e-02
6.560846560846526898e-02
8.506493506493405243e-02
7.142857142857100827e-02
5.952380952380915968e-02
7.088744588744445851e-02
1.102040816326531197e-01
1.492857142857129671e-01
1.190476190476187912e-01
2.142857142857131914e-01
1.190476190476168900e-02
2.259259259259259467e-01
1.357142857142857317e-01
4.841269841269760232e-02
3.017316017316020171e-01
1.085714285714277916e-01
8.148148148148058600e-02
9.420289855071846755e-03
8.142857142857029551e-02
8.142857142857085062e-02
1.115288220551372833e-01
7.142857142857036989e-02
1.587301587301428660e-02
1.391941391941345710e-02
2.380952380952366942e-02
5.771428571428470489e-02
2.171428571428571652e-01
1.355742296918755752e-01
8.020833333333245163e-02
2.380952380952298247e-02
7.999999999999894695e-02
4.761904761904465697e-03
6.020408163265309615e-02
7.402597402597363430e-02
7.539682539682511508e-02
7.142857142857142461e-02
9.312169312169198132e-02
6.594202898550727276e-02
1.123809523809511102e-01
1.404761904761898245e-02
5.109890109890009857e-02
1.252747252747245799e-01
1.190476190476189439e-01
5.820105820105662270e-02
3.852813852813836287e-02
3.571428571428550414e-02
1.104761904761895480e-01
7.142857142857142461e-02
5.714285714285615575e-02
6.507936507936436243e-02
1.009070294784575328e-01
8.714285714285689710e-02
1.666666666666666644e-02
