1.349072512647550050e-02
9.765445347232867834e-02
4.496908375491800308e-02
8.431703204047000244e-03
6.070826306913960219e-02
6.295671725688570253e-02
1.485512800858499183e-01
5.337634723953351562e-02
6.901024776235568925e-02
6.964586846542999976e-02
6.861298482293423651e-02
9.949409780775460982e-03
1.742551995503080833e-02
5.020695998773560403e-02
8.431703204047200084e-02
8.431703204047200084e-02
5.020695998773560403e-02
1.853770175861236824e-01
1.057335581787516993e-01
6.745362563237750075e-02
1.011804384485665009e-01
1.011804384485659979e-02
2.057335581787516909e-01
5.767284991568263908e-02
1.142964212104176647e-01
1.257090295876128472e-01
2.018549747048903886e-01
6.595465617388024393e-02
0.000000000000000000e+00
9.612141652613584095e-03
2.210792580101181293e-01
6.319339664506945509e-02
1.011804384485665009e-01
5.621135469364799825e-02
6.901024776235568925e-02
1.011804384485665009e-01
7.494097807757137131e-02
2.403035413153452871e-01
8.729292728895927944e-02
7.303962900505858724e-02
1.011804384485665009e-01
2.077571669477232263e-01
2.360876897133220090e-02
9.238737653577426545e-02
6.116817415299708599e-02
6.408094435075849249e-02
1.180438448566610010e-01
3.297732808693987216e-02
1.334408680988308227e-02
3.979763912310243373e-02
0.000000000000000000e+00
8.444675055130367036e-02
1.084446750551299465e-01
2.529510961214150033e-02
4.122166010867484021e-02
5.457611528437817522e-02
6.745362563237750075e-02
1.043282743114105487e-01
1.602023608768969876e-01
6.070826306913960219e-02
3.456998313659338795e-02
1.000562113546936555e-01
3.428892636312527720e-02
2.023608768971330019e-02
3.372681281618879895e-02
1.255557258929937137e-01
9.479009496760441855e-02
7.949891592387343942e-02
1.214165261382796068e-01
1.492411467116357415e-01
1.092288824160660143e-01
6.004839064447505675e-02
1.023302161582092390e-01
1.298482293423267042e-01
1.249578414839794399e-01
3.920741989881948442e-02
1.433389544688025152e-01
1.517706576728495016e-01
6.857785272625055439e-02
2.782462057335580163e-01
3.268128161888698147e-01
2.613827993254634885e-01
3.372681281618879895e-02
2.384064080944351405e-01
1.442758103803634950e-01
1.422658286064691635e-01
0.000000000000000000e+00
7.689713322091037973e-02
1.858186782301452789e-01
1.174817313097241134e-01
1.297639123102864722e-01
4.438448566610454504e-01
1.264755480607080151e-01
9.612141652613789833e-02
2.880831928049460214e-02
1.602023608768969876e-01
2.016806722689075126e-01
2.789915966386554147e-01
3.092436974789916082e-01
2.100840336134452979e-01
4.545454545454540030e-02
2.828282828282828176e-01
1.096866096866095930e-01
1.641102381843120850e-01
2.194339225589226061e-01
7.070707070707070441e-02
3.712121212121207714e-01
1.616161616161614079e-01
2.967914438502670116e-01
3.641975308641972053e-01
1.026936026936026980e-01
2.087542087542083868e-01
7.619403915700180552e-02
1.641414141414138939e-01
2.148760330578511624e-01
5.723905723905720055e-02
1.349072512647550050e-02
9.765445347232867834e-02
4.496908375491800308e-02
8.431703204047000244e-03
6.070826306913960219e-02
6.295671725688570253e-02
1.485512800858499183e-01
5.337634723953351562e-02
6.901024776235568925e-02
6.964586846542999976e-02
6.861298482293423651e-02
9.949409780775460982e-03
1.742551995503080833e-02
5.020695998773560403e-02
8.431703204047200084e-02
8.431703204047200084e-02
5.020695998773560403e-02
1.853770175861236824e-01
1.057335581787516993e-01
6.745362563237750075e-02
1.011804384485665009e-01
1.011804384485659979e-02
2.057335581787516909e-01
5.767284991568263908e-02
1.142964212104176647e-01
1.257090295876128472e-01
2.018549747048903886e-01
6.595465617388024393e-02
0.000000000000000000e+00
9.612141652613584095e-03
2.210792580101181293e-01
6.319339664506945509e-02
1.011804384485665009e-01
5.621135469364799825e-02
6.901024776235568925e-02
1.011804384485665009e-01
7.494097807757137131e-02
2.403035413153452871e-01
8.729292728895927944e-02
7.303962900505858724e-02
1.011804384485665009e-01
2.077571669477232263e-01
2.360876897133220090e-02
9.238737653577426545e-02
6.116817415299708599e-02
6.408094435075849249e-02
1.180438448566610010e-01
3.297732808693987216e-02
1.334408680988308227e-02
3.979763912310243373e-02
0.000000000000000000e+00
8.444675055130367036e-02
1.084446750551299465e-01
2.529510961214150033e-02
4.122166010867484021e-02
5.457611528437817522e-02
6.745362563237750075e-02
1.043282743114105487e-01
1.602023608768969876e-01
6.070826306913960219e-02
3.456998313659338795e-02
1.000562113546936555e-01
3.428892636312527720e-02
2.023608768971330019e-02
4.545454545454540030e-02
2.828282828282828176e-01
1.096866096866095930e-01
1.641102381843120850e-01
2.194339225589226061e-01
7.070707070707070441e-02
3.712121212121207714e-01
1.616161616161614079e-01
2.967914438502670116e-01
3.641975308641972053e-01
1.026936026936026980e-01
2.087542087542083868e-01
7.619403915700180552e-02
1.641414141414138939e-01
2.148760330578511624e-01
5.723905723905720055e-02
4.553119730185489766e-02
1.692764795631572505e-01
3.204047217537939751e-01
9.198221677142401353e-02
1.387113220126277024e-01
6.070826306913990056e-02
4.462478920741987931e-01
1.965235439097159365e-01
1.770657672849915154e-01
4.979304001226429466e-01
7.588532883642490345e-02
1.890387858347384598e-01
1.382799325463742179e-01
1.559865092748735083e-01
1.683407874477600430e-01
6.070826306913990056e-02
4.898648648648640247e-02
1.447328009828007245e-01
1.751478040540539460e-01
1.312960687960684492e-01
1.583123821495912853e-01
9.628378378378370239e-02
3.978537360890301300e-01
1.417863175675674881e-01
3.306497987349048540e-01
2.985257985257984692e-01
1.114864864864864025e-01
1.991465149359884224e-01
1.397420147420144476e-01
2.971437346437345584e-01
1.570945945945944056e-01
5.236486486486480185e-02
5.076142131979689831e-02
1.637055837563450855e-01
1.827411167512688894e-01
1.384402399630826341e-01
2.142319984959579482e-01
6.937394247038909667e-02
3.283248730964467565e-01
1.675126903553298130e-01
2.994923857868017625e-01
3.417258883248730505e-01
9.475465313028759440e-02
1.788112002619943464e-01
9.269476936658571642e-02
1.885424220449600230e-01
2.079338221470200532e-01
4.906937394247030265e-02
4.067796610169489846e-02
1.370998116760826779e-01
3.778531073446325661e-01
1.399845916795068868e-01
2.373651771956855616e-01
6.101694915254229912e-02
3.672316384180792093e-01
2.222222222222221266e-01
1.983050847457625832e-01
3.379237288135593098e-01
7.796610169491520470e-02
1.857142857142856096e-01
1.220338983050844039e-01
2.098126672613737642e-01
2.617103235747300638e-01
3.559322033898300319e-02
4.414261460101859963e-02
1.969439728353137575e-01
2.437351443123939032e-01
1.631918505942273889e-01
2.081339712918659490e-01
8.828522920203729640e-02
3.254102999434067001e-01
2.357506669900555907e-01
3.225806451612901471e-01
3.387662705149971365e-01
1.154499151103565019e-01
2.211598606022696367e-01
1.041312959818901374e-01
3.041878890775325250e-01
1.331945889698229468e-01
4.414261460101859963e-02
1.349072512647539641e-02
9.765445347232833140e-02
4.496908375491681653e-02
8.431703204046693198e-03
6.070826306913988668e-02
6.295671725688513354e-02
1.485512800858494742e-01
5.337634723953343235e-02
6.901024776235487046e-02
6.964586846542875076e-02
6.861298482293418100e-02
9.949409780774137388e-03
1.742551995503073894e-02
5.020695998773452851e-02
8.431703204047191758e-02
8.431703204047201472e-02
5.020695998773532648e-02
1.853770175861226555e-01
1.057335581787512274e-01
6.745362563237737585e-02
1.011804384485660013e-01
1.011804384485646621e-02
2.057335581787502476e-01
5.767284991568233377e-02
1.142964212104166516e-01
1.257090295876127362e-01
2.018549747048904441e-01
6.595465617387995250e-02
0.000000000000000000e+00
9.612141652612539791e-03
2.210792580101175742e-01
6.319339664506856691e-02
1.011804384485658626e-01
5.621135469364650639e-02
6.901024776235570313e-02
1.011804384485665981e-01
7.494097807757095497e-02
2.403035413153457034e-01
8.729292728895812759e-02
7.303962900505898970e-02
1.011804384485654740e-01
2.077571669477225325e-01
2.360876897133209334e-02
9.238737653577372422e-02
6.116817415299648231e-02
6.408094435075883943e-02
1.180438448566610010e-01
3.297732808693951828e-02
1.334408680988259654e-02
3.979763912310196189e-02
0.000000000000000000e+00
8.444675055130228258e-02
1.084446750551293775e-01
2.529510961214071971e-02
4.122166010867413244e-02
5.457611528437743970e-02
6.745362563237723708e-02
1.043282743114100769e-01
1.602023608768968210e-01
6.070826306913924136e-02
3.456998313659301325e-02
1.000562113546934612e-01
3.428892636312523556e-02
2.023608768971310590e-02
