6.172839506172830143e-02
7.659932659932654209e-02
2.057613168724273245e-01
1.080246913580244911e-01
7.407407407407400057e-02
2.880658436213974841e-02
3.198653198653179236e-02
1.099033816425118021e-01
1.623931623931620105e-01
1.092592592592591533e-01
7.175925925925882853e-02
3.641975308641952347e-02
7.441700960219464756e-02
1.102693602693601699e-01
7.716049382716000382e-02
4.629629629629600229e-02
2.572951739618402067e-01
1.249999999999997918e-01
5.277777777777745843e-02
3.086419753086400153e-02
1.543209876543205072e-01
1.234567901234560026e-02
2.091906721536339331e-02
3.518518518518497229e-02
4.183813443072678662e-02
0.000000000000000000e+00
1.759259259259248614e-02
4.526748971193387400e-02
4.884594739667173779e-02
1.055555555555554859e-01
1.759259259259254304e-01
1.012020792722545387e-01
1.080246913580244911e-01
2.057613168724266653e-02
9.021842355175635486e-02
9.259259259259250419e-02
3.740740740740717413e-02
1.759259259259248614e-02
1.597676107480019633e-02
1.188271604938268833e-01
3.086419753086400153e-02
1.728395061728384835e-02
0.000000000000000000e+00
2.601410934744251974e-02
3.198653198653179236e-02
5.864197530864161817e-02
4.629629629629600229e-02
1.056241426611795320e-01
2.442297369833586890e-02
9.104938271604881561e-02
5.462962962962928520e-02
1.324786324786323966e-01
1.263057929724594464e-01
1.543209876543205072e-01
3.772290809327823180e-02
9.988776655443301622e-02
9.259259259259250419e-02
8.353909465020561975e-02
0.000000000000000000e+00
9.876543209876520457e-02
6.327160493827120591e-02
1.438859494415049844e-01
3.765432098765407465e-02
3.395061728395060152e-02
9.567901234567899316e-02
1.659652076318741121e-01
2.457764782326184450e-01
1.322751322751318792e-01
1.728395061728391913e-01
5.202821869488503947e-02
3.998316498316473178e-02
1.343263553408480804e-01
2.122615039281705029e-01
2.079475308641971498e-01
1.055555555555554859e-01
9.328703703703690453e-02
1.851851851851850084e-01
1.080246913580244911e-01
2.133744855967076581e-01
1.543209876543205072e-01
2.287037037037034648e-01
1.543209876543205072e-01
1.234567901234560026e-02
2.237654320987640666e-02
7.544581618655646360e-02
1.301907968574627338e-02
8.548040794417592625e-02
1.935185185185185064e-01
2.354497354497352979e-01
7.818930041152216681e-02
8.796296296296268746e-02
3.456790123456769670e-02
1.851851851851850084e-01
1.119528619528617902e-01
5.272633744855934057e-02
2.006172839506170091e-01
3.190184049079753947e-01
2.361963190184049044e-01
1.625766871165643945e-01
2.822085889570551953e-01
1.323076923076922928e-01
2.338461538461535927e-01
1.913609467455621160e-01
2.249572649572648686e-01
2.425000000000000488e-01
5.230769230769229811e-02
8.307692307692279843e-02
2.492307692307690337e-01
2.785520361990947436e-01
1.694358974358971259e-01
1.538461538461530047e-02
1.846153846153844036e-01
1.713960113960112663e-01
3.115384615384613753e-01
1.586013986013985744e-01
8.615384615384609479e-02
6.172839506172830143e-02
7.659932659932654209e-02
2.057613168724273245e-01
1.080246913580244911e-01
7.407407407407400057e-02
2.880658436213974841e-02
3.198653198653179236e-02
1.099033816425118021e-01
1.623931623931620105e-01
1.092592592592591533e-01
7.175925925925882853e-02
3.641975308641952347e-02
7.441700960219464756e-02
1.102693602693601699e-01
7.716049382716000382e-02
4.629629629629600229e-02
2.572951739618402067e-01
1.249999999999997918e-01
5.277777777777745843e-02
3.086419753086400153e-02
1.543209876543205072e-01
1.234567901234560026e-02
2.091906721536339331e-02
3.518518518518497229e-02
4.183813443072678662e-02
0.000000000000000000e+00
1.759259259259248614e-02
4.526748971193387400e-02
4.884594739667173779e-02
1.055555555555554859e-01
1.759259259259254304e-01
1.012020792722545387e-01
1.080246913580244911e-01
2.057613168724266653e-02
9.021842355175635486e-02
9.259259259259250419e-02
3.740740740740717413e-02
1.759259259259248614e-02
1.597676107480019633e-02
1.188271604938268833e-01
3.086419753086400153e-02
1.728395061728384835e-02
0.000000000000000000e+00
2.601410934744251974e-02
3.198653198653179236e-02
5.864197530864161817e-02
4.629629629629600229e-02
1.056241426611795320e-01
2.442297369833586890e-02
9.104938271604881561e-02
5.462962962962928520e-02
1.324786324786323966e-01
1.263057929724594464e-01
1.543209876543205072e-01
3.772290809327823180e-02
9.988776655443301622e-02
9.259259259259250419e-02
8.353909465020561975e-02
0.000000000000000000e+00
9.876543209876520457e-02
6.327160493827120591e-02
1.438859494415049844e-01
3.765432098765407465e-02
3.395061728395060152e-02
1.323076923076922928e-01
2.338461538461535927e-01
1.913609467455621160e-01
2.249572649572648686e-01
2.425000000000000488e-01
5.230769230769229811e-02
8.307692307692279843e-02
2.492307692307690337e-01
2.785520361990947436e-01
1.694358974358971259e-01
1.538461538461530047e-02
1.846153846153844036e-01
1.713960113960112663e-01
3.115384615384613753e-01
1.586013986013985744e-01
8.615384615384609479e-02
1.296296296296295947e-01
1.822457378012930784e-01
3.240740740740739589e-01
1.767676767676767680e-01
2.820844099913864533e-01
5.246913580246909820e-02
1.678240740740737647e-01
1.678537511870842602e-01
1.080246913580244911e-01
9.427609427609419390e-02
2.777777777777769991e-02
2.094135802469134222e-01
1.898148148148146308e-01
2.546296296296295392e-01
8.803005904455159236e-02
1.018518518518518046e-01
9.597523219814239892e-02
2.469743878412607729e-01
1.375773993808047935e-01
3.419645370109765103e-01
2.807977536179708800e-01
5.882352941176469813e-02
1.160080131123651798e-01
1.528637770897831594e-01
2.272577564060337396e-01
1.063889670700811502e-01
3.715170278637770079e-02
1.642496333713538703e-01
3.457641429777651987e-01
2.913031241204613320e-01
1.486068111455106089e-01
8.049535603715170240e-02
1.024844720496893985e-01
2.094155844155843882e-01
1.490683229813664079e-01
3.938452851496329066e-01
2.103174603174602642e-01
4.658385093167700247e-02
1.475776397515527472e-01
2.422360248447203990e-01
1.998870694522867641e-01
1.721739130434782050e-01
3.726708074534160198e-02
1.093969144460027604e-01
4.253308128544422972e-01
2.040816326530611458e-01
1.181274442144007175e-01
6.211180124223600330e-02
9.657320872274140211e-02
2.249913464866735990e-01
2.998961578400828332e-01
3.132257150948737912e-01
3.020390824129139951e-01
4.984423676012460225e-02
1.484942886812043172e-01
2.246452059536170609e-01
8.411214953270999828e-02
1.606308411214952547e-01
2.492211838006230112e-02
1.750482124313898491e-01
4.361370716510900025e-01
1.744548286604359066e-01
1.677994902293967194e-01
6.542056074766350315e-02
7.499999999999999722e-02
3.495535714285714080e-01
2.303750000000000520e-01
3.671249999999999236e-01
3.460227272727273151e-01
5.625000000000000139e-02
1.692708333333333426e-01
2.049107142857143349e-01
2.968750000000001110e-01
1.672916666666666996e-01
1.562500000000000000e-02
1.850328947368421462e-01
2.416666666666666408e-01
2.473958333333333426e-01
1.225806451612903580e-01
8.125000000000000278e-02
6.172839506172830837e-02
7.659932659932608412e-02
2.057613168724273522e-01
1.080246913580246299e-01
7.407407407407357036e-02
2.880658436213876308e-02
3.198653198653094581e-02
1.099033816425115800e-01
1.623931623931608170e-01
1.092592592592591949e-01
7.175925925925771831e-02
3.641975308641836467e-02
7.441700960219480021e-02
1.102693602693597952e-01
7.716049382715965688e-02
4.629629629629516269e-02
2.572951739618405398e-01
1.249999999999994726e-01
5.277777777777778456e-02
3.086419753086403969e-02
1.543209876543198134e-01
1.234567901234552047e-02
2.091906721536300820e-02
3.518518518518387594e-02
4.183813443072569027e-02
0.000000000000000000e+00
1.759259259259238553e-02
4.526748971193349930e-02
4.884594739667180718e-02
1.055555555555544728e-01
1.759259259259257357e-01
1.012020792722537754e-01
1.080246913580246715e-01
2.057613168724212183e-02
9.021842355175502259e-02
9.259259259259187969e-02
3.740740740740736842e-02
1.759259259259216696e-02
1.597676107480010266e-02
1.188271604938263698e-01
3.086419753086351581e-02
1.728395061728374427e-02
0.000000000000000000e+00
2.601410934744218320e-02
3.198653198653074459e-02
5.864197530864115326e-02
4.629629629629623128e-02
1.056241426611786161e-01
2.442297369833572318e-02
9.104938271604903766e-02
5.462962962962841090e-02
1.324786324786311476e-01
1.263057929724591688e-01
1.543209876543200354e-01
3.772290809327737138e-02
9.988776655443294683e-02
9.259259259259187969e-02
8.353909465020489811e-02
0.000000000000000000e+00
9.876543209876524620e-02
6.327160493827008181e-02
1.438859494415039575e-01
3.765432098765413710e-02
3.395061728395055989e-02
