1.557632398753889917e-02
5.154347210421956343e-02
4.153686396676999765e-02
9.345794392523350258e-02
9.968847352024920450e-02
1.163032191069574561e-01
1.291418861512319549e-01
2.465122578897437425e-02
1.639108554996400735e-01
1.286604361370715377e-01
9.053738317756988840e-02
1.838006230529543039e-02
6.438213914849418018e-02
9.274992919852709239e-02
1.090342679127724868e-01
6.230529595015549954e-02
5.564995751911601396e-02
1.622162883845121584e-01
2.663551401869158619e-01
6.230529595015549954e-02
1.090342679127724868e-01
2.180685358255449874e-02
1.266874350986499365e-01
5.327102803738282405e-02
0.000000000000000000e+00
1.857830642877372207e-01
1.598130841121490620e-01
6.092073381792983966e-02
2.465122578897437425e-02
0.000000000000000000e+00
1.242990654205606837e-01
1.459255615674659792e-02
7.788161993769449065e-02
1.869158878504666721e-01
9.106158638868898370e-02
9.345794392523350258e-02
1.384423676012458415e-01
1.065420560747662310e-01
6.450430639545513822e-02
5.996884735202467204e-02
1.246105919003115126e-01
6.978193146417419057e-02
1.869158878504669982e-02
1.181575433911878775e-01
4.842820730671165697e-02
7.892004153686366097e-02
1.090342679127724868e-01
3.046036690896467350e-02
4.930245157794915095e-02
9.190031152647951118e-02
0.000000000000000000e+00
1.114306254493167697e-01
9.106158638868898370e-02
3.115264797507749997e-02
5.711318795430906509e-02
1.260266213537206310e-02
1.246105919003115126e-01
7.227414330218058514e-02
1.090342679127724868e-01
2.492211838006199928e-02
6.386292834890923420e-02
2.640557780744665420e-02
2.533748701972969933e-02
3.115264797507700037e-03
1.869158878504669982e-02
7.731520815632955679e-02
4.377766847024072705e-02
1.335113484646191506e-01
1.246105919003111934e-01
2.231864708500223005e-01
9.685641461342382741e-02
3.697683868346176433e-02
1.260266213537238611e-01
1.649143302180682003e-01
1.420560747663551782e-01
7.967289719626151345e-02
1.713395638629279794e-01
1.713395638629279794e-01
6.334371754932485721e-02
2.492211838006230251e-01
3.906542056074766012e-01
2.180685358255449735e-01
4.049844236760120203e-02
1.693925233644859307e-01
5.711318795430906509e-02
1.576890399320304004e-01
2.465122578897437425e-02
8.878504672897175043e-02
9.241952232606434614e-02
2.564901349948077169e-01
1.509345794392523421e-01
1.744548286604357401e-01
1.557632398753889813e-01
1.291418861512319549e-01
7.450674974039454834e-02
2.024922118380060032e-01
2.724458204334365141e-01
2.662538699690402133e-01
2.879256965944271829e-01
1.733746130030958954e-01
5.279503105590060280e-02
3.354037267080743900e-01
2.023411371237457956e-01
2.378651943869334040e-01
2.918284161490682371e-01
7.142857142857139685e-02
2.934782608695650774e-01
9.316770186335400494e-02
3.699305809280232782e-01
3.053830227743269954e-01
8.385093167701859751e-02
1.987577639751552105e-01
1.513687600644121611e-01
1.281055900621117793e-01
1.753246753246752443e-01
2.484472049689440132e-02
1.557632398753889917e-02
5.154347210421956343e-02
4.153686396676999765e-02
9.345794392523350258e-02
9.968847352024920450e-02
1.163032191069574561e-01
1.291418861512319549e-01
2.465122578897437425e-02
1.639108554996400735e-01
1.286604361370715377e-01
9.053738317756988840e-02
1.838006230529543039e-02
6.438213914849418018e-02
9.274992919852709239e-02
1.090342679127724868e-01
6.230529595015549954e-02
5.564995751911601396e-02
1.622162883845121584e-01
2.663551401869158619e-01
6.230529595015549954e-02
1.090342679127724868e-01
2.180685358255449874e-02
1.266874350986499365e-01
5.327102803738282405e-02
0.000000000000000000e+00
1.857830642877372207e-01
1.598130841121490620e-01
6.092073381792983966e-02
2.465122578897437425e-02
0.000000000000000000e+00
1.242990654205606837e-01
1.459255615674659792e-02
7.788161993769449065e-02
1.869158878504666721e-01
9.106158638868898370e-02
9.345794392523350258e-02
1.384423676012458415e-01
1.065420560747662310e-01
6.450430639545513822e-02
5.996884735202467204e-02
1.246105919003115126e-01
6.978193146417419057e-02
1.869158878504669982e-02
1.181575433911878775e-01
4.842820730671165697e-02
7.892004153686366097e-02
1.090342679127724868e-01
3.046036690896467350e-02
4.930245157794915095e-02
9.190031152647951118e-02
0.000000000000000000e+00
1.114306254493167697e-01
9.106158638868898370e-02
3.115264797507749997e-02
5.711318795430906509e-02
1.260266213537206310e-02
1.246105919003115126e-01
7.227414330218058514e-02
1.090342679127724868e-01
2.492211838006199928e-02
6.386292834890923420e-02
2.640557780744665420e-02
2.533748701972969933e-02
3.115264797507700037e-03
5.279503105590060280e-02
3.354037267080743900e-01
2.023411371237457956e-01
2.378651943869334040e-01
2.918284161490682371e-01
7.142857142857139685e-02
2.934782608695650774e-01
9.316770186335400494e-02
3.699305809280232782e-01
3.053830227743269954e-01
8.385093167701859751e-02
1.987577639751552105e-01
1.513687600644121611e-01
1.281055900621117793e-01
1.753246753246752443e-01
2.484472049689440132e-02
8.722741433021799495e-02
2.207387627948375064e-01
3.426791277258565138e-01
1.104502973661851267e-01
1.138882851554008230e-01
7.476635514018689643e-02
4.178348909657320087e-01
1.452192667145936200e-01
2.102803738317755022e-01
3.647691871990936252e-01
6.853582554517130554e-02
1.929906542056073482e-01
2.128764278296986501e-01
1.168224299065419997e-01
1.332791548151155969e-01
2.803738317756999943e-02
7.499999999999999722e-02
2.400568181818182045e-01
2.083007812500000111e-01
1.278409090909091161e-01
2.172965116279070019e-01
6.875000000000000555e-02
3.680147058823530215e-01
1.311523437499999833e-01
3.517287234042553168e-01
3.375000000000000222e-01
1.125000000000000028e-01
1.105263157894736809e-01
2.197443181818182489e-01
1.917613636363636742e-01
7.500000000000001110e-02
5.000000000000000278e-02
7.523510971786830093e-02
2.481476204046735023e-01
1.880877742946706066e-01
2.051866628669135884e-01
2.584465343086033151e-01
7.523510971786830093e-02
2.110344827586205507e-01
1.316614420062695856e-01
4.203476774009686223e-01
2.855172413793102826e-01
9.404388714733540044e-02
1.183132773789058317e-01
1.103993457816545565e-01
9.852216748768456711e-02
2.384767212353418042e-01
3.134796238244510341e-02
5.974842767295589913e-02
2.089447938504541691e-01
4.779874213836478591e-01
1.693825042881646481e-01
3.161806746712407801e-01
6.289308176100620595e-02
2.861635220125787193e-01
1.339972047519214504e-01
1.981132075471698228e-01
2.594339622641507748e-01
7.861635220125780255e-02
2.032045522611559685e-01
2.264150943396223969e-01
1.575637206223103604e-01
1.919668381932531642e-01
1.257861635220119956e-02
7.886435331230280676e-02
2.875168995042811648e-01
2.815141955835962495e-01
1.909148264984225907e-01
2.370232291367936062e-01
6.624605678233430606e-02
3.286014721345950629e-01
1.946822893195132853e-01
4.045741324921133808e-01
3.684542586750787496e-01
9.779179810725549538e-02
1.369749294371573889e-01
1.261829652996845352e-01
2.234490010515245983e-01
1.005393304162000984e-01
3.470031545741320000e-02
1.557632398753888876e-02
5.154347210421950098e-02
4.153686396676889436e-02
9.345794392523347482e-02
9.968847352024869102e-02
1.163032191069569149e-01
1.291418861512316496e-01
2.465122578897438813e-02
1.639108554996402956e-01
1.286604361370705385e-01
9.053738317756848675e-02
1.838006230529425772e-02
6.438213914849422181e-02
9.274992919852630135e-02
1.090342679127712378e-01
6.230529595015520811e-02
5.564995751911613192e-02
1.622162883845126025e-01
2.663551401869147517e-01
6.230529595015501382e-02
1.090342679127715847e-01
2.180685358255447792e-02
1.266874350986482989e-01
5.327102803738279629e-02
0.000000000000000000e+00
1.857830642877369431e-01
1.598130841121478407e-01
6.092073381792948578e-02
2.465122578897438813e-02
0.000000000000000000e+00
1.242990654205604756e-01
1.459255615674673844e-02
7.788161993769393554e-02
1.869158878504658117e-01
9.106158638868763755e-02
9.345794392523228133e-02
1.384423676012451754e-01
1.065420560747648987e-01
6.450430639545372269e-02
5.996884735202433897e-02
1.246105919003098889e-01
6.978193146417265014e-02
1.869158878504631818e-02
1.181575433911882383e-01
4.842820730671053980e-02
7.892004153686323076e-02
1.090342679127723063e-01
3.046036690896483656e-02
4.930245157794926197e-02
9.190031152647878954e-02
0.000000000000000000e+00
1.114306254493170473e-01
9.106158638868823429e-02
3.115264797507721201e-02
5.711318795430807976e-02
1.260266213537219321e-02
1.246105919003102080e-01
7.227414330217996064e-02
1.090342679127723063e-01
2.492211838006213806e-02
6.386292834890824888e-02
2.640557780744647726e-02
2.533748701972986586e-02
3.115264797507615469e-03
