1.792114695340499969e-02
4.447702834799605737e-02
1.672640382317800156e-01
0.000000000000000000e+00
4.301075268817199787e-02
1.170848267622460609e-01
5.571847507331374044e-02
0.000000000000000000e+00
2.095395643782739514e-02
1.057347670250895072e-01
3.541666666666664631e-01
4.229390681003580149e-02
0.000000000000000000e+00
0.000000000000000000e+00
3.584229390680999938e-02
0.000000000000000000e+00
4.268491365265555254e-02
1.036866359447003727e-01
3.064516129032255898e-01
0.000000000000000000e+00
8.960573476702499152e-02
3.225806451612899667e-02
3.158104340900038665e-01
6.129032258064511657e-02
4.858622062923136781e-02
1.068752036493971214e-01
2.860215053763439097e-01
0.000000000000000000e+00
0.000000000000000000e+00
0.000000000000000000e+00
1.021505376344085392e-01
0.000000000000000000e+00
1.075268817204299981e-01
9.557945041816000298e-02
6.286186931348217155e-02
3.584229390680999938e-02
2.172043010752686409e-01
1.634408602150536627e-01
7.421463208939485523e-02
3.449820788530462423e-02
1.612903225806449903e-01
3.211469534050177543e-01
8.602150537634399574e-02
1.963645673323091145e-01
5.571847507331374044e-02
1.135005973715650374e-01
1.075268817204299981e-01
3.504579848665867470e-02
2.836216300451922800e-02
2.114695340501790075e-02
0.000000000000000000e+00
0.000000000000000000e+00
0.000000000000000000e+00
1.075268817204299981e-01
0.000000000000000000e+00
0.000000000000000000e+00
3.584229390680999938e-02
5.543608124253281144e-02
1.254480286738350048e-01
1.433691756272400045e-02
0.000000000000000000e+00
1.519030551288614965e-02
1.457586618876939924e-02
0.000000000000000000e+00
1.792114695340499969e-02
7.412838057999343588e-02
1.175249952839086121e-01
0.000000000000000000e+00
5.734767025089600179e-02
3.020993343573986634e-01
2.785923753665686675e-02
2.836216300451922800e-02
1.449983708048223179e-02
1.207437275985661917e-01
4.086021505376341567e-01
0.000000000000000000e+00
3.584229390680999938e-02
3.584229390680999938e-02
4.372759856630819425e-02
1.971326164874550035e-01
4.086021505376341567e-01
2.150537634408599963e-01
1.182795698924730965e-01
3.508064516129033028e-01
4.380724810832334337e-02
1.209514499837079649e-01
0.000000000000000000e+00
6.129032258064511657e-02
1.063321385902030458e-01
2.043010752688170506e-01
1.940860215053761550e-01
4.817204301075265760e-01
2.688172043010749745e-01
7.429130009775165855e-02
2.449223416965350120e-02
3.584229390680999938e-02
1.992882562277580039e-01
2.775800711743772187e-01
4.341637010676155928e-01
8.896797153024910143e-02
5.357142857142849907e-02
1.857142857142856096e-01
2.644230769230767608e-01
2.486772486772471577e-02
2.489955357142856207e-01
1.071428571428570953e-01
3.214285714285712858e-01
5.357142857142840192e-02
2.552521008403358382e-01
4.073809523809521216e-01
2.214285714285713913e-01
2.285714285714283978e-01
3.730158730158724539e-02
8.035714285714276595e-02
1.227272727272727404e-01
7.142857142857100133e-03
1.792114695340499969e-02
4.447702834799605737e-02
1.672640382317800156e-01
0.000000000000000000e+00
4.301075268817199787e-02
1.170848267622460609e-01
5.571847507331374044e-02
0.000000000000000000e+00
2.095395643782739514e-02
1.057347670250895072e-01
3.541666666666664631e-01
4.229390681003580149e-02
0.000000000000000000e+00
0.000000000000000000e+00
3.584229390680999938e-02
0.000000000000000000e+00
4.268491365265555254e-02
1.036866359447003727e-01
3.064516129032255898e-01
0.000000000000000000e+00
8.960573476702499152e-02
3.225806451612899667e-02
3.158104340900038665e-01
6.129032258064511657e-02
4.858622062923136781e-02
1.068752036493971214e-01
2.860215053763439097e-01
0.000000000000000000e+00
0.000000000000000000e+00
0.000000000000000000e+00
1.021505376344085392e-01
0.000000000000000000e+00
1.075268817204299981e-01
9.557945041816000298e-02
6.286186931348217155e-02
3.584229390680999938e-02
2.172043010752686409e-01
1.634408602150536627e-01
7.421463208939485523e-02
3.449820788530462423e-02
1.612903225806449903e-01
3.211469534050177543e-01
8.602150537634399574e-02
1.963645673323091145e-01
5.571847507331374044e-02
1.135005973715650374e-01
1.075268817204299981e-01
3.504579848665867470e-02
2.836216300451922800e-02
2.114695340501790075e-02
0.000000000000000000e+00
0.000000000000000000e+00
0.000000000000000000e+00
1.075268817204299981e-01
0.000000000000000000e+00
0.000000000000000000e+00
3.584229390680999938e-02
5.543608124253281144e-02
1.254480286738350048e-01
1.433691756272400045e-02
0.000000000000000000e+00
1.519030551288614965e-02
1.457586618876939924e-02
0.000000000000000000e+00
5.357142857142849907e-02
1.857142857142856096e-01
2.644230769230767608e-01
2.486772486772471577e-02
2.489955357142856207e-01
1.071428571428570953e-01
3.214285714285712858e-01
5.357142857142840192e-02
2.552521008403358382e-01
4.073809523809521216e-01
2.214285714285713913e-01
2.285714285714283978e-01
3.730158730158724539e-02
8.035714285714276595e-02
1.227272727272727404e-01
7.142857142857100133e-03
3.225806451612899667e-02
1.587301587301585826e-01
5.197132616487455392e-01
1.955034213098727838e-02
9.827456864216042864e-02
6.451612903225799334e-02
6.106630824372758504e-01
4.177005789909012112e-02
2.956989247311827551e-01
6.021505376344086224e-01
1.326164874551971073e-01
2.008960573476700762e-01
4.898446833930700239e-02
1.075268817204299981e-01
1.022284556646406994e-01
3.584229390681000112e-03
2.877697841726609834e-02
1.169064748201438519e-01
2.397706834532372100e-01
1.177240026160886049e-01
1.522502927890245217e-01
7.194244604316539504e-02
7.702073635209478741e-01
2.664118705035966109e-02
4.752793509872949573e-01
7.416612164813604080e-01
1.690647482014387970e-01
6.361226808027249657e-02
7.439502943100040344e-02
7.357750163505533125e-02
7.553956834532370157e-02
2.877697841726609834e-02
2.888086642599270101e-02
1.164259927797832023e-01
3.140794223826713916e-01
8.861174926156842324e-02
1.700762133975128876e-01
6.859205776173279978e-02
4.288808664259927128e-01
1.191335740072199945e-01
5.034460124712829554e-01
6.290252707581228675e-01
1.624548736462093912e-01
6.358448817980648371e-02
5.650604300737684105e-02
4.125838060856085870e-02
1.690065516780316912e-01
3.610108303249000023e-03
3.985507246376809865e-02
1.256038647342994918e-01
5.140096618357488101e-01
3.903162055335968050e-02
1.691370223978919396e-01
6.884057971014490018e-02
5.966183574879226903e-01
5.938003220611914185e-02
3.043478260869564300e-01
3.736413043478259421e-01
1.739130434782608092e-01
1.628709454796410938e-01
1.449275362318840077e-02
1.815408085430967877e-01
7.806324110671936101e-02
3.623188405797100192e-03
3.636363636363629942e-02
1.506493506493503665e-01
3.527272727272727781e-01
1.165090909090908122e-01
1.150413223140492464e-01
8.000000000000000167e-02
6.363636363636363535e-01
4.207792207792205447e-02
4.663636363636362026e-01
7.078787878787876631e-01
1.563636363636362880e-01
1.578947368421052821e-01
7.757575757575732589e-02
9.090909090909084223e-02
8.023460410557180233e-02
7.272727272727199863e-03
1.792114695340476377e-02
4.447702834799606431e-02
1.672640382317799324e-01
0.000000000000000000e+00
4.301075268817201175e-02
1.170848267622460748e-01
5.571847507331303961e-02
0.000000000000000000e+00
2.095395643782737086e-02
1.057347670250888133e-01
3.541666666666662966e-01
4.229390681003556557e-02
0.000000000000000000e+00
0.000000000000000000e+00
3.584229390680976346e-02
0.000000000000000000e+00
4.268491365265506682e-02
1.036866359446994290e-01
3.064516129032254232e-01
0.000000000000000000e+00
8.960573476702411722e-02
3.225806451612885095e-02
3.158104340900026452e-01
6.129032258064425615e-02
4.858622062922943879e-02
1.068752036493953311e-01
2.860215053763432436e-01
0.000000000000000000e+00
0.000000000000000000e+00
0.000000000000000000e+00
1.021505376344073318e-01
0.000000000000000000e+00
1.075268817204299704e-01
9.557945041815815723e-02
6.286186931348125562e-02
3.584229390680976346e-02
2.172043010752682801e-01
1.634408602150524137e-01
7.421463208939442502e-02
3.449820788530447158e-02
1.612903225806441854e-01
3.211469534050176988e-01
8.602150537634407901e-02
1.963645673323080321e-01
5.571847507331339350e-02
1.135005973715636357e-01
1.075268817204292487e-01
3.504579848665823061e-02
2.836216300451870412e-02
2.114695340501682869e-02
0.000000000000000000e+00
0.000000000000000000e+00
0.000000000000000000e+00
1.075268817204296234e-01
0.000000000000000000e+00
0.000000000000000000e+00
3.584229390680976346e-02
5.543608124253254082e-02
1.254480286738343942e-01
1.433691756272382004e-02
0.000000000000000000e+00
1.519030551288528576e-02
1.457586618876923097e-02
0.000000000000000000e+00
