0.000000000000000000e+00
1.106719367588930580e-01
1.337792642140466781e-01
6.688963210702300599e-02
9.364548494983239435e-02
1.716833890746931601e-01
6.932198236546022185e-02
9.262759924385598198e-02
1.955235400051413136e-02
1.381270903010027862e-01
7.775919732441427534e-02
3.946488294314357687e-02
2.303976217019680986e-02
5.974460322286402614e-02
0.000000000000000000e+00
5.016722408026749735e-02
9.957433870477318261e-02
2.322025800286667274e-01
3.812709030100312757e-02
1.672240802675549823e-02
1.505016722408025198e-01
3.344481605351169728e-02
1.133407655146782683e-01
1.143812709030099378e-01
6.800445930880709422e-02
1.994527211918512288e-01
0.000000000000000000e+00
1.798587885544404297e-01
1.190926275992437583e-01
1.906354515050127582e-02
5.719063545150496891e-02
1.096637915859879492e-01
1.170568561872904895e-01
1.114827201783720051e-01
5.865706200154355981e-02
1.672240802675549823e-02
2.702341137123729850e-02
7.625418060200625514e-02
1.558134959669485453e-01
4.828595317725746516e-02
8.361204013377900035e-02
0.000000000000000000e+00
5.016722408026749735e-02
4.228380315336833367e-02
5.199148677409542313e-02
1.482720178372346764e-01
6.688963210702300599e-02
3.270159791898902962e-02
7.939508506616249628e-02
7.892976588628715373e-02
5.919732441471565326e-02
4.785181373810108718e-02
3.910470800102884559e-02
1.003344481605349947e-01
8.175399479747257059e-02
5.411979325022771986e-02
1.170568561872904895e-01
3.879598662207353610e-02
5.016722408026749735e-02
0.000000000000000000e+00
2.285395763656585325e-02
7.087115782767937355e-02
8.160535117056845478e-02
3.010033444816050119e-02
3.010033444816050119e-02
1.383399209486166070e-01
2.036613272311212364e-01
1.003344481605347310e-01
9.364548494983239435e-02
1.973244147157187378e-01
1.299787169352385474e-01
1.190926275992437583e-01
6.764974156278484585e-02
1.609531772575250319e-01
1.906354515050167342e-01
3.110367892976569765e-02
6.688963210702300599e-02
1.672240802675549823e-02
1.496098104793753825e-01
2.675585284280935228e-01
9.531772575250808954e-02
2.006688963210699894e-01
8.361204013377919464e-02
6.061872909698978740e-02
1.430694908955773004e-01
2.398297354819090565e-01
1.587901701323249926e-01
7.625418060200625514e-02
1.700907787864308351e-01
2.541806020066887384e-01
4.765886287625403089e-02
7.491638795986579891e-02
1.839464882943140089e-01
1.213134691395556380e-01
7.998885172798184118e-02
1.505016722408025198e-01
2.292358803986710991e-01
3.122923588039867027e-01
2.425249169435216012e-01
2.159468438538205970e-01
5.999999999999999778e-02
3.866666666666663810e-01
1.382051282051280361e-01
9.283950617283925899e-02
2.020833333333331427e-01
1.033333333333333048e-01
3.299999999999998490e-01
1.999999999999997891e-01
2.541176470588234482e-01
2.360000000000000153e-01
7.666666666666660523e-02
2.133333333333332082e-01
1.740740740740740478e-01
1.999999999999999278e-01
1.063636363636362853e-01
7.000000000000000666e-02
0.000000000000000000e+00
1.106719367588930580e-01
1.337792642140466781e-01
6.688963210702300599e-02
9.364548494983239435e-02
1.716833890746931601e-01
6.932198236546022185e-02
9.262759924385598198e-02
1.955235400051413136e-02
1.381270903010027862e-01
7.775919732441427534e-02
3.946488294314357687e-02
2.303976217019680986e-02
5.974460322286402614e-02
0.000000000000000000e+00
5.016722408026749735e-02
9.957433870477318261e-02
2.322025800286667274e-01
3.812709030100312757e-02
1.672240802675549823e-02
1.505016722408025198e-01
3.344481605351169728e-02
1.133407655146782683e-01
1.143812709030099378e-01
6.800445930880709422e-02
1.994527211918512288e-01
0.000000000000000000e+00
1.798587885544404297e-01
1.190926275992437583e-01
1.906354515050127582e-02
5.719063545150496891e-02
1.096637915859879492e-01
1.170568561872904895e-01
1.114827201783720051e-01
5.865706200154355981e-02
1.672240802675549823e-02
2.702341137123729850e-02
7.625418060200625514e-02
1.558134959669485453e-01
4.828595317725746516e-02
8.361204013377900035e-02
0.000000000000000000e+00
5.016722408026749735e-02
4.228380315336833367e-02
5.199148677409542313e-02
1.482720178372346764e-01
6.688963210702300599e-02
3.270159791898902962e-02
7.939508506616249628e-02
7.892976588628715373e-02
5.919732441471565326e-02
4.785181373810108718e-02
3.910470800102884559e-02
1.003344481605349947e-01
8.175399479747257059e-02
5.411979325022771986e-02
1.170568561872904895e-01
3.879598662207353610e-02
5.016722408026749735e-02
0.000000000000000000e+00
2.285395763656585325e-02
7.087115782767937355e-02
8.160535117056845478e-02
3.010033444816050119e-02
5.999999999999999778e-02
3.866666666666663810e-01
1.382051282051280361e-01
9.283950617283925899e-02
2.020833333333331427e-01
1.033333333333333048e-01
3.299999999999998490e-01
1.999999999999997891e-01
2.541176470588234482e-01
2.360000000000000153e-01
7.666666666666660523e-02
2.133333333333332082e-01
1.740740740740740478e-01
1.999999999999999278e-01
1.063636363636362853e-01
7.000000000000000666e-02
3.344481605351169728e-02
2.863513298295905507e-01
2.341137123745815063e-01
1.459410155062328684e-01
2.649140546006065744e-01
1.036789297658862047e-01
1.212374581939799356e-01
3.248006174427577331e-01
1.421404682274244879e-01
2.724232289449679545e-01
1.036789297658862047e-01
8.879598662207348336e-02
1.828316610925305730e-01
1.505016722408025198e-01
1.907808637487275194e-01
5.016722408026749735e-02
5.704697986577179913e-02
1.883770591824281138e-01
9.112835570469787760e-02
3.020134228187920100e-01
1.927579210238799801e-01
1.208053691275167013e-01
3.772206869324910561e-01
1.325503355704697184e-01
3.120091389404537896e-01
3.459426479560707146e-01
6.711409395973150227e-02
1.285764747439067379e-01
1.943258084197678759e-01
2.471018913971931019e-01
1.812080536912749062e-01
4.697986577181199885e-02
5.050505050505049720e-02
3.158861340679521845e-01
9.090909090909089774e-02
1.790633608815424271e-01
2.379349046015712954e-01
9.764309764309760109e-02
1.733333333333330617e-01
2.626262626262625410e-01
2.167125803489439451e-01
2.533333333333330772e-01
1.010101010101009944e-01
1.016617790811339128e-01
2.371541501976285049e-01
1.346801346801345667e-01
1.674772415513155477e-01
4.713804713804709695e-02
5.743243243243240093e-02
2.635135135135134865e-01
2.396396396396397732e-01
1.213144963144960481e-01
3.639434889434888243e-01
6.081081081081080031e-02
3.513513513513511488e-01
2.214714714714712540e-01
9.121621621621620046e-02
2.322635135135132922e-01
7.094594594594590131e-02
2.183075933075933062e-01
1.756756756756756022e-01
2.887624466571832582e-01
1.091830466830466945e-01
4.054054054054050116e-02
8.135593220338979692e-02
1.966101694915251274e-01
2.235932203389831285e-01
1.448135593220338246e-01
1.340523882896761942e-01
1.525423728813558866e-01
2.824858757062145842e-01
2.222760290556901330e-01
3.542372881355929648e-01
1.979661016949151864e-01
6.440677966101690521e-02
2.676181980374665037e-01
1.084745762711863959e-01
3.248587570621467302e-01
9.972662657189719504e-02
5.423728813559319795e-02
0.000000000000000000e+00
1.106719367588931413e-01
1.337792642140449018e-01
6.688963210702335294e-02
9.364548494983211679e-02
1.716833890746926328e-01
6.932198236546011083e-02
9.262759924385537136e-02
1.955235400051278868e-02
1.381270903010023698e-01
7.775919732441427534e-02
3.946488294314270950e-02
2.303976217019650108e-02
5.974460322286328368e-02
0.000000000000000000e+00
5.016722408026717123e-02
9.957433870477261362e-02
2.322025800286666997e-01
3.812709030100310675e-02
1.672240802675476271e-02
1.505016722408020480e-01
3.344481605351169035e-02
1.133407655146768112e-01
1.143812709030091607e-01
6.800445930880667789e-02
1.994527211918508680e-01
0.000000000000000000e+00
1.798587885544398746e-01
1.190926275992431893e-01
1.906354515050034601e-02
5.719063545150464972e-02
1.096637915859879769e-01
1.170568561872895458e-01
1.114827201783715055e-01
5.865706200154231081e-02
1.672240802675536292e-02
2.702341137123725687e-02
7.625418060200550574e-02
1.558134959669471575e-01
4.828595317725716679e-02
8.361204013377786237e-02
0.000000000000000000e+00
5.016722408026716429e-02
4.228380315336739692e-02
5.199148677409398678e-02
1.482720178372335662e-01
6.688963210702239537e-02
3.270159791898874513e-02
7.939508506616199668e-02
7.892976588628709822e-02
5.919732441471406426e-02
4.785181373810103167e-02
3.910470800102806843e-02
1.003344481605342314e-01
8.175399479747195997e-02
5.411979325022728965e-02
1.170568561872905033e-01
3.879598662207327936e-02
5.016722408026637325e-02
0.000000000000000000e+00
2.285395763656616550e-02
7.087115782767854089e-02
8.160535117056862131e-02
3.010033444816029649e-02
