1.280779906672531165e-01
1.342563764453071906e-01
1.458259642708105708e-01
1.166833814011722925e-01
1.751152073732719083e-01
1.311480478114250281e-01
3.103836562331394600e-01
3.349133553077802139e-01
3.379119714522240692e-01
6.122615539089066861e-01
3.003653337000976031e-01
6.595389503055348879e-01
2.551887297676234123e-01
1.984120229937254010e-01
1.586139356214200102e-01
8.140827755336945692e-01
5.302759204095106593e-01
3.812791517275897490e-01
7.779004241129380270e-01
1.042589361294448125e-01
4.886281081410339677e-01
5.620972386449069047e-01
9.085994293303114588e-01
5.288973290389955562e-01
2.910872500926933171e-01
2.008884700206352569e-01
6.337255890167936556e-01
2.089136490250696476e-01
1.931946006749156175e-01
1.910755148741418719e-01
2.046263345195729610e-01
1.538461538461538547e-01
2.037320518738124364e-01
8.987766650947304203e-02
3.178894711767508152e-01
7.034142328259984644e-02
6.231155778894472697e-01
1.945936139332365977e-01
9.988385598141694133e-02
6.258023106546861669e-02
1.225427350427350515e-01
1.377916321659928833e-01
4.747116237799466898e-01
1.758241758241758657e-01
3.161764705882353921e-01
4.415011037527593052e-01
2.434499904379422430e-01
2.836422240128928518e-01
7.929825574308937419e-01
4.533333333333333659e-01
3.228818037695965204e-01
3.559148936170212774e-01
1.984752619022922548e-01
3.781512605042012254e-01
7.678571428571427937e-01
6.936936936936937137e-01
9.130434782608696231e-01
5.000000000000000000e-01
0.000000000000000000e+00
8.150281710828686244e-01
0.000000000000000000e+00
0.000000000000000000e+00
0.000000000000000000e+00
0.000000000000000000e+00
0.000000000000000000e+00
0.000000000000000000e+00
0.000000000000000000e+00
0.000000000000000000e+00
0.000000000000000000e+00
6.568627450980393245e-01
9.250000000000000444e-01
0.000000000000000000e+00
1.000000000000000000e+00
0.000000000000000000e+00
0.000000000000000000e+00
0.000000000000000000e+00
0.000000000000000000e+00
1.000000000000000000e+00
0.000000000000000000e+00
0.000000000000000000e+00
0.000000000000000000e+00
2.166968965387989221e-01
2.184794135594226583e-01
2.098788015062888479e-01
2.192940473604050589e-01
2.642718161065477633e-01
2.167959084229804378e-01
4.193273540612112438e-01
4.564357530216474057e-01
2.470033727929550338e-01
6.326088234910770547e-01
4.163748588839477627e-01
1.705423205942065423e-01
1.097728547298131296e-01
3.778466115420540117e-01
2.699640215741102578e-01
5.722977019995143522e-01
2.526782250818866427e-01
2.458260603069066796e-01
3.261868910800570509e-01
3.601959056378629676e-01
3.631544967030329030e-01
7.477406324432041007e-01
6.866189915184699455e-01
1.374328161571287676e-01
2.928708320172135338e-01
3.789551180410405395e-01
2.216135822263507471e-01
9.415701783777999379e-02
9.598734107105595659e-02
9.301158134063310101e-02
9.582161260875662889e-02
1.305889024157549372e-01
9.446408862112487537e-02
3.336989143987370010e-01
3.761637371380771588e-01
1.586107784161445711e-01
5.279294876190884223e-01
3.164927462753661658e-01
6.733603233099096086e-02
7.412838036384550300e-02
2.669776754060527169e-01
1.883784796470250322e-01
4.903327725340437260e-01
1.662823541730587829e-01
1.720078091931891706e-01
2.472113596969917615e-01
2.574193191390148350e-01
2.737600546404145851e-01
6.765181921612297700e-01
6.222884278078278930e-01
8.684221448044504577e-02
2.055921389325295612e-01
2.720656754980360637e-01
1.712530457386304827e-01
8.567208271787302154e-02
1.084517576664173477e-01
1.174698795180723065e-01
1.043083900226757788e-01
1.250000000000000000e-01
8.735565966956881923e-02
2.570975498016730976e-01
6.266666666666667052e-01
8.256041409612082660e-01
5.356006850990946422e-01
3.255813953488372881e-01
6.664536171351277405e-01
4.192994505494506141e-01
6.907117856450184501e-02
1.423522481837816156e-01
7.221880383952745674e-01
7.092615374384889648e-01
2.980520623009520476e-01
8.434289069380563886e-01
3.117549435411265391e-01
5.358278890635358449e-01
4.246298788694482518e-01
1.000000000000000000e+00
5.586641737065494162e-01
4.568965517241379004e-01
6.194331983805678732e-02
6.237424547283700882e-01
