1.764754189607692925e-01
1.892557706630451086e-01
1.930409554279354789e-01
1.939241420980833408e-01
1.609358383551932059e-01
1.832792959543375066e-01
5.700894246681140753e-01
3.271418699856871726e-01
3.570664748494294383e-01
2.676972773911840964e-01
3.594143918399825277e-01
8.182003445763679217e-01
7.245499819278802267e-01
3.995031460210931584e-01
1.362065656212257947e-01
3.655048925761827938e-01
1.666001145451236898e-01
4.281813874088371552e-01
8.656553197483817241e-01
3.316278401637540174e-01
7.932025088399299317e-01
3.127224080995627542e-02
6.095572661994110852e-01
6.693837387782897164e-01
0.000000000000000000e+00
3.008048267399889841e-01
5.452665340882405509e-01
1.799442896935933289e-01
1.664791901012373510e-01
1.647597254004576905e-01
1.708185053380782970e-01
2.307692307692307820e-01
1.762525381318088002e-01
9.690036589981898540e-02
3.342218416244022716e-01
2.984065115212656827e-01
1.731915390908028152e-01
3.511198383562423864e-01
1.410125025620004025e-01
6.671052631578949788e-01
5.497863247863248315e-01
7.581328345051491224e-02
1.000000000000000000e+00
2.077922077922078614e-01
4.098360655737705027e-01
3.272302298402804954e-01
2.535302500323876052e-01
5.771065182829888673e-01
7.053901537264062327e-02
1.498305084745763516e-01
6.942046855733662314e-01
1.710967741935483510e-01
2.611647016791711629e-01
1.000000000000000000e+00
4.821428571428572063e-01
6.036036036036032115e-01
0.000000000000000000e+00
7.500000000000000000e-01
0.000000000000000000e+00
3.810591283850586208e-01
6.862745098039215730e-01
0.000000000000000000e+00
0.000000000000000000e+00
0.000000000000000000e+00
0.000000000000000000e+00
4.577777777777778390e-01
0.000000000000000000e+00
0.000000000000000000e+00
0.000000000000000000e+00
0.000000000000000000e+00
6.666666666666666297e-01
0.000000000000000000e+00
0.000000000000000000e+00
0.000000000000000000e+00
5.089285714285713969e-01
0.000000000000000000e+00
0.000000000000000000e+00
0.000000000000000000e+00
0.000000000000000000e+00
0.000000000000000000e+00
6.071428571428570953e-01
1.958986933801029062e-01
2.122306869555428965e-01
2.172931010411950359e-01
2.249353385772733527e-01
3.412578014389494596e-01
2.080609930150682796e-01
1.732074141222130770e-01
5.470048299115661816e-01
4.117487511138744338e-01
9.252713395890443948e-02
4.753778261179137932e-01
1.628877026702597042e-01
6.500980760683722215e-01
5.969772098887916600e-01
2.278537831802028846e-01
1.000000000000000000e+00
2.592989373391779706e-01
5.612374230502250594e-01
4.494992162776877409e-01
3.700575346144745481e-01
6.491392980501526910e-01
2.578677316858932755e-01
3.437463439440771040e-01
7.422332772143863666e-01
1.172111722925884836e-01
3.941969604119975878e-01
1.711491392732122918e-01
8.217859821195430681e-02
9.229062252319196469e-02
9.743275580866672669e-02
9.920175172000281205e-02
1.866947319850982279e-01
8.934866856706358273e-02
1.228461619133269789e-01
4.668336337748542064e-01
2.966382048503012903e-01
5.470903011356642587e-02
3.728705266931544582e-01
6.340403714094262899e-02
5.671279720511408495e-01
4.835063790772501369e-01
1.550223524826881416e-01
1.000000000000000000e+00
1.714247670600449747e-01
4.631890233451644301e-01
3.605845346340206814e-01
2.660945977287726971e-01
5.611038386520497134e-01
1.856079106545913127e-01
2.763030620984550101e-01
6.605837378750687439e-01
7.360387208336874321e-02
2.857371683764894366e-01
1.297348858178390407e-01
1.920236336779911901e-01
2.154076290201945021e-01
2.108433734939759163e-01
2.358276643990929733e-01
1.250000000000000000e-01
2.080095498669484178e-01
5.672449994474527690e-01
5.136612021857923649e-01
8.488692187191069216e-01
4.194331596807339135e-01
2.786069651741294728e-01
8.208901615300959742e-01
8.092857142857142749e-01
3.987169459679762995e-01
1.174406047516198814e-01
2.128661087866110524e-01
8.806232031117877668e-02
3.940551357022128443e-01
9.452001174283196638e-01
4.316859278785259990e-01
7.291343670072255589e-01
9.359501465734976211e-02
7.050685014455081445e-01
5.917124277079848227e-01
0.000000000000000000e+00
2.469473684210528042e-01
4.527162977867203453e-01
