4.792164965351841110e-01
4.716843538864708973e-01
4.902843991451585892e-01
4.305390940746030570e-01
4.348554671135317351e-01
4.727579222710254769e-01
4.961630546719033585e-01
3.457739269946050742e-01
6.580444960505744678e-01
5.553271017722318792e-01
4.897671202258976897e-01
4.739809433282307083e-01
3.686613962715532544e-01
6.110867437338326491e-01
2.896032110220928546e-01
4.684631284424902731e-01
2.221729868964952281e-01
6.156353002795358353e-01
5.312264429155776346e-01
2.920025922088931303e-01
3.014417121678759637e-01
5.461140795632440925e-01
2.860072425462374390e-01
3.706720530188505336e-01
7.229093590363815380e-01
2.166776903618765626e-01
2.846151645012267029e-01
5.715877437325905808e-01
5.506186726659167974e-01
4.977116704805492065e-01
4.911032028469750621e-01
4.615384615384615086e-01
5.330144069139982621e-01
9.995654063450665205e-02
3.874242938610630294e-01
2.053401144310235682e-01
4.287475111406086614e-01
3.759563110378588702e-01
6.283016747218161946e-02
3.252804141501294266e-01
2.791987179487178672e-01
1.848316096526119168e-01
1.643139469226424509e-01
1.758241758241758657e-01
3.494897959183673741e-01
2.860927152317881417e-01
3.317618299284093020e-01
1.903114186851218026e-02
1.057690790615484211e-01
1.498305084745763516e-01
4.327990135635018110e-01
5.452035398230088425e-01
1.036977491961413866e-01
8.294930875576032037e-01
2.857142857142860315e-01
4.324324324324324564e-01
5.217391304347822611e-01
1.499999999999999112e-01
0.000000000000000000e+00
1.886590391539808564e-01
0.000000000000000000e+00
0.000000000000000000e+00
0.000000000000000000e+00
6.706586826347306074e-01
0.000000000000000000e+00
0.000000000000000000e+00
0.000000000000000000e+00
0.000000000000000000e+00
0.000000000000000000e+00
5.075757575757576801e-01
8.000000000000000444e-01
6.518518518518519045e-01
0.000000000000000000e+00
0.000000000000000000e+00
0.000000000000000000e+00
5.520833333333332593e-01
0.000000000000000000e+00
0.000000000000000000e+00
0.000000000000000000e+00
0.000000000000000000e+00
3.422818791946308781e-01
6.237722179284261870e-01
6.088658861532562083e-01
5.816039320176760175e-01
5.672226799300046363e-01
5.947387225916512810e-01
6.014848664913929888e-01
3.045340612311693285e-01
3.068577818890485531e-01
4.864038095999141387e-01
4.462864681062216343e-01
5.062807686017352093e-01
1.316937142208006173e-01
3.432167579504264987e-01
4.961036687923791044e-01
3.515820403537137651e-01
2.935857865481781293e-01
2.174951421184977418e-01
2.412104429352709412e-01
5.661730382220336866e-01
3.566459504092137633e-01
7.902813923662654894e-02
1.868919108953410735e-01
2.476383656492318064e-01
3.994320924414579421e-01
6.109004067460105381e-01
2.132593317045936576e-01
2.286672313230977416e-01
4.543494403072100840e-01
4.380200587277626179e-01
4.101113445555923942e-01
3.901817186895541467e-01
4.290209890156531092e-01
4.287886073127750164e-01
2.300531111972135001e-01
2.380411958161183783e-01
3.676797528394647463e-01
3.349862929919529275e-01
4.035404982809452923e-01
4.826457743326115213e-02
2.609949596596991550e-01
3.782045626194202592e-01
2.572096909397603715e-01
2.241379151828132299e-01
1.396280177930884492e-01
1.683349071521856588e-01
4.779153961057110434e-01
2.543176552359735498e-01
5.089532861164802746e-02
1.295123325700763828e-01
1.919360253844312192e-01
2.970576513380572270e-01
5.107242068621059561e-01
1.370578015181917741e-01
1.771746764753367454e-01
3.840472673559823247e-01
3.934181002243829495e-01
3.765060240963855054e-01
3.537414965986395154e-01
3.750000000000000000e-01
3.714652546604382266e-01
5.672449994474527690e-01
5.987261146496815067e-01
8.410587997575267316e-01
4.906310525982657822e-01
4.267849939491731859e-01
5.758894410281466536e-01
4.192994505494506141e-01
5.214035369076615023e-01
2.138228941684665041e-01
4.224342403325960227e-01
2.953867848509268423e-01
5.477218908726689817e-01
5.307137328861567527e-01
3.770744975106029573e-01
4.119909266308598994e-01
5.648215835103946869e-01
4.063799137374556336e-01
3.079773008478883245e-01
7.571428571428571175e-01
4.026315789473684514e-01
2.816901408450704358e-01
