4.264044743896942546e-01
4.190826343357385575e-01
4.241927150607078256e-01
3.723682079520608812e-01
4.040898617511521351e-01
4.158628703070431087e-01
5.028806953852713590e-01
3.004357946858254858e-01
5.807477270865122332e-01
5.276806452674613901e-01
5.256446737053785956e-01
3.473030322904209211e-01
4.625274552755551660e-01
9.862284815619412059e-01
1.890206190207089909e-01
3.580204005023075453e-01
5.070558014829507076e-01
5.474658769002389569e-01
5.616581820178502271e-01
2.079338988324792581e-01
2.179989774819300896e-01
3.651779935605595773e-01
2.927613095644487906e-02
6.257954129584186731e-01
6.687147047296628788e-01
3.064259868616732163e-01
4.303571599970157369e-01
7.158774373259053636e-01
6.870078740157480324e-01
6.899313501144165306e-01
6.067615658362989217e-01
4.230769230769230727e-01
6.878087011375803028e-01
8.881049160211662574e-02
2.941424049430492182e-01
2.053401144310235682e-01
4.287475111406086614e-01
2.010435229924124600e-01
5.653803168759435893e-03
1.549155908639523460e-01
5.388313609467455523e-01
0.000000000000000000e+00
2.221691352126136110e-01
1.914947797300738941e-01
6.123417721518986667e-01
2.897350993377483253e-01
2.960974332111052654e-01
8.564013840830464463e-02
4.342000713498088693e-01
6.181818181818188318e-02
3.406288532675709746e-01
7.577142857142857846e-01
1.157556270096462558e-01
6.696428571428567622e-01
6.250000000000000000e-01
5.585585585585581825e-01
4.782608695652172948e-01
3.499999999999998668e-01
0.000000000000000000e+00
4.774749870573540278e-01
0.000000000000000000e+00
0.000000000000000000e+00
0.000000000000000000e+00
5.090909090909090384e-01
0.000000000000000000e+00
0.000000000000000000e+00
0.000000000000000000e+00
1.000000000000000000e+00
0.000000000000000000e+00
4.379084967320261979e-01
8.043478260869565410e-01
0.000000000000000000e+00
0.000000000000000000e+00
0.000000000000000000e+00
0.000000000000000000e+00
0.000000000000000000e+00
0.000000000000000000e+00
6.656250000000000222e-01
0.000000000000000000e+00
0.000000000000000000e+00
2.825484764542936511e-01
7.536753779775007267e-01
7.440186477351734551e-01
7.320860970935234580e-01
7.020762185705859970e-01
5.468112056055884906e-01
7.377467979978157286e-01
2.283565440090788989e-01
2.416255258992889843e-01
4.936768153787989277e-01
3.560448591011847741e-01
1.747887101598145643e-01
1.242341257533128851e-01
2.991844993851927592e-01
7.954319791347438384e-01
5.121050957363759704e-02
5.493663174625607049e-01
3.434540900722725665e-01
6.573070496572410715e-01
5.557085294992313296e-01
4.260949976453047849e-01
1.939040031934375907e-01
6.169025309526616763e-01
2.517426737710037887e-01
2.860292066766814134e-01
6.603415035957694856e-01
2.676308197659431620e-01
4.278777169996561547e-01
6.196499941036335279e-01
6.073876661485136941e-01
5.938607035779384091e-01
5.512262887988801374e-01
3.764290026814099965e-01
5.983536134971407794e-01
1.663890964763655722e-01
1.823384337950512135e-01
3.748839077206307380e-01
2.527788660339586602e-01
1.155033083570471131e-01
4.485456616892452564e-02
2.227060257817474742e-01
7.186891742625250989e-01
3.109680753171828460e-02
4.664671513028810779e-01
2.402845901466341971e-01
5.676183412265329853e-01
4.669925941194638663e-01
3.170376707643075553e-01
1.334870882696147509e-01
5.276656461366500128e-01
1.954260397193197107e-01
1.988772192860133181e-01
5.658169926827124607e-01
1.786102781245415272e-01
3.564104362878411369e-01
2.710487444608567498e-01
2.830964846671653046e-01
2.921686746987952055e-01
2.653061224489796643e-01
3.125000000000000000e-01
2.797374229412123992e-01
5.709039033550139530e-01
6.143790849673202992e-01
8.658169474642423147e-01
5.845079190645010581e-01
5.617664319248827365e-01
4.878770759734895046e-01
6.365380220294766245e-01
1.000000000000000000e+00
2.219892548925554432e-01
3.863332463689084229e-01
4.115481557630855658e-01
3.094634152308620711e-01
5.307137328861567527e-01
4.884431330099362478e-01
3.604515694235512768e-01
3.565881239253767543e-01
2.066908938084820457e-01
5.718980422673383135e-01
6.314687736086628256e-01
4.201845760233917648e-01
3.574612230344090258e-01
