4.112866327523157506e-01
4.072535281282213537e-01
4.037937779089935675e-01
4.004141457376537150e-01
5.602369980250164749e-01
4.096788353186673892e-01
5.140688065268148588e-01
6.244161626849501490e-01
3.041816049568801805e-01
4.425045654679320428e-01
2.456678434193275140e-01
7.195664213517669605e-01
3.128085412339405291e-01
2.565397153623371063e-01
5.436376232614528181e-01
8.111465972029492377e-01
7.616093717258720641e-01
5.184833334808922611e-01
2.458380521697067778e-01
1.310235902872176617e-01
4.906869536113891428e-01
2.790041087525673147e-01
3.121820931982295377e-01
0.000000000000000000e+00
8.660002974085465599e-01
6.244634352710483061e-01
4.532816751628980789e-01
4.389972144846796542e-01
4.111361079865016865e-01
3.524027459954233166e-01
4.056939501779359691e-01
5.384615384615385469e-01
4.075390581108846444e-01
1.854548923585713771e-01
3.793302933369631091e-01
1.919191919191918783e-01
1.295764536970566705e-01
3.425253991291726807e-01
1.327028372324539351e-01
2.153996101364522575e-01
7.692307692307720490e-03
2.909810325336011916e-01
3.385850628692623765e-01
3.820695433598659818e-01
3.161764705882353921e-01
3.918648849876560369e-02
4.184479854903483398e-02
2.422235910070834608e-01
1.534302901088868687e-02
0.000000000000000000e+00
0.000000000000000000e+00
1.000000000000000000e+00
4.798562511821448107e-01
8.294930875576032037e-01
4.821428571428572063e-01
4.324324324324324564e-01
6.521739130434780485e-01
2.500000000000000000e-01
0.000000000000000000e+00
4.681198014998937396e-01
0.000000000000000000e+00
0.000000000000000000e+00
7.839195979899498123e-01
0.000000000000000000e+00
0.000000000000000000e+00
1.791304347826087051e-01
0.000000000000000000e+00
5.729729729729730048e-01
7.777777777777779011e-01
7.204301075268817467e-01
6.434782608695652772e-01
0.000000000000000000e+00
0.000000000000000000e+00
0.000000000000000000e+00
0.000000000000000000e+00
6.463414634146341653e-01
0.000000000000000000e+00
0.000000000000000000e+00
0.000000000000000000e+00
0.000000000000000000e+00
4.112903225806451291e-01
5.914796256925238804e-01
5.820585215735155638e-01
5.384221778393720736e-01
5.962630999304812107e-01
6.914484786082998324e-01
5.790277956116697267e-01
2.141768730713020652e-01
4.251420062042714498e-01
3.735956445331582998e-01
1.451303488929088781e-01
3.560124530902397666e-01
1.716634393928306301e-01
4.584778892629467473e-01
0.000000000000000000e+00
4.584302572374912010e-01
4.862260311042174710e-01
6.236898492787557036e-01
3.940554717329769474e-01
2.596022715658644620e-01
5.812291634171395938e-02
5.585564928497079862e-01
0.000000000000000000e+00
0.000000000000000000e+00
4.337956555283395410e-02
1.000000000000000000e+00
5.539089982582671157e-01
6.779565205142370488e-01
4.170386858579127054e-01
4.075409483069575844e-01
3.632769540353451565e-01
4.226461765230676848e-01
5.447602791247508902e-01
4.034109222633944780e-01
1.549892569623141370e-01
3.460690049161078141e-01
2.623772709858603891e-01
8.925051191534283390e-02
2.617775283691825550e-01
6.791910258656613797e-02
3.679190153962731968e-01
0.000000000000000000e+00
3.556544926763308134e-01
4.025743282579227200e-01
5.163076877293486522e-01
2.989830536812236872e-01
1.905369301000490179e-01
3.370829291387625326e-02
4.632489564860112208e-01
0.000000000000000000e+00
0.000000000000000000e+00
2.566986087340170086e-02
1.000000000000000000e+00
4.416849498648602879e-01
6.142160775532878869e-01
3.988183161004432153e-01
4.020194465220643387e-01
4.231927710843373380e-01
3.877551020408163129e-01
5.000000000000000000e-01
4.073502673871497448e-01
4.748823859775347378e-01
8.055372445616348909e-01
4.065154902587031494e-01
6.142834537448120802e-01
3.259191057698521132e-01
7.639901183985146060e-01
3.082123119754009988e-01
2.221109924761057175e-01
4.660760543186238114e-01
6.466473113098545333e-01
4.883045177758471578e-01
4.833056007846674440e-01
4.166464113337268182e-01
3.563197261122054149e-01
5.424513169262223933e-01
2.820665062231508813e-01
4.550077397292057180e-01
0.000000000000000000e+00
8.157278539293324471e-01
6.281229742244174297e-01
2.593583944057050172e-01
