3.918768238001470450e-01
3.877367129409178270e-01
3.839008008266597272e-01
3.772937079925499648e-01
5.013824884792628112e-01
3.891277031924035845e-01
5.281359689966287352e-01
4.814171465877792322e-01
2.940899740262641338e-01
6.255112114465979367e-01
3.265718467138382652e-01
5.234475561209552819e-01
4.713528438761882544e-01
3.830356402819390382e-01
4.190370266846401570e-01
3.107413104955063510e-01
3.137361309318873470e-01
2.595825831845999243e-01
2.309407666289193806e-01
5.461159094367655786e-01
6.264221469104511719e-01
2.702647109378012447e-01
5.067627853027854012e-01
3.620197430343587985e-01
8.941889992314115965e-01
4.441643231543066506e-01
3.710159122526799358e-01
2.846796657381616136e-01
2.598425196850393526e-01
2.013729977116704983e-01
2.508896797153024605e-01
6.538461538461539657e-01
2.575581994673381558e-01
8.642205252374735025e-02
7.479752262982370947e-01
3.764568764568765880e-01
2.690726359068066897e-01
1.096698113207547065e-01
2.738750889813043599e-02
4.887218045112784459e-02
1.041666666666667407e-01
2.909810325336011916e-01
1.408102766798419170e-01
3.567753001715266992e-01
2.556818181818176772e-02
3.027436140018920918e-01
2.150419861263235255e-01
4.589603283173735448e-01
1.413820782253356612e-01
5.753846153846156053e-01
6.732429099876691136e-02
4.928172043010752845e-01
3.026148152642116340e-01
8.294930875576032037e-01
5.000000000000000000e-01
4.054054054054052614e-01
5.652173913043476716e-01
6.000000000000000888e-01
0.000000000000000000e+00
4.654392646943690259e-01
9.210526315789473450e-01
0.000000000000000000e+00
8.387096774193548709e-01
1.000000000000000000e+00
0.000000000000000000e+00
4.681818181818182545e-01
0.000000000000000000e+00
0.000000000000000000e+00
5.268817204301076140e-01
5.075757575757576801e-01
4.836601307189542509e-01
0.000000000000000000e+00
0.000000000000000000e+00
0.000000000000000000e+00
0.000000000000000000e+00
5.000000000000000000e-01
5.223880597014924909e-01
5.634920634920634885e-01
0.000000000000000000e+00
0.000000000000000000e+00
5.483870967741936164e-01
4.714702218195977457e-01
4.657198641992478239e-01
4.060557585258675606e-01
4.527279464533756625e-01
8.646878992892338411e-01
4.559227276280465313e-01
1.629530880296448103e-02
7.044284569063816726e-01
4.186860038028865638e-01
3.434030210573598696e-01
0.000000000000000000e+00
5.538050714133971320e-02
2.034835923462249285e-01
2.329340419071308510e-01
4.343188508011155413e-01
3.738584662619548471e-01
3.583116800101452393e-01
5.575014984542470131e-02
4.669143098237645839e-01
1.486721086403156589e-01
3.774725217972001445e-01
3.234592561024838275e-01
5.635215305300660393e-01
8.001663900460131984e-02
7.339599158593469452e-01
3.243324114819071680e-01
3.580294996428303733e-01
2.915754108992926752e-01
2.872146820113585242e-01
2.360898678462545197e-01
2.740395902856502808e-01
7.842420431121822633e-01
2.772059875611041502e-01
1.065814303437018218e-02
6.370636387975991966e-01
3.030164156869631364e-01
2.418483313753283515e-01
0.000000000000000000e+00
1.721301802378294443e-02
1.443654817182622452e-01
1.486660684743134619e-01
3.326135858319845817e-01
2.954714350644478404e-01
2.531148550242769968e-01
3.478986052998642164e-02
3.774765719083489901e-01
9.222590141736836111e-02
2.866426139046675536e-01
2.408303304183831983e-01
4.899851565745109161e-01
4.860093869147877332e-02
6.516688323508181835e-01
2.248039053054456671e-01
2.909279409571081110e-01
3.663220088626292781e-01
3.440538519072550150e-01
3.433734939759036098e-01
3.174603174603174427e-01
5.000000000000000000e-01
3.505712584402556065e-01
5.931745346045268485e-01
8.422939068100359084e-01
1.797378032046275109e-01
6.190030110404816099e-01
4.387403641134985377e-01
5.351771049800543301e-01
8.205645161290321399e-01
3.485269769471960877e-01
3.366630669546435972e-01
2.845931024238075313e-01
3.979098717112414807e-01
3.210395656988594970e-01
1.518472720155858990e-01
8.115915304379893724e-01
6.120352505605674009e-01
2.088660834454911797e-01
4.743715038412142926e-01
6.774447489649542131e-01
8.736263736263736313e-01
4.955465587044534104e-01
3.203089504770559315e-01
