1.182890085644468514e-01
1.281585708529776602e-01
1.358674391999113440e-01
1.232257094270212683e-01
7.636603028308097674e-02
1.231700019397864998e-01
4.031506592761882057e-01
1.137926533142369356e-01
2.892472813797417608e-01
5.729565451037139656e-01
1.498943251660195819e-01
6.653369759282365958e-01
6.825412919900482045e-01
1.492153842551019460e-01
8.315382443549534930e-02
8.694262803698769027e-01
3.308377430351230331e-01
0.000000000000000000e+00
5.766601379280208439e-01
2.920462161223815745e-01
6.533852451233650438e-01
6.907227333689583970e-01
5.918246505551723047e-01
9.074222375718232758e-01
2.031111517437759195e-01
2.623371792668129920e-01
7.068274605808060329e-01
1.649025069637883312e-01
1.664791901012373510e-01
1.487414187643020802e-01
1.921708185053380702e-01
1.153846153846153633e-01
1.647188182918828958e-01
5.689226028209071195e-02
5.022119376573876970e-01
4.871794871794871695e-01
4.137353433835845862e-01
9.432213614982426497e-02
8.941216140272001400e-02
3.385784047748235936e-01
2.018229166666668517e-02
6.958366481039512941e-02
4.747116237799466898e-01
6.926406926406925013e-02
1.280864197530864335e-01
5.108798486281929119e-01
3.660718824665751825e-01
3.520761245674741691e-01
5.058470271143074015e-01
3.777777777777777679e-01
9.999999999999998890e-01
1.012765957446808973e-01
1.036977491961413866e-01
1.000000000000000000e+00
1.964285714285716189e-01
1.171171171171168091e-01
4.347826086956518843e-01
0.000000000000000000e+00
0.000000000000000000e+00
9.553171218634615158e-02
7.368421052631578538e-01
0.000000000000000000e+00
0.000000000000000000e+00
0.000000000000000000e+00
0.000000000000000000e+00
0.000000000000000000e+00
0.000000000000000000e+00
0.000000000000000000e+00
0.000000000000000000e+00
0.000000000000000000e+00
8.705882352941176627e-01
0.000000000000000000e+00
0.000000000000000000e+00
0.000000000000000000e+00
0.000000000000000000e+00
0.000000000000000000e+00
0.000000000000000000e+00
0.000000000000000000e+00
0.000000000000000000e+00
0.000000000000000000e+00
6.296296296296295392e-01
1.941580933563059608e-01
2.053600185442046866e-01
1.958295833268012265e-01
2.206527670646354633e-01
1.991750989924093718e-01
2.007806580519725659e-01
2.084214700810560483e-02
4.902427880443163133e-01
5.404830945695915378e-01
3.859807153392517121e-01
7.066176055705031267e-03
1.997715166039918389e-01
6.881275370389484669e-01
2.639498113688375502e-01
2.690180537358903834e-01
8.906734250575865097e-01
1.650581174441513310e-01
2.188682674213252577e-01
6.815138291638512813e-01
5.205855670871202268e-01
5.540650146530128328e-01
7.747662769157510620e-01
7.836511462941209150e-01
9.999999999999998890e-01
1.776317168469536689e-01
2.245782903591037050e-01
3.046386078928333685e-01
8.120444724794424751e-02
8.829063108255637282e-02
8.484649214838832498e-02
9.663153140190969270e-02
8.950701127322326089e-02
8.516909676730788359e-02
1.366538351024348952e-02
4.093875382892278036e-01
4.224500595423086313e-01
2.792364359387028427e-01
4.182317286507170051e-03
8.313693628594703844e-02
6.098490557961697700e-01
1.723223483855920724e-01
1.876130450719461495e-01
8.580665844357124872e-01
1.020044042510395432e-01
1.507958160697797922e-01
6.035215073060149482e-01
4.092813471101974243e-01
4.585619562863788023e-01
7.088757939381882256e-01
7.329630193434640839e-01
1.000000000000000000e+00
1.160686527162375914e-01
1.454867970614318884e-01
2.427950821442508844e-01
7.237813884785820884e-02
1.054599850411369055e-01
1.265060240963855609e-01
1.043083900226757788e-01
1.250000000000000000e-01
8.682396175479695222e-02
4.330215233402455732e-01
2.589531680440771422e-01
6.690240452616689204e-01
6.190030110404816099e-01
3.329236172080773382e-01
6.154406409322651372e-01
6.594387755102039117e-01
9.881639033763472968e-02
3.622264435712613251e-02
1.000000000000000000e+00
3.761237157534247366e-01
5.702132814348137568e-02
4.071119087723534813e-01
4.007007191591368533e-01
7.131102773882090906e-01
7.123149394347241259e-01
5.968929345016459331e-01
7.660588289196370582e-01
3.271604938271605034e-01
3.904306220095694613e-01
6.389141299409359931e-01
