8.610435376111164052e-02
8.998261545787278326e-02
9.264948433122027760e-02
7.744009169225785083e-02
6.168025522864228893e-02
8.624513017067825249e-02
5.666859637446890474e-01
1.292537580584999235e-01
5.398715324022103079e-01
7.332355913471644282e-01
3.734288482533810183e-01
3.878775457036258700e-01
5.544973870150429196e-01
2.208150906796302326e-01
1.188722152068963922e-01
9.494051495417221709e-01
3.812758590755143118e-01
3.820794545419294863e-01
5.016168790562834934e-01
3.560675271053284074e-01
5.566186643064665596e-01
2.232004176468914691e-01
7.138011009642721838e-01
7.809413597015641972e-01
1.530789285919337828e-01
2.962048171128330853e-01
7.682587495267305666e-01
1.532033426183844194e-01
1.487626546681664608e-01
1.155606407322654627e-01
1.441281138790035388e-01
7.692307692307692735e-02
1.394594735450985779e-01
5.489484723088259299e-01
4.272333072245864116e-01
2.456028819665184160e-01
4.287475111406086614e-01
2.158245645863570150e-01
4.406640705062511709e-02
3.504492939666239426e-01
3.361645299145298305e-01
2.568615751789975477e-01
5.403726708074534368e-01
1.368387709851124345e-01
4.098360655737705027e-01
2.897350993377483253e-01
2.586933098246645413e-01
5.044865403788634239e-01
3.296222166624966921e-01
4.080000000000001403e-01
6.636251541307028878e-01
6.133333333333335080e-02
2.926045016077170047e-01
1.000000000000000000e+00
4.285714285714288252e-01
3.693693693693691493e-01
4.782608695652172948e-01
3.499999999999998668e-01
0.000000000000000000e+00
4.057601258305099101e-01
5.468750000000000000e-01
0.000000000000000000e+00
0.000000000000000000e+00
0.000000000000000000e+00
0.000000000000000000e+00
0.000000000000000000e+00
0.000000000000000000e+00
0.000000000000000000e+00
0.000000000000000000e+00
6.767676767676769067e-01
9.610389610389611370e-01
0.000000000000000000e+00
0.000000000000000000e+00
0.000000000000000000e+00
0.000000000000000000e+00
3.354430379746835555e-01
0.000000000000000000e+00
0.000000000000000000e+00
0.000000000000000000e+00
0.000000000000000000e+00
6.754966887417218624e-01
1.479737544030590990e-01
1.466786158852100008e-01
1.249464152870045086e-01
1.542113237839591033e-01
1.598180156843343469e-01
1.442996919308271175e-01
6.058488729816267071e-01
2.222597751650878806e-01
6.489028977832238532e-01
3.516003216716789836e-01
3.746553862560786374e-01
1.297088277158551795e-01
5.433762413490695886e-01
5.251748674112047821e-01
3.061547850478907318e-01
7.310468599636632536e-01
2.212746134597544101e-01
6.273983811050847237e-01
4.625196514541213277e-01
3.925771600137275552e-01
5.255958429230336293e-01
5.115501397866548672e-01
6.960471478194174555e-01
7.107495192591252176e-01
1.742398061197120152e-01
3.817272559943682975e-01
1.827044047574213348e-01
5.695464681057985090e-02
5.688685860068810884e-02
4.789353571221297012e-02
6.014507836982038030e-02
6.749568508132763878e-02
5.533851918704221079e-02
5.218718362782993614e-01
1.663318043305644922e-01
5.406282137507424368e-01
2.489195683555309735e-01
2.783566421524025225e-01
4.734929548984465053e-02
4.528747838889061739e-01
4.075675049905588265e-01
2.182187866584328062e-01
6.652073910781816091e-01
1.424370022820126980e-01
5.343192242625269817e-01
3.731933449050493512e-01
2.862303298723418155e-01
4.292161777972805514e-01
4.172034290885593966e-01
6.327952220191247479e-01
6.230136605053278043e-01
1.136032280269000660e-01
2.745365034323066222e-01
1.391103865806728179e-01
7.533234859675042028e-02
9.947643979057591013e-02
8.433734939759035543e-02
1.224489795918367596e-01
1.250000000000000000e-01
8.123702280490219252e-02
4.463549812316901511e-01
4.895833333333333703e-01
5.108910891089106787e-01
7.460020073603212953e-01
3.560247542773936069e-01
3.773800853189054338e-01
8.476027397260271767e-01
1.410751049946374347e-01
1.127429805615550729e-01
8.474622521375296813e-01
4.436250842128903749e-01
2.507830569694933232e-01
4.465211860260298593e-01
5.357077000079027984e-01
6.120352505605674009e-01
1.369448183041722666e-01
5.561983164608595986e-01
7.660588289196370582e-01
3.509933774834437248e-01
2.757750540735399714e-01
6.875149200286463369e-01
