4.612543790973722690e-01
4.499550281023485532e-01
4.565056402307757222e-01
4.259994061597431325e-01
5.476190476190476719e-01
4.543646372562787916e-01
3.203675122885825122e-01
7.043443134640124947e-01
1.201552506086145389e-01
0.000000000000000000e+00
5.305231530954570562e-01
4.907314374525495460e-01
4.360703736250195472e-01
5.129399927397255698e-01
3.003032261141046488e-01
2.272268831515438237e-01
2.461900235184184549e-01
8.232639777533359293e-01
3.803560988824061795e-01
2.274324682387420804e-01
4.104906375614491010e-01
2.175362027201136472e-01
9.255355037953822972e-01
7.486616234240737189e-01
8.576459498532853498e-01
5.774249247994946987e-01
4.274935906238279681e-01
5.398328690807799868e-01
4.893138357705286712e-01
4.485125858123569786e-01
4.804270462633452032e-01
3.461538461538462008e-01
5.025041231690724475e-01
9.999999999999998890e-01
1.939664569892038948e-01
3.606393606393606954e-01
2.148241206030150896e-01
5.385563521526354203e-01
9.738675958188150461e-02
1.549155908639523460e-01
3.132333767926988033e-01
1.692575630523124319e-01
5.020703933747412417e-01
5.640074211502783541e-01
4.250000000000000444e-01
1.426388181355069396e-01
1.106425702811245082e-01
1.163251817580965852e-01
2.583360103904357441e-01
4.562025316455695645e-01
5.413070283600492916e-01
6.296878612716763080e-01
2.189174705251875075e-01
8.294930875576032037e-01
5.535714285714288252e-01
4.594594594594592074e-01
2.173913043478261642e-01
3.999999999999999112e-01
0.000000000000000000e+00
3.643371864371798274e-01
0.000000000000000000e+00
0.000000000000000000e+00
0.000000000000000000e+00
0.000000000000000000e+00
0.000000000000000000e+00
0.000000000000000000e+00
0.000000000000000000e+00
0.000000000000000000e+00
0.000000000000000000e+00
0.000000000000000000e+00
4.378698224852071164e-01
0.000000000000000000e+00
0.000000000000000000e+00
0.000000000000000000e+00
3.800000000000000044e-01
0.000000000000000000e+00
0.000000000000000000e+00
0.000000000000000000e+00
0.000000000000000000e+00
0.000000000000000000e+00
3.642857142857142683e-01
6.757183450202793873e-01
6.590878044833322624e-01
6.571282626240080305e-01
6.386227934788425431e-01
6.895742133857447609e-01
6.652050620429785788e-01
1.000000000000000000e+00
6.233353043555887041e-01
4.057068476900005383e-01
1.428576984804197370e-01
6.080972651647509331e-01
1.720823608476640953e-01
1.978569805505198120e-01
4.398262626023361488e-01
4.339188541439236158e-01
5.162520176840270647e-01
6.432824414869477980e-01
2.967316174782712590e-01
4.033823963611685715e-01
2.978393901600324689e-01
9.968381977338203193e-02
5.204245221845997804e-01
1.000000000000000000e+00
4.013318697969424642e-01
7.882587063267884053e-01
3.989148102341110169e-01
6.675528209043697370e-01
5.175268983124842181e-01
4.978960389647060225e-01
4.983422441795351543e-01
4.721815890607378163e-01
5.423950047941242802e-01
5.047520642674597768e-01
1.000000000000000000e+00
5.473708763741113037e-01
2.911204594797108247e-01
8.770667584779390236e-02
5.101436264567551504e-01
6.813744550521257104e-02
1.399675058237195291e-01
3.236276936391564996e-01
3.322354069549974809e-01
4.326252304533649840e-01
5.382934613443749461e-01
2.136415281000793864e-01
3.169055979766411402e-01
2.045726067376309465e-01
6.499378525789561989e-02
4.261849542063086971e-01
9.999999999999998890e-01
2.987958972514606071e-01
7.179178420332744670e-01
2.900117118578121600e-01
6.027629652264034910e-01
3.449039881831610921e-01
3.537771129394166048e-01
3.493975903614457423e-01
3.310657596371882061e-01
5.000000000000000000e-01
3.450481954966017062e-01
2.820201127196376722e-01
9.251556433419506620e-01
2.229379748814794837e-01
5.463971761192010224e-02
4.812304034911975559e-01
5.626409314328918443e-01
5.702152497134055364e-01
3.672163347807599343e-01
2.201156176235799511e-01
1.734712244414622351e-01
5.899035619601566971e-02
8.586633882331372591e-01
4.315837986798782833e-01
4.159928786638201759e-01
5.286904315655314157e-01
2.848596028687842008e-01
8.839490505200729986e-01
8.137022748416125051e-01
8.811864781263808455e-01
5.698747808546578142e-01
3.036957426900224744e-01
