2.618253857527078066e-01
2.530901680853845370e-01
2.512571722452771605e-01
2.227837042110901167e-01
2.702405614509787446e-01
2.536354882373174635e-01
1.646060963861371018e-01
2.828554736084396559e-01
8.238712986767031676e-01
6.706473651252840007e-01
6.598238255775159544e-01
3.072198300520787573e-01
3.803590067197899494e-01
8.193583976756350085e-01
8.016122318775407152e-01
1.196734646066608398e-01
6.412274003293649827e-01
5.660930615958903456e-01
3.062016265652359737e-01
2.037089899185497988e-01
3.260449685209687587e-01
2.192405344724946969e-01
3.884990744159098064e-01
1.278766475053114693e-01
5.399776909607800768e-01
6.525608912991023303e-01
6.465685762754429522e-01
4.562674094707520611e-01
4.448818897637795144e-01
4.256292906178489321e-01
4.056939501779359691e-01
7.307692307692308376e-01
4.455479104334767460e-01
1.676289811883030501e-01
2.375437806595501744e-01
3.395493395493396904e-01
5.728643216080402389e-01
7.105457732015225680e-01
9.253945480631275977e-02
5.933388157894737835e-01
8.346153846153847589e-01
6.170114028109252580e-01
3.026343970871707700e-01
1.000000000000000000e+00
4.522058823529411242e-01
1.000000000000000000e+00
3.863966504315132777e-01
4.338235294117647189e-01
3.937039659177006268e-01
7.479999999999999982e-01
3.479364618843838741e-01
4.297600000000000864e-01
3.941985359512895082e-01
1.000000000000000000e+00
2.321428571428572063e-01
2.702702702702701743e-01
4.347826086956518843e-01
2.500000000000000000e-01
0.000000000000000000e+00
3.191110732961162100e-01
0.000000000000000000e+00
0.000000000000000000e+00
0.000000000000000000e+00
0.000000000000000000e+00
0.000000000000000000e+00
0.000000000000000000e+00
0.000000000000000000e+00
0.000000000000000000e+00
0.000000000000000000e+00
0.000000000000000000e+00
4.228571428571428759e-01
0.000000000000000000e+00
0.000000000000000000e+00
0.000000000000000000e+00
0.000000000000000000e+00
0.000000000000000000e+00
0.000000000000000000e+00
0.000000000000000000e+00
0.000000000000000000e+00
0.000000000000000000e+00
3.736263736263736313e-01
4.812914662962943790e-01
4.719076275017858313e-01
4.440355262113587220e-01
4.478998732621727319e-01
5.173683491205226526e-01
4.676285630540542027e-01
2.123972647595662178e-01
3.436826927918854580e-01
4.196994226971518804e-01
4.227027503504773298e-01
7.813236624678401299e-01
1.306373201034931597e-01
4.191972788674428463e-01
5.999713618079550725e-01
8.416696962050498332e-01
4.591253172715890063e-01
6.600333500062858239e-01
4.521042823155883017e-01
5.871081789517021976e-01
2.753774167834593944e-01
4.392322849793630635e-01
4.805532301000006168e-01
7.485444494485238298e-01
3.345301057668484956e-01
5.240421367437427813e-01
3.688974794802518664e-01
6.082167141432877067e-01
3.010617240271576955e-01
2.931255701881720910e-01
2.700571857434092005e-01
2.695575316290155787e-01
3.456869213959136711e-01
2.882670809622842611e-01
1.535685170108212483e-01
2.707024758658598262e-01
3.039519969727563775e-01
3.127941812531698784e-01
7.110970050423973676e-01
4.777673145917704645e-02
3.303910311160160318e-01
4.867786454406928254e-01
7.865040403773821964e-01
3.759695493176774539e-01
5.573689842494392588e-01
3.534761438884839180e-01
5.000035955499073648e-01
1.863859040675787115e-01
3.440267358807039266e-01
3.862989421249159450e-01
6.922704615955467267e-01
2.395243126309421489e-01
4.189263181295908023e-01
2.631598302988736870e-01
5.386497614722924876e-01
1.506646971935007850e-01
1.675392670157068165e-01
1.746987951807228989e-01
1.405895691609977405e-01
2.500000000000000000e-01
1.591209853530861640e-01
2.042315072484153227e-01
4.607843137254902244e-01
9.882315962688705824e-01
7.394330937575708251e-01
5.401119402985075091e-01
2.745812090313182185e-01
5.265957446808510189e-01
7.472235433560197038e-01
6.889848812095034081e-01
2.368065865838844264e-01
4.515373325304832264e-01
4.593542047879635160e-01
2.921681834491306473e-01
3.117549435411265391e-01
3.731763563161405450e-01
2.711978465679676376e-01
4.605226719181602091e-01
2.161971020213482308e-01
6.625000000000000888e-01
6.744078947368419286e-01
5.545774647887324882e-01
