8.886097476616028334e-02
9.623322068403122875e-02
1.126759031394036770e-01
8.961305198375324466e-02
9.143827310211016801e-02
9.494616729558058577e-02
3.650815676336494064e-01
2.402138962957681700e-01
5.181109972736750446e-01
9.727932077060579275e-01
1.704191432375359860e-01
9.379110347262431535e-01
3.438892456896529559e-01
1.388259513272274148e-01
2.175551714562993233e-01
2.543744029653560723e-01
3.069302316948339104e-01
2.188965671756307740e-01
6.433764958862701056e-01
1.094454095630954527e-01
5.979740931322614639e-01
4.808512853958820665e-01
6.420564826019092841e-01
8.798978567052444522e-01
2.910743842207967891e-01
1.977528286779294264e-01
6.636574413070124301e-01
5.626740947075209442e-02
3.796400449943754252e-02
5.491990846681921168e-02
5.338078291814946086e-02
1.153846153846153633e-01
5.450035219099685913e-02
7.627118644067787390e-02
3.453417534185476701e-01
4.586059102188135284e-01
9.645664218528540168e-01
1.096698113207547065e-01
1.203518592562974610e-01
4.386672325976231912e-01
1.811840120663650300e-01
2.187280640179698477e-01
2.917218205885345750e-01
4.692082111436945979e-02
3.161764705882353921e-01
6.033848417954377208e-01
4.652157015157403208e-01
3.235294117647058432e-01
6.179900883109139542e-01
3.901639344262295417e-01
5.463200663014696756e-01
2.959999999999999853e-01
4.905068136579389115e-01
8.294930875576032037e-01
8.928571428571441260e-02
1.171171171171168091e-01
3.913043478260869179e-01
0.000000000000000000e+00
0.000000000000000000e+00
5.688871280469864899e-02
4.929577464788732488e-01
0.000000000000000000e+00
0.000000000000000000e+00
0.000000000000000000e+00
0.000000000000000000e+00
2.191489361702127769e-01
0.000000000000000000e+00
0.000000000000000000e+00
0.000000000000000000e+00
6.568627450980393245e-01
1.000000000000000000e+00
0.000000000000000000e+00
0.000000000000000000e+00
0.000000000000000000e+00
0.000000000000000000e+00
0.000000000000000000e+00
0.000000000000000000e+00
0.000000000000000000e+00
0.000000000000000000e+00
0.000000000000000000e+00
0.000000000000000000e+00
7.859454624800432665e-02
8.307177444408073153e-02
7.345296983036714300e-02
8.904310901943870982e-02
2.447364314582629596e-01
8.063664436343484510e-02
1.594250696089591912e-01
4.941197866050033305e-01
6.010006484638323876e-01
9.999999999999998890e-01
1.591308830499841287e-01
2.475312397420346144e-01
5.124602251309250400e-01
5.939887237971855916e-01
2.765305153269748129e-01
3.454941251323349061e-01
1.619048498794173341e-01
5.792626498547921443e-01
6.836895271567896559e-01
5.719493036199012614e-01
3.330730110309456649e-01
7.344425847392461737e-01
7.367501419377568972e-01
6.181140492666782338e-01
2.548304050997359793e-01
3.690679155646093834e-01
2.486779673732315565e-01
2.631424314693801489e-02
2.842734852020122049e-02
2.548986899223774222e-02
3.054338475821996579e-02
1.176483510974602326e-01
2.722535731433878281e-02
1.122984252339727096e-01
4.132449215695517264e-01
4.870368025400078071e-01
1.000000000000000000e+00
1.041322235946901265e-01
1.116378756156601731e-01
4.213291196005421457e-01
4.802487370156638402e-01
1.937122117707670843e-01
2.697727138234530253e-01
9.982213241042744989e-02
4.822226240514034812e-01
6.059827144079268368e-01
4.627647642901807079e-01
2.472106668577750410e-01
6.607990120377296162e-01
6.787649304513035942e-01
5.173771071925263865e-01
1.748028161808523884e-01
2.633099828202303261e-01
1.941320615189697230e-01
9.010339734121125543e-02
1.301421091997008173e-01
1.400602409638554424e-01
1.383219954648526318e-01
1.250000000000000000e-01
1.074051536839924492e-01
4.144459529861233005e-01
3.897420147420148084e-01
6.824045261669020590e-01
9.182910869265736853e-01
2.130686437095568597e-01
6.914869049513353572e-01
3.819444444444443088e-01
6.676723909566428805e-02
1.757820664669406674e-01
2.227615062761507669e-01
2.496412722912819682e-01
6.254170947418469240e-02
6.624068044950713885e-01
0.000000000000000000e+00
6.513303023552740045e-01
3.242237408299055712e-01
5.909583027040311576e-01
8.648144827528112533e-01
4.625834851244687851e-01
1.243158478235500963e-01
5.950154049295774961e-01
