1.715053486564853125e-01
1.810815470888674783e-01
1.826262829923571140e-01
1.836901970930794881e-01
2.054625154546476651e-01
1.759407906754081874e-01
7.275953253667570841e-01
5.638703070515528326e-01
2.161614513786385139e-01
2.616125458667100112e-01
4.992611795963158294e-01
9.491897136979410288e-01
3.112118355960085125e-01
2.796816768906555950e-01
1.231792522537117351e-01
2.607559708367239715e-01
1.725619738694852412e-01
4.191108796407940762e-01
7.002950728597602259e-01
0.000000000000000000e+00
8.241852519805303867e-01
3.196733892710753588e-01
3.040548227940400583e-01
6.869691505966093459e-01
6.210356387244830856e-02
3.129633975833605586e-01
5.679730466868602168e-01
2.479108635097493352e-01
2.471878515185601533e-01
2.391304347826086474e-01
2.330960854092526402e-01
2.307692307692307820e-01
2.390981418522780677e-01
3.462842242503257895e-01
5.022119376573876970e-01
1.027840084443858992e-01
0.000000000000000000e+00
3.511198383562423864e-01
1.192490933655691865e-01
6.002979145978154518e-01
1.162827557058326855e-01
2.734838749158556848e-01
2.795031055900620842e-01
2.424242424242424310e-01
5.090909090909090384e-01
7.030056036678553610e-01
3.040819996403524295e-01
5.758823529411765119e-01
2.427421527684223701e-01
3.274074074074073692e-01
5.030826140567200566e-01
4.362264150943395702e-02
6.650657332410764289e-02
8.294930875576032037e-01
3.392857142857144126e-01
4.324324324324324564e-01
3.043478260869565410e-01
5.499999999999998224e-01
0.000000000000000000e+00
3.192959170084108678e-01
0.000000000000000000e+00
0.000000000000000000e+00
0.000000000000000000e+00
0.000000000000000000e+00
0.000000000000000000e+00
3.745454545454545703e-01
0.000000000000000000e+00
0.000000000000000000e+00
0.000000000000000000e+00
6.203703703703703498e-01
3.681592039800994920e-01
0.000000000000000000e+00
0.000000000000000000e+00
0.000000000000000000e+00
7.916666666666666297e-01
0.000000000000000000e+00
0.000000000000000000e+00
0.000000000000000000e+00
0.000000000000000000e+00
0.000000000000000000e+00
5.074626865671642006e-01
2.557032231458611360e-01
2.629235887458969412e-01
2.465555302774538604e-01
2.541187298362378444e-01
3.425335559278162023e-01
2.531775678328741508e-01
3.452043179635211345e-01
4.632749150827462081e-01
3.294339661583960410e-01
3.880201650898285060e-02
7.156984719508061588e-01
1.603502923671706326e-01
4.508586628889642567e-01
3.230556333331854324e-01
3.448590000429143654e-01
4.803447116531440741e-01
4.249944513703725057e-01
5.678491112595032142e-01
7.152715558245134053e-01
2.977132499361766493e-01
5.414674888990655965e-01
3.453976739630446602e-01
5.600514074792697361e-01
6.130385823774419096e-01
1.521566009249963880e-02
1.972712529265542303e-01
1.551182955938790187e-01
1.183062238492374879e-01
1.238966042622532404e-01
1.156384164599503217e-01
1.174207627801541198e-01
1.876931234897334932e-01
1.169528286913194826e-01
2.657137692534683460e-01
3.828252372716470786e-01
2.244483279419044464e-01
2.200376269809040108e-02
6.320653107020465233e-01
6.211949803765859368e-02
3.605517536238969645e-01
2.199156220569561948e-01
2.513314854789786557e-01
3.967588451924544124e-01
3.131864644224919836e-01
4.701405383463197474e-01
6.420922294808768527e-01
2.044692187456347843e-01
4.454992501199704358e-01
2.600256615368473079e-01
4.863868308392288453e-01
5.118009590757284233e-01
8.900777309853002972e-03
1.253500956252080745e-01
1.168571777084654317e-01
1.772525849335302994e-01
2.206432311144352898e-01
2.078313253012047945e-01
2.403628117913832463e-01
2.500000000000000000e-01
1.935247396579935497e-01
7.427680066645699908e-01
7.121212121212121549e-01
4.327021188259552176e-01
4.194331596807339135e-01
4.469320066334992458e-01
9.691626929049456107e-01
5.633830455259026815e-01
2.417502781480849738e-01
3.131749460043192768e-02
6.443514644351466814e-02
2.501194647977067476e-02
3.453994573593285322e-01
5.831615489629570215e-01
1.777661148857903051e-01
6.773558461294514332e-01
3.534500700697920106e-01
3.255954808964042213e-01
7.270686337395768639e-01
2.500000000000000000e-01
5.711750305997551624e-01
4.428494041170097373e-01
