2.373096061612375851e-01
2.249308526904627570e-01
2.219869873177414132e-01
1.837866544132185642e-01
2.844282499196227887e-01
2.256392323553964574e-01
1.280192790565406469e-01
3.146631921131048948e-01
3.044318653489388460e-01
5.502304184179629409e-01
5.594767346830185062e-01
2.801826600810553014e-01
3.584670471355468901e-01
3.959051066011682884e-01
7.629376190735142060e-01
8.247057719240418194e-01
7.962734009112748534e-01
7.979028038749373941e-01
2.690797841725173223e-01
1.000000000000000000e+00
8.252678720071271457e-02
2.447682770130804597e-01
2.067771286713657730e-01
4.336557415610602373e-01
4.181420139481806242e-01
7.334855459817977152e-01
7.383955337320713408e-01
5.448467966573816712e-01
4.730033745781777599e-01
4.141876430205949644e-01
3.665480427046262646e-01
2.692307692307692180e-01
4.719726751318576996e-01
4.599739243807038358e-01
2.662791805621724794e-01
3.986013986013985932e-01
2.811278615298716255e-01
5.560641583863644710e-01
3.745644599303132871e-02
1.486719134284308907e-01
1.937500000000000888e-01
3.629420698633107900e-01
4.024844720496894013e-01
8.196248196248197004e-01
5.277777777777776791e-01
3.667855323484462415e-01
9.645762537328802511e-01
5.578093306288034459e-02
8.867483946293042152e-02
3.151219512195122530e-01
2.992190711056309516e-01
5.644000000000000128e-01
4.542949012402387465e-01
1.000000000000000000e+00
8.928571428571441260e-02
1.891891891891890332e-01
1.739130434782607537e-01
1.999999999999999556e-01
0.000000000000000000e+00
0.000000000000000000e+00
0.000000000000000000e+00
0.000000000000000000e+00
0.000000000000000000e+00
0.000000000000000000e+00
0.000000000000000000e+00
0.000000000000000000e+00
0.000000000000000000e+00
0.000000000000000000e+00
0.000000000000000000e+00
6.203703703703703498e-01
2.761194029850746468e-01
0.000000000000000000e+00
0.000000000000000000e+00
0.000000000000000000e+00
0.000000000000000000e+00
0.000000000000000000e+00
0.000000000000000000e+00
0.000000000000000000e+00
0.000000000000000000e+00
0.000000000000000000e+00
3.805970149253731227e-01
5.547214457156603995e-01
5.185799196517777432e-01
4.858449341844282565e-01
4.598285732556849359e-01
5.452921570577614618e-01
5.210048095261408108e-01
5.287800107081983558e-01
5.724342901047383414e-01
4.814005498153393070e-01
2.187899242337907335e-01
8.550397650214753842e-01
1.354161588348785084e-01
4.534362901161647086e-01
3.798678689088940130e-01
6.015265708511101650e-01
4.935357258553523252e-01
9.999999999999997780e-01
7.245697974326652524e-01
4.136461537026011603e-01
9.299307120218873735e-01
1.164888975249023240e-01
4.571621309936881872e-01
6.554916492557769647e-01
4.323332550076081082e-01
5.783085588692274959e-01
4.247316042384839951e-01
6.681104836450386664e-01
3.764007941102225918e-01
3.394793628886316195e-01
3.098005310106301535e-01
2.806924215105045528e-01
3.748137586237694774e-01
3.412062150995650023e-01
4.411541689481454087e-01
4.932457858466887668e-01
3.627530474431306384e-01
1.418074003026663643e-01
8.040944295739270720e-01
4.999659220438847085e-02
3.630393997352128754e-01
2.687679678901979119e-01
5.023024561526114873e-01
4.098344852299550256e-01
1.000000000000000000e+00
6.451084183681229378e-01
3.264945534086780010e-01
9.008713083453960824e-01
7.670736114121651239e-02
3.634579537868334875e-01
5.879773462699149356e-01
3.275966329319742187e-01
4.755334919649553127e-01
3.137606957655829643e-01
6.033752759604222859e-01
5.908419497784345165e-02
6.955871353777115518e-02
6.927710843373491301e-02
6.349206349206348854e-02
2.500000000000000000e-01
5.704728670461223228e-02
6.610220781353437491e-02
5.875000000000000222e-01
3.568128241395567279e-01
7.264637002341920446e-01
4.469320066334992458e-01
2.154989075018207689e-01
4.596428571428571308e-01
3.855719540815814583e-01
7.641468682505401233e-01
6.581589958158997611e-01
3.761237157534247366e-01
7.562696300325736365e-01
1.518472720155858990e-01
8.818165054565570982e-01
1.932508714927685389e-01
2.525565716154511975e-01
2.731857455408462920e-01
4.220276949779271369e-01
5.300000000000000266e-01
8.526315789473684070e-01
7.605633802816900157e-01
