2.220134969298689920e-01
2.088401690247776443e-01
2.075291796810783684e-01
1.626852376710665182e-01
2.662337662337662669e-01
2.090568681211663615e-01
2.108769551158558020e-01
2.718070885714761742e-01
2.925158682567736701e-01
5.174916381217820049e-01
6.137137210961067790e-01
2.924652627282389172e-01
4.738583006800349828e-01
3.964157418240910058e-01
6.698683643148699574e-01
8.449584563940732984e-01
7.902190973991227718e-01
7.884103026429738481e-01
3.307844904778811657e-01
8.084821342889847440e-01
2.851062233229906262e-02
2.298575001270369844e-01
3.665664783420921058e-01
5.045481713615103114e-01
4.269307981992004342e-01
6.567320078134026851e-01
7.352079421321919828e-01
5.448467966573816712e-01
4.730033745781777599e-01
4.141876430205949644e-01
3.665480427046262646e-01
2.692307692307692180e-01
4.719726751318576996e-01
4.599739243807038358e-01
2.662791805621724794e-01
2.340992340992341103e-01
2.811278615298716255e-01
6.556085424009951979e-01
3.745644599303132871e-02
3.298872180451127845e-01
3.158195970695970578e-01
3.629420698633107900e-01
4.024844720496894013e-01
8.196248196248197004e-01
5.277777777777776791e-01
3.667855323484462415e-01
9.645762537328802511e-01
5.578093306288034459e-02
2.731501751313485382e-01
3.151219512195122530e-01
2.992190711056309516e-01
5.644000000000000128e-01
4.542949012402387465e-01
1.000000000000000000e+00
8.928571428571441260e-02
1.891891891891890332e-01
1.739130434782607537e-01
1.999999999999999556e-01
0.000000000000000000e+00
0.000000000000000000e+00
0.000000000000000000e+00
0.000000000000000000e+00
0.000000000000000000e+00
0.000000000000000000e+00
0.000000000000000000e+00
0.000000000000000000e+00
0.000000000000000000e+00
0.000000000000000000e+00
0.000000000000000000e+00
0.000000000000000000e+00
2.761194029850746468e-01
0.000000000000000000e+00
0.000000000000000000e+00
0.000000000000000000e+00
0.000000000000000000e+00
0.000000000000000000e+00
0.000000000000000000e+00
0.000000000000000000e+00
0.000000000000000000e+00
0.000000000000000000e+00
3.805970149253731227e-01
5.225870416644048388e-01
4.842487443281970894e-01
4.563435275167466165e-01
4.177547148685418765e-01
5.544679781667729568e-01
4.875331037842680626e-01
5.213705886039183834e-01
5.903621652065731418e-01
3.933876285593989053e-01
2.275228096243059328e-01
9.742487833839801326e-01
1.318972843470612166e-01
5.219752786851833415e-01
3.494287231953787654e-01
6.342048815780669813e-01
6.442659447996355038e-01
9.784915586909921359e-01
8.029662332891642773e-01
3.619993269939162372e-01
8.651050580578310001e-01
1.148316182449080625e-01
5.452575346397887657e-01
6.932960237766285783e-01
4.574813711872814936e-01
6.294646210606188452e-01
3.691144083668950193e-01
6.027945899727371604e-01
3.424729274224800335e-01
3.050785205712480685e-01
2.815010778650072210e-01
2.423331346826557986e-01
3.846189549351022863e-01
3.075286156886046784e-01
4.336140714154691489e-01
5.121179553025401177e-01
2.799774778577432399e-01
1.483624792020954430e-01
9.639369270600647299e-01
4.835877386228225328e-02
4.309636858668434711e-01
2.422150035003212687e-01
5.381696615863733602e-01
5.675200590999843753e-01
9.688625061853410880e-01
7.399717886252417109e-01
2.790112889505186877e-01
8.130607882846181411e-01
7.554249087707620713e-02
4.516338446983352850e-01
6.297238609043537272e-01
3.515622090170102410e-01
5.311689552861025287e-01
2.633509471044228611e-01
5.328936161990081022e-01
5.612998522895129572e-02
6.843679880329095466e-02
5.271084337349396520e-02
6.122448979591837981e-02
1.250000000000000000e-01
5.481275313398675797e-02
1.397172925501805052e-01
4.308333333333333459e-01
3.711760522299203391e-01
6.288484978089572408e-01
4.469320066334992458e-01
3.872029723223692210e-01
5.311607142857140973e-01
3.670494655143887175e-01
5.064438674693259035e-01
6.888383085429437003e-01
3.513189960183198401e-01
8.542186911298076391e-01
2.149916821606810968e-01
7.359951153239577826e-01
1.044856603654508165e-01
2.247302138389034587e-01
3.447416152184613614e-01
4.541372674791532837e-01
5.134374999999999911e-01
6.933780364372470473e-01
7.916440953412784420e-01
