2.748579739872947791e-01
2.584323482092794055e-01
2.520994376328914988e-01
2.153833695658943781e-01
2.920950017724210923e-01
2.598313752640298291e-01
7.851285477967728799e-02
2.889220568768439135e-01
3.035685577100140087e-01
5.354659231386633689e-01
8.001137235570912054e-01
1.881185410721712969e-01
5.138690481546162037e-01
5.680840638924792296e-01
9.760003194807200799e-01
7.190928306366672906e-01
3.724497472234646889e-01
7.328710063760008886e-01
2.464464163525530438e-01
6.155611277364134715e-01
7.964756584973742282e-02
1.369881524517183591e-01
2.490566186451850239e-01
3.683312987312259423e-01
4.465947991587910781e-01
1.000000000000000000e+00
7.373810949050136898e-01
7.103064066852368130e-01
6.456692913385827515e-01
6.464530892448512311e-01
5.516014234875444844e-01
5.384615384615385469e-01
6.617588738092490264e-01
3.222344799919765190e-01
2.980393594019130621e-01
3.986013986013985932e-01
2.546063651591289889e-01
6.361973875181423654e-01
9.253945480631275977e-02
7.386363636363638685e-01
5.865384615384614531e-01
5.409348100077765453e-01
7.837047862623309769e-01
4.692082111436945979e-02
5.277777777777776791e-01
5.298013245033106333e-02
3.996940141518454670e-01
6.066176470588247049e-02
3.503935422831492286e-01
3.977358490566038629e-01
3.884093711467324628e-01
4.895999999999999797e-01
5.069667738478027541e-01
1.000000000000000000e+00
3.571428571428572063e-01
3.693693693693691493e-01
3.043478260869565410e-01
2.500000000000000000e-01
0.000000000000000000e+00
2.392281217506324609e-01
0.000000000000000000e+00
0.000000000000000000e+00
0.000000000000000000e+00
0.000000000000000000e+00
0.000000000000000000e+00
0.000000000000000000e+00
0.000000000000000000e+00
0.000000000000000000e+00
0.000000000000000000e+00
0.000000000000000000e+00
6.166666666666666963e-01
0.000000000000000000e+00
0.000000000000000000e+00
0.000000000000000000e+00
0.000000000000000000e+00
0.000000000000000000e+00
0.000000000000000000e+00
0.000000000000000000e+00
0.000000000000000000e+00
0.000000000000000000e+00
2.947976878612716400e-01
6.747627003584115712e-01
6.457036487324196994e-01
6.298901808928838442e-01
5.899439364694866184e-01
7.909611478487935665e-01
6.530777682736754741e-01
2.997387320114504039e-01
5.221556013162329535e-01
5.324022474255960535e-01
2.971257262242706920e-01
7.933243428838505640e-01
1.156628565363862493e-01
8.323874050483469622e-01
5.006858932158891884e-01
7.258528373188108951e-01
8.480530504686856208e-01
1.886408963867278743e-01
5.132207708599700879e-01
2.234674647657582947e-01
5.970722056067010453e-01
7.433065480477274445e-02
3.400488139170203539e-01
6.222074038986746825e-01
3.714126245348973177e-01
6.662968540542953955e-01
5.631239357251714983e-01
7.180771148373839008e-01
5.163294538819160895e-01
4.815853678714093755e-01
4.655946045891247720e-01
4.154783967882034190e-01
6.772796404265444270e-01
4.898438375570663972e-01
2.259251229760886881e-01
4.414283674843670902e-01
4.140893032749011216e-01
2.030635774187100062e-01
7.259321889943038952e-01
4.103662022503500040e-02
7.814978594064383444e-01
3.827798489914269187e-01
6.434778456227152610e-01
8.049031806233579722e-01
1.186137389733254721e-01
4.137488344032547172e-01
1.611140049978110889e-01
4.897814055329077765e-01
4.773511278032249727e-02
2.553120948849041949e-01
5.519297121618879087e-01
2.717783453413150085e-01
5.725921430562508352e-01
4.513896938195938180e-01
6.589753918376510811e-01
4.948301329394388937e-02
5.721765145848917156e-02
5.421686746987952610e-02
5.895691609977327108e-02
0.000000000000000000e+00
4.810475284904219828e-02
8.949331417836225988e-02
4.221173909099156241e-01
3.294763577740260629e-01
6.092347932200956606e-01
8.157960199004976598e-01
7.150774395508452397e-02
4.995805110837435725e-01
5.127597089096380678e-01
9.131184959748674945e-01
5.677622852855379598e-01
4.218746432648401434e-01
6.561115156949225424e-01
2.238966630785791390e-01
7.003910990655647373e-01
5.894300464097623760e-02
1.538674689256590566e-01
3.544208353419612267e-01
3.766153455755525403e-01
5.763593380614657757e-01
9.683492822966506264e-01
8.119736196569837805e-01
