1.428673103840952807e-01
1.458961617197578331e-01
1.452854559545337376e-01
1.569897697519367363e-01
1.321044546850999035e-01
1.455360181383385521e-01
7.221731273971900844e-01
3.618456135494130255e-01
3.060978883898592962e-01
4.201568882527133564e-01
4.189831869473922832e-01
8.617655978931819671e-01
4.812250646154363487e-01
2.101332691082598014e-01
1.304913092682746800e-02
4.929928914288521646e-01
1.998416083471898919e-01
2.848751775537479158e-01
5.188329147190587909e-01
1.983676112087033871e-01
9.507633177279495307e-01
1.006700527554226232e-01
1.722271121309557618e-01
6.985108010978611226e-01
2.377280927520031284e-01
5.401573583527969902e-01
6.383570570318684023e-01
3.181058495821726950e-01
2.910573678290213628e-01
2.562929061784896545e-01
2.900355871886121095e-01
2.692307692307692180e-01
2.943407297853108950e-01
3.885873684848850651e-01
5.022119376573876970e-01
2.340992340992341103e-01
2.476116847976144730e-01
3.026784536218498634e-01
9.738675958188150461e-02
6.343201754385966451e-01
2.187187812187812996e-01
6.958366481039512941e-02
3.817402297586984794e-01
2.933537051184110789e-01
1.801470588235294379e-01
4.986365407089987656e-01
3.279062194724845503e-01
5.519031141868513402e-01
1.707255284230480008e-02
2.266666666666666829e-01
4.379978005132136865e-01
3.691428571428570504e-01
2.370234267340376455e-01
8.294930875576032037e-01
6.071428571428572063e-01
5.315315315315314315e-01
3.478260869565215074e-01
3.999999999999999112e-01
0.000000000000000000e+00
4.434485289279019860e-01
0.000000000000000000e+00
0.000000000000000000e+00
0.000000000000000000e+00
0.000000000000000000e+00
0.000000000000000000e+00
3.646017699115044475e-01
0.000000000000000000e+00
0.000000000000000000e+00
0.000000000000000000e+00
6.036036036036036556e-01
3.507109004739336622e-01
0.000000000000000000e+00
0.000000000000000000e+00
0.000000000000000000e+00
9.193548387096773800e-01
5.408163265306121792e-01
0.000000000000000000e+00
0.000000000000000000e+00
0.000000000000000000e+00
0.000000000000000000e+00
0.000000000000000000e+00
2.560320795217411738e-01
2.540055881073467470e-01
2.386480883966909938e-01
2.642135887929244475e-01
3.873502333090427241e-01
2.555549172124829127e-01
4.351875048334283846e-01
4.746230328414342559e-01
3.704263939451665211e-01
2.569001732040372410e-01
4.256907453833305155e-01
1.369130069985396436e-01
7.067229382810235050e-01
4.401309554786326794e-01
1.743240004847140812e-01
6.034678928369576756e-01
2.595642943888492038e-01
4.326843855495536850e-01
3.866159975832524909e-01
4.201288029543612801e-01
4.289615289867521053e-01
2.126426089912027972e-01
6.368798773785202538e-01
4.911834117983645553e-01
2.892592426990032717e-01
2.631097478685384683e-01
3.367925713651094277e-01
1.185191607252675389e-01
1.180691505723734658e-01
1.105997854544287506e-01
1.240088827562215168e-01
2.241864545606291892e-01
1.184887355285281496e-01
3.487476195521134192e-01
3.939453400316756948e-01
2.595935689905898291e-01
1.709179740308012230e-01
3.252038907622787356e-01
5.069876001531763154e-02
6.311226054632148585e-01
3.239151362719682736e-01
1.147399676632109289e-01
5.233375482656715816e-01
1.716317101415848201e-01
3.349471008970077435e-01
3.014043695472375384e-01
3.114806377475387578e-01
3.342792467238801524e-01
1.494246068327825250e-01
5.677387088237236812e-01
3.845259067890825500e-01
2.026165726380886045e-01
1.750527655829873519e-01
2.715831103310046291e-01
1.063515509601181686e-01
1.129394166043380943e-01
1.295180722891566272e-01
1.360544217687075230e-01
1.250000000000000000e-01
1.095784057742566486e-01
6.664536557006058848e-01
6.394557823129252139e-01
4.778743180440492289e-01
5.258704137392662403e-01
3.255813953488372881e-01
8.749656728714193532e-01
3.642857142857142128e-01
1.226721163536846348e-01
1.281170233654033153e-02
2.953277545327754883e-01
2.953867848509268423e-01
3.210395656988594970e-01
5.038913285767357975e-01
2.818945760122230082e-01
9.676696042133804410e-01
8.986908112076341659e-02
2.487278690415858362e-01
7.207213926637527912e-01
3.897058823529411797e-01
6.295693779904305565e-01
5.675846121505150332e-01
