9.725352502510814512e-02
1.056697149880548858e-01
1.046413502109704852e-01
1.035441466245580200e-01
1.044546850998464005e-01
9.976573338777322553e-02
7.756068680725958231e-01
4.758630713843275961e-01
3.087949705251651356e-01
4.111047254818289698e-01
3.870455823053300937e-01
8.453265549412205537e-01
1.412380642186923385e-01
3.296274456162250344e-01
1.483775128992492753e-01
3.394640653060072566e-01
2.973012067324571905e-01
3.438137240958266672e-01
6.753488599812141890e-01
3.414856772453518374e-01
7.228733419623587508e-01
7.496548754412646343e-02
2.777093839363498073e-01
8.231417317371423348e-01
1.452167297308574745e-01
3.376720465143325800e-01
7.111186884142410847e-01
1.292479108635097851e-01
1.355455568053993143e-01
1.327231121281464699e-01
1.583629893238434061e-01
7.692307692307692735e-02
1.274158506573165872e-01
4.599739243807038358e-01
2.787907661657065272e-01
3.100233100233100170e-01
3.000717875089733977e-01
4.001986097318768199e-01
9.988385598141694133e-02
2.094522019334049689e-01
2.274797570850202177e-01
6.458233890214795103e-01
5.403726708074534368e-01
3.042671614100185273e-01
1.727272727272727293e-01
3.443708609271523002e-01
4.387550200803213007e-01
5.158982511923688730e-01
4.708023204903677428e-01
2.525714285714286689e-01
3.745095841273400339e-01
2.057435897435896943e-01
3.456591639871382515e-01
1.000000000000000000e+00
1.607142857142860315e-01
2.972972972972969252e-01
6.956521739130434590e-01
3.999999999999999112e-01
0.000000000000000000e+00
3.144691031029251960e-01
0.000000000000000000e+00
0.000000000000000000e+00
0.000000000000000000e+00
0.000000000000000000e+00
0.000000000000000000e+00
3.745454545454545703e-01
0.000000000000000000e+00
0.000000000000000000e+00
0.000000000000000000e+00
0.000000000000000000e+00
6.666666666666666297e-01
0.000000000000000000e+00
0.000000000000000000e+00
0.000000000000000000e+00
6.785714285714284921e-01
0.000000000000000000e+00
0.000000000000000000e+00
0.000000000000000000e+00
0.000000000000000000e+00
0.000000000000000000e+00
0.000000000000000000e+00
1.577037641104476196e-01
1.690798754024352701e-01
1.551282854789726162e-01
1.787361120833465822e-01
1.622366818059842175e-01
1.599100561748380833e-01
5.295761212283580655e-01
4.924434348194446365e-01
3.736021871798709260e-01
3.830629462117114414e-01
5.093880720285428598e-01
1.932602892293456276e-01
3.586405198524512672e-01
5.718304571747067078e-01
7.376780718224040800e-01
8.491189128513192408e-01
3.784683496970224770e-01
2.687390770521529415e-01
5.400683818418355875e-01
4.807145849596010656e-01
4.877261409567013040e-01
6.121741308171535501e-01
8.728580796165150701e-01
4.878333477093891313e-01
2.843590748271296320e-01
3.609399212724555550e-01
3.633861890939265038e-01
6.180746950823012842e-02
6.829201274884906525e-02
6.276227457771031693e-02
7.287152406104696611e-02
6.878695066516048173e-02
6.312351518197456546e-02
4.419666172590391851e-01
4.115758575421549770e-01
2.623830275752263019e-01
2.766221801639482947e-01
4.066678136737547078e-01
7.950913321166198922e-02
2.747414207846545220e-01
4.563575946320659327e-01
6.575721690220193150e-01
8.062178746061714474e-01
2.708440475785597323e-01
1.904921128588289714e-01
4.508141912128502127e-01
3.693872464918389054e-01
3.911514708087319714e-01
5.225282551125298713e-01
8.396792337632780212e-01
3.812058420705523587e-01
1.985969321349918826e-01
2.561786750755722375e-01
2.958489662329822356e-01
4.726735598227477242e-02
6.955871353777115518e-02
5.722891566265059238e-02
1.043083900226757788e-01
1.250000000000000000e-01
5.250879807034963820e-02
7.427680066645699908e-01
6.394557823129252139e-01
7.372918049822474451e-01
5.865148957028483157e-01
3.184079601990050246e-01
1.000000000000000000e+00
1.099999999999999867e-01
2.373920455440396426e-01
8.445167083262539176e-03
2.583041584834770976e-01
2.584784735812133416e-01
3.847939696539933729e-01
5.494231877439627043e-01
5.357077000079027984e-01
8.060176252802836450e-01
1.049798115746970462e-01
2.731857455408462920e-01
1.000000000000000222e+00
1.790540540540540571e-01
2.611664295874822628e-01
7.413229376257544079e-01
