8.293041683471336079e-02
9.092707226841506563e-02
1.030431413071558056e-01
9.218560207304232756e-02
2.580645161290323619e-02
8.867130026178099422e-02
6.269927521506861723e-01
1.173989654470657396e-01
4.183846151153007842e-01
5.351700495179432249e-01
1.277108305558133927e-01
9.032228840287130911e-01
5.433898853759464576e-01
1.202524746262045863e-01
1.463199775319771190e-01
8.860370333907980900e-01
9.422749964801946376e-02
1.444897391503157102e-01
6.866833072472832145e-01
5.803396537830871615e-01
6.325026819036747572e-01
4.287623105778183286e-01
5.353682129737755702e-01
4.413380759183547219e-01
2.071589290820129436e-01
1.656630957070798216e-01
8.196948689693073220e-01
7.130919220055709218e-02
6.214848143981999140e-02
4.576659038901603749e-02
6.583629893238435171e-02
7.692307692307692735e-02
6.645236341264615376e-02
5.878748370273793045e-01
4.961815857621987291e-02
2.871644484547710152e-01
1.967412821684178525e-01
6.248992098048700150e-02
6.991869918699183950e-02
3.504492939666239426e-01
1.354895104895105229e-01
2.372170391263469513e-01
6.239412761151892362e-01
1.558441558441557850e-01
3.604651162790697416e-01
3.591873386463128037e-01
2.150419861263235255e-01
1.000000000000000000e+00
2.848918867368348540e-01
5.753846153846156053e-01
2.556298267246414069e-01
2.005423728813559570e-01
1.855643932983583877e-01
8.294930875576032037e-01
3.214285714285716189e-01
3.243243243243241203e-01
3.478260869565215074e-01
2.500000000000000000e-01
0.000000000000000000e+00
2.374713897288383002e-01
8.974358974358973562e-01
0.000000000000000000e+00
0.000000000000000000e+00
0.000000000000000000e+00
0.000000000000000000e+00
1.000000000000000000e+00
0.000000000000000000e+00
0.000000000000000000e+00
0.000000000000000000e+00
5.134099616858237569e-01
6.491228070175438791e-01
0.000000000000000000e+00
0.000000000000000000e+00
0.000000000000000000e+00
0.000000000000000000e+00
0.000000000000000000e+00
0.000000000000000000e+00
0.000000000000000000e+00
0.000000000000000000e+00
0.000000000000000000e+00
8.360655737704918433e-01
1.566959499708289738e-01
1.621841148231404628e-01
1.650259924404721690e-01
1.740068214821924031e-01
2.001440992269698516e-01
1.643460953609012509e-01
6.989332069856122320e-01
3.091492724758737598e-01
5.173646923172943168e-01
3.245460240129464102e-01
2.157812069764519780e-01
3.387384617203323400e-02
6.520385105491118827e-01
3.934616925852282288e-01
4.359482701425232420e-01
8.827624135951930295e-01
1.468603559553494087e-01
3.567484099649202989e-01
6.399606177397253459e-01
1.674926128958459381e-01
1.000000000000000000e+00
6.102292004350280408e-01
8.267058720750326550e-01
4.851855986819716415e-01
2.395546036649373045e-01
3.717693405447393129e-01
5.270780284743767918e-01
6.129847822459623397e-02
6.470446866422863152e-02
6.791783046718610772e-02
7.034987460539679494e-02
9.007581315725117499e-02
6.539986703093453313e-02
6.249331592722743300e-01
2.400479946056466307e-01
3.986960856195032044e-01
2.258114976417557873e-01
1.462275302288136014e-01
9.996936928533733946e-03
5.692822513471194057e-01
2.809085647787523121e-01
3.341554975331191835e-01
8.481066728451904790e-01
8.953559761126725358e-02
2.653776527877507174e-01
5.571683355431651385e-01
1.053066796864142174e-01
1.000000000000000000e+00
5.204199955003481204e-01
7.838743270206905978e-01
3.785885805695264339e-01
1.627820620809638241e-01
2.656934353241118263e-01
4.543062264928949268e-01
8.567208271787302154e-02
9.124906507105462472e-02
1.054216867469879304e-01
1.043083900226757788e-01
0.000000000000000000e+00
8.922975362428631207e-02
5.304417882567670217e-01
3.042071197411003181e-01
7.805280528052804812e-01
7.660544804634534799e-01
2.175660160734788628e-01
8.309264886857371524e-01
5.033482142857140795e-01
5.957615529898946383e-02
1.127429805615550729e-01
6.050617409939791358e-01
1.748196347031965026e-01
2.458764789307015253e-01
8.756978273374084187e-01
9.999999999999998890e-01
6.401116469015789567e-01
5.000882554111596434e-01
6.109950298623142428e-01
5.223701090442591788e-01
3.397435897435897578e-01
2.064777327935223283e-01
6.875149200286463369e-01
