3.925013067458699711e-01
3.887273419028723920e-01
3.951367071941067066e-01
3.689054096061062382e-01
3.757990188791436870e-01
3.880963439896469303e-01
2.914488081812853792e-01
2.667799709796966345e-01
6.488827395999721137e-01
6.226142728652324099e-01
4.599197609863069913e-01
6.267277383912011057e-01
5.988085933501396951e-01
4.165787320576055386e-01
4.979112260851876748e-01
4.276579210361846073e-01
3.672771321830428093e-01
3.797130101292036652e-01
4.724209996472463757e-01
3.851579815326640066e-01
4.280557715304179611e-01
3.705983033212320032e-01
3.487697808881817796e-01
2.540662070268109307e-01
6.348038037046106474e-01
5.351742991903356561e-01
5.127418713902045511e-01
5.465181058495821587e-01
5.759280089988751961e-01
5.377574370709382601e-01
6.370106761565835773e-01
4.230769230769230727e-01
5.468752266540235496e-01
1.344079649164393597e-01
1.927097744611183661e-02
8.014888337468983881e-01
2.690726359068066897e-01
3.425253991291726807e-01
1.507071121131378921e-01
6.671052631578949788e-01
3.836360398860397813e-01
4.729514717581542183e-01
2.583286278938452529e-01
4.692082111436945979e-02
1.894409937888198447e-01
5.500584339696144021e-01
3.020414993306560492e-01
3.105013817607580329e-01
1.912402770546379749e-01
5.288888888888889639e-01
2.163995067817509055e-01
3.767868852459017037e-01
6.221864951768486529e-01
8.294930875576032037e-01
3.035714285714288252e-01
1.891891891891890332e-01
5.217391304347822611e-01
5.000000000000000000e-01
0.000000000000000000e+00
5.295044880788943864e-01
0.000000000000000000e+00
0.000000000000000000e+00
0.000000000000000000e+00
8.235294117647058432e-01
0.000000000000000000e+00
2.512195121951219523e-01
0.000000000000000000e+00
0.000000000000000000e+00
0.000000000000000000e+00
0.000000000000000000e+00
8.705882352941176627e-01
0.000000000000000000e+00
0.000000000000000000e+00
1.000000000000000000e+00
5.816326530612244694e-01
4.907407407407406996e-01
0.000000000000000000e+00
0.000000000000000000e+00
0.000000000000000000e+00
0.000000000000000000e+00
2.999999999999999889e-01
6.820125636641863887e-01
6.919581646988959278e-01
6.711971714960958124e-01
6.985154073264032704e-01
6.617426434497328813e-01
6.771577382291743552e-01
2.438890564565538988e-01
1.485810314112006036e-01
1.000000000000000000e+00
3.583492654064754923e-01
5.296209068815092014e-01
2.034281581313404641e-01
6.208225009575519815e-01
4.752820809716270523e-01
7.181028431981930638e-01
6.243760328497607315e-01
1.878748856610372719e-01
3.208323846203668950e-01
7.188758243691341088e-01
4.083037225670589354e-01
5.983851119205516600e-01
2.683899636456263949e-01
6.053982444145780129e-01
3.369237251425299950e-01
5.410578107525708669e-01
5.912447838589273141e-01
6.642616389812170397e-01
5.254466402529673896e-01
5.390444005304843023e-01
5.156664856587480639e-01
5.466367354922246902e-01
5.078407252225028978e-01
5.196529960470499532e-01
1.790388585221670548e-01
1.076511655878058527e-01
1.000000000000000000e+00
2.547868416361318000e-01
4.272250557743234589e-01
8.520140135953861715e-02
5.349594274690074869e-01
3.576639662408702680e-01
6.343035430881007741e-01
5.458408963493561750e-01
1.180662415337306037e-01
2.340723976902930603e-01
6.462587628616434099e-01
3.005603466742729490e-01
5.054936946837094158e-01
1.942479303186282480e-01
5.339767321017144797e-01
2.415823196313200416e-01
4.364088268674314319e-01
4.814821099734208909e-01
5.991529630358063407e-01
2.437223042836041409e-01
2.670157068062827266e-01
2.439759036144578119e-01
2.086167800453515020e-01
1.250000000000000000e-01
2.479292797086266598e-01
3.176732235606145593e-01
5.731707317073170271e-01
4.997529012798007653e-01
5.555035128805621003e-01
5.049602287961392211e-01
5.993139581326504262e-01
8.504201680672268671e-01
3.746324977465951833e-01
4.634220673389073952e-01
3.805565695992811914e-01
3.675986982047136920e-01
3.847939696539933729e-01
5.186142051936833974e-01
3.814291344419012963e-01
3.960364713481224763e-01
2.959756902936725442e-01
2.731857455408462920e-01
3.079773008478883245e-01
6.625000000000000888e-01
4.744523470839261403e-01
4.057883888698042285e-01
