4.389621990504119498e-01
4.303011674998367120e-01
4.303842395516268016e-01
4.074683040696835401e-01
5.477860148266880946e-01
4.324724061439410572e-01
4.650003101490494117e-01
6.242648916356731137e-01
7.695384942811982487e-01
5.181176082449450160e-01
2.391718346149261376e-01
5.435139884733866111e-01
8.108169228869810397e-01
4.498182798866265930e-01
2.250329404525144295e-01
8.590412440959931395e-01
5.245150989382987294e-01
5.401860541543250793e-01
4.522190920380682044e-01
2.634944874898910161e-01
4.493062563425574973e-01
1.599835233749292707e-01
0.000000000000000000e+00
2.766238923468826716e-01
7.684851342687482045e-01
5.136013456048216241e-01
4.688771535689799652e-01
3.654596100278552084e-01
3.425196850393701364e-01
3.306636155606407224e-01
3.345195729537366880e-01
5.000000000000000000e-01
3.500326468556783643e-01
5.069100391134273575e-02
2.662791805621724794e-01
8.014888337468983881e-01
1.951515820862554373e-01
3.425253991291726807e-01
3.329461866047228602e-02
3.947368421052632748e-01
4.471153846153845812e-01
4.077167859984087706e-02
6.935817805383022172e-01
1.322314049586776896e-01
3.951612903225806273e-01
1.112582781456953329e-01
2.535302500323876052e-01
2.794117647058823595e-01
0.000000000000000000e+00
0.000000000000000000e+00
5.145499383477188937e-01
3.641290322580645333e-01
2.981310289389067503e-01
8.294930875576032037e-01
3.392857142857144126e-01
2.252252252252251452e-01
3.478260869565215074e-01
5.000000000000000000e-01
0.000000000000000000e+00
4.802513832925523474e-01
0.000000000000000000e+00
0.000000000000000000e+00
1.000000000000000000e+00
0.000000000000000000e+00
0.000000000000000000e+00
4.120000000000000329e-01
0.000000000000000000e+00
0.000000000000000000e+00
6.282051282051283048e-01
5.583333333333334592e-01
9.192546583850931263e-01
1.000000000000000000e+00
0.000000000000000000e+00
0.000000000000000000e+00
0.000000000000000000e+00
6.162790697674418450e-01
0.000000000000000000e+00
0.000000000000000000e+00
0.000000000000000000e+00
0.000000000000000000e+00
4.377682403433476588e-01
6.566049683705991180e-01
6.423628516515571540e-01
6.140550710706447202e-01
6.148774561180049281e-01
7.607222044975248121e-01
6.386976945921216675e-01
1.980352998067045345e-01
5.295606374393422300e-01
9.867188943835860648e-01
3.313799537215307289e-01
3.325584206189566849e-01
9.007176135630445835e-02
6.867933472560291408e-01
4.815874707769635110e-01
0.000000000000000000e+00
7.335439258643492444e-01
4.255878556635088739e-01
2.701593471201333418e-01
2.421320166147787889e-01
2.824210319924940205e-01
4.781916776335148889e-01
1.960920936100534195e-01
2.358917359038035233e-01
4.409280040445276994e-01
5.556658264837973649e-01
1.934085026075768043e-01
8.150040119288253226e-01
4.938279536975442863e-01
4.775541722051123150e-01
4.470371453047175536e-01
4.440950255168025773e-01
6.355706777244388705e-01
4.724408673238661427e-01
1.421842512190828467e-01
4.489573082970170770e-01
9.804909081878991906e-01
2.315863702318755046e-01
2.413257398493145189e-01
3.027528991103351635e-02
6.083324118966331184e-01
3.638410955872825037e-01
0.000000000000000000e+00
6.680929337720800110e-01
3.137393019630491109e-01
1.916516284038987383e-01
1.761945318090151202e-01
1.920404487808882732e-01
3.817426129811928859e-01
1.365690747398663474e-01
1.820031863193281030e-01
3.357265146069871586e-01
4.516123089280055236e-01
1.225563172154952862e-01
7.709869772710418179e-01
3.205317577548006391e-01
3.186237845923709511e-01
3.373493975903614772e-01
3.038548752834467903e-01
5.000000000000000000e-01
3.185838655975533618e-01
5.071976548731759182e-01
7.568438003220612220e-01
5.108910891089106787e-01
5.555035128805621003e-01
2.899973815134852528e-01
6.702572162379728526e-01
7.137311446317656793e-01
3.212306780060699141e-01
1.757820664669406674e-01
5.845410628019322985e-01
3.520442802211007916e-01
3.210395656988594970e-01
4.784562900074573744e-01
3.770744975106029573e-01
4.831822238747653930e-01
1.714670255720053271e-01
2.117786307251064981e-01
2.530299449714730198e-01
9.137931034482758008e-01
5.792243767313018932e-01
3.343135737501934934e-01
