2.235658420802308366e-01
2.320840622734325898e-01
2.323602858865064236e-01
2.390168473252123893e-01
2.628922536756639339e-01
2.283800215770734332e-01
8.821856771105871520e-01
4.510496517836537489e-01
1.324749844746146987e-01
3.563048844048180008e-01
6.312584641981842104e-01
5.265947126893555374e-01
4.392860082321756732e-01
3.471533858021800256e-01
2.536642225591303479e-01
3.073908916328047525e-01
4.047218775598078189e-01
4.861097887280132479e-01
8.447438347536017078e-01
5.257013243228636501e-01
7.096506625173559790e-01
2.579089600152147943e-01
2.858438692270433013e-01
2.869975696642332874e-01
1.843111544340459984e-01
1.809583554794746973e-02
5.082759057709331785e-01
3.036211699164345079e-01
2.938695163104612096e-01
2.482837528604119326e-01
3.113879003558718273e-01
2.692307692307692180e-01
2.915722995312769461e-01
2.894393741851367663e-01
3.813447465225439093e-01
2.657342657342659509e-02
2.340735937753282703e-01
5.523577185560324398e-01
1.028803716608594210e-01
1.000000000000000000e+00
2.274797570850202177e-01
4.450689044576178199e-01
6.283864146953879182e-01
4.155844155844157228e-01
3.809523809523809312e-01
5.909322465613855435e-01
3.279062194724845503e-01
7.614777618364418910e-01
3.494369680769349173e-01
2.266666666666666829e-01
6.345373071486571925e-01
3.400000000000000244e-01
3.094472515694379755e-01
8.294930875576032037e-01
6.785714285714288252e-01
4.774774774774774855e-01
2.608695652173911306e-01
2.999999999999998224e-01
0.000000000000000000e+00
6.033913900469141112e-01
7.291666666666666297e-01
0.000000000000000000e+00
0.000000000000000000e+00
0.000000000000000000e+00
0.000000000000000000e+00
0.000000000000000000e+00
0.000000000000000000e+00
0.000000000000000000e+00
0.000000000000000000e+00
0.000000000000000000e+00
4.484848484848484862e-01
0.000000000000000000e+00
0.000000000000000000e+00
0.000000000000000000e+00
0.000000000000000000e+00
0.000000000000000000e+00
0.000000000000000000e+00
0.000000000000000000e+00
0.000000000000000000e+00
0.000000000000000000e+00
4.880382775119617156e-01
3.146101758283665895e-01
3.186733531193007840e-01
2.937888979731755890e-01
3.531307192188402055e-01
3.240259497591011506e-01
3.152797992124649618e-01
2.001553616047848649e-01
4.167081816015201223e-01
2.653974881071647918e-01
1.143263508074892076e-01
7.146001213123933660e-01
1.784521544400797244e-01
5.911043414331814683e-01
3.691840644101952451e-01
5.864047105950382921e-01
3.738581110333383251e-01
3.700286341991132488e-01
4.031043116827173201e-01
8.308138019512890660e-01
4.070236181225286298e-01
7.053469100224927235e-01
2.848131530577366899e-01
5.901738812447596683e-01
5.864095885335985914e-01
2.581289152389777408e-01
2.366863887097478969e-01
1.913789571307613624e-01
1.589400325856138718e-01
1.629125551079910472e-01
1.475710642565788155e-01
1.883874406842003801e-01
1.734285487710555684e-01
1.597467475710538098e-01
1.438556286775478088e-01
3.380667260952282538e-01
1.727424191565549716e-01
6.872086810361069387e-02
6.307727015049315877e-01
7.148894750396231346e-02
5.029440388905963566e-01
2.593486279586595389e-01
4.860041624992995080e-01
2.954711098454960716e-01
2.633754870508991930e-01
3.073010721876340279e-01
7.803063765417621589e-01
2.993856703373505845e-01
6.250130244452192230e-01
2.079004407955216127e-01
5.178621948137831499e-01
4.829053840311089973e-01
1.774242830553071359e-01
1.546322789065922299e-01
1.461998184108766474e-01
1.757754800590842215e-01
2.011967090501122213e-01
2.108433734939759163e-01
2.312925170068027558e-01
2.500000000000000000e-01
1.860289544861439825e-01
8.233653058969193639e-01
6.266666666666667052e-01
3.381879789234811806e-01
5.162832346053176646e-01
5.900958782247702761e-01
5.038497554885027485e-01
4.390756302521007237e-01
2.691448830877985476e-01
1.371706263498920220e-01
2.462965057107318056e-01
3.905713770728191925e-01
5.104812231655430077e-01
8.066781920387947613e-01
6.692935547424710974e-01
6.697056862880507166e-01
2.645931564357847376e-01
3.255954808964042213e-01
2.090560406330590482e-01
2.789473684210526105e-01
0.000000000000000000e+00
4.628428465530021740e-01
