4.760448080919160163e-01
4.684680802470067018e-01
4.689713860227635034e-01
4.457041055955947573e-01
7.199783139062078119e-01
4.718369421234477890e-01
4.060508539982861098e-01
7.435345753572174532e-01
3.294672749194900163e-01
4.373325992400192153e-01
3.169347816865132894e-01
5.731583277159852940e-01
1.000000000000000222e+00
4.353177312722288361e-01
2.409348456372100156e-01
5.260759470589362330e-01
5.964346129443780509e-01
5.218691127183481271e-01
4.637868902799145987e-01
5.094332186847516653e-02
4.560473072873418854e-01
3.918051776452943225e-01
2.167751585454320562e-01
3.311274429867225866e-01
8.654513185217318494e-01
3.887146043550129271e-01
3.653592893909948236e-01
3.270194986072423315e-01
3.076490438695163032e-01
2.837528604118992881e-01
2.811387900355871716e-01
3.846153846153846367e-01
3.091962827826120197e-01
1.189048239895696968e-01
4.934866138003162206e-01
0.000000000000000000e+00
9.547738693467339166e-02
2.179060303366630036e-01
2.550226110163836268e-02
6.439628482972136192e-01
1.183540723981900689e-01
2.116334572903368905e-01
1.275863433160580040e-01
4.155844155844157228e-01
7.333333333333333925e-01
2.818092151613349472e-02
0.000000000000000000e+00
2.239819004524886692e-01
1.751687697396977494e-01
1.200000000000001066e-01
1.208384710234278181e-01
3.898666666666666392e-01
1.555466237942121355e-01
1.000000000000000000e+00
1.071428571428572063e-01
1.981981981981979501e-01
4.347826086956518843e-01
4.499999999999999556e-01
0.000000000000000000e+00
1.939833766576102292e-01
0.000000000000000000e+00
0.000000000000000000e+00
7.155963302752293975e-01
8.615384615384615863e-01
0.000000000000000000e+00
4.039215686274509887e-01
0.000000000000000000e+00
5.856353591160220473e-01
0.000000000000000000e+00
7.444444444444444642e-01
6.948356807511737454e-01
0.000000000000000000e+00
0.000000000000000000e+00
0.000000000000000000e+00
0.000000000000000000e+00
7.794117647058823595e-01
0.000000000000000000e+00
0.000000000000000000e+00
0.000000000000000000e+00
0.000000000000000000e+00
4.788732394366197465e-01
5.771957750484076888e-01
5.682337268548900422e-01
5.311133786997745965e-01
5.303639935795020355e-01
8.087382580830136947e-01
5.603090901234253352e-01
3.119561479803290016e-01
7.158323582197463342e-01
9.275926740150608474e-02
3.525639398022217819e-02
4.469160226118347179e-01
8.325399214078360588e-02
9.999999999999998890e-01
1.829069189436497433e-01
4.460920852338805531e-01
4.663781842306025105e-01
4.486941293552544341e-01
7.896638097293759984e-01
1.402435176154278595e-01
3.069102257812428292e-02
5.176543405348950078e-01
4.426027567844879052e-01
5.452096760863960334e-01
3.887410374456047313e-01
4.931346619607938075e-01
3.039950540496978437e-01
6.895039383273671163e-01
4.010154652813019416e-01
3.922255838091853741e-01
3.556099896960924212e-01
3.507289363315411745e-01
7.023867248336473912e-01
3.828130932998746738e-01
2.364741936295586822e-01
6.500181622472368526e-01
5.276480927467550042e-02
1.993681636416697045e-02
3.453177716657519492e-01
2.756955248056498775e-02
1.000000000000000000e+00
1.124216202199267434e-01
3.438039789782633693e-01
3.830414864965959731e-01
3.355165145115417413e-01
7.235304559204519537e-01
9.691789099268366403e-02
1.742373947683120705e-02
4.211419128454410576e-01
3.494496170783829014e-01
4.710780301970141082e-01
2.873330656799094052e-01
3.877951056763255799e-01
2.078995892578529292e-01
6.270022754596744630e-01
5.228951255539144860e-01
4.951383694839192051e-01
4.819277108433735468e-01
4.489795918367347483e-01
7.500000000000000000e-01
5.037278598240177985e-01
3.683726013620036710e-01
7.833333333333334370e-01
6.175606571646177212e-01
6.107368041794269953e-01
2.945493526840933796e-01
6.228360132220290835e-01
8.541939711664482404e-01
3.666187099663144600e-01
1.941684665226782180e-01
2.953277545327754883e-01
7.259837496642491672e-01
2.268792152420462394e-01
5.068010568548781958e-01
3.117549435411265391e-01
6.740644982907092464e-01
2.571512520614941399e-01
1.754989607065221557e-01
4.315275684989998695e-01
8.708920187793427470e-01
6.767234988880652669e-01
1.939655172413792816e-01
