4.399488912311859123e-01
4.320930159544129623e-01
4.486991179835406185e-01
3.890656270606064893e-01
5.029624753127057701e-01
4.337980058430956354e-01
5.401203052220691081e-01
5.035006237099787230e-01
8.082202025852704974e-01
6.166449889256542249e-01
4.993026074341960219e-01
5.014160863084573538e-01
3.197270847747071265e-01
6.686396969750701968e-01
2.002326386976880368e-01
4.654517762114442903e-01
4.429946106939870454e-01
4.799612422319172733e-01
4.468292172561931785e-01
3.548299824760612342e-01
3.007769981544026194e-01
3.247780191454731069e-01
3.239386751144033294e-01
3.169946385168331826e-01
7.145079901243629461e-01
2.840540394202006880e-01
3.840295587390323284e-01
6.969359331476323582e-01
6.735095613048369678e-01
6.796338672768879041e-01
5.996441281138790158e-01
4.615384615384615086e-01
6.739476242934564487e-01
4.350176487423282889e-01
3.947922220925133008e-01
4.871794871794871695e-01
3.606923506420994241e-01
1.676778732145264295e-01
7.203162690967565562e-02
2.736842105263158631e-01
5.388313609467455523e-01
8.879165561743124213e-02
3.322395406070548507e-01
3.567753001715266992e-01
3.409090909090909394e-01
1.828390440541318718e-01
3.317618299284093020e-01
3.235294117647058432e-01
1.665606954685228125e-01
1.200000000000001066e-01
1.486380450622126759e-01
7.577142857142857846e-01
1.591336528544560203e-01
1.000000000000000000e+00
3.392857142857144126e-01
2.612612612612612573e-01
7.391304347826084253e-01
3.999999999999999112e-01
0.000000000000000000e+00
3.751922510234999564e-01
0.000000000000000000e+00
0.000000000000000000e+00
0.000000000000000000e+00
5.233644859813083583e-01
0.000000000000000000e+00
0.000000000000000000e+00
0.000000000000000000e+00
0.000000000000000000e+00
0.000000000000000000e+00
4.379084967320261979e-01
8.043478260869565410e-01
0.000000000000000000e+00
0.000000000000000000e+00
0.000000000000000000e+00
0.000000000000000000e+00
0.000000000000000000e+00
0.000000000000000000e+00
0.000000000000000000e+00
0.000000000000000000e+00
0.000000000000000000e+00
2.849162011173184683e-01
6.741618297086279243e-01
6.636570313238021601e-01
6.561849236882659753e-01
6.162455734750379444e-01
6.787581055098090843e-01
6.591000484648754654e-01
4.304448588969387313e-01
3.983542697224258244e-01
6.735821942530191286e-01
3.848619456928170646e-01
2.122267621091057377e-01
1.698394467848094447e-01
3.951440311336386069e-01
7.289829495123919534e-01
5.653126746125258784e-02
5.547812431392393773e-01
3.958296047600889933e-01
2.938887210923308846e-01
5.957284572811977208e-01
2.690570218722083684e-01
1.866860416984087445e-01
4.721260723029956363e-01
2.675607358665630375e-01
1.818097831147968968e-01
6.553489997266553901e-01
3.201223373824085838e-01
4.428810995376430970e-01
5.155772245281132760e-01
5.035232009871466463e-01
4.971906111968827369e-01
4.456911887654875226e-01
5.288397300016325353e-01
4.972206096215744386e-01
3.442290772240418351e-01
3.208110292122426932e-01
5.690898660596820369e-01
2.782331368961727391e-01
1.435087480072369803e-01
6.697141784131843689e-02
3.079666496491770267e-01
6.358054905732224427e-01
3.445227332955316801e-02
4.720709222384177339e-01
2.864124931393040585e-01
2.112620269912892923e-01
5.091902058883404081e-01
1.813496229270100679e-01
1.279972620980657227e-01
3.780223586201946762e-01
2.089708204632446664e-01
1.183267017835232804e-01
5.601602667622390674e-01
2.212736742685289248e-01
3.708477244585596799e-01
3.855243722304284026e-01
3.814510097232610697e-01
4.066265060240963902e-01
3.310657596371882061e-01
3.750000000000000000e-01
3.904920140844121423e-01
6.420580844908140294e-01
7.203065134099617683e-01
8.589938358915256700e-01
8.825858335910918839e-01
5.401119402985075091e-01
5.570379345317914010e-01
4.290915395284325973e-01
5.598760661474182498e-01
2.172311764191811601e-01
3.950066669731944202e-01
4.579300099791348000e-01
4.372330224435804213e-01
3.779198515474079256e-01
4.380872677018722294e-01
3.974625679097079090e-01
2.938639422488680264e-01
4.322326302903721773e-01
4.571201239410158657e-01
7.240437158469945622e-01
2.064777327935223283e-01
2.640845070422535579e-01
