9.910085169984111930e-02
1.047287645141203316e-01
1.195350038749676824e-01
1.054012470645395716e-01
1.004608294930875445e-01
1.055519974884380208e-01
5.012969238396940419e-01
1.256255265123905618e-01
5.747513948590696753e-01
6.712029107189072530e-01
2.112191268224900553e-01
7.285815211021171578e-01
5.392621069070111517e-01
0.000000000000000000e+00
1.748271825980425298e-01
5.419849953124460384e-01
5.864465607673063907e-01
3.810777497691897331e-01
5.526733583387045678e-01
3.291074553213013676e-01
6.189530864146008948e-01
4.615569949967769370e-01
8.737536453738781184e-01
4.384425527130713096e-01
2.327215645042171044e-01
4.091133696981232859e-01
7.023085291032342692e-01
1.688022284122562833e-01
1.690101237345331686e-01
1.350114416475972634e-01
2.010676156583629526e-01
1.538461538461538547e-01
1.635798770489194642e-01
1.772455911617373259e-01
2.977377114391033253e-02
3.986013986013985932e-01
1.000000000000000000e+00
3.320892943534452524e-01
1.076872822299651256e-01
5.282507739938081537e-01
3.655660377358488367e-02
9.785202863961817155e-02
4.816968415488305233e-01
5.059288537549406772e-01
5.074257425742574323e-01
2.415270744059213603e-01
5.835105126387905017e-01
4.125742039935240690e-01
3.937039659177006268e-01
4.652631578947368229e-01
2.841609685012890241e-01
4.079999999999999738e-01
5.530546623794210248e-01
6.696428571428567622e-01
2.857142857142860315e-01
4.144144144144141784e-01
6.521739130434780485e-01
6.499999999999999112e-01
0.000000000000000000e+00
3.688780164772071934e-01
0.000000000000000000e+00
0.000000000000000000e+00
0.000000000000000000e+00
0.000000000000000000e+00
0.000000000000000000e+00
1.999999999999999833e-01
0.000000000000000000e+00
0.000000000000000000e+00
0.000000000000000000e+00
5.075757575757576801e-01
7.047619047619048116e-01
0.000000000000000000e+00
0.000000000000000000e+00
0.000000000000000000e+00
0.000000000000000000e+00
0.000000000000000000e+00
5.223880597014924909e-01
0.000000000000000000e+00
0.000000000000000000e+00
0.000000000000000000e+00
0.000000000000000000e+00
1.651503643362817741e-01
1.707834036154395607e-01
1.485442310862964965e-01
1.887637027532045597e-01
1.790113151794307522e-01
1.651733724002885928e-01
2.822603004393910986e-01
1.497478340883273695e-01
5.792490410279611535e-01
6.813387056921963447e-01
3.810447401531009692e-01
1.591350864004424381e-01
6.472231157173683469e-01
2.304947658931089105e-01
2.440294098447508553e-01
6.169992969590427645e-01
5.787627382004918442e-01
4.318518053216053865e-01
5.315865367475119951e-01
7.126745220528654112e-01
3.372103824566528019e-01
5.301673462395812830e-01
4.429722176364636610e-01
4.924945667621350998e-01
3.307532566767171778e-01
5.906557426926078991e-01
2.901982754989846924e-01
6.561378644952756134e-02
6.918878857129401316e-02
5.940922326004577370e-02
7.832493807881504844e-02
7.796387520525449588e-02
6.582752100158342778e-02
2.110159819226763434e-01
1.085530788169098426e-01
4.634218819565317782e-01
5.835498489671089306e-01
2.841044181207695862e-01
6.150763900845360177e-02
5.639412274679200809e-01
1.468440766804012254e-01
1.676616380090088509e-01
5.378679197853438732e-01
4.672190818373459509e-01
3.341594276321184775e-01
4.421139610502352046e-01
6.213528670457137970e-01
2.508207473092163298e-01
4.361138944475292933e-01
3.692018042393312438e-01
3.858279287323065909e-01
2.374656916294201892e-01
4.808444052723107598e-01
2.300628203530702964e-01
5.096011816838996733e-02
6.881077038145100300e-02
9.638554216867467606e-02
1.020408163265306145e-01
1.250000000000000000e-01
7.166587960108267152e-02
4.482741910797009011e-01
3.702593418851088392e-01
4.531117397454029749e-01
5.555035128805621003e-01
2.755372075791256425e-01
5.918591708007531205e-01
5.573924731182794412e-01
0.000000000000000000e+00
2.156449254394576243e-01
4.996590325185348291e-01
3.907250755974933654e-01
2.608278388932325775e-01
5.320514496187901399e-01
4.454588985871515971e-01
6.846230069544020358e-01
4.609504661090422228e-01
9.453406014758777287e-01
4.340088787470413045e-01
3.392433537832311163e-01
3.785920697332891827e-01
7.416604892512972391e-01
