2.834523498849375600e-01
2.697630123438701233e-01
2.615758202014983325e-01
2.306583529030690749e-01
3.493087557603686832e-01
2.701625889848330853e-01
0.000000000000000000e+00
5.127661575924408188e-01
3.241561042334504261e-01
6.171558689278784371e-01
1.000000000000000000e+00
3.516822977602993561e-01
3.915207195297238929e-01
6.529376523175610680e-01
7.836160292585041542e-01
5.480827453981014230e-01
5.207467252954718351e-01
9.406543646233171962e-01
1.462108154508691138e-01
2.976007860435345709e-01
2.095292449634904575e-01
1.505767383041257679e-01
2.108407790983184427e-01
3.444182199032690406e-01
5.342542031327285335e-01
5.688915316156450963e-01
6.374464689283279029e-01
3.275766016713091977e-01
3.045556805399325384e-01
2.540045766590388610e-01
2.722419928825622337e-01
4.230769230769230727e-01
2.969281444630657019e-01
1.594056726771786447e-02
2.072959912883685085e-01
2.798690671031096033e-01
3.525318902203325444e-01
5.657420846100091882e-01
7.907471931862175563e-02
3.298872180451127845e-01
4.231956315289647774e-01
6.016858782308432962e-01
4.150197628458498489e-01
4.702665755297332772e-01
1.000000000000000000e+00
2.033753471480452824e-01
3.641840087623220423e-01
1.294117647058823373e-01
2.091485280627136678e-01
4.857142857142857650e-01
5.991601959542774969e-01
7.282025316455698061e-01
4.073172851307899078e-01
1.000000000000000000e+00
3.571428571428572063e-01
3.783783783783780663e-01
3.478260869565215074e-01
2.500000000000000000e-01
0.000000000000000000e+00
3.375795848844500568e-01
0.000000000000000000e+00
0.000000000000000000e+00
0.000000000000000000e+00
0.000000000000000000e+00
0.000000000000000000e+00
0.000000000000000000e+00
0.000000000000000000e+00
0.000000000000000000e+00
0.000000000000000000e+00
3.785310734463277482e-01
3.957219251336898114e-01
0.000000000000000000e+00
0.000000000000000000e+00
0.000000000000000000e+00
0.000000000000000000e+00
0.000000000000000000e+00
0.000000000000000000e+00
0.000000000000000000e+00
0.000000000000000000e+00
0.000000000000000000e+00
4.951456310679611117e-01
4.917718308510309333e-01
4.749597835080240360e-01
4.398327205534454110e-01
4.350568972901250886e-01
6.002621033381986271e-01
4.707491489857801303e-01
1.498321250399414772e-02
5.323512895498305753e-01
4.359873899827715338e-01
3.644375472743901501e-01
7.639105617902937073e-01
1.247505636511528349e-01
4.376996492491572743e-01
4.941469222050064447e-01
6.751714088172042771e-01
4.544062963300374847e-01
4.768057006745536341e-01
7.352419587562897263e-01
1.775295173764347423e-01
3.804132107172235600e-01
2.036848064509156897e-01
5.490395371627001531e-01
4.043877014671535264e-01
3.926853616660851420e-01
5.384292581711774828e-01
4.150286660289072005e-01
6.649085151832314633e-01
3.113382831604898371e-01
2.960613873501135029e-01
2.661983502035195071e-01
2.577986514137482477e-01
4.352849107361213554e-01
2.912491230055841984e-01
9.793037045109476146e-03
4.518038606448450123e-01
3.191228621448213287e-01
2.601149624265047255e-01
6.897815343252517994e-01
4.508802998832946163e-02
3.479276336333335107e-01
3.762568132813142174e-01
5.843828041973402332e-01
3.713871670829052007e-01
3.626698775541726816e-01
6.577344546271454151e-01
1.250635734851479053e-01
2.752978603495527254e-01
1.409904220816364795e-01
4.555505072141565193e-01
3.323780900500208357e-01
2.909094670333931543e-01
4.336922208082538699e-01
3.047639084570805679e-01
5.998620034379453791e-01
9.896602658788777873e-02
1.118175018698578937e-01
1.234939759036144391e-01
1.043083900226757788e-01
2.500000000000000000e-01
1.051801694916828511e-01
7.418129509208459815e-02
7.760652301715104118e-01
3.336080989523149132e-01
6.565834170533468850e-01
9.455917779523437261e-01
3.002868175812698492e-01
4.424583978328172629e-01
5.773341886595768635e-01
6.858953892384260786e-01
4.892735832066374968e-01
3.647863212814277389e-01
7.931271999618508817e-01
1.448312264439086672e-01
4.329829313721450523e-01
2.982556525342153764e-01
2.442719236483004153e-01
3.082930211255011654e-01
4.065904005061837800e-01
6.443828529194381982e-01
7.082016990774540055e-01
6.632145249847911650e-01
