1.097686209783194644e-01
1.176339258460792347e-01
1.190390080082666113e-01
1.200559906528001486e-01
9.282422646477944683e-02
1.130109633752044984e-01
7.712598594994211076e-01
3.337801500564564483e-01
3.859132770717585981e-01
2.298802935666559577e-01
4.206255640008941810e-01
9.043881018635799851e-01
3.044452330488955916e-01
1.946392395712327472e-01
1.353856916691502654e-01
4.057631997331418994e-01
2.769086496234880457e-01
3.447069620781451071e-01
6.651139831655309420e-01
1.647028562353103354e-01
7.319872330124987947e-01
1.049971151653649182e-01
6.349818945731033892e-01
8.344873122149547573e-01
1.337127307943969390e-01
3.101992563080928633e-01
6.589825058574272365e-01
4.323119777158774824e-01
4.341957255343081856e-01
4.050343249427917902e-01
4.804270462633452032e-01
1.538461538461538547e-01
4.316570789968214861e-01
4.112497671819703715e-01
5.759409242496424941e-01
2.750911060770216410e-01
1.559912237242550570e-01
3.320892943534452524e-01
1.103979460847239469e-01
6.671052631578949788e-01
1.781191369606004438e-01
6.351798350290999151e-02
2.583286278938452529e-01
6.359700905155452055e-01
3.242574257425742124e-01
2.649006622516556497e-01
1.891042430591932666e-01
3.882352941176472338e-01
7.863536541294857685e-02
3.274074074074073692e-01
6.345373071486571925e-01
1.298876404494381798e-01
2.189174705251875075e-01
8.294930875576032037e-01
4.642857142857144126e-01
4.414414414414413734e-01
3.478260869565215074e-01
1.999999999999999556e-01
0.000000000000000000e+00
2.705335213605599698e-01
6.481481481481481399e-01
0.000000000000000000e+00
0.000000000000000000e+00
0.000000000000000000e+00
0.000000000000000000e+00
0.000000000000000000e+00
0.000000000000000000e+00
0.000000000000000000e+00
0.000000000000000000e+00
4.855072463768116409e-01
6.666666666666666297e-01
0.000000000000000000e+00
0.000000000000000000e+00
0.000000000000000000e+00
0.000000000000000000e+00
0.000000000000000000e+00
0.000000000000000000e+00
0.000000000000000000e+00
0.000000000000000000e+00
0.000000000000000000e+00
0.000000000000000000e+00
2.473034569985210762e-01
2.575268429040121765e-01
2.412068082540647640e-01
2.923475411755580566e-01
2.755225156438185774e-01
2.538694893432366095e-01
5.096594783209107415e-01
5.773177194238743315e-01
3.830731884385362163e-01
2.314322951282192786e-01
4.624293250547495404e-01
1.641577673836909779e-01
6.900899788805222590e-01
4.384311719557003606e-01
2.364930549907845458e-01
3.624541840652375502e-01
5.901243951310457536e-01
5.688142741354305087e-01
5.716229675501153240e-01
3.521605027074929950e-01
4.962767327225638958e-01
2.434120029102495586e-01
5.936961937289526592e-01
5.969249482169164400e-01
1.758377755513321761e-01
3.075842511465699536e-01
2.027841147962476942e-01
1.129202453874712658e-01
1.203564762158279289e-01
1.122205596511318959e-01
1.431453697391525393e-01
1.382796908722612739e-01
1.173990102871562691e-01
4.217751660179182016e-01
4.983658241308485115e-01
2.707588074305501413e-01
1.513192784437747962e-01
3.602530265314769498e-01
6.405052307196809624e-02
6.120822266858163552e-01
3.223127046963118469e-01
1.617459403441916521e-01
2.850741349295661253e-01
4.794586604364646787e-01
4.711582203002124825e-01
4.836351702608722714e-01
2.504147075565734126e-01
3.996491908895413725e-01
1.738743539473230348e-01
5.215781351406758581e-01
4.942434690761971505e-01
1.147635107616116479e-01
2.108556114164329698e-01
1.555877444894747108e-01
9.822747415066473975e-02
1.226626776364996285e-01
1.234939759036144391e-01
1.315192743764172500e-01
1.250000000000000000e-01
1.122470610071442110e-01
8.427019106023975192e-01
5.334202646575872953e-01
3.900071047262723134e-01
3.802448979591834810e-01
4.045542833776324954e-01
9.127638852309228890e-01
2.428318342262276719e-01
1.394657181553145553e-01
1.780875711761241154e-01
2.829020270915725277e-01
1.443982387475539753e-01
1.600803951939498981e-01
7.667719570945182861e-01
3.623249208078179739e-01
7.734653542284620764e-01
1.049798115746970462e-01
6.335766068436542442e-01
8.308301226555767638e-01
2.538733039970663685e-01
4.961751969630490144e-01
5.610810384696236497e-01
