5.044624209536668902e-02
4.841078793261471835e-02
4.300256299362298362e-02
1.295287522712568196e-02
1.409413348521720843e-01
4.364956451511398106e-02
6.374513919050728283e-02
3.725832766948168340e-01
4.084712529840957007e-01
7.320015901096241784e-01
5.354656100273396113e-01
4.782514993493822697e-01
3.159029181743713277e-01
7.681101064686187696e-01
6.081171559690741191e-01
8.414514548473608357e-01
9.354100941782721446e-01
4.341691032176957510e-01
2.611283101592966061e-01
2.477479470062406985e-01
1.502557183310182509e-01
2.011682089289367203e-01
4.717526083739971288e-01
4.998367087168926748e-01
3.337150091478797709e-01
4.355188553412421282e-01
8.574302441186274493e-01
9.415041782729804964e-02
9.111361079865015755e-02
7.665903890160186140e-02
7.117437722419928114e-02
2.692307692307692180e-01
8.695552634979514250e-02
7.627118644067787390e-02
5.915804062540603869e-01
2.871644484547710152e-01
3.000717875089733977e-01
5.789855626002596845e-01
1.284221005475360833e-01
3.546826625386997334e-01
5.202285921625543486e-01
3.239239568759771926e-01
4.468891462259185765e-01
7.619047619047618625e-01
4.522058823529411242e-01
2.833821038040966744e-01
3.476126729138777627e-01
3.520761245674741691e-01
4.454623018545962321e-01
6.256000000000001560e-01
3.963178706577661359e-01
8.517894736842104297e-01
9.678456591639871265e-01
1.000000000000000000e+00
1.785714285714288252e-01
2.522522522522518962e-01
4.347826086956518843e-01
2.500000000000000000e-01
0.000000000000000000e+00
1.480866254258259573e-01
0.000000000000000000e+00
0.000000000000000000e+00
0.000000000000000000e+00
0.000000000000000000e+00
0.000000000000000000e+00
0.000000000000000000e+00
0.000000000000000000e+00
0.000000000000000000e+00
0.000000000000000000e+00
4.751773049645390268e-01
8.222222222222222987e-01
0.000000000000000000e+00
0.000000000000000000e+00
0.000000000000000000e+00
0.000000000000000000e+00
0.000000000000000000e+00
0.000000000000000000e+00
0.000000000000000000e+00
0.000000000000000000e+00
0.000000000000000000e+00
0.000000000000000000e+00
9.069643281812728164e-02
8.298349438995586413e-02
6.702699815303331254e-02
7.633692921137633092e-02
2.686741085820960606e-01
8.346411041970022704e-02
2.386654906594771752e-01
5.834497911684655147e-01
4.167169893771260902e-01
3.467728466369579543e-01
6.788085733077784401e-01
1.709867051177555997e-01
5.453010104531900160e-01
6.074027039682893259e-01
4.932324364292242080e-01
5.692999696266256571e-01
7.401857692572850755e-01
4.633741223350420491e-01
4.539574528707931433e-01
4.418628329417706446e-01
3.066232113361693212e-01
5.362067164440276201e-01
8.560225471323272828e-01
3.293749442889001289e-01
6.810583113889231432e-01
6.564024730338712255e-01
1.398671201114036755e-01
3.115846481977639290e-02
2.839188341920826503e-02
2.295636695983468284e-02
2.548540858658829289e-02
1.335775064123131406e-01
2.835001906287331480e-02
1.747658211594688149e-01
5.048168580217388124e-01
3.012014261123469039e-01
2.447479168599568933e-01
5.891936180357413289e-01
6.756692794447308192e-02
4.548618098637635110e-01
4.949367937250274130e-01
3.897602828184458246e-01
4.871929010963345075e-01
6.521982245784320176e-01
3.643667128123465604e-01
3.648881133701704083e-01
3.318769820717740182e-01
2.244444989198766671e-01
4.423046237807921055e-01
8.191750018196327643e-01
2.351085703602395216e-01
5.895145087976103593e-01
5.539684366997024156e-01
1.047450660371969655e-01
2.215657311669128049e-02
2.916978309648465828e-02
2.710843373493976305e-02
3.628117913832201724e-02
1.250000000000000000e-01
1.889611636001314876e-02
9.746283307222769476e-02
5.911949685534590992e-01
6.175606571646177212e-01
9.477062956330071231e-01
5.146992311171416645e-01
4.279679533867443153e-01
5.265957446808510189e-01
7.115677528641735083e-01
4.936486437017242879e-01
6.581589958158997611e-01
8.528965392934391154e-01
3.847939696539933729e-01
2.515489722446834220e-01
3.434250303142060146e-01
1.353338828982857400e-01
2.390266139886249031e-01
4.469653943513808292e-01
5.223701090442591788e-01
3.955223880597014685e-01
4.675721561969439222e-01
8.683098591549296419e-01
