0.000000000000000000e+00
0.000000000000000000e+00
0.000000000000000000e+00
0.000000000000000000e+00
0.000000000000000000e+00
0.000000000000000000e+00
4.086360614189288309e-01
1.522440839239860289e-01
2.233685348016980488e-01
5.619369627024410896e-01
2.829987347098225636e-01
8.778732876550574549e-01
3.480833282000692641e-01
1.700199425046295953e-01
3.157656838697185941e-01
6.530388495181664865e-01
6.676620213304842455e-01
2.703559044854455529e-01
4.999363720573034575e-01
5.359004930555322233e-02
7.529361584117177930e-01
3.852766777890713756e-01
5.282403475309815910e-01
2.730526389826437583e-01
4.739683796583442632e-01
5.379583441680959588e-01
1.000000000000000000e+00
0.000000000000000000e+00
0.000000000000000000e+00
0.000000000000000000e+00
0.000000000000000000e+00
0.000000000000000000e+00
0.000000000000000000e+00
5.689226028209071195e-02
3.178894711767508152e-01
2.340992340992341103e-01
5.463428252372977134e-01
1.703296703296702796e-01
1.248548199767711420e-01
2.362155388471177675e-01
1.811840120663650300e-01
3.157951833369493366e-01
4.541925465838509979e-01
6.359700905155452055e-01
3.671875000000000000e-01
4.203858335732795215e-01
1.653279785809905755e-01
4.487666034155597394e-01
3.970515199832709285e-01
2.800000000000000266e-01
1.809054077858023302e-01
3.725217391304347925e-01
2.765273311897106234e-01
8.294930875576032037e-01
2.857142857142860315e-01
4.504504504504502904e-01
3.478260869565215074e-01
3.999999999999999112e-01
0.000000000000000000e+00
2.402064716357834584e-01
0.000000000000000000e+00
0.000000000000000000e+00
0.000000000000000000e+00
0.000000000000000000e+00
0.000000000000000000e+00
4.039215686274509887e-01
0.000000000000000000e+00
0.000000000000000000e+00
0.000000000000000000e+00
5.317460317460317443e-01
7.254901960784313486e-01
0.000000000000000000e+00
0.000000000000000000e+00
0.000000000000000000e+00
6.195652173913043237e-01
0.000000000000000000e+00
0.000000000000000000e+00
0.000000000000000000e+00
0.000000000000000000e+00
0.000000000000000000e+00
1.000000000000000000e+00
0.000000000000000000e+00
0.000000000000000000e+00
0.000000000000000000e+00
0.000000000000000000e+00
0.000000000000000000e+00
0.000000000000000000e+00
2.688390793092436670e-01
2.960752966569097921e-01
5.330970184780545740e-01
7.034964584338377902e-01
3.844957596344757977e-01
2.917625461733452941e-01
5.730861665717436049e-01
5.936969793851415433e-01
6.957038510916002672e-01
6.576740546750832195e-01
5.918996920216865743e-01
5.086203637237778352e-01
9.016757860011274106e-01
3.297048886837499193e-01
6.141573109154729870e-01
6.888674128624363568e-01
5.533888623261398187e-01
4.927729577955505258e-01
6.082868994817512975e-01
4.335508507754454177e-01
6.257804201381800269e-02
0.000000000000000000e+00
0.000000000000000000e+00
0.000000000000000000e+00
0.000000000000000000e+00
0.000000000000000000e+00
0.000000000000000000e+00
1.997134912315531863e-01
2.286439224761515066e-01
4.148057014186945501e-01
6.095481873346197954e-01
2.872228665266350900e-01
1.410018310071694536e-01
4.838467799941689740e-01
4.799311681812707953e-01
6.080675753732673883e-01
5.822838349436274541e-01
4.813818059851161513e-01
4.091084202867265596e-01
8.698193279076629203e-01
2.311450824029590012e-01
5.225616486393314108e-01
6.079392452347280873e-01
4.794983232294640629e-01
3.861045694457987953e-01
5.078692800274626773e-01
3.220122942507375186e-01
4.545204683124132172e-02
0.000000000000000000e+00
1.944652206432312402e-02
1.506024096385538691e-02
4.081632653061229021e-02
1.250000000000000000e-01
2.767884387370467270e-03
4.365169263638707386e-01
4.934689153439153486e-01
2.508840169731259007e-01
6.261670569867290315e-01
2.981387528759365524e-01
7.820830298616169296e-01
3.770193422196463917e-01
1.140457154282381036e-01
2.947528903570067471e-01
6.180382335586309672e-01
6.757647301534905893e-01
2.718023983153274870e-01
4.510609802194680551e-01
1.639612052667557274e-01
6.203704307243050886e-01
3.835320130744086509e-01
6.246825068824922722e-01
4.220276949779271369e-01
5.640851449275361418e-01
4.277960526315789380e-01
9.445326852418858277e-01
