8.091317948735327059e-02
8.688326434929122266e-02
1.036277078643392802e-01
7.963629212313316774e-02
1.119157340355497188e-01
8.714543722092799038e-02
5.146465155604884600e-01
1.469496121134985511e-01
9.999999999999997780e-01
7.908550312920930025e-01
2.962079786611557242e-01
5.265577904603413462e-01
3.499345249524450363e-01
1.787393329860207380e-01
1.747145746570755165e-01
4.852430064968920043e-01
6.039581908557936085e-01
1.146678089567014780e-01
6.730446836486679851e-01
2.013307376187181141e-01
6.278681651189736979e-01
5.236634172601931647e-01
7.493440441637573279e-01
4.312941599283954819e-01
1.225014417265821720e-01
1.932416646308434682e-01
8.177357873014496903e-01
1.844011142061281472e-01
1.802587176602924446e-01
1.556064073226544608e-01
1.761565836298932264e-01
3.461538461538462008e-01
1.796643808606646631e-01
6.484594798600148424e-01
3.453417534185476701e-01
4.586059102188135284e-01
8.743718592964824232e-01
1.559154464067597501e-01
1.159941553332583808e-01
5.598086124401914221e-01
4.585798816568048553e-02
8.006075070514212522e-02
2.695208518189884384e-01
4.588744588744588793e-01
2.302631578947368363e-01
3.714071140847954311e-01
2.150419861263235255e-01
3.520761245674741691e-01
6.179900883109139542e-01
3.090909090909091939e-01
4.027435265104809536e-01
0.000000000000000000e+00
1.855643932983583877e-01
8.294930875576032037e-01
5.357142857142882519e-02
8.108108108108069700e-02
3.043478260869565410e-01
0.000000000000000000e+00
0.000000000000000000e+00
3.111376074760885402e-02
8.536585365853658347e-01
0.000000000000000000e+00
0.000000000000000000e+00
3.274853801169590461e-01
0.000000000000000000e+00
0.000000000000000000e+00
0.000000000000000000e+00
0.000000000000000000e+00
0.000000000000000000e+00
7.204301075268817467e-01
7.628865979381442841e-01
0.000000000000000000e+00
0.000000000000000000e+00
0.000000000000000000e+00
0.000000000000000000e+00
6.022727272727272929e-01
0.000000000000000000e+00
0.000000000000000000e+00
0.000000000000000000e+00
0.000000000000000000e+00
5.964912280701754055e-01
1.745999249974484746e-01
1.790421227625902112e-01
1.691960458809688705e-01
1.770334702711424402e-01
3.519166294889125579e-01
1.764076952696234379e-01
6.864839920087149050e-01
5.998869149413281754e-01
6.629380854280753077e-01
6.794618753790578891e-01
3.066768068202776476e-01
2.021184324477637850e-01
5.848600169477523592e-01
3.178526600249907963e-01
1.837486528943231834e-01
6.708474921068463548e-01
6.021365495803707724e-01
4.293776225088392628e-01
6.043181327184931062e-01
3.387945686380574584e-01
4.210794464397724646e-01
6.978870890620403333e-01
6.634833204100265558e-01
3.754074721680854543e-01
0.000000000000000000e+00
2.663442938580755648e-01
4.361938258069657515e-01
7.055917741608359883e-02
7.359538910863305805e-02
7.013128656031189512e-02
7.195996187365019670e-02
1.951049783711829577e-01
7.173263651710273803e-02
6.107965890496653838e-01
5.222289913691910979e-01
5.567434399308217596e-01
5.813680261052047715e-01
2.192819469639602781e-01
8.445971437619995137e-02
4.962989338923478599e-01
2.155938068744828739e-01
1.216601590973275804e-01
5.969064694736675447e-01
4.925274608832792556e-01
3.318219526758835469e-01
5.183973209605168275e-01
2.388909419303181791e-01
3.268540404358697971e-01
6.182761007157131505e-01
5.967311369373794472e-01
2.753415587065714543e-01
0.000000000000000000e+00
1.775960547575296811e-01
3.643965334421421232e-01
5.317577548005908428e-02
8.451757666417353265e-02
9.638554216867467606e-02
8.616780045351474238e-02
1.250000000000000000e-01
7.187108723811364008e-02
3.366376442207086317e-01
0.000000000000000000e+00
9.731258840169729751e-01
1.000000000000000000e+00
3.113975576662145195e-01
4.693580272604308545e-01
5.265957446808510189e-01
1.226721163536846348e-01
2.138228941684665041e-01
3.260761648110064304e-01
2.878324521349033827e-01
7.374975641834002893e-02
6.780506898913786218e-01
3.434250303142060146e-01
7.255355761944438653e-01
3.316407683837023779e-01
8.507306509936790606e-01
4.706785624040275007e-01
3.441558441558441594e-01
3.667535174570089040e-01
7.048324429334626995e-01
