4.123033854475575688e-01
4.090529854421286471e-01
4.095754757599242013e-01
3.768726212648798035e-01
5.745007680491552859e-01
4.070644628655080699e-01
4.633582576931458696e-01
5.361220997369667840e-01
1.555203401515183881e-01
5.092963337420317593e-01
4.188803457228463256e-01
7.932321995455358099e-01
4.478473442380204173e-01
5.816093481407061949e-01
4.117563869264402321e-01
5.269532003877084314e-01
5.329687573156987046e-01
2.364261768749006398e-01
4.159777100692771956e-01
5.113461611212257729e-01
3.832154747873089962e-01
3.384462419561310442e-01
1.322464730422265866e-01
3.014002164549642870e-01
5.639741133586799737e-01
5.147692198305904299e-01
4.642100580162473733e-01
3.621169916434540115e-01
3.442069741282339779e-01
3.089244851258581281e-01
3.380782918149466409e-01
6.923076923076922906e-01
3.357700177374500772e-01
2.707852773041818928e-02
8.708568706186619046e-01
8.455181182453913591e-02
2.811278615298716255e-01
2.268959192214198284e-01
1.000000000000000000e+00
3.504492939666239426e-01
6.209935897435896468e-01
4.336623996528530256e-01
4.150197628458498489e-01
3.430987617034129133e-01
4.250000000000000444e-01
4.152496867728656671e-01
3.684452094090647778e-01
3.009575923392613372e-01
3.663519997721866872e-01
5.293413173652705694e-02
2.768354050721498760e-01
6.237241379310345391e-01
4.073172851307899078e-01
1.000000000000000000e+00
0.000000000000000000e+00
2.792792792792790912e-01
3.913043478260869179e-01
2.500000000000000000e-01
0.000000000000000000e+00
1.029001135731650862e-01
0.000000000000000000e+00
0.000000000000000000e+00
0.000000000000000000e+00
0.000000000000000000e+00
0.000000000000000000e+00
0.000000000000000000e+00
0.000000000000000000e+00
6.625000000000000888e-01
0.000000000000000000e+00
0.000000000000000000e+00
4.539877300613496813e-01
0.000000000000000000e+00
0.000000000000000000e+00
0.000000000000000000e+00
0.000000000000000000e+00
4.076923076923076872e-01
0.000000000000000000e+00
0.000000000000000000e+00
0.000000000000000000e+00
0.000000000000000000e+00
4.473684210526315264e-01
6.243897036721827165e-01
6.160512377592067823e-01
5.844164833766101186e-01
5.810931523522038233e-01
8.882949558017189107e-01
6.100593140812099469e-01
1.060479278262220770e-01
8.143191002450556049e-01
3.405748207993010146e-01
3.711263868037156799e-01
2.706395410037966132e-01
1.000000000000000000e+00
4.796080012372428980e-01
5.076533544860603042e-01
5.183342429828634579e-01
6.321800307262031016e-01
4.287696177291846489e-01
3.510033907860965474e-01
5.228742486283303181e-01
3.462887861928589661e-01
4.526852375091072744e-01
5.377175259428133014e-01
1.480956417178684870e-01
1.750505423529347127e-01
6.666466657440001109e-01
4.896939972932882190e-01
6.645561684211807041e-01
4.550775519940171154e-01
4.463647950871330594e-01
4.132529690144913226e-01
4.055358513047645497e-01
8.200708831669946131e-01
4.386698895494867689e-01
7.270913342306550842e-02
7.653980824310312459e-01
2.338419897077649301e-01
2.660071503127649506e-01
1.895055774904907120e-01
9.999999999999998890e-01
3.885719411956544689e-01
3.897747132744724397e-01
4.149822816944044868e-01
5.543153403889845565e-01
3.167090456853098868e-01
2.603011431901161021e-01
4.332311814330433442e-01
2.453326395865860210e-01
3.569176604701418953e-01
4.438576044015059563e-01
1.103764837074988625e-01
1.134226565332660530e-01
5.729910385537311246e-01
3.761982717488651096e-01
5.994757661835818929e-01
3.190546528803545612e-01
3.089005235602094723e-01
3.147590361445782858e-01
3.038548752834467903e-01
4.375000000000000000e-01
3.109134139830620480e-01
4.877111368021965765e-01
7.164010103649508521e-01
4.014144271570012634e-01
3.703218586143293134e-01
4.990067765912996056e-01
5.366865511140738176e-01
6.303986710963455087e-01
3.994290691212965538e-01
2.512154851598066840e-01
4.868487545734696553e-01
4.556253274945729626e-01
1.507702282671684602e-01
3.076302449671401984e-01
5.229542678467035133e-01
3.930800495301568498e-01
4.315205390027481158e-01
3.396566294064321534e-01
2.999155266266384512e-01
5.972257491112239469e-01
3.408236543439304711e-01
3.452484570343409831e-01
