2.010052294980291809e-01
2.136708754781352360e-01
2.082001697604901058e-01
2.195435142232453063e-01
2.442396313364055827e-01
2.057206179551184788e-01
6.821499534427879485e-01
3.536267025383056373e-01
1.052918294458449200e-01
3.815350623834534716e-02
4.551342252114535802e-01
7.797252371336684806e-01
3.068802232841203459e-01
2.594851769866872715e-01
6.648878167067429068e-02
4.416668843691908819e-01
4.318056629024551452e-01
4.365856778442926966e-01
7.461367047460100155e-01
2.486556876226448942e-01
9.534752259800090002e-01
2.298887068036766790e-01
5.654411874702049978e-01
6.396457430285300561e-01
5.438545714460746305e-02
2.734486224154639711e-01
5.896191267731472063e-01
3.582172701949860594e-01
3.532058492688413542e-01
3.329519450800915159e-01
3.345195729537366880e-01
4.230769230769230727e-01
3.431469742533637124e-01
3.791944006038562298e-01
3.098754508949839170e-01
2.521763950335378923e-01
1.636755204594400603e-01
4.554935436086963163e-01
9.738675958188150461e-02
2.362155388471177675e-01
2.494774247491639008e-01
1.072608775472737030e-01
2.838364870720786470e-01
3.430987617034129133e-01
2.974137931034482873e-01
4.415011037527593052e-01
2.746987951807229322e-01
6.429635145197321044e-01
7.562998637867288654e-01
4.327272727272726272e-01
6.304973284011509138e-01
9.066666666666667318e-02
3.773445873526258820e-01
2.448979591836728531e-01
6.785714285714288252e-01
8.738738738738738299e-01
8.260869565217388022e-01
1.000000000000000000e+00
0.000000000000000000e+00
8.721042222198911453e-01
0.000000000000000000e+00
0.000000000000000000e+00
0.000000000000000000e+00
0.000000000000000000e+00
0.000000000000000000e+00
0.000000000000000000e+00
0.000000000000000000e+00
0.000000000000000000e+00
0.000000000000000000e+00
6.203703703703703498e-01
7.748691099476440192e-01
0.000000000000000000e+00
0.000000000000000000e+00
0.000000000000000000e+00
4.913793103448275690e-01
0.000000000000000000e+00
0.000000000000000000e+00
0.000000000000000000e+00
0.000000000000000000e+00
0.000000000000000000e+00
4.285714285714285476e-01
3.838588393728230574e-01
3.933466557594477164e-01
3.837406000032435593e-01
3.826411008935237668e-01
5.021047443120888465e-01
3.828681021304645160e-01
5.383540034368969884e-01
4.776751999777772983e-01
3.584898297143223056e-01
2.880089150400171327e-01
4.551781640936580775e-01
1.372558037310769308e-01
3.621674547638525921e-01
3.328881698836501091e-01
2.079937437808550005e-01
2.835255955131990024e-01
4.664202401156636313e-01
4.458798536665964374e-01
6.066554086629333264e-01
4.870181009278082840e-01
7.655163560698721170e-01
5.282070218595951161e-01
6.307877794059433274e-01
5.979599544864425686e-01
9.032620171307348400e-02
3.727700739468386981e-01
2.345959941053721298e-01
2.131143581036241685e-01
2.221587429074985409e-01
2.170804641157244030e-01
2.122742843099927335e-01
3.302189547866101194e-01
2.126363429541544836e-01
4.509541932864027380e-01
3.969504011481517214e-01
2.491948152981309228e-01
1.956502857956060604e-01
3.532474294650149726e-01
5.086002522185209540e-02
2.779091883235607630e-01
2.281526768924855841e-01
1.398004082084816080e-01
2.155023365069426156e-01
3.525541867392794071e-01
3.475045469334622217e-01
5.209117809366989871e-01
3.756000526877513734e-01
6.961335221931095329e-01
4.341103616163087264e-01
5.611590917371099829e-01
4.953645564132813095e-01
5.569777218602908753e-02
2.665780596025790761e-01
1.821744212100238625e-01
9.896602658788777873e-02
1.133133881824981426e-01
1.114457831325301185e-01
1.541950113378685039e-01
1.875000000000000000e-01
1.078512252271273675e-01
6.246481245405640648e-01
5.498768472906404581e-01
3.429205215603527979e-01
0.000000000000000000e+00
4.727640674515212749e-01
7.390389666810869285e-01
3.072999290306420717e-01
2.605451562530305964e-01
5.800220384857945888e-02
4.156045602971398800e-01
4.207674779620660388e-01
3.896185516598106302e-01
7.625910471130014079e-01
3.019985858336630136e-01
9.348903253805435076e-01
2.564619508858636543e-01
5.616313675605456579e-01
5.947733789562981155e-01
0.000000000000000000e+00
2.303842583863904281e-01
6.313282923346530406e-01
