1.394065121540488117e-01
1.295929709210301151e-01
1.229345507666492199e-01
8.878365701927060094e-02
1.494229435993638111e-01
1.271829448443452248e-01
2.207941741776560107e-01
5.385313670936897612e-02
5.662142269012175877e-01
5.375329493543881121e-01
6.428568565275678548e-01
1.625285922531771732e-01
3.384714733714848656e-01
8.467514742961935736e-01
8.003476244218046265e-01
6.771988570011897579e-01
8.507338314388166456e-01
8.133301966315618081e-01
1.968263093896165383e-01
2.108495325593187086e-01
4.903423574700904730e-02
2.664625008650868265e-01
2.283319794894105303e-01
3.454092586480450588e-01
4.855660623773742079e-01
6.523626663745980547e-01
8.527684648730344819e-01
3.532033426183843750e-01
3.245219347581552727e-01
2.871853546910755339e-01
2.740213523131672657e-01
3.846153846153846367e-01
3.185418390168969216e-01
2.238491625714571498e-01
1.141646398034150689e-01
5.087838990278015228e-01
3.341708542713567875e-01
3.818614863607606713e-01
7.288821922968263811e-02
7.628022759601708058e-01
6.515109890109889168e-01
6.170114028109252580e-01
5.020703933747412417e-01
9.045072574484340766e-01
9.919354838709677491e-01
2.415270744059213603e-01
4.652157015157403208e-01
8.744038155802869028e-02
5.239346176298891322e-01
4.327272727272726272e-01
4.648581997533908217e-01
6.800000000000001599e-01
5.858013200203079363e-01
1.000000000000000000e+00
2.142857142857144126e-01
2.342342342342340622e-01
2.608695652173911306e-01
4.999999999999982236e-02
0.000000000000000000e+00
8.736654865560034011e-02
0.000000000000000000e+00
0.000000000000000000e+00
0.000000000000000000e+00
0.000000000000000000e+00
0.000000000000000000e+00
0.000000000000000000e+00
0.000000000000000000e+00
0.000000000000000000e+00
0.000000000000000000e+00
0.000000000000000000e+00
4.900662251655629187e-01
0.000000000000000000e+00
0.000000000000000000e+00
0.000000000000000000e+00
0.000000000000000000e+00
0.000000000000000000e+00
0.000000000000000000e+00
0.000000000000000000e+00
0.000000000000000000e+00
0.000000000000000000e+00
4.700460829493087744e-01
3.617511129937157621e-01
3.406364153275361906e-01
3.126182953937339248e-01
3.096018839348303464e-01
4.131045566170089556e-01
3.417375685353841730e-01
3.555185142043091329e-01
1.754559446107075704e-01
4.221497069399686719e-01
3.554195673544457978e-01
5.531175059395971871e-01
9.727762249629390290e-02
6.080632601235432810e-01
8.073378509866017128e-01
6.562123189730262318e-01
6.585028004795996370e-01
6.886116507601374170e-01
7.169587685975251645e-01
3.176098076339434195e-01
5.676304939559837504e-01
2.125424104378066392e-01
7.165437057556860445e-01
6.116910744000454425e-01
3.609844900038242654e-01
7.285573937098147601e-01
5.542093682798093779e-01
5.202953923218669452e-01
1.950667539223575608e-01
1.795076531022378463e-01
1.611775341568240372e-01
1.554464384719173586e-01
2.464073265603495821e-01
1.796666095428327004e-01
2.749424339599653155e-01
1.286484298737382015e-01
3.062181158243300616e-01
2.522348347054366169e-01
4.515207185672330814e-01
3.320877456158160407e-02
5.211349648628327280e-01
7.339796635558187843e-01
5.628228858666781687e-01
5.832003244396828379e-01
5.905059468403841549e-01
6.361593575839913361e-01
2.397320786433291828e-01
4.581771139177756580e-01
1.478493375932922183e-01
6.398521837590249728e-01
5.406779880354005696e-01
2.625411343633710648e-01
6.452132385815061433e-01
4.420000694818809750e-01
4.474297840436736728e-01
3.988183161004432709e-02
4.412864622288709127e-02
4.216867469879514996e-02
2.721088435374152681e-02
1.250000000000000000e-01
3.533812293519156267e-02
1.954912144988396605e-01
0.000000000000000000e+00
8.103671534155427736e-01
6.358342033238340019e-01
6.714619672720734123e-01
1.673927084335361526e-01
4.258064516129033139e-01
7.348531670629303569e-01
7.641468682505401233e-01
6.826195289361103313e-01
7.405802569460568918e-01
8.456472325296756631e-01
2.328016439964770701e-01
2.536931177904807599e-01
1.570324745635857111e-01
2.088660834454911797e-01
3.537177779164598634e-01
3.614435959190096526e-01
5.955056179775281011e-01
6.209258084971462921e-01
8.450704225352112520e-01
