2.382576925814334223e-01
2.235082963993992866e-01
2.219581503487470520e-01
1.756579480119848102e-01
2.884792626728110987e-01
2.241766536964126533e-01
1.907278701145167510e-01
3.367819958077650222e-01
3.302420764609621529e-01
1.857604287004757104e-01
7.453419761795330167e-01
2.939028087449770954e-01
3.877213801016816674e-01
5.578092464105076642e-01
7.617312836197591697e-01
6.814069636047395129e-01
5.249992694203251542e-01
7.303826993140103419e-01
2.337137633362947886e-01
6.188374780862346825e-01
1.890840594762444038e-02
3.444611342908557861e-01
3.977362310370169407e-01
5.081338921262561481e-01
4.903402221631708580e-01
8.620272567585640644e-01
7.602259064610092931e-01
2.997214484679665558e-01
2.769966254218222401e-01
2.459954233409611390e-01
2.793594306049821396e-01
4.615384615384615086e-01
2.828647670604282904e-01
1.607340532828219759e-01
8.049402269765797424e-01
3.100233100233100170e-01
1.797221401123262896e-01
6.361973875181423654e-01
9.253945480631275977e-02
2.021531100478469734e-01
5.865384615384614531e-01
3.629420698633107900e-01
7.837047862623309769e-01
4.155844155844157228e-01
9.453125000000000000e-01
5.298013245033106333e-02
2.375539895430780479e-01
1.078431372549020217e-01
3.503935422831492286e-01
3.977358490566038629e-01
3.436588373282005726e-01
5.829808917197452089e-01
3.743553964690893299e-01
1.000000000000000000e+00
2.678571428571427937e-01
2.612612612612612573e-01
2.173913043478261642e-01
1.999999999999999556e-01
0.000000000000000000e+00
2.069311359653487337e-01
0.000000000000000000e+00
0.000000000000000000e+00
0.000000000000000000e+00
0.000000000000000000e+00
0.000000000000000000e+00
0.000000000000000000e+00
0.000000000000000000e+00
0.000000000000000000e+00
0.000000000000000000e+00
0.000000000000000000e+00
5.103448275862069172e-01
0.000000000000000000e+00
0.000000000000000000e+00
0.000000000000000000e+00
0.000000000000000000e+00
4.206349206349205838e-01
0.000000000000000000e+00
0.000000000000000000e+00
0.000000000000000000e+00
0.000000000000000000e+00
5.151515151515152491e-01
5.092956975145119802e-01
4.847491607619170972e-01
4.684234614539620201e-01
4.304716708509599421e-01
6.937732560531498782e-01
4.894703825544666209e-01
3.301153162960737131e-01
7.823305898501302647e-01
5.201096214544702612e-01
1.127080971536797982e-01
7.565632029952915616e-01
1.603769679017547078e-01
5.252940475607329462e-01
7.401856310267102002e-01
6.546039640801704085e-01
9.481277315991172294e-01
5.608524282611138112e-01
5.690846432187040005e-01
2.708598958747207019e-01
5.124530312616448757e-01
1.657714187387662186e-01
5.718901579554811487e-01
5.672538925659655895e-01
4.257074099738847872e-01
6.044130403468649382e-01
6.811254035627004599e-01
7.849808882237097052e-01
3.288756551250630600e-01
3.055678074027172730e-01
2.929405349658185664e-01
2.536581038467358717e-01
5.477008000558990508e-01
3.094337972308112139e-01
2.523476276400395957e-01
7.272344283580213231e-01
4.014899007892149818e-01
6.766599743624213126e-02
6.808623681609048406e-01
6.213295340113310361e-02
4.343396753999116400e-01
6.494870080452014305e-01
5.610075889477679212e-01
9.316587564796099397e-01
4.481647002252188150e-01
4.714434344515913144e-01
1.998952090517660540e-01
4.010289839217499597e-01
1.123174783793596254e-01
4.794445248716621699e-01
4.938634466568926351e-01
3.213722011428274405e-01
5.036481690543922474e-01
5.824813186547030952e-01
7.357049534621438180e-01
5.022156573116692835e-02
6.133133881824981426e-02
7.981927710843372825e-02
7.256235827664403448e-02
1.250000000000000000e-01
5.720747105408591215e-02
1.163899940124163424e-01
4.207522230233117222e-01
3.021398914084956200e-01
4.096563550770910833e-01
5.930578893611413438e-01
6.919346801088654964e-02
4.299561994609163440e-01
3.769883618187361285e-01
6.527806676415683906e-01
6.063259613468821030e-01
3.634930915938314744e-01
7.582621243557575719e-01
2.735101281925824690e-01
6.606618533596221310e-01
2.250291815917315752e-02
2.711978465679676376e-01
4.583438237377849278e-01
5.386677622843321078e-01
5.973015873015873334e-01
8.936184210526314509e-01
7.808929045973957983e-01
