3.161232020808306120e-01
3.033655110868399563e-01
2.938775510204081898e-01
2.552433395416632833e-01
3.485546711353163518e-01
3.009099390037402455e-01
1.273163306675957340e-01
3.235715980693352201e-01
3.709822043296415739e-01
4.395791262552537493e-01
7.292337609852803659e-01
2.433077551071347600e-01
5.846954378847610823e-01
5.077367809529481635e-01
8.343457849923108238e-01
7.325812892542580279e-01
5.651898625441458268e-01
5.926821463766975828e-01
1.733021910178965674e-01
5.224780126068147013e-01
1.614444085569246568e-01
3.061702709981092285e-01
3.838347900412046876e-01
4.943379750865415367e-01
4.638120310721650652e-01
6.260459562648974519e-01
6.902361898342408431e-01
6.947075208913648936e-01
6.557930258717660221e-01
5.320366132723112207e-01
5.765124555160141551e-01
8.461538461538462563e-01
6.300945266819835133e-01
1.189048239895696968e-01
5.216143025500865615e-01
4.871794871794871695e-01
3.201300620750813786e-01
5.342888243831640516e-01
6.283016747218161946e-02
4.186288088642659000e-01
5.388313609467455523e-01
4.729514717581542183e-01
3.989488772097466995e-01
3.105209397344228517e-01
5.882352941176469674e-01
2.132450331125828047e-01
3.092369477911646181e-01
3.235294117647058432e-01
7.863536541294857685e-02
1.360000000000001208e-01
2.992190711056309516e-01
4.710056497175141854e-01
3.651578860582075370e-01
1.000000000000000000e+00
1.785714285714288252e-01
2.342342342342340622e-01
3.043478260869565410e-01
1.499999999999999112e-01
0.000000000000000000e+00
1.389230796501905729e-01
0.000000000000000000e+00
0.000000000000000000e+00
0.000000000000000000e+00
0.000000000000000000e+00
0.000000000000000000e+00
0.000000000000000000e+00
0.000000000000000000e+00
0.000000000000000000e+00
1.000000000000000000e+00
0.000000000000000000e+00
2.761194029850746468e-01
0.000000000000000000e+00
0.000000000000000000e+00
0.000000000000000000e+00
0.000000000000000000e+00
0.000000000000000000e+00
5.223880597014924909e-01
0.000000000000000000e+00
0.000000000000000000e+00
0.000000000000000000e+00
3.177570093457943723e-01
7.734339937237701967e-01
7.483664488183686681e-01
6.953580735639781629e-01
6.651891262738980348e-01
8.890003022507849684e-01
7.370296881193063587e-01
3.226465792484500827e-01
5.753476678947053724e-01
5.158653739443628261e-01
2.220076921135766268e-01
8.753627438503719382e-01
1.467820135542909910e-01
4.707214972141028353e-01
5.858336191489005307e-01
6.657663440026391211e-01
5.748374048709623541e-01
4.814375247350417553e-01
4.450074717542613634e-01
1.980864379405339326e-01
4.803974179690673196e-01
3.806338148367474083e-01
2.906270506487196315e-01
2.717388347089799705e-01
4.466002596022083937e-01
5.142353454997400375e-01
4.672315227099393953e-01
7.434427198860500408e-01
6.469274726567471046e-01
6.132712564150584189e-01
5.460688019713031416e-01
5.045688480928298691e-01
8.211531903921680531e-01
5.973912088341816196e-01
2.457909182629381961e-01
4.962984638726107844e-01
3.971730892454570228e-01
1.442147284623319092e-01
8.305186588167000616e-01
5.541012489663324492e-02
3.798464371852868227e-01
4.714020083474786960e-01
5.736503451185337443e-01
4.929976060561362949e-01
3.672132111384479591e-01
3.466700656279254611e-01
1.410084180854042080e-01
3.690755801253044477e-01
2.895083274836080522e-01
2.127823192917516759e-01
2.125734446540871181e-01
3.411265090260470756e-01
4.089613279138955004e-01
3.541752392945425321e-01
6.877586998999178913e-01
1.491875923190547071e-01
1.585639491398653789e-01
1.385542168674698815e-01
1.269841269841270326e-01
1.250000000000000000e-01
1.348906437970322503e-01
1.727283336930914848e-01
5.911949685534590992e-01
2.027345591702027772e-01
4.975257102128092246e-01
6.111813812294462078e-01
7.780946994511050985e-02
6.594387755102039117e-01
4.713603221822635914e-01
7.769553716601549365e-01
6.703209368644960087e-01
4.774512733290430244e-01
5.287630054944957303e-01
1.980504989510214475e-01
6.562334851455161600e-01
2.055959892430664349e-01
2.711978465679676376e-01
3.537177779164598634e-01
5.223701090442591788e-01
5.955056179775281011e-01
6.295693779904305565e-01
6.090448943661972425e-01
