3.468113317464460166e-01
3.377762583652477169e-01
3.408593817273744553e-01
3.111003140155298996e-01
4.567332309267794210e-01
3.401684718075843050e-01
4.689779382372341043e-01
4.691139321738486689e-01
2.152619505694146618e-01
6.217932207578189541e-01
3.817860717283532712e-01
7.063444464505077569e-01
4.357375083790990811e-01
4.629893057883850416e-01
3.104745590785782383e-01
8.182350181665944966e-01
5.708060881893088911e-01
1.708948536912975324e-01
4.583662684947599208e-01
5.759771543432268270e-01
3.813481583211819625e-01
3.856100021467524508e-01
1.861980176995039482e-01
1.001324278649324828e-01
7.475423886653886907e-01
4.041331482855554658e-01
5.349728823074633155e-01
4.562674094707520611e-01
4.212598425196850682e-01
3.478260869565217295e-01
4.128113879003558750e-01
3.461538461538462008e-01
4.211531247008371004e-01
2.361473272490220987e-01
4.934866138003162206e-01
1.075591075591075252e-01
1.967412821684178525e-01
2.673854447439353299e-01
7.491289198606268518e-02
2.434210526315789824e-01
1.354895104895105229e-01
2.372170391263469513e-01
4.468891462259185765e-01
1.462241462241461454e-01
0.000000000000000000e+00
3.591873386463128037e-01
2.434499904379422430e-01
2.022058823529412352e-01
7.120971892627547817e-02
2.204137931034483300e-01
3.892901180200802891e-02
7.888000000000001677e-01
2.296582920050138643e-01
6.696428571428567622e-01
3.571428571428572063e-01
5.135135135135131534e-01
4.347826086956518843e-01
5.000000000000000000e-01
0.000000000000000000e+00
4.546387875067523510e-01
7.142857142857141906e-01
0.000000000000000000e+00
4.875000000000000444e-01
0.000000000000000000e+00
0.000000000000000000e+00
6.242424242424242653e-01
0.000000000000000000e+00
0.000000000000000000e+00
0.000000000000000000e+00
5.075757575757576801e-01
3.978494623655914331e-01
0.000000000000000000e+00
0.000000000000000000e+00
0.000000000000000000e+00
0.000000000000000000e+00
0.000000000000000000e+00
0.000000000000000000e+00
0.000000000000000000e+00
0.000000000000000000e+00
0.000000000000000000e+00
4.112903225806451291e-01
5.814180711569890692e-01
5.642848508016676812e-01
5.299815895882065142e-01
5.432429805307079640e-01
6.884038042178568517e-01
5.632927258731605935e-01
4.696927267676185291e-01
6.930497398634192230e-01
2.415607005205883118e-01
3.231589822890362784e-01
3.890307710627793902e-01
8.365138366823249294e-02
3.353302389958244811e-01
3.913341717298057798e-01
4.279387206279325895e-01
3.427631327205413747e-01
4.376310291036373812e-01
5.675241363202188083e-04
4.330505484963073082e-01
3.021450356924574310e-01
1.981726862396953059e-01
2.680146347260858875e-01
7.097429839551836483e-01
3.080481882042143127e-01
9.363483204529162718e-01
2.307305010894392661e-01
6.614657962026448956e-01
4.057212482668311471e-01
3.879012964851990541e-01
3.544294700270453902e-01
3.642916087465169483e-01
5.409204287495639196e-01
3.860624244651834625e-01
3.820986202040153046e-01
6.242215986176020692e-01
1.544909950767507922e-01
2.246445422074585530e-01
2.913357297490010156e-01
2.772540198782198761e-02
2.540331373079633415e-01
2.789969780659733445e-01
3.265972536738268039e-01
2.673268109813103921e-01
3.250287995278586806e-01
3.416834925086820185e-04
3.448300454466036169e-01
2.081101419925158180e-01
1.367527094700102253e-01
1.939383020563757998e-01
6.481526291569960074e-01
2.170817946854107228e-01
9.112305743947477499e-01
1.501170394575314371e-01
5.960912524154511338e-01
1.757754800590842215e-01
1.802543006731488484e-01
1.746987951807228989e-01
1.632653061224489943e-01
3.750000000000000000e-01
1.771837055881885781e-01
3.513991392209980802e-01
5.802469135802469369e-01
4.032473697467593432e-01
9.477062956330071231e-01
2.978441127694860246e-01
7.820830298616169296e-01
6.594387755102039117e-01
3.604953541752283219e-01
2.497761154717377807e-01
7.378048780487804770e-01
6.928609062170707489e-01
1.916647752338072053e-01
4.784562900074573744e-01
6.333281323139335894e-01
3.942999319976204786e-01
3.424341472793692720e-01
2.102940631141766437e-01
3.120634055901658765e-01
5.760869565217391353e-01
6.561403508771928017e-01
5.296780684104627213e-01
