2.261868045835211949e-01
2.397470178137551811e-01
2.513045724618961363e-01
2.473074742894161848e-01
1.789554531490015199e-01
2.349549510409388309e-01
6.752606644894687538e-01
4.333423564796864413e-01
2.345333914565677080e-01
3.174039616562540633e-01
2.075330834233018451e-01
7.935272989392456733e-01
8.379583997617403579e-01
3.450901805060097027e-02
3.525286052906914103e-01
7.053308668393984959e-01
7.097480572031189539e-02
1.928659940987642596e-02
8.737225880016338264e-01
4.146331644655820714e-01
6.577418034461810503e-01
4.494772640031236000e-01
6.543384438996868724e-01
5.616259402726118122e-01
2.008931521315522883e-01
7.994019920509753963e-02
5.184878119327125390e-01
3.364902506963788342e-01
3.357705286839145487e-01
3.032036613272310888e-01
3.291814946619217030e-01
1.923076923076923461e-01
3.255928740543696520e-01
1.946979574098216537e-01
3.453417534185476701e-01
1.464945311099157821e-01
1.273031825795645777e-01
1.096698113207547065e-01
6.514164520527190860e-02
3.150969529085873022e-01
0.000000000000000000e+00
2.259915899534037376e-01
5.717108977978544448e-01
3.902439024390245148e-01
1.098901098901099438e-01
2.843786521231008724e-01
1.505481384999457495e-01
3.520761245674741691e-01
6.234604815400168754e-01
3.617021276595744350e-01
2.033227334674539977e-01
3.400000000000000244e-01
2.981310289389067503e-01
6.696428571428567622e-01
7.321428571428572063e-01
7.207207207207204647e-01
2.608695652173911306e-01
6.499999999999999112e-01
0.000000000000000000e+00
6.026879522543597822e-01
3.097345132743362650e-01
0.000000000000000000e+00
0.000000000000000000e+00
0.000000000000000000e+00
0.000000000000000000e+00
3.614035087719298378e-01
0.000000000000000000e+00
0.000000000000000000e+00
6.621621621621622822e-01
5.254901960784313930e-01
4.713375796178344013e-01
0.000000000000000000e+00
0.000000000000000000e+00
0.000000000000000000e+00
5.700000000000000622e-01
0.000000000000000000e+00
6.140350877192981560e-01
7.553191489361702482e-01
0.000000000000000000e+00
0.000000000000000000e+00
4.493392070484582002e-01
3.833395619756341244e-01
3.945008585085348907e-01
3.947863177987439021e-01
4.165408878112039082e-01
3.121101233872421998e-01
3.915202531372556916e-01
3.286872110827327997e-01
2.877845674963688261e-01
2.331907629079637001e-01
1.032485455447881284e-01
7.490540151022007098e-02
1.506588173818657062e-01
4.388197299223023373e-01
9.767411967714234589e-02
3.156245951287173224e-01
8.520345899347565588e-01
2.967410880669119067e-01
1.221738306785271622e-01
4.669684716225598331e-01
1.679306450965044606e-01
3.541104456863355399e-01
6.503326096848582871e-01
5.801452439449836795e-01
2.519877159377389431e-01
2.368154663536807814e-01
2.531417206600365954e-01
2.309343332143687366e-01
2.126823537827686184e-01
2.231372798363744914e-01
2.264021499309697982e-01
2.412643672421066754e-01
1.644937831658301319e-01
2.198821258530438971e-01
2.510908784909710034e-01
2.214694548595212975e-01
1.482103874554155931e-01
6.154691618551791366e-02
4.642353080932062892e-02
5.729975200569537019e-02
3.489972662393536207e-01
5.610797000590342365e-02
2.262059095991161839e-01
8.098181203530558925e-01
2.012615164312977767e-01
7.947155459101942765e-02
3.775294469569214217e-01
1.056148865142342297e-01
2.657043920945522664e-01
5.644689826561872792e-01
5.073228947235368658e-01
1.715472518912520283e-01
1.606473904220180049e-01
1.672747827890756211e-01
1.790841072692758718e-01
1.735598227474150490e-01
2.030665669409125185e-01
2.108433734939759163e-01
2.086167800453515020e-01
1.875000000000000000e-01
1.889635536412824779e-01
5.672449994474527690e-01
6.065525998085008474e-01
5.950094932273148896e-01
3.919090188135512243e-01
2.262439395379788887e-01
7.636874414733118011e-01
8.971638655462185197e-01
1.296279590705551321e-03
2.517420424547854307e-01
4.339800792387160655e-01
1.043700861743399599e-01
0.000000000000000000e+00
9.639474456765261268e-01
7.333579199704959306e-01
6.474115099502418813e-01
4.246298788694482518e-01
5.533363571940391745e-01
6.750122055936489396e-01
3.465384615384615175e-01
1.286842105263157343e-01
4.629778672032193731e-01
