6.276736772729402114e-02
6.867612282584123484e-02
7.624424268009150074e-02
6.340791887957747397e-02
1.245363605709790544e-01
6.700511111173657053e-02
3.095686092233094211e-01
2.663557812708475803e-01
6.521209917283765645e-01
4.288432786550921971e-01
8.929531725666622899e-02
8.901964289106545358e-01
3.534725108370193603e-01
8.979234918871803472e-02
7.379069374053137675e-02
6.785186409300782984e-01
7.622793204356173025e-01
6.618092633386252199e-02
5.975991202031042393e-01
5.129753010744038111e-01
6.466530125984759625e-01
4.919615954858737039e-01
7.648863751314549653e-01
6.086370728319445700e-01
3.600414090545061008e-01
3.471032710943704469e-01
7.561466986617049191e-01
4.456824512534818261e-02
3.796400449943754252e-02
2.173913043478259421e-02
6.583629893238435171e-02
7.692307692307692735e-02
4.126443415973685136e-02
5.689226028209071195e-02
1.141646398034150689e-01
2.456028819665184160e-01
3.640075376884422398e-01
1.096698113207547065e-01
1.354194585901902503e-01
3.008166969147005876e-01
5.552413273001510774e-02
2.777735006543997631e-01
4.747116237799466898e-01
7.172182656053622818e-01
1.032608695652174058e-01
3.745147293902717500e-01
3.996940141518454670e-01
4.338235294117647189e-01
4.317185629334996388e-01
3.777777777777777679e-01
5.080684072267195317e-01
4.173793103448276143e-01
7.424157696071579382e-01
8.294930875576032037e-01
4.642857142857144126e-01
6.036036036036032115e-01
3.043478260869565410e-01
6.000000000000000888e-01
0.000000000000000000e+00
4.637095597151592585e-01
0.000000000000000000e+00
0.000000000000000000e+00
0.000000000000000000e+00
0.000000000000000000e+00
0.000000000000000000e+00
0.000000000000000000e+00
0.000000000000000000e+00
0.000000000000000000e+00
0.000000000000000000e+00
9.305555555555555802e-01
8.222222222222222987e-01
0.000000000000000000e+00
0.000000000000000000e+00
0.000000000000000000e+00
1.000000000000000000e+00
3.312500000000000444e-01
6.730769230769231282e-01
7.395833333333332593e-01
0.000000000000000000e+00
0.000000000000000000e+00
8.793103448275861878e-01
5.304076123771703233e-02
5.660184105110796504e-02
3.220338615334045196e-02
6.006064533949193041e-02
1.499181564162619384e-01
4.927863061841433745e-02
1.883934116963825733e-01
4.889359732839730910e-01
4.115166023474337020e-01
3.395489320835000102e-01
1.140542024360542417e-01
2.631160308560437366e-01
3.795145990795559809e-01
3.424461821995528066e-01
2.540378515973071849e-01
4.474740072094325338e-01
6.554986730322887034e-01
1.913738627284023996e-01
6.494542102698489527e-01
4.209872259660443206e-01
2.320011881201626824e-01
5.433749001884939922e-01
6.542527508043738393e-01
3.765214620534568235e-01
4.380880852399559044e-01
8.165030152059155055e-01
7.001431725780604687e-02
1.678008148647748207e-02
1.829444598440058134e-02
1.023915212095222182e-02
1.934648279609731819e-02
6.229424538321651217e-02
1.552462691149211066e-02
1.346228289279137180e-01
4.080895270056881241e-01
2.964255548909405791e-01
2.385445985341543285e-01
7.252174071947112277e-02
1.216584663774852998e-01
2.936218549610532524e-01
2.362471619935377909e-01
1.755905026011513881e-01
3.646826483951077780e-01
5.521796600518440457e-01
1.297576916469487529e-01
5.676492026717767647e-01
3.122782346777003837e-01
1.631302874521124435e-01
4.496882049232179823e-01
5.866237201824614500e-01
2.763376132888920589e-01
3.343440719167586339e-01
7.484557347100507796e-01
5.100520455274315523e-02
4.874446085672085038e-02
7.329842931937174955e-02
8.433734939759035543e-02
8.616780045351474238e-02
2.500000000000000000e-01
6.965813492849681765e-02
4.098795447010720183e-01
4.177777777777778589e-01
9.471576371120256077e-01
3.724755475960876971e-01
1.343283582089552231e-01
8.309264886857371524e-01
4.002695417789756682e-01
1.054193145027914613e-01
1.423522481837816156e-01
4.380141977340041848e-01
5.181093528578177843e-01
6.806209080488812013e-02
4.784562900074573744e-01
7.472186366709691052e-01
6.547113729989050279e-01
3.055877848424373155e-01
5.968929345016459331e-01
4.706785624040275007e-01
4.649122807017543879e-01
8.143110585452395522e-02
7.048324429334626995e-01
