2.266795385819845854e-01
2.395263064469320691e-01
2.379110943306241288e-01
2.587378610538380586e-01
2.176533144275080156e-01
2.340345916925445358e-01
1.000000000000000000e+00
3.681965936405002804e-01
8.410698709869108836e-01
3.262132116032612217e-02
3.775840477072407997e-01
5.744101900725362420e-01
4.848143879156070479e-01
2.570457249940878430e-01
2.149907673915503192e-01
1.704507604308207469e-01
2.227116445616112994e-01
2.595337235793657715e-01
9.447059784077379563e-01
1.071114795838625788e-01
1.000000000000000000e+00
2.767499191968901817e-01
2.837276927099992019e-01
4.521115188067708068e-01
1.153653404790808135e-01
1.701623913978616010e-01
5.306265638730256473e-01
4.846796657381615692e-01
4.839707536557930068e-01
4.244851258581235909e-01
4.928825622775800941e-01
5.384615384615385469e-01
4.727262011924877605e-01
5.138269402319356471e-01
6.156411477993184445e-01
6.068796068796069587e-01
1.731915390908028152e-01
5.135757017947538694e-01
6.702732440858238938e-02
2.245065789473684736e-01
2.364743589743589780e-01
4.729514717581542183e-01
2.003743725006381649e-01
6.359700905155452055e-01
6.632653061224491609e-02
6.204252352736143727e-01
2.746987951807229322e-01
7.117647058823530770e-01
2.137821314703975961e-01
2.266666666666666829e-01
6.068345957371851229e-01
2.177777777777777923e-01
1.701706653475142383e-01
1.000000000000000000e+00
5.535714285714288252e-01
6.576576576576576016e-01
3.043478260869565410e-01
6.999999999999997335e-01
0.000000000000000000e+00
5.944022240042365901e-01
0.000000000000000000e+00
0.000000000000000000e+00
5.200000000000000178e-01
0.000000000000000000e+00
0.000000000000000000e+00
0.000000000000000000e+00
0.000000000000000000e+00
0.000000000000000000e+00
0.000000000000000000e+00
0.000000000000000000e+00
7.628865979381442841e-01
0.000000000000000000e+00
0.000000000000000000e+00
0.000000000000000000e+00
7.702702702702702853e-01
0.000000000000000000e+00
0.000000000000000000e+00
3.349056603773584717e-01
0.000000000000000000e+00
0.000000000000000000e+00
3.617021276595744350e-01
3.794953719213576271e-01
3.903840873738054773e-01
3.567646855918741866e-01
4.142422678347810194e-01
4.299636961818852354e-01
3.801128665406787732e-01
7.342484820516514965e-01
2.915219854314192727e-01
7.083173609753152800e-01
1.900449332196840757e-01
6.970026641542044210e-01
1.406578647091762391e-01
2.263676421918107140e-01
4.572521556683782906e-01
4.613605581219384355e-01
4.883019078289325687e-01
3.798487240474115456e-01
1.298206092815509249e-01
5.343797929278283343e-01
3.711191881493799416e-01
5.320337398488641512e-01
3.964123681224254181e-01
5.649204114098851370e-01
3.240822596680500434e-01
1.519404911879754794e-01
2.528611771042307277e-01
3.154616917047894376e-01
2.094963525117796155e-01
2.196558170564534840e-01
1.950378223234797426e-01
2.392462689557489364e-01
2.614473774245769100e-01
2.103516027470233307e-01
6.656282346058719490e-01
2.246981618945129711e-01
6.101293565190728518e-01
1.207160485251410065e-01
6.101981167341684609e-01
5.246978507835400873e-02
1.624905119283199806e-01
3.402077269270406545e-01
3.584874965792325674e-01
4.046324985883666958e-01
2.720717847312353888e-01
8.484088948394777341e-02
4.449734266357927015e-01
2.670337065603702320e-01
4.357974830932163646e-01
3.060669578691615489e-01
4.914377550379952497e-01
2.305986290386868309e-01
9.763631671824093972e-02
1.670571824228789526e-01
2.524177861037074089e-01
2.163958641063515320e-01
2.337322363500373701e-01
2.484939759036144946e-01
2.494331065759637367e-01
2.500000000000000000e-01
2.231562840279480708e-01
9.336376066004706820e-01
6.205228758169936132e-01
8.265840559211197203e-01
2.426531691470890095e-03
2.990244226664797167e-01
6.653943820003543896e-01
5.633830455259026815e-01
2.117874289952731970e-01
1.557904104785018951e-01
1.377707639011458429e-01
2.293216742058921120e-01
3.714635033724653645e-01
9.856941900211811936e-01
2.335939667068622771e-01
9.968971569249888143e-01
2.599323243353055535e-01
2.447714478431760599e-01
3.554116472038921781e-01
3.014867485455721141e-01
1.576973684210526416e-01
4.192830594679186063e-01
