2.061530107365318609e-01
2.154499835170872180e-01
2.165733804070150703e-01
2.397495073825141598e-01
1.981566820276497998e-01
2.136568378511713440e-01
9.082503724214405771e-01
4.349488080072970719e-01
5.643274691679514010e-01
2.035236501356707528e-01
4.534374461454082073e-01
8.165223272487767137e-01
6.732614227185007572e-01
2.163947575484514996e-01
2.062906522320698821e-01
1.558945380928706825e-01
5.120441840135692146e-02
2.292930108225980090e-01
7.506695288827655022e-01
2.881523241090500065e-01
9.610800940859753894e-01
1.585708551669794408e-01
5.398822570995509551e-01
2.823433709146154769e-01
1.778868791416658435e-01
2.439866702430792955e-01
5.867247113579074913e-01
4.913649025069638521e-01
4.845331833520809539e-01
4.279176201372997257e-01
5.000000000000000000e-01
4.615384615384615086e-01
4.772482720147157575e-01
3.102362705504498885e-01
2.662791805621724794e-01
1.608391608391608885e-01
4.137353433835845862e-01
7.249340955540417575e-01
7.491289198606268518e-02
2.402015677491601275e-01
1.867075232459847189e-01
3.000795544948289262e-01
4.278108759031564734e-01
0.000000000000000000e+00
2.551020408163264808e-01
3.591873386463128037e-01
2.746987951807229322e-01
7.117647058823530770e-01
2.220564232698334362e-01
2.720000000000001306e-01
1.865844636251541289e-01
3.478736842105263904e-01
1.701706653475142383e-01
1.000000000000000000e+00
3.392857142857144126e-01
4.414414414414413734e-01
3.043478260869565410e-01
2.999999999999998224e-01
0.000000000000000000e+00
3.367062058148473369e-01
0.000000000000000000e+00
0.000000000000000000e+00
0.000000000000000000e+00
0.000000000000000000e+00
0.000000000000000000e+00
0.000000000000000000e+00
0.000000000000000000e+00
0.000000000000000000e+00
0.000000000000000000e+00
4.962962962962963465e-01
0.000000000000000000e+00
0.000000000000000000e+00
0.000000000000000000e+00
0.000000000000000000e+00
9.499999999999999556e-01
0.000000000000000000e+00
0.000000000000000000e+00
0.000000000000000000e+00
0.000000000000000000e+00
0.000000000000000000e+00
3.617021276595744350e-01
3.776087618706364113e-01
3.890367817820491458e-01
3.650723243777184712e-01
4.180890528849271481e-01
4.549624103376559425e-01
3.831128180760131618e-01
4.255875043754133724e-01
2.437329951422511076e-01
2.831733416080807197e-01
4.026976411037791470e-01
7.980266567299743041e-01
1.684046144234480624e-01
5.054950517335782267e-01
2.624869454699207960e-01
3.814308751482802240e-01
5.060448268734796251e-01
0.000000000000000000e+00
1.833669846073071596e-01
5.328586776973295303e-01
2.694415324058870853e-01
4.710715053700391675e-01
4.599888067534845248e-01
4.967684732326054231e-01
2.176127749977528891e-01
2.816047443663638461e-01
2.476708498502696587e-01
3.796073063713116813e-01
2.079405665878097387e-01
2.185217116472299714e-01
2.017168875638640779e-01
2.426278906005393254e-01
2.844682015628456351e-01
2.128397991163631098e-01
3.396176451353436487e-01
1.840949898725808831e-01
1.867046295537752587e-01
2.943622620342286056e-01
7.317774500619160793e-01
6.622933904500420688e-02
4.143183298605522258e-01
1.711862052396272427e-01
2.837595381223512181e-01
4.223418292634745219e-01
0.000000000000000000e+00
1.237441819974227919e-01
4.434155606271690808e-01
1.816549946152078432e-01
3.747620771436826481e-01
3.661962031031627540e-01
4.220288784414278904e-01
1.449532415437355115e-01
1.963464216008905805e-01
1.630442616850287518e-01
3.108529909603471864e-01
1.757754800590842215e-01
2.004487658937921246e-01
2.033132530120482229e-01
2.290249433106576471e-01
1.875000000000000000e-01
1.891557298766094464e-01
9.951393973436429841e-01
6.362262076547791079e-01
8.795484595043352449e-01
1.687992815763063037e-01
3.564143567874911711e-01
7.642113244879750189e-01
9.532563025210082364e-01
1.167248090489864665e-01
1.894965124101546938e-01
1.808129109384326583e-02
1.556316296044975012e-01
1.793533584925446345e-01
7.166389405356036191e-01
5.707458753743096525e-01
9.364915421656344607e-01
1.737674651336490461e-01
4.823649524424155066e-01
2.102663900209045256e-01
3.052429498212630987e-01
3.728468899521530933e-01
4.688682675611094974e-01
