7.664923976330717537e-02
8.171669053957919537e-02
9.676814096724634107e-02
8.385933657530331153e-02
5.505699733203983648e-02
8.269725295989382996e-02
5.769430037345002482e-01
6.410214218541843145e-02
4.713964456286021676e-01
9.999999999999997780e-01
1.091787546792618024e-01
9.697508926209104096e-01
6.628368037478888919e-01
2.933758549026090900e-01
1.427189869832080626e-01
2.477331397809154900e-01
4.202611457155185359e-01
2.902324209709370439e-01
4.188160562861599212e-01
5.254671619024267049e-01
6.125836935664077387e-01
1.247286009924420958e-01
5.161521769774706225e-01
6.410774766622711063e-01
3.091571816144290663e-01
3.162972075879186828e-01
8.396932547922533185e-01
1.554317548746518285e-01
1.377952755905511584e-01
1.281464530892448828e-01
1.387900355871886093e-01
1.538461538461538547e-01
1.414654216500176864e-01
1.344079649164393597e-01
4.039066222010481155e-01
5.392842451665982306e-01
9.200548195523068351e-01
1.735014276634698205e-01
1.248548199767711420e-01
4.703947368421053099e-01
4.684065934065932968e-01
1.545032031151865048e-01
4.658385093167702884e-01
5.847176079734219822e-01
5.882352941176469674e-01
2.649006622516556497e-01
4.652157015157403208e-01
3.235294117647058432e-01
2.188927234641666608e-01
5.617391304347827408e-01
2.163995067817509055e-01
4.269767441860465307e-01
4.798562511821448107e-01
8.294930875576032037e-01
3.214285714285716189e-01
4.234234234234230954e-01
3.913043478260869179e-01
2.999999999999998224e-01
0.000000000000000000e+00
3.082777412362989189e-01
0.000000000000000000e+00
0.000000000000000000e+00
0.000000000000000000e+00
0.000000000000000000e+00
0.000000000000000000e+00
4.577777777777778390e-01
0.000000000000000000e+00
0.000000000000000000e+00
0.000000000000000000e+00
4.652777777777777901e-01
4.713375796178344013e-01
0.000000000000000000e+00
0.000000000000000000e+00
0.000000000000000000e+00
6.195652173913043237e-01
0.000000000000000000e+00
0.000000000000000000e+00
0.000000000000000000e+00
0.000000000000000000e+00
0.000000000000000000e+00
6.496815286624204600e-01
1.768972150731317194e-01
1.814924168878554733e-01
1.832477259813379833e-01
1.871705761741419838e-01
2.308424625083759230e-01
1.817605595317363376e-01
3.613694278580386055e-01
4.932905496542230317e-01
6.774683508395746845e-01
7.801350450226506306e-01
2.466185446325480646e-01
2.427293176900576777e-01
7.668135515302875183e-01
6.129531945360048306e-01
3.511228776957668885e-01
3.127612431207589250e-01
4.441387685316238176e-01
5.479920676486829123e-01
4.133344937300088562e-01
7.179352710758333256e-01
4.231700356064260760e-01
5.583906335221469064e-01
7.386771242135437010e-01
3.895226301948134795e-01
3.810982938930554953e-01
4.932042229520939847e-01
4.389277980519119549e-01
7.178093721767864199e-02
7.492161584248900608e-02
7.777033694162525934e-02
7.744883978771177624e-02
1.087641101440708497e-01
7.461024073495584052e-02
2.802108213318635910e-01
4.124190623602521644e-01
5.736243732416108632e-01
7.028807221080276557e-01
1.702508139632911977e-01
1.086217958588822502e-01
7.015922425655274353e-01
5.010641210499408027e-01
2.568070372445603322e-01
2.407856822230468596e-01
3.311845118371776753e-01
4.493676077926853640e-01
3.262022693549896935e-01
6.276238917249949978e-01
3.288187709144111959e-01
4.652809249905583422e-01
6.809658118723141973e-01
2.880406972461513337e-01
2.816969980020070929e-01
3.796812327283710653e-01
3.670308321043921906e-01
2.954209748892211440e-03
2.094240837696337287e-02
4.518072289156627175e-02
4.535147392290250767e-02
6.250000000000000000e-02
1.479308156020603393e-02
5.937775470500402664e-01
0.000000000000000000e+00
7.388723047642025143e-01
9.684977684536186793e-01
2.678716321419644109e-02
7.609038984935024841e-01
6.821895596322572475e-01
1.893456540218150796e-01
1.271121839664591247e-01
2.871400733948585859e-01
3.625516702715694262e-01
1.641185398850840693e-01
3.710082831721017715e-01
7.405364729723941108e-01
7.273349716008347121e-01
1.269924702629950941e-01
5.787488372860086772e-01
7.724297758444835793e-01
4.605614973262032175e-01
3.552631578947367252e-01
8.566901408450704469e-01
