1.401746103295295476e-01
1.504523643822570644e-01
1.619736502195814887e-01
1.521175803708802454e-01
1.059907834101382340e-01
1.469473585488774714e-01
5.651815057452216351e-01
3.121231615142507909e-01
3.941117905184974290e-01
5.406278845207133088e-01
1.740587225850961928e-01
7.405243312963631919e-01
5.428671128825075520e-01
7.195692461857150501e-02
2.146406449423510221e-02
7.981933554527684826e-01
1.909695477582065148e-01
3.639547428442595489e-01
7.602815217461661446e-01
3.226241646952949793e-01
6.534615775755205913e-01
3.823669886473249901e-01
7.165930471560550963e-01
7.999151225866771853e-01
3.294360374844247374e-01
0.000000000000000000e+00
6.373267644417566213e-01
2.005571030640668773e-01
1.884139482564679557e-01
1.979405034324943080e-01
2.188612099644128284e-01
1.153846153846153633e-01
1.977748719991877513e-01
1.473272490221642084e-01
7.771335825776599648e-01
4.318181818181818232e-01
5.131909547738693345e-01
1.703296703296702796e-01
5.908622466506352477e-02
2.662611717974181502e-01
4.585798816568048553e-02
9.479415274463004470e-02
3.680124223602483369e-01
5.310245310245309547e-01
2.708333333333332593e-01
3.347645731751691667e-01
2.864872664309934258e-01
3.720588235294117752e-01
3.937039659177006268e-01
3.400000000000000799e-01
5.145499383477188937e-01
3.400000000000000244e-01
6.913183279742757259e-02
6.696428571428567622e-01
3.750000000000000000e-01
4.324324324324324564e-01
6.521739130434780485e-01
4.499999999999999556e-01
0.000000000000000000e+00
4.920575105012150452e-01
6.730769230769231282e-01
0.000000000000000000e+00
0.000000000000000000e+00
7.000000000000000666e-01
0.000000000000000000e+00
0.000000000000000000e+00
0.000000000000000000e+00
0.000000000000000000e+00
0.000000000000000000e+00
0.000000000000000000e+00
6.727272727272727293e-01
0.000000000000000000e+00
0.000000000000000000e+00
0.000000000000000000e+00
3.562500000000000111e-01
0.000000000000000000e+00
9.545454545454544748e-01
6.120689655172413257e-01
0.000000000000000000e+00
0.000000000000000000e+00
5.730337078651684957e-01
2.239580789234725811e-01
2.341202967296920068e-01
2.392882618251441773e-01
2.672069569531876354e-01
2.580893560988771762e-01
2.360320852175821493e-01
3.031100610763457492e-01
6.462617284641880566e-01
7.089266863442620359e-01
5.237944166171711879e-01
1.893888563528258739e-01
1.068126236618426317e-01
4.323877548411420024e-01
1.270408615800082686e-01
1.333160560261391625e-01
8.306686844005977122e-01
3.995508996054625284e-01
2.715635708239378943e-01
4.716993183053940220e-01
3.791444159481349718e-01
4.883072690192935550e-01
5.845946031368367546e-01
3.078309353713415408e-01
4.253395710738244739e-01
3.472376268327420634e-01
1.699946030415154796e-01
2.158238023515954840e-01
9.848607825259246551e-02
1.054860330080972519e-01
1.110044260130149119e-01
1.259906736626241475e-01
1.264367816091954144e-01
1.061170038247003788e-01
2.288255934485992071e-01
5.722970935603666209e-01
6.108595076036383853e-01
4.114497810974533376e-01
1.262878594672270094e-01
3.720690560816560660e-02
3.428674472825380959e-01
7.473694342867120977e-02
8.548540879016702787e-02
7.835677411423025429e-01
2.897854036456060101e-01
1.927996228323638761e-01
3.821560345123960478e-01
2.741651194155536042e-01
3.917272153913706201e-01
4.928996353188385693e-01
2.441288985354534979e-01
3.210277448767936970e-01
2.517130210769646936e-01
1.059120068447179930e-01
1.664141588529502447e-01
1.129985228951255749e-01
1.331338818249813150e-01
1.430722891566265087e-01
1.451247165532880135e-01
1.250000000000000000e-01
1.269694866285612789e-01
5.429705410025323919e-01
4.574452969593634788e-01
4.687376015229554049e-01
3.903804251335603048e-01
2.203618559546746680e-01
7.218081232275957992e-01
6.943955838323353502e-01
4.866384274610774385e-02
0.000000000000000000e+00
6.766080419828384152e-01
1.660722875563598322e-01
4.566733873449443371e-01
8.209867842986412478e-01
5.909355556921479513e-01
7.240344157647690126e-01
3.825573601306528904e-01
6.629831522478092376e-01
9.061798428479794776e-01
4.530245470485096959e-01
2.839568046734908258e-02
5.950154049295774961e-01
