7.489233672382389351e-02
6.556656484690104314e-02
5.853869250543131120e-02
2.992742493252920077e-02
5.839691773060357027e-02
6.373752300706725382e-02
3.735167337548661592e-02
0.000000000000000000e+00
6.624241099915122444e-01
8.384020001249912202e-01
8.457361327924342032e-01
8.080656642099492970e-02
2.016599718456062451e-01
9.919892906453912085e-01
1.000000000000000000e+00
5.421236495539352163e-01
7.585389234105199829e-01
9.912231535293418716e-01
0.000000000000000000e+00
3.313897785054120693e-01
5.874015855565817290e-02
1.938968605353988961e-01
9.757778641972603140e-02
7.823426970517832757e-02
4.928818726065194999e-01
6.758654599733153745e-01
9.652530631488438484e-01
4.568245125348189273e-01
3.948256467941507752e-01
3.638443935926773953e-01
3.380782918149466409e-01
5.000000000000000000e-01
4.164632382732286198e-01
4.862100090261757268e-01
2.419919849788414457e-01
6.643356643356645996e-01
7.197526091998454056e-01
5.909046927914852754e-01
1.459840972036093587e-01
4.438122332859176788e-01
8.067516722408027974e-01
8.735083532219567459e-01
5.403726708074534368e-01
7.086247086247086102e-01
7.333333333333333925e-01
3.443708609271523002e-01
6.280506641952424696e-01
2.965686274509804488e-01
5.397507432900257029e-01
2.266666666666666829e-01
3.654747225647348996e-01
7.596097560975609841e-01
5.530546623794210248e-01
1.000000000000000000e+00
3.392857142857144126e-01
3.513513513513513153e-01
3.043478260869565410e-01
1.999999999999999556e-01
0.000000000000000000e+00
3.366138625764723002e-01
0.000000000000000000e+00
0.000000000000000000e+00
0.000000000000000000e+00
0.000000000000000000e+00
0.000000000000000000e+00
0.000000000000000000e+00
0.000000000000000000e+00
0.000000000000000000e+00
0.000000000000000000e+00
0.000000000000000000e+00
7.184466019417474758e-01
0.000000000000000000e+00
0.000000000000000000e+00
0.000000000000000000e+00
0.000000000000000000e+00
0.000000000000000000e+00
0.000000000000000000e+00
0.000000000000000000e+00
0.000000000000000000e+00
0.000000000000000000e+00
0.000000000000000000e+00
2.838721901108514634e-01
2.708725824918760683e-01
2.403112406583536864e-01
2.403597135427346931e-01
3.100487135160624463e-01
2.675511421985882210e-01
3.713646144162774387e-01
1.527454696079006968e-01
6.406923552819832057e-01
6.233720289539167458e-01
7.612934323201230313e-01
1.697597535236403110e-01
5.437889508234415858e-01
9.999999999999998890e-01
1.000000000000000000e+00
7.684020530743793653e-01
5.245719973371008038e-01
8.076265188930116246e-01
2.788152411765058014e-01
5.714190200536950481e-01
2.329212753714897666e-01
5.997583994649762218e-01
5.913254198394159999e-01
4.307432903572009364e-01
5.839446886095421840e-01
7.103525711924160158e-01
3.851637498421671690e-01
1.371119900667778502e-01
1.291870467998857963e-01
1.116522290824606412e-01
1.086780377226248817e-01
1.629679001828466811e-01
1.263632279097250399e-01
2.892665701171249770e-01
1.108742251823180425e-01
5.312876587204558021e-01
5.176277515708095356e-01
6.865994386669409533e-01
6.693012261057282308e-02
4.533006148774610389e-01
1.000000000000000000e+00
1.000000000000000222e+00
7.088100881755106109e-01
4.104662829951631897e-01
7.457650705177931716e-01
2.065632786928564002e-01
4.622005752532550305e-01
1.638600782311148141e-01
5.091189765773784792e-01
5.190762193512257205e-01
3.260995759976415553e-01
4.815550181833400112e-01
6.169050721947275662e-01
3.160278537457874015e-01
8.862629246676523298e-03
2.019446522064327620e-02
1.506024096385538691e-02
1.133786848072565467e-02
1.250000000000000000e-01
5.988027556605601820e-03
1.394076693557299018e-01
0.000000000000000000e+00
8.726400590369594035e-01
9.105485330268956456e-01
8.599332529897101285e-01
1.143126143570249997e-02
3.472576530612243584e-01
9.511657579803407536e-01
8.849985579135322133e-01
4.454817960407171373e-01
6.376092540202502601e-01
9.999999999999998890e-01
0.000000000000000000e+00
3.467079051626350550e-01
1.130741207588832342e-01
1.805334638443655271e-01
2.609568072912159531e-01
1.267034778487530211e-01
6.386469221835074928e-01
5.446121883656507290e-01
9.713717085119411010e-01
