2.223909278546179480e-01
2.317997009766541439e-01
2.419107113501327011e-01
2.300075825057605328e-01
1.793045664013406260e-01
2.281740334586736529e-01
6.987415560842045181e-01
4.609967436192734525e-01
3.230092356107556739e-01
4.603712433762638945e-01
3.116128487148110415e-01
5.699475723237488189e-01
2.288298324660120731e-01
3.191184793751665749e-01
6.358460809733901264e-02
5.169158342902830938e-01
0.000000000000000000e+00
3.505809521738281198e-01
6.709409686342867607e-01
3.557448250850074878e-01
7.561908357496476274e-01
3.027013118555156312e-01
4.596424627901967153e-01
7.851489847527457488e-01
7.802150200306318117e-02
6.600879522568330326e-01
3.965589083578472396e-01
1.777158774373259198e-01
1.574803149606299191e-01
1.521739130434782705e-01
1.583629893238434061e-01
1.153846153846153633e-01
1.566919437338313292e-01
3.669550788194855251e-01
2.662791805621724794e-01
8.455181182453913591e-02
2.148241206030150896e-01
3.320892943534452524e-01
3.821060262376352323e-02
1.140350877192986001e-02
5.497863247863248315e-01
1.424610416959145587e-01
4.150197628458498489e-01
1.187384044526901272e-01
5.277777777777776791e-01
2.649006622516556497e-01
3.476126729138777627e-01
4.980171844018506100e-01
2.641473859017451353e-01
2.048192771084338393e-01
3.745095841273400339e-01
5.230769230769233280e-02
2.561944391904672491e-01
5.194805194805187654e-01
3.750000000000000000e-01
5.405405405405403485e-01
5.217391304347822611e-01
4.499999999999999556e-01
0.000000000000000000e+00
3.156444672830138742e-01
7.000000000000000666e-01
0.000000000000000000e+00
0.000000000000000000e+00
0.000000000000000000e+00
0.000000000000000000e+00
3.121212121212121327e-01
0.000000000000000000e+00
0.000000000000000000e+00
0.000000000000000000e+00
3.988095238095238360e-01
4.512195121951219634e-01
0.000000000000000000e+00
0.000000000000000000e+00
0.000000000000000000e+00
0.000000000000000000e+00
6.022727272727272929e-01
0.000000000000000000e+00
6.339285714285713969e-01
0.000000000000000000e+00
0.000000000000000000e+00
0.000000000000000000e+00
2.047333491879697043e-01
2.106575728048412366e-01
2.076149741347929067e-01
2.371305631123014901e-01
1.822266662631271128e-01
2.114289896007921776e-01
5.947786962440910763e-01
2.431789097946828182e-01
2.658566821166223892e-01
1.936171403946734815e-01
3.374853601526897062e-01
1.050139515302794258e-01
0.000000000000000000e+00
6.260474148395823724e-01
2.889787947882985764e-01
6.846931523038324308e-01
1.123299034199034541e-01
3.715803210773505061e-01
3.414610431941461632e-01
6.053342070781553286e-01
4.528928598783517057e-01
3.288347675747005372e-01
4.104251979529325300e-01
3.197616942428813669e-01
9.044816063336369449e-02
1.854176664137411334e-01
2.400806038523772834e-02
8.719048495160978962e-02
9.136880253522929041e-02
9.167709326590313401e-02
1.066657408942192908e-01
7.976709477409803239e-02
9.130804217592275451e-02
5.100206099045483388e-01
1.836328863949688861e-01
1.730993183566827409e-01
1.232966191561709057e-01
2.455844850622266595e-01
3.644255021270224187e-02
0.000000000000000000e+00
5.156343045528104518e-01
2.039214976221384590e-01
6.124005478971252803e-01
6.670893416229839445e-02
2.786051916755718505e-01
2.606614393306033173e-01
4.987891993786223721e-01
3.571177052355670178e-01
2.455000924954820474e-01
3.380813172336568639e-01
2.269347641551440753e-01
5.577762447789394451e-02
1.168198729847867712e-01
1.716733698123562579e-02
2.259970457902510943e-01
2.460732984293193537e-01
2.228915662650602925e-01
2.539682539682539542e-01
2.500000000000000000e-01
2.284305742109085102e-01
5.742017040017898255e-01
6.025641025641026438e-01
5.451307035465449147e-01
7.936266309802608721e-01
3.560247542773936069e-01
5.914056809905318124e-01
3.819444444444443088e-01
1.929380729827770424e-01
4.639628829693620560e-02
4.249103407053198556e-01
1.155171666377667883e-01
3.581330370909373562e-01
7.461476027929520027e-01
3.117549435411265391e-01
8.060176252802836450e-01
3.287348586810228124e-01
5.328789285947911347e-01
8.382628940678971130e-01
2.190082644628099096e-01
7.730526315789474356e-01
4.147104851330202790e-01
