1.932735998637900299e-01
2.310956338522759113e-01
1.700953997424787534e-01
1.823495844551087652e-01
1.759690473403454636e-01
2.421280580592287124e-01
2.304518319091652667e-01
1.691443286901540000e-01
1.748173107473114662e-01
2.934785789535282463e-01
2.328441414023174061e-01
1.943169846658085176e-01
2.370069062390254000e-01
2.923446096219123325e-01
2.506458922091604480e-01
1.810382037925782339e-01
2.222642597949858190e-01
1.724234916175684806e-01
3.127304518319087290e-01
2.751626226986161883e-01
3.410248156385333740e-01
1.872410160365204634e-01
2.522799101869678262e-01
2.212898474384482894e-01
2.871398471597452207e-01
2.876714178949928979e-01
2.305981505325990222e-01
1.927894182371529541e-01
1.708855203090224872e-01
1.973041606513454838e-01
2.780135133377553691e-01
1.951905068477105265e-01
2.313924516312428625e-01
2.135747102891257521e-01
1.569011178742830137e-01
2.695189043661467831e-01
2.458152873697762586e-01
2.730132591276211440e-01
3.018553201451479873e-01
2.663437902376215582e-01
1.888485699793193140e-01
2.599086971789766887e-01
1.414052440594631421e-01
2.191852979047173300e-01
2.054679269577420753e-01
2.397469149873397987e-01
1.366274532755860083e-01
2.332375133937805156e-01
2.084907367009671553e-01
2.125248741659836738e-01
1.654022298958201243e-01
2.340659019079937564e-01
2.391041398415843233e-01
2.053937225130011424e-01
2.848092005150409389e-01
1.839664052440582731e-01
2.508226358161971259e-01
1.761188497405276054e-01
2.112475125834012424e-01
1.495146402234072136e-01
2.017068732508267848e-01
2.557015490264921698e-01
1.913220514707105746e-01
1.738531280261345902e-01
2.512778493113267952e-01
3.384577366785020969e-01
2.588376448554369769e-01
2.387432205704475008e-01
2.117084162472195608e-01
3.744426590616444228e-01
2.858543335395722917e-01
2.588251032591415979e-01
3.126731437043974160e-01
3.797309688243779568e-01
3.412618518084978292e-01
2.715673650942291850e-01
3.575495089014930072e-01
3.462483904951415004e-01
3.167611973652006974e-01
2.317882086698658806e-01
4.062536579655854907e-01
4.106676031058566489e-01
1.737277595692378052e-01
3.056713098443166743e-01
3.610412033243590169e-01
3.419466229661712320e-01
2.179404344584973396e-01
2.586704235715122646e-01
3.558387633800250138e-01
3.309477978505251383e-01
2.734329275430170680e-01
3.585288264902121158e-01
2.908375278005384534e-01
2.825627792964303664e-01
2.654219829099839778e-01
3.292988411565020423e-01
5.056966428974257743e-01
5.009276798239099548e-01
4.731106426785492980e-01
4.393756871334341119e-01
2.971042637953165699e-01
4.161240763772032225e-01
4.053698149096493508e-01
4.132324968907743479e-01
4.510843293666843001e-01
3.737361913819591264e-01
4.432650523081425598e-01
3.903357963274560749e-01
4.037366442663096744e-01
5.077387390988565841e-01
3.514730934439762589e-01
3.606847611383419694e-01
2.995349226090320283e-01
4.134952569073567230e-01
3.365425415173016188e-01
2.705710998343963669e-01
1.932735998637900299e-01
2.310956338522759113e-01
1.700953997424787534e-01
1.823495844551087652e-01
1.759690473403454636e-01
2.421280580592287124e-01
2.304518319091652667e-01
1.691443286901540000e-01
1.748173107473114662e-01
2.934785789535282463e-01
2.328441414023174061e-01
1.943169846658085176e-01
2.370069062390254000e-01
2.923446096219123325e-01
2.506458922091604480e-01
1.810382037925782339e-01
2.222642597949858190e-01
1.724234916175684806e-01
3.127304518319087290e-01
2.751626226986161883e-01
3.410248156385333740e-01
1.872410160365204634e-01
2.522799101869678262e-01
2.212898474384482894e-01
2.871398471597452207e-01
2.876714178949928979e-01
2.305981505325990222e-01
1.927894182371529541e-01
1.708855203090224872e-01
1.973041606513454838e-01
2.780135133377553691e-01
1.951905068477105265e-01
2.313924516312428625e-01
2.135747102891257521e-01
1.569011178742830137e-01
2.695189043661467831e-01
2.458152873697762586e-01
2.730132591276211440e-01
3.018553201451479873e-01
2.663437902376215582e-01
1.888485699793193140e-01
2.599086971789766887e-01
1.414052440594631421e-01
2.191852979047173300e-01
2.054679269577420753e-01
2.397469149873397987e-01
1.366274532755860083e-01
2.332375133937805156e-01
2.084907367009671553e-01
2.125248741659836738e-01
1.654022298958201243e-01
2.340659019079937564e-01
2.391041398415843233e-01
2.053937225130011424e-01
2.848092005150409389e-01
1.839664052440582731e-01
2.508226358161971259e-01
1.761188497405276054e-01
2.112475125834012424e-01
1.495146402234072136e-01
2.017068732508267848e-01
2.557015490264921698e-01
1.913220514707105746e-01
1.738531280261345902e-01
2.971042637953165699e-01
4.161240763772032225e-01
4.053698149096493508e-01
4.132324968907743479e-01
4.510843293666843001e-01
3.737361913819591264e-01
4.432650523081425598e-01
3.903357963274560749e-01
4.037366442663096744e-01
5.077387390988565841e-01
3.514730934439762589e-01
3.606847611383419694e-01
2.995349226090320283e-01
4.134952569073567230e-01
3.365425415173016188e-01
2.705710998343963669e-01
3.237461264069687594e-01
4.871963306053691545e-01
3.802333294315033418e-01
3.018065472706693564e-01
4.652932225213624040e-01
4.264049839374664530e-01
4.098034287769547479e-01
3.884905770806509895e-01
3.917437278083420460e-01
4.235027356862627324e-01
3.902293959650861566e-01
4.020335248052225308e-01
3.595048577782978261e-01
3.447413455298440899e-01
3.818270548298911549e-01
2.540818018650745080e-01
3.085935045630561202e-01
3.800010946308358117e-01
4.514239449053548681e-01
3.014793029278783343e-01
4.224528087396260401e-01
3.860617698671625631e-01
4.147312541473121561e-01
4.401068678862183337e-01
4.961039282623055380e-01
3.661537989224145084e-01
3.262380609581927438e-01
3.857251713359873824e-01
2.819893771125057125e-01
3.997032748061369323e-01
2.934791074910789721e-01
2.820470447078791132e-01
2.923824295455209610e-01
4.941812257957520771e-01
4.500442345398592559e-01
3.315146615551199383e-01
4.567973492792781198e-01
4.192041497175968412e-01
4.342197249779702894e-01
4.061475739662287476e-01
4.541888996192355310e-01
3.674067918959266765e-01
3.676538585350150323e-01
4.296859910450380182e-01
2.816306224576393680e-01
3.663439402100823195e-01
3.553352886611976236e-01
2.466809087627908903e-01
3.142184047643431510e-01
4.642591503455604784e-01
3.410961975694708492e-01
3.516337191437057808e-01
4.631149548650848602e-01
3.962878068696161216e-01
4.650379713495558232e-01
4.166102632357169822e-01
4.278492099492668399e-01
3.582071566719489120e-01
3.710917127619656197e-01
4.105176038050922793e-01
2.928598254829945513e-01
4.095471761931475663e-01
4.449717054294592411e-01
2.661477005018945130e-01
3.105223880597014485e-01
4.479605648229437742e-01
3.937288348175089214e-01
3.716681299385425352e-01
4.354989757096868197e-01
3.511852502194903747e-01
4.523146306575654974e-01
4.173495268754263687e-01
3.723445330387806229e-01
4.491215298000389988e-01
3.364492416808689268e-01
3.681203358208955945e-01
3.855233635742847942e-01
3.647992686928870354e-01
3.972175322482606186e-01
3.143495326137479284e-01
1.932735998637903074e-01
2.310956338522738851e-01
1.700953997424759223e-01
1.823495844551069889e-01
1.759690473403427990e-01
2.421280580592292953e-01
2.304518319091654055e-01
1.691443286901549992e-01
1.748173107473093013e-01
2.934785789535263589e-01
2.328441414023125489e-01
1.943169846658072963e-01
2.370069062390244008e-01
2.923446096219114443e-01
2.506458922091561181e-01
1.810382037925771515e-01
2.222642597949872345e-01
1.724234916175659549e-01
3.127304518319096727e-01
2.751626226986147450e-01
3.410248156385333185e-01
1.872410160365209908e-01
2.522799101869668825e-01
2.212898474384451253e-01
2.871398471597433333e-01
2.876714178949918987e-01
2.305981505325982173e-01
1.927894182371533705e-01
1.708855203090237085e-01
1.973041606513427637e-01
2.780135133377544809e-01
1.951905068477078620e-01
2.313924516312430291e-01
2.135747102891258076e-01
1.569011178742807378e-01
2.695189043661456729e-01
2.458152873697739549e-01
2.730132591276209775e-01
3.018553201451456558e-01
2.663437902376205590e-01
1.888485699793201744e-01
2.599086971789766332e-01
1.414052440594636695e-01
2.191852979047126115e-01
2.054679269577383560e-01
2.397469149873360794e-01
1.366274532755841487e-01
2.332375133937799605e-01
2.084907367009637413e-01
2.125248741659833129e-01
1.654022298958148784e-01
2.340659019079936731e-01
2.391041398415848507e-01
2.053937225129993660e-01
2.848092005150400507e-01
1.839664052440582453e-01
2.508226358161936842e-01
1.761188497405277165e-01
2.112475125833983558e-01
1.495146402234046046e-01
2.017068732508269235e-01
2.557015490264937796e-01
1.913220514707102415e-01
1.738531280261332579e-01
