2.074378221167209324e-01
2.564774674866409643e-01
1.764290755116437459e-01
2.205363443895550224e-01
1.556944584467517823e-01
1.910138790872732972e-01
1.976005645730417037e-01
2.399435426958360096e-01
2.315421581476621304e-01
2.924017878146320526e-01
2.261428683447031240e-01
2.239473065161126930e-01
2.140672782874611102e-01
2.858151023288628134e-01
2.846389084921193136e-01
2.180663373323918630e-01
1.974661424202698579e-01
1.225071225071220488e-01
2.894613032227706939e-01
2.540578687367675559e-01
1.879557751117371389e-01
1.335215243472124835e-01
1.748251748251745952e-01
2.584489923939451983e-01
2.911583829015008118e-01
1.959719884913956600e-01
2.023053399200179792e-01
1.651376146788982868e-01
2.639378969654198603e-01
1.887660419770508802e-01
2.645129250633837525e-01
2.693013408609734038e-01
2.856470746379000114e-01
1.951423194542450390e-01
2.255351681957181442e-01
3.034580098800273018e-01
2.499411903081625030e-01
1.771561771561763199e-01
2.517054810632790018e-01
2.628205128205123309e-01
2.104602838547794674e-01
2.226299694189595724e-01
1.808045165843331914e-01
2.700541049164897345e-01
2.314749470712768598e-01
2.061682080996420641e-01
1.623931623931616219e-01
2.565007328592366909e-01
2.544855755864927627e-01
2.111503175723361547e-01
1.938367442954579412e-01
2.159491884262511319e-01
2.576125878878165465e-01
1.852337265181290826e-01
2.839331921900714040e-01
2.057163020465767600e-01
3.218066337332382010e-01
1.713322355524181939e-01
2.705245824511874897e-01
1.518970326309766750e-01
1.926819358012016037e-01
3.230612404924327885e-01
2.810095103673075911e-01
1.796368768845827413e-01
2.649311273164478564e-01
3.740296400846854219e-01
3.105151729004939631e-01
2.881674900023516450e-01
2.000705716302038362e-01
3.742434935095477755e-01
2.449843734247395821e-01
3.333333333333323156e-01
3.824459604276109204e-01
3.765780600642982812e-01
3.641496118560328954e-01
2.478632478632476210e-01
3.749919804965672898e-01
3.545832353171798901e-01
3.664592288445496782e-01
2.136752136752136932e-01
3.810868031051513616e-01
3.633132073499044101e-01
1.667254763585038768e-01
2.386026817219477347e-01
3.630910374029632237e-01
2.579561111671202500e-01
2.968713243942590063e-01
3.077427159995962391e-01
4.442092056770950981e-01
2.933166052432095716e-01
2.722153610915077904e-01
2.680614941812995422e-01
2.924017878146310534e-01
2.991683617695488628e-01
2.893436838390960331e-01
3.865443425076450779e-01
5.364109825809705301e-01
3.891486841024041632e-01
4.813697462018426965e-01
5.079928308138138560e-01
3.282305652954757291e-01
3.875823142050792147e-01
4.392050799623700708e-01
4.331491063029157540e-01
3.860292159960235781e-01
2.784277986829724050e-01
3.669920037629351706e-01
4.409689557855120956e-01
4.722371545043228536e-01
4.251786909253134072e-01
3.766294852842361207e-01
3.832766480932046638e-01
3.194829629448629471e-01
4.221766787618151384e-01
3.851520852931950567e-01
3.141943898058665030e-01
2.074378221167209324e-01
2.564774674866409643e-01
1.764290755116437459e-01
2.205363443895550224e-01
1.556944584467517823e-01
1.910138790872732972e-01
1.976005645730417037e-01
2.399435426958360096e-01
2.315421581476621304e-01
2.924017878146320526e-01
2.261428683447031240e-01
2.239473065161126930e-01
2.140672782874611102e-01
2.858151023288628134e-01
2.846389084921193136e-01
2.180663373323918630e-01
1.974661424202698579e-01
1.225071225071220488e-01
2.894613032227706939e-01
2.540578687367675559e-01
1.879557751117371389e-01
1.335215243472124835e-01
1.748251748251745952e-01
2.584489923939451983e-01
2.911583829015008118e-01
1.959719884913956600e-01
2.023053399200179792e-01
1.651376146788982868e-01
2.639378969654198603e-01
1.887660419770508802e-01
2.645129250633837525e-01
2.693013408609734038e-01
2.856470746379000114e-01
1.951423194542450390e-01
2.255351681957181442e-01
3.034580098800273018e-01
2.499411903081625030e-01
1.771561771561763199e-01
2.517054810632790018e-01
2.628205128205123309e-01
2.104602838547794674e-01
2.226299694189595724e-01
1.808045165843331914e-01
2.700541049164897345e-01
2.314749470712768598e-01
2.061682080996420641e-01
1.623931623931616219e-01
2.565007328592366909e-01
2.544855755864927627e-01
2.111503175723361547e-01
1.938367442954579412e-01
2.159491884262511319e-01
2.576125878878165465e-01
1.852337265181290826e-01
2.839331921900714040e-01
2.057163020465767600e-01
3.218066337332382010e-01
1.713322355524181939e-01
2.705245824511874897e-01
1.518970326309766750e-01
1.926819358012016037e-01
3.230612404924327885e-01
2.810095103673075911e-01
1.796368768845827413e-01
3.282305652954757291e-01
3.875823142050792147e-01
4.392050799623700708e-01
4.331491063029157540e-01
3.860292159960235781e-01
2.784277986829724050e-01
3.669920037629351706e-01
4.409689557855120956e-01
4.722371545043228536e-01
4.251786909253134072e-01
3.766294852842361207e-01
3.832766480932046638e-01
3.194829629448629471e-01
4.221766787618151384e-01
3.851520852931950567e-01
3.141943898058665030e-01
3.385952531292944490e-01
4.656778384446171870e-01
3.795185446561593623e-01
3.732455108601893667e-01
4.121383203952008190e-01
3.138607909250108463e-01
3.440346623102725210e-01
4.133145142319454290e-01
4.375441072688773247e-01
3.354049521554698932e-01
4.203780350569340518e-01
4.577380455628586309e-01
4.082776370957698076e-01
3.593446970841647770e-01
4.652884442414932931e-01
2.590214067278284737e-01
3.391695501730102036e-01
3.589044161915220799e-01
4.699607843137252328e-01
3.303529411764703494e-01
3.859004524886872067e-01
2.725549160962015827e-01
3.697438099327319261e-01
4.525190504906526634e-01
5.442533936651582360e-01
3.174132082280765044e-01
3.035624246410174032e-01
4.564705882352942390e-01
2.976470588235293202e-01
4.049088012236309875e-01
3.824346928239547028e-01
3.134394463667817265e-01
3.100296044889815916e-01
4.658873983420933063e-01
4.754783931060697633e-01
3.805601317957167384e-01
4.290944274469809527e-01
3.160390680160035659e-01
3.784289113778406266e-01
3.885914332784184411e-01
4.905363353468792931e-01
3.154158572372632863e-01
3.952459402212285533e-01
4.377971287361731023e-01
3.259747391543106332e-01
3.389631482610332980e-01
3.818998492208928730e-01
3.273823532707972883e-01
3.587570621468923471e-01
3.984436572754906369e-01
3.808032164529340236e-01
3.938323917137471764e-01
4.006386637189878752e-01
3.073977408117843924e-01
4.048305084745763005e-01
4.091123495742898242e-01
4.440745224643527500e-01
3.156571950814223704e-01
3.862261217586781537e-01
4.595464747310580300e-01
3.450512659552208428e-01
3.902530843805971927e-01
4.754335003375611546e-01
3.269303201506592593e-01
3.086178478926299151e-01
3.889804567930301715e-01
4.504692387904067341e-01
4.478612353818381964e-01
4.242210187583388414e-01
2.599481987285139906e-01
3.503704796187852022e-01
4.448630405776622943e-01
3.871761465738864927e-01
3.958972009751013377e-01
3.495523945391669218e-01
4.103337650105960965e-01
4.621301310729137302e-01
3.822327498365840071e-01
4.468674720617267226e-01
3.264726658263962800e-01
2.074378221167195724e-01
2.564774674866386883e-01
1.764290755116431075e-01
2.205363443895525244e-01
1.556944584467505888e-01
1.910138790872728531e-01
1.976005645730378457e-01
2.399435426958322626e-01
2.315421581476591328e-01
2.924017878146294436e-01
2.261428683446995436e-01
2.239473065161091681e-01
2.140672782874585844e-01
2.858151023288618142e-01
2.846389084921156498e-01
2.180663373323925014e-01
1.974661424202713567e-01
1.225071225071204112e-01
2.894613032227691396e-01
2.540578687367646138e-01
1.879557751117360287e-01
1.335215243472118729e-01
1.748251748251745674e-01
2.584489923939430334e-01
2.911583829015022551e-01
1.959719884913943277e-01
2.023053399200168967e-01
1.651376146788970101e-01
2.639378969654170293e-01
1.887660419770484377e-01
2.645129250633834195e-01
2.693013408609717940e-01
2.856470746378962366e-01
1.951423194542465656e-01
2.255351681957193377e-01
3.034580098800269132e-01
2.499411903081620867e-01
1.771561771561765697e-01
2.517054810632791129e-01
2.628205128205127750e-01
2.104602838547784682e-01
2.226299694189583789e-01
1.808045165843338575e-01
2.700541049164892904e-01
2.314749470712743895e-01
2.061682080996407596e-01
1.623931623931629542e-01
2.565007328592326941e-01
2.544855755864907088e-01
2.111503175723336290e-01
1.938367442954605779e-01
2.159491884262491612e-01
2.576125878878152142e-01
1.852337265181273063e-01
2.839331921900699607e-01
2.057163020465772318e-01
3.218066337332389781e-01
1.713322355524172225e-01
2.705245824511876562e-01
1.518970326309763141e-01
1.926819358011991057e-01
3.230612404924342318e-01
2.810095103673049821e-01
1.796368768845829078e-01
