7.158196134574000558e-02
1.192350956130469181e-01
4.921259842519675187e-01
1.968503937007862747e-01
1.271091113610784418e-01
0.000000000000000000e+00
4.724409448818890356e-01
4.724409448818880364e-01
2.384701912260953627e-01
7.785433070866137895e-01
5.406824146981614732e-01
5.622047244094476870e-01
2.605583392984954783e-01
0.000000000000000000e+00
2.722159730033734681e-01
3.041338582677156621e-01
5.084364454443185410e-01
0.000000000000000000e+00
6.318897637795266586e-01
1.349831271091098128e-01
0.000000000000000000e+00
0.000000000000000000e+00
0.000000000000000000e+00
0.000000000000000000e+00
3.847019122609661168e-01
2.761962447001811150e-01
7.874015748031400197e-02
0.000000000000000000e+00
0.000000000000000000e+00
0.000000000000000000e+00
3.018372703412062208e-01
2.503937007874004750e-01
3.374578177727771133e-01
5.559055118110231009e-01
4.645669291338572204e-01
2.362204724409437684e-01
7.874015748031487627e-01
0.000000000000000000e+00
3.937007874015740483e-01
2.145669291338571372e-01
3.464566929133849893e-01
1.637795275590542554e-01
0.000000000000000000e+00
0.000000000000000000e+00
3.228346456692898214e-01
0.000000000000000000e+00
9.536307961504700281e-02
1.362810417928513596e-01
1.216893342877581469e-01
4.818897637795263589e-01
2.027559055118089704e-01
1.338582677165338353e-01
2.239720034995612563e-01
0.000000000000000000e+00
0.000000000000000000e+00
0.000000000000000000e+00
6.649168853893259179e-01
1.509186351706028328e-01
0.000000000000000000e+00
1.271091113610784418e-01
2.433786685755178480e-01
2.703412073490799039e-01
2.542182227221584934e-01
2.863278453829627423e-01
2.449693788276461059e-01
1.854768153980743683e-01
5.511811023622039674e-01
3.280839895013117347e-01
1.653543307086605130e-01
0.000000000000000000e+00
3.037120359954997295e-01
7.356580427446561821e-01
2.169728783902000468e-01
6.673228346456688831e-01
4.062992125984243308e-01
2.283464566929127026e-01
1.503221188260550623e-01
2.677165354330700575e-01
5.841088045812450336e-01
7.152230971128525905e-02
6.377952755905504922e-01
0.000000000000000000e+00
0.000000000000000000e+00
4.960629921259783470e-02
2.480314960629912968e-01
3.847019122609671160e-01
1.307501036054689592e-01
3.712035995500554963e-01
4.505686789151348570e-01
4.222805482647992714e-01
5.659448818897633293e-01
1.074571560907821716e-01
2.598425196850384644e-01
5.442334414080588489e-01
2.362204724409440182e-01
5.732283464566925169e-01
7.270083078552469491e-01
2.282466446150784312e-01
5.654111049063582639e-01
3.800656381357923053e-01
3.227982954545455252e-01
5.000000000000000000e-01
9.375000000000002220e-01
3.623046875000000000e-01
5.903596698113210417e-01
0.000000000000000000e+00
3.550781250000000222e-01
2.929687500000000555e-01
7.206101190476191798e-01
6.219072164948457049e-01
2.120535714285715079e-01
2.379807692307692457e-01
3.183847402597403953e-01
1.108630952380952606e-01
3.541666666666666852e-01
3.586647727272728181e-01
7.158196134574000558e-02
1.192350956130469181e-01
4.921259842519675187e-01
1.968503937007862747e-01
1.271091113610784418e-01
0.000000000000000000e+00
4.724409448818890356e-01
4.724409448818880364e-01
2.384701912260953627e-01
7.785433070866137895e-01
5.406824146981614732e-01
5.622047244094476870e-01
2.605583392984954783e-01
0.000000000000000000e+00
2.722159730033734681e-01
3.041338582677156621e-01
5.084364454443185410e-01
0.000000000000000000e+00
6.318897637795266586e-01
1.349831271091098128e-01
0.000000000000000000e+00
0.000000000000000000e+00
0.000000000000000000e+00
0.000000000000000000e+00
3.847019122609661168e-01
2.761962447001811150e-01
7.874015748031400197e-02
0.000000000000000000e+00
0.000000000000000000e+00
0.000000000000000000e+00
3.018372703412062208e-01
2.503937007874004750e-01
3.374578177727771133e-01
5.559055118110231009e-01
4.645669291338572204e-01
2.362204724409437684e-01
7.874015748031487627e-01
0.000000000000000000e+00
3.937007874015740483e-01
2.145669291338571372e-01
3.464566929133849893e-01
1.637795275590542554e-01
0.000000000000000000e+00
0.000000000000000000e+00
3.228346456692898214e-01
0.000000000000000000e+00
9.536307961504700281e-02
1.362810417928513596e-01
1.216893342877581469e-01
4.818897637795263589e-01
2.027559055118089704e-01
1.338582677165338353e-01
2.239720034995612563e-01
0.000000000000000000e+00
0.000000000000000000e+00
0.000000000000000000e+00
6.649168853893259179e-01
1.509186351706028328e-01
0.000000000000000000e+00
1.271091113610784418e-01
2.433786685755178480e-01
2.703412073490799039e-01
2.542182227221584934e-01
2.863278453829627423e-01
3.227982954545455252e-01
5.000000000000000000e-01
9.375000000000002220e-01
3.623046875000000000e-01
5.903596698113210417e-01
0.000000000000000000e+00
3.550781250000000222e-01
2.929687500000000555e-01
7.206101190476191798e-01
6.219072164948457049e-01
2.120535714285715079e-01
2.379807692307692457e-01
3.183847402597403953e-01
1.108630952380952606e-01
3.541666666666666852e-01
3.586647727272728181e-01
2.635723166183170374e-01
4.021167394561503405e-01
7.874015748031493178e-01
5.774278215223093147e-01
4.409448818897632183e-01
1.843102945465146247e-01
3.368117047652779417e-01
1.653543307086609015e-01
8.398950131233594574e-01
2.590805181610360552e-01
4.852096190678866772e-01
1.843884755507737561e-01
4.863362667901802161e-01
3.293401297130048588e-01
1.736915238536352879e-01
2.251968503937004096e-01
4.339402427637722437e-01
4.260294525195184590e-01
6.227513227513229443e-01
4.761904761904760530e-01
6.916971916971916823e-01
2.209308028051589767e-01
1.496543467346384548e-01
5.923164543854173014e-02
6.514041514041515324e-01
2.100496640373936963e-01
3.779719494944751013e-01
4.737484737484732311e-01
2.619047619047618625e-01
2.034514780993648131e-01
5.781727593808134724e-01
1.577964519140988009e-01
6.071578947368421186e-01
2.417777777777777859e-01
7.236923076923077458e-01
4.900000000000002132e-01
4.337777777777780397e-01
2.140000000000001068e-01
3.662222222222223378e-01
1.665000000000000646e-01
6.549925925925931258e-01
4.377966101694920065e-01
4.320000000000002727e-01
2.272000000000000408e-01
2.613333333333333619e-01
2.451413427561839331e-01
3.665293247905372365e-01
2.491428571428571104e-01
7.741935483870969747e-01
4.990315987274796528e-01
4.574347158218121101e-01
2.258064516129030808e-01
3.534361851332394888e-01
1.879376383984675269e-01
3.948387096774189642e-01
2.428432763008337436e-01
5.472350230414743111e-01
2.772770398481974041e-01
5.780636164619090689e-01
3.159522757401678206e-01
3.042114695340502051e-01
1.879060469765116148e-01
4.335057821059038474e-01
3.161290322580646017e-01
3.731707317073167385e-01
5.995934959349589199e-01
7.804878048780489186e-01
3.349593495934956588e-01
4.986449864498642692e-01
1.300813008130080051e-01
2.532570993227576395e-01
3.544715447154470067e-01
7.485981629915031688e-01
2.238254313236202886e-01
4.285031085604974477e-01
1.966463414634148088e-01
4.625112917795839995e-01
2.441325037470101211e-01
3.602251407129454241e-01
2.783357245337158004e-01
7.158196134574074110e-02
1.192350956130463491e-01
4.921259842519655758e-01
1.968503937007846927e-01
1.271091113610777756e-01
0.000000000000000000e+00
4.724409448818907009e-01
4.724409448818855939e-01
2.384701912260946965e-01
7.785433070866131233e-01
5.406824146981590307e-01
5.622047244094484642e-01
2.605583392984938129e-01
0.000000000000000000e+00
2.722159730033740233e-01
3.041338582677163838e-01
5.084364454443194292e-01
0.000000000000000000e+00
6.318897637795266586e-01
1.349831271091077034e-01
0.000000000000000000e+00
0.000000000000000000e+00
0.000000000000000000e+00
0.000000000000000000e+00
3.847019122609652286e-01
2.761962447001817256e-01
7.874015748031165662e-02
0.000000000000000000e+00
0.000000000000000000e+00
0.000000000000000000e+00
3.018372703412048330e-01
2.503937007873994203e-01
3.374578177727772244e-01
5.559055118110254323e-01
4.645669291338555551e-01
2.362204724409442125e-01
7.874015748031488737e-01
0.000000000000000000e+00
3.937007874015717723e-01
2.145669291338572482e-01
3.464566929133853779e-01
1.637795275590522570e-01
0.000000000000000000e+00
0.000000000000000000e+00
3.228346456692904320e-01
0.000000000000000000e+00
9.536307961504507380e-02
1.362810417928508044e-01
1.216893342877579109e-01
4.818897637795235278e-01
2.027559055118110798e-01
1.338582677165322532e-01
2.239720034995593689e-01
0.000000000000000000e+00
0.000000000000000000e+00
0.000000000000000000e+00
6.649168853893234754e-01
1.509186351706031937e-01
0.000000000000000000e+00
1.271091113610779977e-01
2.433786685755175427e-01
2.703412073490796819e-01
2.542182227221559954e-01
2.863278453829622427e-01
