3.002502085070891114e-01
4.167758846657927396e-01
1.605504587155962559e-01
1.834862385321099909e-01
2.369593709043251173e-01
3.082568807339449157e-01
2.201834862385322333e-01
1.834862385321099909e-01
1.111402359108780435e-01
2.073394495412844429e-01
2.204892966360855744e-01
1.746788990825690058e-01
1.821517931609674956e-01
3.577981651376148653e-01
1.903014416775886675e-01
1.181192660550459128e-01
1.184796854521625586e-01
2.222222222222222099e-01
2.944954128440366303e-01
3.774574049803407494e-01
1.247706422018348277e-01
1.656880733944954276e-01
2.181818181818181435e-01
3.779816513761466990e-01
1.792922673656618116e-01
1.930839802399435257e-01
2.018348623853210011e-01
2.972477064220184761e-01
9.357798165137609647e-02
1.600407747196737618e-01
5.861365953109068938e-01
1.458715596330276421e-01
4.193971166448228205e-01
1.943119266055048089e-01
1.082568807339449324e-01
1.100917431192661167e-01
3.211009174311925118e-01
1.636363636363636076e-01
3.119266055045870067e-01
3.250000000000000111e-01
1.345565749235475006e-01
2.862385321100917590e-01
1.155963302752293920e-01
2.311926605504587007e-01
2.256880733944955086e-01
3.146306132303237080e-01
1.777777777777777568e-01
1.587861679604800347e-01
2.835696413678067129e-01
7.486238532110096877e-02
0.000000000000000000e+00
1.871559633027522207e-01
3.131498470948010371e-01
1.944954128440365970e-01
1.247706422018348277e-01
2.119266055045870567e-01
4.648318042813459616e-01
3.165137614678897870e-01
2.522935779816512514e-01
8.885976408912191205e-02
8.507089241034200555e-02
9.449541284403667474e-02
2.665792922673657084e-01
8.340283569641364358e-02
2.625891946992863768e-01
4.322120285423039499e-01
2.201834862385319835e-01
1.987767584097858420e-01
2.119266055045871400e-01
4.378648874061716323e-01
3.538663171690692444e-01
2.571428571428571175e-01
2.780835881753312422e-01
3.628440366972476294e-01
4.497247706422018432e-01
2.128440366972477182e-01
2.977481234361968876e-01
3.743119266055046079e-01
2.949124270225188527e-01
2.999999999999999889e-01
6.110091743119262508e-01
3.058103975535166885e-01
1.486238532110091271e-01
2.658715596330274988e-01
1.926605504587155515e-01
2.888597640891218399e-01
6.093674553355871160e-02
1.946264744429882232e-01
3.989806320081548674e-01
3.690112130479102359e-01
4.220183486238530124e-01
3.004856988667025108e-01
2.422018348623852235e-01
2.029141932002160031e-01
2.385321100917429937e-01
5.152293577981651440e-01
5.397042104436613474e-01
4.879022578745276228e-01
4.761902469210975708e-01
4.126081393843231693e-01
4.035964035964036412e-01
4.835164835164831865e-01
3.159340659340658108e-01
3.640109890109887170e-01
4.673439767779392628e-01
3.285256410256409687e-01
3.792124542124538089e-01
5.082417582417578794e-01
3.898482469911039305e-01
5.084173558400361115e-01
3.380429094714806348e-01
3.905325443786976103e-01
2.239189382046521126e-01
3.898482469911039305e-01
4.981684981684981750e-01
1.681651681651680497e-01
3.002502085070891114e-01
4.167758846657927396e-01
1.605504587155962559e-01
1.834862385321099909e-01
2.369593709043251173e-01
3.082568807339449157e-01
2.201834862385322333e-01
1.834862385321099909e-01
1.111402359108780435e-01
2.073394495412844429e-01
2.204892966360855744e-01
1.746788990825690058e-01
1.821517931609674956e-01
3.577981651376148653e-01
1.903014416775886675e-01
1.181192660550459128e-01
1.184796854521625586e-01
2.222222222222222099e-01
2.944954128440366303e-01
3.774574049803407494e-01
1.247706422018348277e-01
1.656880733944954276e-01
2.181818181818181435e-01
3.779816513761466990e-01
1.792922673656618116e-01
1.930839802399435257e-01
2.018348623853210011e-01
2.972477064220184761e-01
9.357798165137609647e-02
1.600407747196737618e-01
5.861365953109068938e-01
1.458715596330276421e-01
4.193971166448228205e-01
1.943119266055048089e-01
1.082568807339449324e-01
1.100917431192661167e-01
3.211009174311925118e-01
1.636363636363636076e-01
3.119266055045870067e-01
3.250000000000000111e-01
1.345565749235475006e-01
2.862385321100917590e-01
1.155963302752293920e-01
2.311926605504587007e-01
2.256880733944955086e-01
3.146306132303237080e-01
1.777777777777777568e-01
1.587861679604800347e-01
2.835696413678067129e-01
7.486238532110096877e-02
0.000000000000000000e+00
1.871559633027522207e-01
3.131498470948010371e-01
1.944954128440365970e-01
1.247706422018348277e-01
2.119266055045870567e-01
4.648318042813459616e-01
3.165137614678897870e-01
2.522935779816512514e-01
8.885976408912191205e-02
8.507089241034200555e-02
9.449541284403667474e-02
2.665792922673657084e-01
8.340283569641364358e-02
4.035964035964036412e-01
4.835164835164831865e-01
3.159340659340658108e-01
3.640109890109887170e-01
4.673439767779392628e-01
3.285256410256409687e-01
3.792124542124538089e-01
5.082417582417578794e-01
3.898482469911039305e-01
5.084173558400361115e-01
3.380429094714806348e-01
3.905325443786976103e-01
2.239189382046521126e-01
3.898482469911039305e-01
4.981684981684981750e-01
1.681651681651680497e-01
3.685176243360693271e-01
6.191831024279111917e-01
3.425076452599387089e-01
2.691131498470946681e-01
2.348623853211007917e-01
3.650696568127760888e-01
4.902066601060283690e-01
5.266055045871559370e-01
5.015290519877673159e-01
3.924237940218999743e-01
3.844284651624100824e-01
3.241017916767606755e-01
4.533189422558011050e-01
3.288193561805284326e-01
3.237992444684293925e-01
1.836697247706421121e-01
3.746215397923874368e-01
3.329408223253180754e-01
4.851715686274508665e-01
3.088235294117647189e-01
4.369343891402714397e-01
3.484820292689679855e-01
4.754365249749530897e-01
3.985133079326790284e-01
4.251979638009046880e-01
3.748646697942982775e-01
3.250232927764991619e-01
4.526300904977372808e-01
3.033088235294117418e-01
4.828623892677328944e-01
2.127000516262263774e-01
2.101535467128023971e-01
2.795386255694481403e-01
4.591774094536523743e-01
5.692024366057513163e-01
3.609576427255986042e-01
5.492121956210352929e-01
4.335174953959482491e-01
3.372211990996522024e-01
3.960635359116023713e-01
3.956210354000411766e-01
4.441869296958725344e-01
3.779005524861875354e-01
3.791896869244931190e-01
3.128299570288518572e-01
2.895647463053702686e-01
3.694931776533084689e-01
2.198544242743137589e-01
3.321033210332101637e-01
4.802930911271297565e-01
4.252591811632397967e-01
3.228782287822876684e-01
4.716829776993417545e-01
4.620795651370240287e-01
4.064944649446490810e-01
3.756893649385512068e-01
5.007907221929359665e-01
3.171803776861296109e-01
3.318220228994975263e-01
4.274781377950764849e-01
2.585075850758505878e-01
3.524916508535398951e-01
4.817238738425116407e-01
2.583025830258300903e-01
2.262476894639556257e-01
5.043900184842882162e-01
4.689728016899918916e-01
4.569316081330869195e-01
5.101663585951943247e-01
3.179297597042511914e-01
4.614254636824953737e-01
3.760936537276647895e-01
4.101191702144859064e-01
4.607849417104369349e-01
3.003878076184260948e-01
3.646603512014785498e-01
4.469090162250972664e-01
3.495484310662200222e-01
3.821982084458978024e-01
2.320321844079590023e-01
3.002502085070875570e-01
4.167758846657907967e-01
1.605504587155930640e-01
1.834862385321076594e-01
2.369593709043231466e-01
3.082568807339430839e-01
2.201834862385311786e-01
1.834862385321067157e-01
1.111402359108740329e-01
2.073394495412836658e-01
2.204892966360836870e-01
1.746788990825676735e-01
1.821517931609676066e-01
3.577981651376116456e-01
1.903014416775869744e-01
1.181192660550441642e-01
1.184796854521594778e-01
2.222222222222211829e-01
2.944954128440372965e-01
3.774574049803402498e-01
1.247706422018329681e-01
1.656880733944929851e-01
2.181818181818177826e-01
3.779816513761442009e-01
1.792922673656626165e-01
1.930839802399431371e-01
2.018348623853184198e-01
2.972477064220192533e-01
9.357798165137577728e-02
1.600407747196739561e-01
5.861365953109058946e-01
1.458715596330273645e-01
4.193971166448200449e-01
1.943119266055053085e-01
1.082568807339411715e-01
1.100917431192650897e-01
3.211009174311912351e-01
1.636363636363633578e-01
3.119266055045867292e-01
3.249999999999970690e-01
1.345565749235479169e-01
2.862385321100913704e-01
1.155963302752293365e-01
2.311926605504560639e-01
2.256880733944934547e-01
3.146306132303205438e-01
1.777777777777772572e-01
1.587861679604766763e-01
2.835696413678049921e-01
7.486238532110060795e-02
0.000000000000000000e+00
1.871559633027501390e-01
3.131498470947998158e-01
1.944954128440347929e-01
1.247706422018353828e-01
2.119266055045859742e-01
4.648318042813408546e-01
3.165137614678890099e-01
2.522935779816508073e-01
8.885976408912009405e-02
8.507089241033914673e-02
9.449541284403338570e-02
2.665792922673649312e-01
8.340283569641358807e-02
