0.000000000000000000e+00
0.000000000000000000e+00
1.953125000000000000e-01
0.000000000000000000e+00
0.000000000000000000e+00
4.375000000000002220e-01
3.515625000000003886e-01
1.562500000000000000e-01
1.183035714285714246e-01
3.310546875000002220e-01
4.023437500000001110e-01
0.000000000000000000e+00
0.000000000000000000e+00
0.000000000000000000e+00
0.000000000000000000e+00
2.011718750000001665e-01
0.000000000000000000e+00
5.677083333333335924e-01
1.044921875000000278e-01
1.339285714285715079e-01
5.312500000000001110e-01
3.023437500000001887e-01
4.644886363636365756e-01
2.682291666666667407e-01
2.544642857142858094e-01
4.795673076923079314e-01
3.906250000000000000e-01
1.054687500000001110e-01
0.000000000000000000e+00
4.088541666666667962e-01
6.987847222222222099e-01
0.000000000000000000e+00
1.116071428571428492e-01
2.757812500000004774e-01
4.609375000000001665e-01
1.171875000000001249e-01
1.953125000000000000e-01
3.870738636363638130e-01
5.468750000000000000e-01
7.451171875000004441e-01
4.583333333333339255e-01
6.500000000000003553e-01
9.843750000000008049e-02
1.093750000000000555e-01
0.000000000000000000e+00
1.488486842105264940e-01
9.461805555555559410e-02
0.000000000000000000e+00
1.207386363636365062e-01
0.000000000000000000e+00
0.000000000000000000e+00
0.000000000000000000e+00
2.222222222222222099e-01
2.366071428571428492e-01
0.000000000000000000e+00
0.000000000000000000e+00
1.319444444444446141e-01
2.246093750000000555e-01
4.882812500000000000e-01
0.000000000000000000e+00
1.207386363636365062e-01
0.000000000000000000e+00
1.261160714285715356e-01
0.000000000000000000e+00
0.000000000000000000e+00
0.000000000000000000e+00
1.562500000000000000e-01
1.302083333333333426e-01
0.000000000000000000e+00
4.438920454545455252e-01
3.013392857142856984e-01
1.216517857142857817e-01
1.076388888888889228e-01
7.356770833333335924e-01
5.039062500000003331e-01
0.000000000000000000e+00
7.457386363636368809e-02
8.854166666666672680e-02
9.659090909090917165e-02
4.967447916666669072e-01
5.625000000000000000e-01
7.812500000000000000e-01
2.109375000000000555e-01
5.414062500000000888e-01
1.640625000000000555e-01
5.937500000000002220e-01
0.000000000000000000e+00
6.445312500000004441e-01
8.940972222222225152e-02
3.142361111111112160e-01
2.807617187500000000e-01
6.930147058823531436e-01
5.156250000000001110e-01
0.000000000000000000e+00
1.562500000000000000e-01
2.437500000000001332e-01
2.554069998111530015e-01
8.063348416289592979e-01
7.565798724900196781e-01
1.372107282378290938e-01
7.117688513037329079e-02
4.961240310077512095e-01
4.069767441860460688e-01
1.027131782945733263e-01
4.102676612549359114e-01
5.959302325581392612e-01
6.263565891472865355e-01
5.813953488372091138e-01
4.400147655961603732e-01
8.791656677055864622e-01
5.891472868217053627e-01
1.180679785330944476e-01
5.265277358300599758e-02
2.200073827980798258e-01
3.953488372093022507e-01
7.117688513037329079e-02
0.000000000000000000e+00
0.000000000000000000e+00
1.953125000000000000e-01
0.000000000000000000e+00
0.000000000000000000e+00
4.375000000000002220e-01
3.515625000000003886e-01
1.562500000000000000e-01
1.183035714285714246e-01
3.310546875000002220e-01
4.023437500000001110e-01
0.000000000000000000e+00
0.000000000000000000e+00
0.000000000000000000e+00
0.000000000000000000e+00
2.011718750000001665e-01
0.000000000000000000e+00
5.677083333333335924e-01
1.044921875000000278e-01
1.339285714285715079e-01
5.312500000000001110e-01
3.023437500000001887e-01
4.644886363636365756e-01
2.682291666666667407e-01
2.544642857142858094e-01
4.795673076923079314e-01
3.906250000000000000e-01
1.054687500000001110e-01
0.000000000000000000e+00
4.088541666666667962e-01
6.987847222222222099e-01
0.000000000000000000e+00
1.116071428571428492e-01
2.757812500000004774e-01
4.609375000000001665e-01
1.171875000000001249e-01
1.953125000000000000e-01
3.870738636363638130e-01
5.468750000000000000e-01
7.451171875000004441e-01
4.583333333333339255e-01
6.500000000000003553e-01
9.843750000000008049e-02
1.093750000000000555e-01
0.000000000000000000e+00
1.488486842105264940e-01
9.461805555555559410e-02
0.000000000000000000e+00
1.207386363636365062e-01
0.000000000000000000e+00
0.000000000000000000e+00
0.000000000000000000e+00
2.222222222222222099e-01
2.366071428571428492e-01
0.000000000000000000e+00
0.000000000000000000e+00
1.319444444444446141e-01
2.246093750000000555e-01
4.882812500000000000e-01
0.000000000000000000e+00
1.207386363636365062e-01
0.000000000000000000e+00
1.261160714285715356e-01
0.000000000000000000e+00
7.117688513037329079e-02
4.961240310077512095e-01
4.069767441860460688e-01
1.027131782945733263e-01
4.102676612549359114e-01
5.959302325581392612e-01
6.263565891472865355e-01
5.813953488372091138e-01
4.400147655961603732e-01
8.791656677055864622e-01
5.891472868217053627e-01
1.180679785330944476e-01
5.265277358300599758e-02
2.200073827980798258e-01
3.953488372093022507e-01
7.117688513037329079e-02
4.358552631578947734e-02
3.302441801619433459e-01
4.166666666666666852e-01
1.562500000000000000e-01
3.750000000000000000e-01
8.686342592592597445e-01
6.778222318339104380e-01
2.187500000000001110e-01
3.645833333333333703e-01
6.854838709677423259e-01
6.258445945945948496e-01
4.312706300229621204e-01
2.412683823529411520e-01
2.135941435768265451e-01
3.446691176470588203e-01
0.000000000000000000e+00
1.565539601667434721e-01
3.002128496731403806e-01
3.370078740157476105e-01
1.417322834645664831e-01
4.367050272562078006e-01
5.652922375434275004e-01
8.266758625974670593e-01
3.831042554908966613e-01
2.350090854027856169e-01
6.979372977150861690e-01
6.745613966948640350e-01
2.350090854027856169e-01
1.732283464566924946e-01
3.859632659677015298e-01
6.071162890906057347e-02
7.827698008337150015e-02
8.604845446950670773e-02
5.996472663139325032e-01
2.991452991452984711e-01
9.722222222222180743e-02
4.841269841269842389e-01
7.218253968253971475e-01
8.174603174603173317e-01
2.202380952380950108e-01
4.156378600823043001e-01
5.813940453770962691e-01
6.000000000000003109e-01
4.507936507936502468e-01
0.000000000000000000e+00
2.428066633013630238e-01
3.632331197634297015e-01
8.238851095993914020e-02
9.600000000000004363e-02
4.339335717935619563e-01
4.017955555555556280e-01
0.000000000000000000e+00
5.843478260869565677e-01
7.992282003710577953e-01
6.854400000000001603e-01
2.403035027543919955e-01
1.628571428571429502e-01
6.287058823529414475e-01
6.199417415556247590e-01
5.617534246575346391e-01
1.724444444444444835e-01
1.239380309845078409e-01
4.300377358490566904e-01
4.480000000000002036e-02
1.233870967741931834e-01
5.352822580645161255e-01
2.211981566820274692e-01
1.661290322580640522e-01
5.564516129032258673e-01
3.870967741935483764e-01
9.067475984478924333e-01
4.688172043010750412e-01
1.646571727558125420e-01
9.286702863834768173e-01
6.375711574952560579e-01
1.302923387096772967e-01
1.146953405017919758e-01
3.566610285530187885e-01
2.382133995037219454e-01
9.203036053130923821e-02
0.000000000000000000e+00
0.000000000000000000e+00
1.953125000000000000e-01
0.000000000000000000e+00
0.000000000000000000e+00
4.375000000000006661e-01
3.515625000000010547e-01
1.562500000000000000e-01
1.183035714285715773e-01
3.310546875000012212e-01
4.023437500000009992e-01
0.000000000000000000e+00
0.000000000000000000e+00
0.000000000000000000e+00
0.000000000000000000e+00
2.011718750000006106e-01
0.000000000000000000e+00
5.677083333333335924e-01
1.044921875000002637e-01
1.339285714285718409e-01
5.312500000000021094e-01
3.023437500000001332e-01
4.644886363636372972e-01
2.682291666666667962e-01
2.544642857142869197e-01
4.795673076923084310e-01
3.906249999999999445e-01
1.054687500000003747e-01
0.000000000000000000e+00
4.088541666666681285e-01
6.987847222222242083e-01
0.000000000000000000e+00
1.116071428571428631e-01
2.757812500000011435e-01
4.609375000000016098e-01
1.171875000000001804e-01
1.953125000000000000e-01
3.870738636363644236e-01
5.468749999999998890e-01
7.451171875000002220e-01
4.583333333333352577e-01
6.500000000000020206e-01
9.843750000000045519e-02
1.093750000000000139e-01
0.000000000000000000e+00
1.488486842105269381e-01
9.461805555555588554e-02
0.000000000000000000e+00
1.207386363636364646e-01
0.000000000000000000e+00
0.000000000000000000e+00
0.000000000000000000e+00
2.222222222222222099e-01
2.366071428571430713e-01
0.000000000000000000e+00
0.000000000000000000e+00
1.319444444444444753e-01
2.246093750000004163e-01
4.882812500000000000e-01
0.000000000000000000e+00
1.207386363636367560e-01
0.000000000000000000e+00
1.261160714285717854e-01
0.000000000000000000e+00
