1.318684792561172769e-01
1.878729062693484109e-01
1.457694266092074975e-01
1.162740154742237519e-01
1.417394220141323935e-01
2.632356776493081085e-01
2.377019659467707602e-01
1.383490021236679912e-01
1.534577492650540664e-01
3.250534022180550098e-01
2.313164681677241652e-01
1.616795618534297430e-01
1.534935550409766702e-01
2.997354727338213398e-01
2.273390969880082213e-01
1.130465965400325734e-01
1.748186364870208953e-01
1.865075915323675393e-01
3.426761341761772051e-01
2.497307712096395738e-01
3.500453297897443417e-01
2.082686504141766926e-01
3.034713699757602412e-01
2.526359583214302096e-01
3.410006617617046265e-01
3.325993314691915725e-01
2.821624172576089884e-01
2.140994274785452955e-01
1.187578395698014461e-01
2.125284087380916731e-01
3.143624368522215384e-01
2.055600402379497704e-01
2.088186400353399808e-01
2.498851231355792291e-01
1.681611008308383226e-01
2.745867537660978130e-01
2.600253350057737389e-01
3.263609380274596350e-01
3.545658896436949536e-01
3.022099824890398523e-01
1.837864242454345098e-01
3.157933955117293578e-01
1.597670172998349736e-01
2.305485525515075240e-01
1.659939643074475890e-01
2.683235952177235317e-01
1.570273593224126296e-01
2.117221212239899231e-01
1.224525279119720589e-01
1.710112889805139036e-01
1.218408862284366539e-01
1.532767849380905212e-01
2.310287585433187518e-01
2.149536855514177225e-01
3.572235814259621112e-01
1.741781647023742385e-01
2.512746847268274020e-01
1.923307791342216411e-01
2.209051055004274955e-01
1.333192583301242296e-01
1.239879828074199608e-01
2.707575249520821070e-01
1.639927117504383081e-01
1.380780394950609224e-01
1.847633950563619676e-01
2.901989681090787476e-01
2.458985854621769940e-01
1.506853284650374880e-01
1.789098496044510545e-01
4.007988881500136880e-01
3.057365691647427330e-01
2.134953259752989663e-01
2.850657316448849676e-01
4.255691061958989385e-01
3.636691049539872989e-01
1.768358564846432557e-01
3.654777804999483903e-01
3.141540716086481111e-01
2.594918773307020587e-01
2.576512131410851336e-01
4.520063089132019818e-01
4.251478910263566391e-01
1.945672557469474984e-01
3.707032947926623412e-01
4.404937842302005246e-01
3.983734500494102715e-01
1.559044093760432459e-01
2.779532224956396402e-01
3.477919493741449819e-01
3.786396647389425052e-01
2.937626519789868218e-01
4.319311659289467031e-01
2.939854199525584466e-01
2.278141544368764704e-01
1.594615069360779958e-01
3.236720855429018329e-01
4.184446868410599540e-01
5.818551820279511677e-01
5.483099973658843718e-01
3.817397074527804079e-01
2.197903001099640041e-01
4.027719132659391965e-01
4.006048036561433157e-01
3.391402349668410365e-01
4.434006784973332227e-01
4.206443580636344270e-01
5.198510965947192863e-01
4.077767566627748530e-01
4.149359950134891006e-01
5.891078752377849614e-01
3.910874401671944889e-01
3.608044051028571064e-01
2.041323223112046226e-01
4.400489188994192724e-01
3.449740443605471274e-01
2.256057633035351839e-01
1.318684792561172769e-01
1.878729062693484109e-01
1.457694266092074975e-01
1.162740154742237519e-01
1.417394220141323935e-01
2.632356776493081085e-01
2.377019659467707602e-01
1.383490021236679912e-01
1.534577492650540664e-01
3.250534022180550098e-01
2.313164681677241652e-01
1.616795618534297430e-01
1.534935550409766702e-01
2.997354727338213398e-01
2.273390969880082213e-01
1.130465965400325734e-01
1.748186364870208953e-01
1.865075915323675393e-01
3.426761341761772051e-01
2.497307712096395738e-01
3.500453297897443417e-01
2.082686504141766926e-01
3.034713699757602412e-01
2.526359583214302096e-01
3.410006617617046265e-01
3.325993314691915725e-01
2.821624172576089884e-01
2.140994274785452955e-01
1.187578395698014461e-01
2.125284087380916731e-01
3.143624368522215384e-01
2.055600402379497704e-01
2.088186400353399808e-01
2.498851231355792291e-01
1.681611008308383226e-01
2.745867537660978130e-01
2.600253350057737389e-01
3.263609380274596350e-01
3.545658896436949536e-01
3.022099824890398523e-01
1.837864242454345098e-01
3.157933955117293578e-01
1.597670172998349736e-01
2.305485525515075240e-01
1.659939643074475890e-01
2.683235952177235317e-01
1.570273593224126296e-01
2.117221212239899231e-01
1.224525279119720589e-01
1.710112889805139036e-01
1.218408862284366539e-01
1.532767849380905212e-01
2.310287585433187518e-01
2.149536855514177225e-01
3.572235814259621112e-01
1.741781647023742385e-01
2.512746847268274020e-01
1.923307791342216411e-01
2.209051055004274955e-01
1.333192583301242296e-01
1.239879828074199608e-01
2.707575249520821070e-01
1.639927117504383081e-01
1.380780394950609224e-01
2.197903001099640041e-01
4.027719132659391965e-01
4.006048036561433157e-01
3.391402349668410365e-01
4.434006784973332227e-01
4.206443580636344270e-01
5.198510965947192863e-01
4.077767566627748530e-01
4.149359950134891006e-01
5.891078752377849614e-01
3.910874401671944889e-01
3.608044051028571064e-01
2.041323223112046226e-01
4.400489188994192724e-01
3.449740443605471274e-01
2.256057633035351839e-01
2.382039598692462512e-01
4.991522567578238201e-01
3.608996410874180105e-01
2.119529894892840105e-01
4.561294569118607978e-01
4.778371595723587273e-01
4.851816902285456812e-01
4.065026514822219217e-01
3.736499381113826956e-01
5.020008805557035769e-01
4.467741670210592653e-01
4.222898987450992014e-01
2.907169996573783499e-01
3.531403810768018459e-01
3.939418069235860465e-01
2.050612055654214561e-01
2.457515122293326693e-01
3.362671383747959930e-01
4.171742010266601408e-01
2.580476900149027419e-01
3.889707287248266310e-01
4.826409345580049415e-01
4.753832449177667896e-01
4.297262921485646148e-01
4.457277694982611504e-01
4.385620765636855656e-01
4.063623578167971928e-01
3.818802781917530753e-01
2.450819672131143712e-01
3.816723798021413039e-01
2.937754364313943101e-01
2.341460652815518517e-01
2.053454529529152028e-01
4.931065269618897240e-01
4.300122188074095297e-01
2.612209540605318625e-01
4.468068958189299611e-01
4.779977396639302212e-01
5.218430156581397306e-01
4.115853090574890794e-01
4.510890229267258689e-01
4.318310700853639772e-01
4.289472050075138210e-01
4.437996000943870700e-01
2.007410259276272979e-01
3.933398321762126559e-01
3.510377363277618623e-01
1.949998196225793679e-01
2.215405250999772924e-01
4.583228932468094707e-01
3.466196023604303234e-01
2.469013139919019051e-01
4.642893784484593001e-01
4.615831261905077310e-01
5.254422613577088841e-01
4.454797827761326490e-01
4.018267432659243799e-01
4.280515281201280331e-01
4.340133766492886291e-01
4.272903497796970429e-01
2.324400893106022548e-01
4.117378455261798131e-01
4.591257457022384636e-01
2.128915273603418645e-01
2.470285778158646528e-01
3.976163418905319658e-01
3.713146646937025008e-01
3.181025953111352167e-01
4.090564725461704465e-01
4.111429884372244103e-01
5.583769186570961551e-01
4.060351644166241836e-01
3.263696268366387265e-01
5.703426568671245978e-01
3.994109635110547063e-01
3.476307798353142076e-01
3.285434545913699100e-01
3.613209196532868872e-01
3.722711209577333480e-01
2.760213590261172967e-01
1.318684792561159169e-01
1.878729062693494378e-01
1.457694266092040003e-01
1.162740154742217952e-01
1.417394220141322825e-01
2.632356776493059991e-01
2.377019659467681789e-01
1.383490021236645495e-01
1.534577492650542885e-01
3.250534022180536775e-01
2.313164681677213619e-01
1.616795618534297707e-01
1.534935550409769200e-01
2.997354727338186753e-01
2.273390969880052515e-01
1.130465965400303946e-01
1.748186364870175924e-01
1.865075915323664846e-01
3.426761341761761503e-01
2.497307712096373533e-01
3.500453297897442306e-01
2.082686504141764428e-01
3.034713699757589644e-01
2.526359583214299875e-01
3.410006617617066804e-01
3.325993314691904068e-01
2.821624172576083778e-01
2.140994274785453788e-01
1.187578395698009465e-01
2.125284087380910347e-01
3.143624368522210388e-01
2.055600402379488267e-01
2.088186400353406191e-01
2.498851231355769809e-01
1.681611008308389332e-01
2.745867537660957036e-01
2.600253350057729063e-01
3.263609380274600791e-01
3.545658896436924001e-01
3.022099824890374098e-01
1.837864242454353148e-01
3.157933955117280256e-01
1.597670172998315319e-01
2.305485525515059697e-01
1.659939643074470339e-01
2.683235952177194794e-01
1.570273593224093545e-01
2.117221212239870642e-01
1.224525279119727528e-01
1.710112889805112668e-01
1.218408862284312555e-01
1.532767849380874958e-01
2.310287585433173363e-01
2.149536855514172229e-01
3.572235814259642761e-01
1.741781647023740998e-01
2.512746847268231276e-01
1.923307791342218354e-01
2.209051055004284114e-01
1.333192583301223422e-01
1.239879828074181567e-01
2.707575249520796090e-01
1.639927117504365039e-01
1.380780394950607282e-01
