1.375383388119436612e-01
1.716164095027192249e-01
1.273948863245625007e-01
1.497448663815037495e-01
1.321055744288712197e-01
2.139271321880966970e-01
2.170354986452462387e-01
1.424897190091719834e-01
1.557877115388756895e-01
2.952948134292427418e-01
2.299686871048633729e-01
1.849478042004205347e-01
1.909257205446004968e-01
2.863548214064672859e-01
2.672252033111361946e-01
1.581329858197963179e-01
1.609689772452639611e-01
1.394226140536663217e-01
3.285481452955003046e-01
2.301212891664978499e-01
2.871250361038139576e-01
1.550689754769130901e-01
2.479078543143894420e-01
2.233576776193016145e-01
3.111235113930850837e-01
3.003202527319875359e-01
2.871800514393380022e-01
2.029446958339631013e-01
1.441470559918553995e-01
2.029790804186659137e-01
3.244223771820835545e-01
1.786664282668794790e-01
1.933396077013599945e-01
2.417841473310688438e-01
1.795391090266408307e-01
2.989395794077593371e-01
2.401763241503562796e-01
2.702590847198651502e-01
3.714910531310600117e-01
3.082663980084441868e-01
2.025297885118804153e-01
3.232701115435929196e-01
2.114239344217196392e-01
2.701528050944199122e-01
1.948299338440588613e-01
2.568057951417100360e-01
1.843976508451721785e-01
2.378090777419578083e-01
1.545305753978921115e-01
1.736779127181699300e-01
1.398936828640965635e-01
2.214229716533470393e-01
2.159535303799253181e-01
1.872368351249331653e-01
3.479169818586924645e-01
1.840469280812018771e-01
2.724726184090483505e-01
1.919118287555988123e-01
2.759362922414612673e-01
1.589707416656667427e-01
1.587817604157159834e-01
2.568849400103597747e-01
1.940508773963586509e-01
1.650460065743318272e-01
2.071021741754958678e-01
2.953070390593595662e-01
2.142847318690080105e-01
2.021813580535566646e-01
1.893284002915809616e-01
3.929220270150295402e-01
2.844833175819183047e-01
2.319426897390503284e-01
2.954262389529965227e-01
4.099158265366470433e-01
3.406549575694224341e-01
2.374553573475267909e-01
3.724600732454168006e-01
3.273412463724265087e-01
2.719057937400050085e-01
2.428651986741297841e-01
4.495853219084819941e-01
4.329401265047066460e-01
1.944035649937418120e-01
3.385382425351063929e-01
4.154826908000602281e-01
3.875791091052344095e-01
1.840791410079234136e-01
2.805929474269516777e-01
3.261431346209972548e-01
3.643808304157377664e-01
2.820352579531539283e-01
3.982042347245467462e-01
2.879090046350419319e-01
2.490657506073933047e-01
2.027315114088050207e-01
3.257017893737880199e-01
4.230293246716200217e-01
4.922263307619799133e-01
5.781350759575865084e-01
4.360565815344892293e-01
2.232691663290770623e-01
3.604555207129888084e-01
3.927009407492985660e-01
3.867043516531878944e-01
3.911100592600437187e-01
3.430623177642075361e-01
4.903586950541889977e-01
4.043571546459810984e-01
4.209833463010555499e-01
5.602663159345472321e-01
4.395389778291244331e-01
3.956003148526666124e-01
2.511065432339564807e-01
4.198123216938202673e-01
3.858676715996401940e-01
2.543980404807272833e-01
1.375383388119436612e-01
1.716164095027192249e-01
1.273948863245625007e-01
1.497448663815037495e-01
1.321055744288712197e-01
2.139271321880966970e-01
2.170354986452462387e-01
1.424897190091719834e-01
1.557877115388756895e-01
2.952948134292427418e-01
2.299686871048633729e-01
1.849478042004205347e-01
1.909257205446004968e-01
2.863548214064672859e-01
2.672252033111361946e-01
1.581329858197963179e-01
1.609689772452639611e-01
1.394226140536663217e-01
3.285481452955003046e-01
2.301212891664978499e-01
2.871250361038139576e-01
1.550689754769130901e-01
2.479078543143894420e-01
2.233576776193016145e-01
3.111235113930850837e-01
3.003202527319875359e-01
2.871800514393380022e-01
2.029446958339631013e-01
1.441470559918553995e-01
2.029790804186659137e-01
3.244223771820835545e-01
1.786664282668794790e-01
1.933396077013599945e-01
2.417841473310688438e-01
1.795391090266408307e-01
2.989395794077593371e-01
2.401763241503562796e-01
2.702590847198651502e-01
3.714910531310600117e-01
3.082663980084441868e-01
2.025297885118804153e-01
3.232701115435929196e-01
2.114239344217196392e-01
2.701528050944199122e-01
1.948299338440588613e-01
2.568057951417100360e-01
1.843976508451721785e-01
2.378090777419578083e-01
1.545305753978921115e-01
1.736779127181699300e-01
1.398936828640965635e-01
2.214229716533470393e-01
2.159535303799253181e-01
1.872368351249331653e-01
3.479169818586924645e-01
1.840469280812018771e-01
2.724726184090483505e-01
1.919118287555988123e-01
2.759362922414612673e-01
1.589707416656667427e-01
1.587817604157159834e-01
2.568849400103597747e-01
1.940508773963586509e-01
1.650460065743318272e-01
2.232691663290770623e-01
3.604555207129888084e-01
3.927009407492985660e-01
3.867043516531878944e-01
3.911100592600437187e-01
3.430623177642075361e-01
4.903586950541889977e-01
4.043571546459810984e-01
4.209833463010555499e-01
5.602663159345472321e-01
4.395389778291244331e-01
3.956003148526666124e-01
2.511065432339564807e-01
4.198123216938202673e-01
3.858676715996401940e-01
2.543980404807272833e-01
2.518341461366562783e-01
4.334261262371420509e-01
3.567744508781819923e-01
2.610477670650693249e-01
4.129451084489800250e-01
4.062098050572336971e-01
4.588853883504455111e-01
3.689328400291578269e-01
3.737375126649886692e-01
4.690634127166172229e-01
5.011465865028792432e-01
4.733870815054562198e-01
3.186480143104594154e-01
3.347466639071230432e-01
4.411339955130131885e-01
2.487344180523649861e-01
2.499445793777029523e-01
3.199237598189524356e-01
4.251194307668325623e-01
2.685335460622231274e-01
3.641917183853193851e-01
3.767943005335826490e-01
4.563198330402147840e-01
4.437825650209582529e-01
4.687963537026884620e-01
4.108497134184753152e-01
4.327544796768652002e-01
4.143018563699112922e-01
2.493329298819903783e-01
3.991119460947197273e-01
3.282785085571969796e-01
2.827600602588020706e-01
2.228667397811628925e-01
4.441571342334699746e-01
4.273920426592179855e-01
2.929182999793684128e-01
4.002063131834125431e-01
4.061158104669552182e-01
4.885985221863085037e-01
3.960877862595416077e-01
4.570387181074207494e-01
4.100641979798406167e-01
4.708892098205076926e-01
4.733333333333329396e-01
2.295944799761588384e-01
3.627437757937040930e-01
4.006146485614049402e-01
2.494398433329726716e-01
2.416373239436617193e-01
4.043968737855079820e-01
3.467627509850771950e-01
2.841246698943661886e-01
4.187461726883034974e-01
3.782940813169057281e-01
5.091021126760560955e-01
4.120380825678789383e-01
4.052537883551305953e-01
3.978513197752694408e-01
4.769429816084687634e-01
4.858950686137372132e-01
2.537901017214397315e-01
4.120423008126215536e-01
4.942119921771190860e-01
2.631932218309857019e-01
2.502895341320162115e-01
3.771543127518809380e-01
3.845311944289975803e-01
3.304742124350668053e-01
3.812084783296419976e-01
3.345116432609380186e-01
5.143402058702599700e-01
4.125937031484259720e-01
3.384389571754414239e-01
5.174786913927903464e-01
4.335792168675511316e-01
4.082616088744620009e-01
3.490853961398499572e-01
3.708445402766783472e-01
4.168529708328614913e-01
3.176169605429342013e-01
1.375383388119432448e-01
1.716164095027202519e-01
1.273948863245602803e-01
1.497448663815013070e-01
1.321055744288718026e-01
2.139271321880962529e-01
2.170354986452472656e-01
1.424897190091689858e-01
1.557877115388742462e-01
2.952948134292441851e-01
2.299686871048600700e-01
1.849478042004195910e-01
1.909257205445994698e-01
2.863548214064641773e-01
2.672252033111332525e-01
1.581329858197948746e-01
1.609689772452626566e-01
1.394226140536669045e-01
3.285481452954994164e-01
2.301212891664947968e-01
2.871250361038132914e-01
1.550689754769115636e-01
2.479078543143891089e-01
2.233576776193001712e-01
3.111235113930857499e-01
3.003202527319864812e-01
2.871800514393360593e-01
2.029446958339630736e-01
1.441470559918548167e-01
2.029790804186668018e-01
3.244223771820815561e-01
1.786664282668771753e-01
1.933396077013572745e-01
2.417841473310660128e-01
1.795391090266398038e-01
2.989395794077599477e-01
2.401763241503560020e-01
2.702590847198636514e-01
3.714910531310602892e-01
3.082663980084413002e-01
2.025297885118796937e-01
3.232701115435904216e-01
2.114239344217200833e-01
2.701528050944180248e-01
1.948299338440533657e-01
2.568057951417077045e-01
1.843976508451696250e-01
2.378090777419565038e-01
1.545305753978916397e-01
1.736779127181679871e-01
1.398936828640980623e-01
2.214229716533445413e-01
2.159535303799235140e-01
1.872368351249306673e-01
3.479169818586936302e-01
1.840469280812024044e-01
2.724726184090477954e-01
1.919118287555987012e-01
2.759362922414616004e-01
1.589707416656651606e-01
1.587817604157157336e-01
2.568849400103605518e-01
1.940508773963572908e-01
1.650460065743321048e-01
