1.403058733145381987e-01
1.754176855158017800e-01
1.571116522237337443e-01
1.280169018119312607e-01
1.219703092867879674e-01
2.188283320203387450e-01
2.140478407219067458e-01
1.324930172599000089e-01
1.602347019162887187e-01
3.138495488075622175e-01
2.415849029578166496e-01
1.819558834061442976e-01
1.552284283788967212e-01
2.766239346845222880e-01
2.479026201900944859e-01
1.473022452195077436e-01
1.598331304160993394e-01
1.342257712844261708e-01
3.287952982883330932e-01
2.486162408815132951e-01
3.220296497887258913e-01
1.746114731791153785e-01
2.730446700044918407e-01
2.212991477476179691e-01
3.140391442690362855e-01
3.191979902930267565e-01
2.884408794671630138e-01
2.124632958533264060e-01
1.196197092315385430e-01
1.942713679804554949e-01
3.395083832668872592e-01
1.710932464370123474e-01
2.235499943728828376e-01
2.474387667406705571e-01
1.861840220582960115e-01
2.776982023920362974e-01
2.410388168731637526e-01
2.957540382699731518e-01
3.962257394542720301e-01
3.098143307312178352e-01
2.024636539425619941e-01
3.351715247439657208e-01
2.120604454630092284e-01
2.484065029005225189e-01
1.780151113657506834e-01
2.647146405726407137e-01
1.851838589287553849e-01
2.181589806025802936e-01
1.366924273892677066e-01
1.508486714889344937e-01
1.221755711523310889e-01
1.756248657165363214e-01
2.032037050299591030e-01
2.106638974432424871e-01
3.198990188354932096e-01
1.799129843156909991e-01
2.893838477882015314e-01
1.978368426078440934e-01
2.607337248442300193e-01
1.508732261793910567e-01
1.325418476102425136e-01
2.480394614337880221e-01
1.901811931533327338e-01
1.468165866934036390e-01
1.965193726276586172e-01
2.848918172630844348e-01
2.332951371481770120e-01
1.806858602497075361e-01
1.774690252810997293e-01
3.792490543188807295e-01
2.893616803593166975e-01
2.222020441779792577e-01
2.960204349590579431e-01
4.233554751844160191e-01
3.478371410155403076e-01
1.905571868509627342e-01
3.527504508669017658e-01
3.268996633961183118e-01
2.680721126613844763e-01
2.395572226598861876e-01
4.603774260545721031e-01
4.422402062593989158e-01
2.049702785934248706e-01
3.553140442598290982e-01
4.000572942777338437e-01
4.126927287422880730e-01
1.566814739706806348e-01
2.800193879743403391e-01
3.444480253368027434e-01
3.742417128867028264e-01
2.869749516579528925e-01
4.235690122213744968e-01
3.048771753921069583e-01
2.222575630553015602e-01
1.742104132349779899e-01
3.267922366253668831e-01
4.162023248533145425e-01
5.205948291561737218e-01
5.937568559082484487e-01
4.005999732996176066e-01
2.287522603978296432e-01
3.526399656240488123e-01
4.088858252913893376e-01
3.551331172900290545e-01
3.956092289429562481e-01
3.737332820081282758e-01
5.063291139240505556e-01
3.986804647915058730e-01
4.314079560888144926e-01
5.897611199944776672e-01
4.375669806712005339e-01
3.843619721549281776e-01
2.128151332312255006e-01
4.109554587595157238e-01
3.852314707058408505e-01
2.339306263356894233e-01
1.403058733145381987e-01
1.754176855158017800e-01
1.571116522237337443e-01
1.280169018119312607e-01
1.219703092867879674e-01
2.188283320203387450e-01
2.140478407219067458e-01
1.324930172599000089e-01
1.602347019162887187e-01
3.138495488075622175e-01
2.415849029578166496e-01
1.819558834061442976e-01
1.552284283788967212e-01
2.766239346845222880e-01
2.479026201900944859e-01
1.473022452195077436e-01
1.598331304160993394e-01
1.342257712844261708e-01
3.287952982883330932e-01
2.486162408815132951e-01
3.220296497887258913e-01
1.746114731791153785e-01
2.730446700044918407e-01
2.212991477476179691e-01
3.140391442690362855e-01
3.191979902930267565e-01
2.884408794671630138e-01
2.124632958533264060e-01
1.196197092315385430e-01
1.942713679804554949e-01
3.395083832668872592e-01
1.710932464370123474e-01
2.235499943728828376e-01
2.474387667406705571e-01
1.861840220582960115e-01
2.776982023920362974e-01
2.410388168731637526e-01
2.957540382699731518e-01
3.962257394542720301e-01
3.098143307312178352e-01
2.024636539425619941e-01
3.351715247439657208e-01
2.120604454630092284e-01
2.484065029005225189e-01
1.780151113657506834e-01
2.647146405726407137e-01
1.851838589287553849e-01
2.181589806025802936e-01
1.366924273892677066e-01
1.508486714889344937e-01
1.221755711523310889e-01
1.756248657165363214e-01
2.032037050299591030e-01
2.106638974432424871e-01
3.198990188354932096e-01
1.799129843156909991e-01
2.893838477882015314e-01
1.978368426078440934e-01
2.607337248442300193e-01
1.508732261793910567e-01
1.325418476102425136e-01
2.480394614337880221e-01
1.901811931533327338e-01
1.468165866934036390e-01
2.287522603978296432e-01
3.526399656240488123e-01
4.088858252913893376e-01
3.551331172900290545e-01
3.956092289429562481e-01
3.737332820081282758e-01
5.063291139240505556e-01
3.986804647915058730e-01
4.314079560888144926e-01
5.897611199944776672e-01
4.375669806712005339e-01
3.843619721549281776e-01
2.128151332312255006e-01
4.109554587595157238e-01
3.852314707058408505e-01
2.339306263356894233e-01
2.396314319423136774e-01
4.443827251953612612e-01
3.683544605982473352e-01
2.396810618539473581e-01
4.225452982883328157e-01
4.222402593096572510e-01
4.777808726820536589e-01
3.772470099548809741e-01
3.827973931103627048e-01
4.934816207811891231e-01
5.198758882064760112e-01
4.415428264447950890e-01
3.016796491568048966e-01
3.385745450688222857e-01
4.132507762110786409e-01
2.227494091527604803e-01
2.342408951548601292e-01
3.311822586006579749e-01
4.346338173592834142e-01
2.564322930654774901e-01
3.831664745345785827e-01
3.999246197335192821e-01
4.820416121953959299e-01
4.227924508832019423e-01
4.641167501993629374e-01
4.380164444990738426e-01
4.443821810200660472e-01
4.022612362839034783e-01
2.438273262788489826e-01
3.828547412164380881e-01
3.057541820168750424e-01
2.564902203025483662e-01
2.107270414173299800e-01
4.598269173381079322e-01
4.309813373734586173e-01
2.764749328558637198e-01
4.093365164627475461e-01
4.217735004476274030e-01
5.179200238734704698e-01
3.932699194270365961e-01
4.645443151298119244e-01
4.332478288798183308e-01
4.829543419874665622e-01
4.582900626678599321e-01
2.131375708743658837e-01
3.644419998038665454e-01
3.811232209065238408e-01
2.170055846868735872e-01
2.288313130047091304e-01
4.175869485583584839e-01
3.562621774643473516e-01
2.599509391394650981e-01
4.298983205491201387e-01
4.074806556370362820e-01
5.267567906318821880e-01
4.060954305029685907e-01
4.106736787715851711e-01
4.089546076447731493e-01
5.001463866863592456e-01
4.691827302435115365e-01
2.398749803537712499e-01
4.096031090615945836e-01
4.673629736786889532e-01
2.346326702358140226e-01
2.251933820369570738e-01
3.999941806331472338e-01
3.816072195960460434e-01
3.295134412452846440e-01
3.919268968151649046e-01
3.531728978656352158e-01
5.498170822961228055e-01
3.959401709401705327e-01
3.577752549788071335e-01
5.430863617087964279e-01
4.403324429614274282e-01
3.831096234422000091e-01
3.379331200560248827e-01
3.526175366429172287e-01
4.058047667845693374e-01
2.841294016532269207e-01
1.403058733145382264e-01
1.754176855158011417e-01
1.571116522237334667e-01
1.280169018119293178e-01
1.219703092867855804e-01
2.188283320203388838e-01
2.140478407219075507e-01
1.324930172598983436e-01
1.602347019162859154e-01
3.138495488075614404e-01
2.415849029578160667e-01
1.819558834061427710e-01
1.552284283788957497e-01
2.766239346845225655e-01
2.479026201900932924e-01
1.473022452195064946e-01
1.598331304160997557e-01
1.342257712844236450e-01
3.287952982883308728e-01
2.486162408815139058e-01
3.220296497887263909e-01
1.746114731791134356e-01
2.730446700044903419e-01
2.212991477476167756e-01
3.140391442690345092e-01
3.191979902930269786e-01
2.884408794671612375e-01
2.124632958533267668e-01
1.196197092315404720e-01
1.942713679804568827e-01
3.395083832668877033e-01
1.710932464370114869e-01
2.235499943728803118e-01
2.474387667406713343e-01
1.861840220582925143e-01
2.776982023920321896e-01
2.410388168731613379e-01
2.957540382699725412e-01
3.962257394542716415e-01
3.098143307312181127e-01
2.024636539425625770e-01
3.351715247439643885e-01
2.120604454630074520e-01
2.484065029005225744e-01
1.780151113657479911e-01
2.647146405726387153e-01
1.851838589287534698e-01
2.181589806025814871e-01
1.366924273892662356e-01
1.508486714889332447e-01
1.221755711523286464e-01
1.756248657165338234e-01
2.032037050299581593e-01
2.106638974432398781e-01
3.198990188354944308e-01
1.799129843156888342e-01
2.893838477882011428e-01
1.978368426078444819e-01
2.607337248442271882e-01
1.508732261793908902e-01
1.325418476102407650e-01
2.480394614337885217e-01
1.901811931533300415e-01
1.468165866934037223e-01
