1.342753263923318341e-01
1.914441532686436964e-01
1.373739877706162404e-01
1.267868947281437508e-01
1.283878697735908458e-01
2.406213848950576883e-01
2.268220128904307187e-01
1.491489010080959965e-01
1.420190287319682554e-01
2.952921004792588011e-01
2.368892194127686923e-01
1.735539580234671531e-01
1.558570333979354128e-01
2.736117997025282467e-01
2.610282834006179553e-01
1.234093538258139722e-01
1.737404679273786001e-01
1.528649993573135968e-01
3.133211452652450713e-01
2.138961682838726730e-01
3.079862832589646549e-01
1.692178978681207480e-01
2.708173705322937663e-01
2.539111992508126248e-01
3.360896664069693007e-01
3.186472674573808672e-01
2.997438439927279652e-01
1.876859196826969889e-01
1.548710956866613531e-01
1.927941203474172749e-01
3.687521805394871621e-01
1.579883490332169571e-01
2.039214297518699703e-01
2.563202363245742355e-01
1.806881094034038238e-01
2.856965790778382974e-01
2.517662369856212279e-01
2.957907032646739931e-01
3.980746983969590258e-01
3.166444595934549966e-01
2.051176114140914608e-01
3.519087754090232112e-01
2.360808130887449841e-01
2.594199305899839159e-01
1.681230375144587008e-01
2.644886882550947504e-01
1.916441726803644052e-01
1.927129018725435294e-01
1.350452967954206274e-01
1.618244918195335669e-01
1.212816063460571275e-01
1.815608990249536481e-01
1.859747700104661394e-01
1.998902188540262470e-01
3.160634605850258794e-01
1.721306395637069997e-01
2.717824418369781947e-01
2.102441745166085396e-01
2.824946289869437743e-01
1.503972188776347974e-01
1.292986884211466125e-01
2.081646284360701704e-01
1.640696933210564479e-01
1.397214585117409202e-01
1.875355772232320251e-01
2.800409482362871127e-01
2.092629317468179817e-01
1.644012009034316879e-01
1.813336638572130566e-01
4.058776911404569088e-01
2.798755223457744523e-01
2.296727813584531763e-01
2.729484566371029319e-01
4.157043601608547689e-01
3.688150718889437463e-01
1.942998402467904784e-01
3.559235137693240736e-01
3.125516443563041702e-01
2.587250792506115560e-01
2.583818790282594313e-01
4.705627169062961968e-01
4.524045612295488628e-01
2.150161130391665121e-01
3.610188398611797189e-01
4.119050570153685031e-01
4.133555256510141329e-01
1.790602249301981030e-01
2.746299312982501961e-01
3.021401421252682962e-01
3.808293088990487574e-01
3.024487171541893060e-01
4.345757142718262300e-01
2.990414807469837233e-01
2.230246337503767051e-01
1.710461080813080181e-01
3.033548173855556973e-01
4.102606232782544105e-01
5.300513344948492023e-01
6.064306255741247487e-01
3.855599501167414900e-01
2.228642682897054028e-01
3.817471957693815976e-01
3.853105827428783825e-01
3.467898531264841933e-01
3.897228684670751564e-01
3.759399078683715589e-01
5.092875291784582092e-01
4.193951537937158358e-01
4.263679815540007412e-01
5.984923140942739472e-01
4.620156228328264336e-01
3.734620231139469948e-01
2.177592285216895518e-01
3.923640724029078819e-01
3.963588038037001438e-01
2.112942935104102637e-01
1.342753263923318341e-01
1.914441532686436964e-01
1.373739877706162404e-01
1.267868947281437508e-01
1.283878697735908458e-01
2.406213848950576883e-01
2.268220128904307187e-01
1.491489010080959965e-01
1.420190287319682554e-01
2.952921004792588011e-01
2.368892194127686923e-01
1.735539580234671531e-01
1.558570333979354128e-01
2.736117997025282467e-01
2.610282834006179553e-01
1.234093538258139722e-01
1.737404679273786001e-01
1.528649993573135968e-01
3.133211452652450713e-01
2.138961682838726730e-01
3.079862832589646549e-01
1.692178978681207480e-01
2.708173705322937663e-01
2.539111992508126248e-01
3.360896664069693007e-01
3.186472674573808672e-01
2.997438439927279652e-01
1.876859196826969889e-01
1.548710956866613531e-01
1.927941203474172749e-01
3.687521805394871621e-01
1.579883490332169571e-01
2.039214297518699703e-01
2.563202363245742355e-01
1.806881094034038238e-01
2.856965790778382974e-01
2.517662369856212279e-01
2.957907032646739931e-01
3.980746983969590258e-01
3.166444595934549966e-01
2.051176114140914608e-01
3.519087754090232112e-01
2.360808130887449841e-01
2.594199305899839159e-01
1.681230375144587008e-01
2.644886882550947504e-01
1.916441726803644052e-01
1.927129018725435294e-01
1.350452967954206274e-01
1.618244918195335669e-01
1.212816063460571275e-01
1.815608990249536481e-01
1.859747700104661394e-01
1.998902188540262470e-01
3.160634605850258794e-01
1.721306395637069997e-01
2.717824418369781947e-01
2.102441745166085396e-01
2.824946289869437743e-01
1.503972188776347974e-01
1.292986884211466125e-01
2.081646284360701704e-01
1.640696933210564479e-01
1.397214585117409202e-01
2.228642682897054028e-01
3.817471957693815976e-01
3.853105827428783825e-01
3.467898531264841933e-01
3.897228684670751564e-01
3.759399078683715589e-01
5.092875291784582092e-01
4.193951537937158358e-01
4.263679815540007412e-01
5.984923140942739472e-01
4.620156228328264336e-01
3.734620231139469948e-01
2.177592285216895518e-01
3.923640724029078819e-01
3.963588038037001438e-01
2.112942935104102637e-01
2.316494011429163224e-01
4.539060529360081642e-01
3.667437889054147027e-01
2.298518151269760001e-01
4.447198810114024181e-01
4.279366128647240641e-01
4.877484576028782715e-01
3.577507849942154206e-01
3.773480967333219804e-01
5.050218305691941412e-01
5.337536346460488579e-01
4.443431677469403263e-01
2.858059435970716211e-01
3.299123695440144832e-01
4.122434794443308737e-01
2.183048256486530558e-01
2.424351606901771483e-01
3.147786739587064009e-01
4.308853402744783900e-01
2.501291135579563063e-01
3.744912925816507587e-01
4.265921467913278975e-01
4.837542598678064576e-01
4.043971596769243559e-01
4.608837564815001508e-01
4.357271757963309122e-01
4.638531865959770739e-01
4.027723263164414425e-01
2.320118991055008240e-01
3.781571664118041909e-01
3.025363507257597395e-01
2.483907893729511984e-01
2.016963969233913634e-01
4.623301978175340943e-01
4.533417662781787927e-01
2.539535388175015451e-01
4.179578289192802387e-01
4.287206131471305581e-01
5.268756857506186053e-01
3.853848179977686916e-01
4.714013108261758123e-01
4.351750179916530348e-01
4.876131058133290619e-01
4.706833863570631937e-01
1.963806139734743106e-01
3.708002096227012712e-01
3.714917626164608855e-01
2.077005408617187965e-01
2.255965292841649317e-01
4.297143465195856771e-01
3.420757595880001833e-01
2.536514822848875417e-01
4.178440064132792897e-01
4.132172390793841799e-01
5.480880074372478372e-01
4.071546355343936274e-01
4.194371891923798779e-01
4.184715968817029341e-01
5.091147551100749791e-01
4.619373352407554201e-01
2.337912750060252287e-01
3.971496330132631147e-01
4.757784651125621100e-01
2.169197396963123137e-01
2.369618213370791870e-01
3.761853359226505766e-01
3.783866740647169324e-01
3.251466820923888390e-01
3.980318430983667555e-01
3.546814312866704011e-01
5.717687624877361152e-01
3.858221083656999117e-01
3.372047607297720129e-01
5.788931198714447612e-01
4.476181680010238861e-01
3.808485610693333467e-01
3.217364956064234782e-01
3.564427116986613742e-01
4.020011060751495502e-01
2.695924498218426058e-01
1.342753263923304463e-01
1.914441532686446401e-01
1.373739877706141033e-01
1.267868947281420300e-01
1.283878697735896524e-01
2.406213848950561895e-01
2.268220128904278599e-01
1.491489010080965516e-01
1.420190287319649525e-01
2.952921004792571358e-01
2.368892194127656114e-01
1.735539580234660428e-01
1.558570333979332478e-01
2.736117997025264148e-01
2.610282834006150132e-01
1.234093538258110301e-01
1.737404679273771291e-01
1.528649993573146793e-01
3.133211452652428508e-01
2.138961682838692313e-01
3.079862832589659316e-01
1.692178978681210533e-01
2.708173705322929892e-01
2.539111992508092941e-01
3.360896664069694117e-01
3.186472674573797015e-01
2.997438439927269105e-01
1.876859196826962950e-01
1.548710956866591604e-01
1.927941203474169418e-01
3.687521805394869956e-01
1.579883490332155971e-01
2.039214297518683883e-01
2.563202363245751236e-01
1.806881094034047675e-01
2.856965790778363545e-01
2.517662369856210058e-01
2.957907032646747147e-01
3.980746983969579156e-01
3.166444595934529982e-01
2.051176114140885742e-01
3.519087754090235443e-01
2.360808130887450396e-01
2.594199305899810293e-01
1.681230375144604217e-01
2.644886882550923635e-01
1.916441726803624346e-01
1.927129018725413645e-01
1.350452967954188233e-01
1.618244918195311521e-01
1.212816063460537275e-01
1.815608990249506227e-01
1.859747700104656121e-01
1.998902188540242209e-01
3.160634605850249912e-01
1.721306395637046682e-01
2.717824418369758077e-01
2.102441745166090115e-01
2.824946289869443294e-01
1.503972188776323826e-01
1.292986884211452248e-01
2.081646284360710863e-01
1.640696933210551989e-01
1.397214585117398655e-01
