1.880026926491209227e-01
2.202386220440910591e-01
1.449243295866887438e-01
1.843820987107999965e-01
1.662051846138919986e-01
2.259196979083689105e-01
2.084255243826887427e-01
1.711065876036220179e-01
1.733318161320626105e-01
3.162779892025831541e-01
2.106774444149421277e-01
1.874679175148224741e-01
2.269710111111999107e-01
3.106469599079553223e-01
2.529343093994834146e-01
1.644651444080592051e-01
2.247817969563251639e-01
1.618530646763233216e-01
3.409151252323209813e-01
2.872567736715002096e-01
3.535711124878294642e-01
2.009381361182404901e-01
2.274323015981568052e-01
2.501794652427442034e-01
2.719330408506429597e-01
2.889704330539800137e-01
2.460394725196919929e-01
1.843968492786962066e-01
1.504557925480128067e-01
2.228351902659355677e-01
3.030750017208987956e-01
1.960704487122752471e-01
2.111438433236814127e-01
2.212953948727025277e-01
1.557807475587804080e-01
2.690503584387993197e-01
2.632976369590225296e-01
2.756666586209018943e-01
3.165471870667019849e-01
2.829748945334389365e-01
1.912460296388079628e-01
2.785851255273321114e-01
1.613240109744216721e-01
2.056819187538710958e-01
1.693365194559980635e-01
2.551817192330321227e-01
1.311259927951659299e-01
2.241518990788837762e-01
1.882977040070576980e-01
1.721214266749266641e-01
1.633256630380264807e-01
2.106381095672169301e-01
2.471277366400824738e-01
2.175582331348318577e-01
3.299997049886410627e-01
1.786441277989186394e-01
2.471277366400828901e-01
1.834847724970744276e-01
2.205209900581162619e-01
1.485845776490958836e-01
1.773554645490214854e-01
2.598017523674646112e-01
1.847782568200291853e-01
1.614516704347654652e-01
2.391820973996384159e-01
3.238306897037755427e-01
2.392542112871340054e-01
2.293713307962350068e-01
2.047526329763691699e-01
3.503259875505205234e-01
2.656998723022264142e-01
2.558717796349442297e-01
3.068773703343123938e-01
4.064248556902770870e-01
3.463138330825734634e-01
2.523822167153433882e-01
3.688982934933900948e-01
3.557443628246350631e-01
3.136775311304029756e-01
2.197342931036178337e-01
4.428710505354456206e-01
4.271108882136399609e-01
1.915656252765725598e-01
2.996017346667845804e-01
3.791485972209927002e-01
3.507263601077211246e-01
2.032977611743310431e-01
2.750243384370288924e-01
3.423508471742823800e-01
3.476741632330614951e-01
2.890097206242437378e-01
3.726097572403594405e-01
3.014721066761063550e-01
2.308203571719855685e-01
2.365991090656989759e-01
3.328908162964271944e-01
4.858699753735162830e-01
5.195774420880427957e-01
4.857048923913015459e-01
4.303354918322785938e-01
2.826487483841899073e-01
3.910555194996752082e-01
4.048911440202961343e-01
4.096406867661806506e-01
4.668550601861078952e-01
3.787280960528642271e-01
4.439494955454595937e-01
4.104224438019938304e-01
3.960171832022674199e-01
5.323041288814900351e-01
3.654492890436010777e-01
3.459700368072539112e-01
2.672961589121834458e-01
4.399725788008278515e-01
3.435305917753256333e-01
2.562393061537550643e-01
1.880026926491209227e-01
2.202386220440910591e-01
1.449243295866887438e-01
1.843820987107999965e-01
1.662051846138919986e-01
2.259196979083689105e-01
2.084255243826887427e-01
1.711065876036220179e-01
1.733318161320626105e-01
3.162779892025831541e-01
2.106774444149421277e-01
1.874679175148224741e-01
2.269710111111999107e-01
3.106469599079553223e-01
2.529343093994834146e-01
1.644651444080592051e-01
2.247817969563251639e-01
1.618530646763233216e-01
3.409151252323209813e-01
2.872567736715002096e-01
3.535711124878294642e-01
2.009381361182404901e-01
2.274323015981568052e-01
2.501794652427442034e-01
2.719330408506429597e-01
2.889704330539800137e-01
2.460394725196919929e-01
1.843968492786962066e-01
1.504557925480128067e-01
2.228351902659355677e-01
3.030750017208987956e-01
1.960704487122752471e-01
2.111438433236814127e-01
2.212953948727025277e-01
1.557807475587804080e-01
2.690503584387993197e-01
2.632976369590225296e-01
2.756666586209018943e-01
3.165471870667019849e-01
2.829748945334389365e-01
1.912460296388079628e-01
2.785851255273321114e-01
1.613240109744216721e-01
2.056819187538710958e-01
1.693365194559980635e-01
2.551817192330321227e-01
1.311259927951659299e-01
2.241518990788837762e-01
1.882977040070576980e-01
1.721214266749266641e-01
1.633256630380264807e-01
2.106381095672169301e-01
2.471277366400824738e-01
2.175582331348318577e-01
3.299997049886410627e-01
1.786441277989186394e-01
2.471277366400828901e-01
1.834847724970744276e-01
2.205209900581162619e-01
1.485845776490958836e-01
1.773554645490214854e-01
2.598017523674646112e-01
1.847782568200291853e-01
1.614516704347654652e-01
2.826487483841899073e-01
3.910555194996752082e-01
4.048911440202961343e-01
4.096406867661806506e-01
4.668550601861078952e-01
3.787280960528642271e-01
4.439494955454595937e-01
4.104224438019938304e-01
3.960171832022674199e-01
5.323041288814900351e-01
3.654492890436010777e-01
3.459700368072539112e-01
2.672961589121834458e-01
4.399725788008278515e-01
3.435305917753256333e-01
2.562393061537550643e-01
3.132057952652230193e-01
4.955008777284611865e-01
3.492934477977400198e-01
2.930446155510320061e-01
4.585656547777087755e-01
4.369424148755654547e-01
4.249962204859766279e-01
4.012449479304953659e-01
3.809580002163413526e-01
4.416605523183612658e-01
4.057570270509469057e-01
3.996392698661953014e-01
3.438357376759001993e-01
3.435173929259245917e-01
4.032544958863264473e-01
2.391981591291263420e-01
2.915249413430699987e-01
3.714009861520673472e-01
4.516206435370935246e-01
2.872905357564313200e-01
4.160690619269798995e-01
4.077485940516664686e-01
4.213349463967924202e-01
4.465801703406787615e-01
5.003562934587240107e-01
3.816336075270292949e-01
3.312757664758956833e-01
3.832469454076718463e-01
2.643232239792304150e-01
3.965473319574674416e-01
3.056841608130748122e-01
2.770073512057641962e-01
2.822881809923833973e-01
4.839389618265558801e-01
4.370283794977696812e-01
3.196673550671186859e-01
4.759141794102699774e-01
4.271160938191474465e-01
4.440019012964874778e-01
4.054635639474846176e-01
4.358263264001573933e-01
3.791878874856965398e-01
3.887299011653638781e-01
4.338132467915620794e-01
2.467227221320745512e-01
3.899768798570933392e-01
3.555627208398996486e-01
2.390421399419774273e-01
3.020003540449633372e-01
4.663410791750008388e-01
3.362162615287060952e-01
3.211482858323007061e-01
4.618285652712677547e-01
4.024526937431878726e-01
4.835475305363777787e-01
4.319999810852190869e-01
4.182261504353909642e-01
3.656217133693624999e-01
3.842390636229333634e-01
4.223872815409202008e-01
2.753748614962989727e-01
4.325910450097424920e-01
4.402187285332407329e-01
2.547707558859971799e-01
2.887587407429260677e-01
4.345403180597762760e-01
3.995768194865350065e-01
3.602199077488955625e-01
4.483324973691717452e-01
3.611365178650455809e-01
4.624460518880636473e-01
4.193668309090373691e-01
3.591362379665170579e-01
4.654410614105992661e-01
3.480758071971593592e-01
3.734030625792940650e-01
3.682176260584775207e-01
3.847506974625133358e-01
3.889162500085109886e-01
3.020196778442884589e-01
1.880026926491197570e-01
2.202386220440895326e-01
1.449243295866882164e-01
1.843820987107976372e-01
1.662051846138903610e-01
2.259196979083668289e-01
2.084255243826885207e-01
1.711065876036187983e-01
1.733318161320617223e-01
3.162779892025843753e-01
2.106774444149427106e-01
1.874679175148232513e-01
2.269710111112007156e-01
3.106469599079546562e-01
2.529343093994804170e-01
1.644651444080598990e-01
2.247817969563261631e-01
1.618530646763212677e-01
3.409151252323213699e-01
2.872567736714984332e-01
3.535711124878303524e-01
2.009381361182392689e-01
2.274323015981568330e-01
2.501794652427445920e-01
2.719330408506417385e-01
2.889704330539794030e-01
2.460394725196917154e-01
1.843968492786944025e-01
1.504557925480067837e-01
2.228351902659360118e-01
3.030750017208976299e-01
1.960704487122752193e-01
2.111438433236792200e-01
2.212953948727032494e-01
1.557807475587808244e-01
2.690503584387992642e-01
2.632976369590208643e-01
2.756666586209010061e-01
3.165471870667004861e-01
2.829748945334394916e-01
1.912460296388062697e-01
2.785851255273322780e-01
1.613240109744193684e-01
2.056819187538717342e-01
1.693365194559971476e-01
2.551817192330325668e-01
1.311259927951642645e-01
2.241518990788822219e-01
1.882977040070575869e-01
1.721214266749244992e-01
1.633256630380212349e-01
2.106381095672163195e-01
2.471277366400812803e-01
2.175582331348313581e-01
3.299997049886410072e-01
1.786441277989171406e-01
2.471277366400794762e-01
1.834847724970725402e-01
2.205209900581141802e-01
1.485845776490942460e-01
1.773554645490195425e-01
2.598017523674635565e-01
1.847782568200285747e-01
1.614516704347656317e-01
