1.369739040253200035e-01
1.633784194119964062e-01
1.479807355987837469e-01
1.375548201361412315e-01
1.476732431611759433e-01
2.150832727957593116e-01
2.005811607070787095e-01
1.431377297064599929e-01
1.784532361657225341e-01
3.097337692038638624e-01
2.831319898476242214e-01
1.889041353889193142e-01
1.945371871919609752e-01
2.695939946726927938e-01
2.306808266934182450e-01
1.506881104205335664e-01
1.641778997497772841e-01
1.583662926789888015e-01
3.659799015255459920e-01
2.638285114675458787e-01
3.256652406704866332e-01
1.870772459439824231e-01
2.722087286620338831e-01
1.889086196536340356e-01
2.992747022127911771e-01
2.930391103770710326e-01
2.932709123684980046e-01
2.055856001291457569e-01
8.576156267656545595e-02
1.670896823047921809e-01
3.039135672923701237e-01
1.852369037048982869e-01
2.048668365562371085e-01
2.317432130653535038e-01
1.801732719885915102e-01
2.885624344176287992e-01
2.582936475906037477e-01
2.868722742804584724e-01
3.844808566739310041e-01
2.712755939408615924e-01
2.000699545295559767e-01
3.366211962224552323e-01
2.064573411897643040e-01
2.745984340947611457e-01
1.913929023058085488e-01
2.829674881367588157e-01
1.779176868368889941e-01
2.402876000422197456e-01
1.409608230174859977e-01
1.641133263378804774e-01
1.732047246213017921e-01
1.555143003201763241e-01
2.422220428516323465e-01
2.016766025160561526e-01
2.899884305970337750e-01
1.700298652030010904e-01
2.553758860159696109e-01
1.941574515026767145e-01
2.475314122743287604e-01
1.611375682729297987e-01
1.326445502730908832e-01
2.628093021587241118e-01
2.154292017880681254e-01
1.423550216834582050e-01
1.911851313740082214e-01
2.905863325590496982e-01
2.348857857777059688e-01
1.892359709778383414e-01
2.008636693841306387e-01
3.974689179306170606e-01
2.757918891182267740e-01
2.350356883410391340e-01
3.043440567050217926e-01
3.939762872081866152e-01
3.547178949067721909e-01
2.020878736513569973e-01
3.551904548756590896e-01
3.256652406704867997e-01
2.907368951440296168e-01
2.522129846369083883e-01
4.603277100653802023e-01
4.328810204990677923e-01
2.084914036645405255e-01
3.578254903543465759e-01
3.720639276777781834e-01
3.901233429040351641e-01
1.675403902443155790e-01
2.568522767893171577e-01
3.393273005025361222e-01
3.751635510991917499e-01
2.941369359916053972e-01
4.184040554634956277e-01
2.965533941399623452e-01
2.402669034358434486e-01
1.770387709527259934e-01
3.343826512766699954e-01
4.294538382935816356e-01
5.093433876195452292e-01
5.883184055643513322e-01
4.025939512838008216e-01
2.235671936758893696e-01
3.603099440378815799e-01
4.360605897546270815e-01
3.629062634524318209e-01
4.402463267245509959e-01
3.696761999569518897e-01
4.865489130434780818e-01
3.628120964270340476e-01
4.180631572474018398e-01
5.699047179482625847e-01
4.451755734579666002e-01
4.017910361270241038e-01
2.244089315763871939e-01
4.094728183998521120e-01
3.694127564930403951e-01
2.428359683794465984e-01
1.369739040253200035e-01
1.633784194119964062e-01
1.479807355987837469e-01
1.375548201361412315e-01
1.476732431611759433e-01
2.150832727957593116e-01
2.005811607070787095e-01
1.431377297064599929e-01
1.784532361657225341e-01
3.097337692038638624e-01
2.831319898476242214e-01
1.889041353889193142e-01
1.945371871919609752e-01
2.695939946726927938e-01
2.306808266934182450e-01
1.506881104205335664e-01
1.641778997497772841e-01
1.583662926789888015e-01
3.659799015255459920e-01
2.638285114675458787e-01
3.256652406704866332e-01
1.870772459439824231e-01
2.722087286620338831e-01
1.889086196536340356e-01
2.992747022127911771e-01
2.930391103770710326e-01
2.932709123684980046e-01
2.055856001291457569e-01
8.576156267656545595e-02
1.670896823047921809e-01
3.039135672923701237e-01
1.852369037048982869e-01
2.048668365562371085e-01
2.317432130653535038e-01
1.801732719885915102e-01
2.885624344176287992e-01
2.582936475906037477e-01
2.868722742804584724e-01
3.844808566739310041e-01
2.712755939408615924e-01
2.000699545295559767e-01
3.366211962224552323e-01
2.064573411897643040e-01
2.745984340947611457e-01
1.913929023058085488e-01
2.829674881367588157e-01
1.779176868368889941e-01
2.402876000422197456e-01
1.409608230174859977e-01
1.641133263378804774e-01
1.732047246213017921e-01
1.555143003201763241e-01
2.422220428516323465e-01
2.016766025160561526e-01
2.899884305970337750e-01
1.700298652030010904e-01
2.553758860159696109e-01
1.941574515026767145e-01
2.475314122743287604e-01
1.611375682729297987e-01
1.326445502730908832e-01
2.628093021587241118e-01
2.154292017880681254e-01
1.423550216834582050e-01
2.235671936758893696e-01
3.603099440378815799e-01
4.360605897546270815e-01
3.629062634524318209e-01
4.402463267245509959e-01
3.696761999569518897e-01
4.865489130434780818e-01
3.628120964270340476e-01
4.180631572474018398e-01
5.699047179482625847e-01
4.451755734579666002e-01
4.017910361270241038e-01
2.244089315763871939e-01
4.094728183998521120e-01
3.694127564930403951e-01
2.428359683794465984e-01
2.664361282575229972e-01
4.286090351870259774e-01
3.669922242849840144e-01
2.520156769894440485e-01
4.085344526058056203e-01
4.129848362097398584e-01
4.797042954818255267e-01
3.729114537089348591e-01
3.865436184428833188e-01
4.897077445566092591e-01
5.036900650751645614e-01
4.498817930316501568e-01
3.079344579869237042e-01
3.424182051478590338e-01
4.186193001698212957e-01
2.149469511484199402e-01
2.467506671182705114e-01
3.321166150997446609e-01
4.460492564889054212e-01
2.587849109401063052e-01
3.882022030060559570e-01
3.917061152050464456e-01
4.763153749738298637e-01
4.105225697318585221e-01
4.760078483643028768e-01
4.301814211749043770e-01
4.283205844366000381e-01
4.153775783491110984e-01
2.432868751008982477e-01
3.783441733025362796e-01
3.155562018132881397e-01
2.563799614448372677e-01
2.322162192781830059e-01
4.594525912970685577e-01
4.298129960984795050e-01
2.818175702946316696e-01
4.105146718089003333e-01
4.171747612000538674e-01
5.139453189231204533e-01
3.780018162249426661e-01
4.660220936663827529e-01
4.282599508528542320e-01
4.716372931521595757e-01
4.651822951701867215e-01
2.149943943674599844e-01
3.529995759527158605e-01
3.893055339047549190e-01
2.221995861441575792e-01
2.523409751372293064e-01
4.146432773470431488e-01
3.517812510143796811e-01
2.725487030459579074e-01
4.312167455181030729e-01
3.912580863893191929e-01
5.169163706813041381e-01
4.124212032770002145e-01
4.080850131463624186e-01
4.153932964855299725e-01
4.955754036489224412e-01
4.546091887420876665e-01
2.447649457659144823e-01
3.978296074220991629e-01
4.779381751055495897e-01
2.341620923474325711e-01
2.391975889998113891e-01
4.038458951107282702e-01
3.930176327453185348e-01
3.276000322901809758e-01
3.913480253657309338e-01
3.400156069208620235e-01
5.417377846644568784e-01
4.028020701593881814e-01
3.825794017564597138e-01
5.285811396036137477e-01
4.316163082298280496e-01
3.747166200252938784e-01
3.272071684202026431e-01
3.622352737889004137e-01
4.043724217014855182e-01
2.900307231575994238e-01
1.369739040253198648e-01
1.633784194119967947e-01
1.479807355987823314e-01
1.375548201361413703e-01
1.476732431611726404e-01
2.150832727957587009e-01
2.005811607070777935e-01
1.431377297064599652e-01
1.784532361657198418e-01
3.097337692038612533e-01
2.831319898476215013e-01
1.889041353889154562e-01
1.945371871919614193e-01
2.695939946726915726e-01
2.306808266934170792e-01
1.506881104205327337e-01
1.641778997497783943e-01
1.583662926789865533e-01
3.659799015255451593e-01
2.638285114675455456e-01
3.256652406704878544e-01
1.870772459439797863e-01
2.722087286620334390e-01
1.889086196536316209e-01
2.992747022127897893e-01
2.930391103770715877e-01
2.932709123684958952e-01
2.055856001291443413e-01
8.576156267656701027e-02
1.670896823047889612e-01
3.039135672923711784e-01
1.852369037048986478e-01
2.048668365562365534e-01
2.317432130653514222e-01
1.801732719885897338e-01
2.885624344176275780e-01
2.582936475906011387e-01
2.868722742804595827e-01
3.844808566739295053e-01
2.712755939408585393e-01
2.000699545295518966e-01
3.366211962224549548e-01
2.064573411897657473e-01
2.745984340947600910e-01
1.913929023058059398e-01
2.829674881367584272e-01
1.779176868368859410e-01
2.402876000422187464e-01
1.409608230174858035e-01
1.641133263378788953e-01
1.732047246213012370e-01
1.555143003201755192e-01
2.422220428516314306e-01
2.016766025160549591e-01
2.899884305970363285e-01
1.700298652030014235e-01
2.553758860159652810e-01
1.941574515026766590e-01
2.475314122743255685e-01
1.611375682729304926e-01
1.326445502730889958e-01
2.628093021587222800e-01
2.154292017880645727e-01
1.423550216834570392e-01
