1.353360002936100093e-01
1.807269738739247789e-01
1.157524222850212503e-01
1.353073274121912584e-01
1.266761347251853520e-01
2.518671780379483360e-01
2.225474364150182294e-01
1.443278159063380028e-01
1.390795316915609536e-01
3.253967753330642143e-01
1.983834611761531586e-01
1.351180863948307775e-01
1.707481557602665012e-01
3.046780379491322854e-01
2.438109175846355781e-01
1.270217248687924017e-01
1.792202549166612424e-01
1.689908267169059064e-01
3.425420115058531167e-01
2.400657477363155601e-01
3.444438837303176459e-01
2.060380500605563658e-01
2.910320402246111549e-01
2.607573004979130138e-01
3.135345175615660285e-01
3.431842178814316635e-01
2.957206297941050166e-01
1.951831853048031640e-01
1.505601534113839568e-01
2.077557977840577275e-01
3.633567711837793479e-01
1.809371215179652048e-01
1.910433127631342709e-01
2.284631106176827631e-01
1.522191663302375209e-01
2.804551877270883287e-01
2.554753734356075001e-01
3.302863618012993885e-01
3.721740008074280182e-01
3.365683033911984201e-01
1.887363746467498327e-01
3.230318934194582603e-01
1.821709729511495623e-01
2.296124343964472958e-01
1.437979410577307493e-01
2.764246860591123012e-01
1.497387072175121736e-01
1.973929381075110456e-01
1.165954049987154156e-01
1.847900686314074004e-01
1.098039463060142829e-01
1.883074283407333571e-01
2.293096487686712703e-01
2.047984312820804731e-01
3.568833266047629627e-01
1.736097093257966961e-01
2.365092181402221605e-01
2.152090902974027609e-01
2.400206903512312473e-01
1.413396101274576322e-01
1.345331596139021368e-01
2.477627506392136303e-01
1.535591729626839541e-01
1.305189562153627469e-01
1.819629480105857955e-01
2.748901000313996312e-01
2.063988696003219991e-01
1.724195935944016767e-01
1.743288251917642917e-01
3.908113737292170931e-01
2.824827700559431887e-01
2.007721033508262642e-01
2.715089938545728887e-01
4.495441394159596094e-01
3.450242228502219954e-01
2.068362266182207920e-01
3.723575072485039161e-01
3.185641232673933065e-01
2.548720960105697597e-01
2.390471504508135669e-01
4.864251110213961282e-01
4.384784461490144336e-01
2.054022002422281612e-01
3.713362939039157040e-01
4.225751917642301958e-01
4.144846876982525297e-01
1.688514597454464639e-01
2.619906713189913972e-01
3.182220876508311536e-01
3.680677043616079613e-01
3.083051574485263790e-01
4.393835047139560412e-01
2.903209527654414535e-01
2.221837968130329632e-01
1.624949535728700267e-01
3.133225676221234601e-01
4.069955173510677593e-01
5.810107300594831159e-01
5.541705091126799543e-01
3.892600556306327064e-01
2.153382282441399509e-01
3.831150808669536167e-01
3.709030353493298349e-01
3.617313854616100999e-01
4.302389518168817650e-01
4.141845179522115616e-01
5.171940049958365648e-01
4.322155779274845511e-01
3.925985199923582303e-01
6.134392848196634773e-01
4.059820279637097462e-01
3.449048869531797235e-01
2.169640215208301359e-01
4.339529468588584904e-01
3.650240960815480662e-01
2.158015703167469601e-01
1.353360002936100093e-01
1.807269738739247789e-01
1.157524222850212503e-01
1.353073274121912584e-01
1.266761347251853520e-01
2.518671780379483360e-01
2.225474364150182294e-01
1.443278159063380028e-01
1.390795316915609536e-01
3.253967753330642143e-01
1.983834611761531586e-01
1.351180863948307775e-01
1.707481557602665012e-01
3.046780379491322854e-01
2.438109175846355781e-01
1.270217248687924017e-01
1.792202549166612424e-01
1.689908267169059064e-01
3.425420115058531167e-01
2.400657477363155601e-01
3.444438837303176459e-01
2.060380500605563658e-01
2.910320402246111549e-01
2.607573004979130138e-01
3.135345175615660285e-01
3.431842178814316635e-01
2.957206297941050166e-01
1.951831853048031640e-01
1.505601534113839568e-01
2.077557977840577275e-01
3.633567711837793479e-01
1.809371215179652048e-01
1.910433127631342709e-01
2.284631106176827631e-01
1.522191663302375209e-01
2.804551877270883287e-01
2.554753734356075001e-01
3.302863618012993885e-01
3.721740008074280182e-01
3.365683033911984201e-01
1.887363746467498327e-01
3.230318934194582603e-01
1.821709729511495623e-01
2.296124343964472958e-01
1.437979410577307493e-01
2.764246860591123012e-01
1.497387072175121736e-01
1.973929381075110456e-01
1.165954049987154156e-01
1.847900686314074004e-01
1.098039463060142829e-01
1.883074283407333571e-01
2.293096487686712703e-01
2.047984312820804731e-01
3.568833266047629627e-01
1.736097093257966961e-01
2.365092181402221605e-01
2.152090902974027609e-01
2.400206903512312473e-01
1.413396101274576322e-01
1.345331596139021368e-01
2.477627506392136303e-01
1.535591729626839541e-01
1.305189562153627469e-01
2.153382282441399509e-01
3.831150808669536167e-01
3.709030353493298349e-01
3.617313854616100999e-01
4.302389518168817650e-01
4.141845179522115616e-01
5.171940049958365648e-01
4.322155779274845511e-01
3.925985199923582303e-01
6.134392848196634773e-01
4.059820279637097462e-01
3.449048869531797235e-01
2.169640215208301359e-01
4.339529468588584904e-01
3.650240960815480662e-01
2.158015703167469601e-01
2.356468988377280471e-01
4.911024883721052392e-01
3.317184766518633254e-01
2.238931503162426562e-01
4.521598708114648035e-01
4.738239955740966014e-01
5.043846292465072878e-01
3.852190149374239980e-01
3.579598977257433257e-01
5.036659851276910072e-01
4.582128555685274773e-01
4.383923659087252678e-01
2.864441093352960710e-01
3.607286532318997319e-01
3.968495452278610336e-01
2.131240748216927938e-01
2.330335581029106817e-01
3.462604325018708851e-01
4.129057219516706900e-01
2.454139436299866972e-01
3.892465688282088498e-01
4.663146517353794485e-01
4.929277327875190573e-01
4.359156132376154069e-01
4.558145041857284419e-01
4.433599340418425960e-01
4.078167599448109248e-01
3.769271529862985304e-01
2.295425298377530288e-01
3.925935334172800939e-01
2.895194357936481944e-01
2.563619982574543710e-01
2.073761238827575293e-01
4.745338828609076964e-01
4.125895300762819073e-01
2.638247539742616388e-01
4.470631115597048511e-01
4.762755488266465775e-01
5.196638349174308447e-01
4.141843300529897132e-01
4.367828338052917037e-01
4.441446016899256999e-01
4.423012869038606132e-01
4.387559929346455112e-01
1.846412650349056606e-01
3.965005028849010738e-01
3.641844279894593250e-01
2.073309061197021186e-01
2.234727093794947050e-01
4.455624589503519029e-01
3.216840481177203892e-01
2.557722879709299346e-01
4.436540214840472007e-01
4.542485448640031231e-01
5.542577405435409332e-01
4.387482015431198867e-01
3.888656575451596709e-01
4.304564542009491346e-01
4.401416803699059188e-01
4.443610376654429928e-01
2.345714838460049023e-01
4.292373483197081674e-01
4.586735366753047494e-01
2.121072951626334635e-01
2.388614111234479698e-01
4.008718582820228749e-01
3.587074074608140872e-01
3.115541199825039853e-01
3.888664580599575094e-01
4.130412839406479852e-01
5.619065463185158871e-01
4.157043841055143019e-01
3.356883330915455543e-01
5.514560161981679753e-01
4.062091173402840316e-01
3.615964406480262627e-01
3.208505770330737916e-01
3.728232592238066023e-01
3.838777554332213904e-01
2.780372167035784492e-01
1.353360002936098982e-01
1.807269738739235299e-01
1.157524222850195295e-01
1.353073274121919523e-01
1.266761347251840197e-01
2.518671780379470593e-01
2.225474364150182849e-01
1.443278159063379751e-01
1.390795316915609536e-01
3.253967753330619939e-01
1.983834611761504385e-01
1.351180863948319988e-01
1.707481557602665012e-01
3.046780379491300095e-01
2.438109175846345789e-01
1.270217248687910416e-01
1.792202549166607428e-01
1.689908267169039358e-01
3.425420115058533943e-01
2.400657477363143943e-01
3.444438837303170908e-01
2.060380500605570320e-01
2.910320402246098226e-01
2.607573004979109599e-01
3.135345175615658619e-01
3.431842178814308308e-01
2.957206297941056827e-01
1.951831853048013043e-01
1.505601534113832907e-01
2.077557977840568115e-01
3.633567711837794589e-01
1.809371215179639003e-01
1.910433127631346317e-01
2.284631106176814308e-01
1.522191663302367715e-01
2.804551877270865523e-01
2.554753734356062789e-01
3.302863618012987224e-01
3.721740008074254646e-01
3.365683033911972544e-01
1.887363746467468351e-01
3.230318934194594815e-01
1.821709729511494791e-01
2.296124343964465742e-01
1.437979410577307215e-01
2.764246860591132449e-01
1.497387072175107858e-01
1.973929381075097134e-01
1.165954049987144026e-01
1.847900686314081498e-01
1.098039463060155874e-01
1.883074283407346061e-01
2.293096487686686336e-01
2.047984312820790853e-01
3.568833266047646280e-01
1.736097093257959190e-01
2.365092181402209948e-01
2.152090902974024555e-01
2.400206903512300538e-01
1.413396101274554395e-01
1.345331596139018870e-01
2.477627506392120760e-01
1.535591729626852031e-01
1.305189562153626082e-01
