1.273700379817445660e-01
1.654864316337674446e-01
1.352032953176224850e-01
1.236444643707787505e-01
1.207762730726272687e-01
2.463642222658107284e-01
2.198279485526942467e-01
1.137669179252939894e-01
1.366323871437772619e-01
3.142671000644484680e-01
2.458084643334172981e-01
1.480539131896761729e-01
1.349154390317834351e-01
2.765713004735613212e-01
2.562317610654540334e-01
1.324046571580686504e-01
1.727960161563423525e-01
1.520379347599342124e-01
3.301867626866916150e-01
2.171258841755092650e-01
3.091601983915695517e-01
1.966430352789521885e-01
3.037673509834235563e-01
2.535050111618601387e-01
3.399797445248161076e-01
3.462282106606370813e-01
3.152408440048189986e-01
1.656905876089323215e-01
1.314764480062755037e-01
1.999265216403102730e-01
3.573352263351421976e-01
1.470283296438479326e-01
2.013538343294271338e-01
2.581696416061869948e-01
1.880586768290974098e-01
2.849777229803567846e-01
2.634012385462487504e-01
3.343106860914467071e-01
3.990248549892110308e-01
3.184142685011345786e-01
2.165868056528515995e-01
3.669011124499117482e-01
2.556224955866271964e-01
2.620562109451609611e-01
1.338442570123562492e-01
2.567970350400323176e-01
1.815631586976892420e-01
1.750799149011383338e-01
1.056661835096546764e-01
1.491971866506008881e-01
9.163701067615510898e-02
1.724437470227237201e-01
1.972707148261262089e-01
1.854296682665541873e-01
3.220220248269667906e-01
1.650601059209222954e-01
2.669132550601986953e-01
2.019409495521241049e-01
2.865189004399349981e-01
1.275614569531109965e-01
1.238546249334490645e-01
2.005912517163110365e-01
1.605826851714709791e-01
1.362859406404672846e-01
1.804578698125367531e-01
2.478524703984950617e-01
2.006332838288449882e-01
1.681284501359033567e-01
1.615294084680696518e-01
4.126789230608545744e-01
2.596683866473986080e-01
1.854416774415640901e-01
2.621433886600472718e-01
4.295775305666863497e-01
3.752122621682960069e-01
1.768804700124226026e-01
3.573493785615841078e-01
3.115420181018291323e-01
2.553310729397250678e-01
2.502008200932175908e-01
4.738700367080441733e-01
4.567489562025377481e-01
2.398352341188663972e-01
3.917308823941490492e-01
4.180934233754586837e-01
4.309452421650137310e-01
1.447091893996486356e-01
2.853379982306478158e-01
2.950342950903374062e-01
3.768215212718811769e-01
3.029114243281860741e-01
4.709376787394981001e-01
2.971390142068535134e-01
1.913532527085978763e-01
1.485134642867149968e-01
3.086165830694649892e-01
3.946974736948867246e-01
5.553927678884429397e-01
6.239680305585093567e-01
3.606302540267286583e-01
2.095547777709848847e-01
3.633714413808559751e-01
3.885759919300605936e-01
3.424995796906518675e-01
3.996761238913345560e-01
4.041064223268324707e-01
5.259709145931403818e-01
4.037071284465360566e-01
4.290384389577390767e-01
6.269358495275205723e-01
4.834117910782333993e-01
3.435543944958868168e-01
1.891799637260294653e-01
3.906675313030391061e-01
3.837797952626461062e-01
2.049237329583661615e-01
1.273700379817445660e-01
1.654864316337674446e-01
1.352032953176224850e-01
1.236444643707787505e-01
1.207762730726272687e-01
2.463642222658107284e-01
2.198279485526942467e-01
1.137669179252939894e-01
1.366323871437772619e-01
3.142671000644484680e-01
2.458084643334172981e-01
1.480539131896761729e-01
1.349154390317834351e-01
2.765713004735613212e-01
2.562317610654540334e-01
1.324046571580686504e-01
1.727960161563423525e-01
1.520379347599342124e-01
3.301867626866916150e-01
2.171258841755092650e-01
3.091601983915695517e-01
1.966430352789521885e-01
3.037673509834235563e-01
2.535050111618601387e-01
3.399797445248161076e-01
3.462282106606370813e-01
3.152408440048189986e-01
1.656905876089323215e-01
1.314764480062755037e-01
1.999265216403102730e-01
3.573352263351421976e-01
1.470283296438479326e-01
2.013538343294271338e-01
2.581696416061869948e-01
1.880586768290974098e-01
2.849777229803567846e-01
2.634012385462487504e-01
3.343106860914467071e-01
3.990248549892110308e-01
3.184142685011345786e-01
2.165868056528515995e-01
3.669011124499117482e-01
2.556224955866271964e-01
2.620562109451609611e-01
1.338442570123562492e-01
2.567970350400323176e-01
1.815631586976892420e-01
1.750799149011383338e-01
1.056661835096546764e-01
1.491971866506008881e-01
9.163701067615510898e-02
1.724437470227237201e-01
1.972707148261262089e-01
1.854296682665541873e-01
3.220220248269667906e-01
1.650601059209222954e-01
2.669132550601986953e-01
2.019409495521241049e-01
2.865189004399349981e-01
1.275614569531109965e-01
1.238546249334490645e-01
2.005912517163110365e-01
1.605826851714709791e-01
1.362859406404672846e-01
2.095547777709848847e-01
3.633714413808559751e-01
3.885759919300605936e-01
3.424995796906518675e-01
3.996761238913345560e-01
4.041064223268324707e-01
5.259709145931403818e-01
4.037071284465360566e-01
4.290384389577390767e-01
6.269358495275205723e-01
4.834117910782333993e-01
3.435543944958868168e-01
1.891799637260294653e-01
3.906675313030391061e-01
3.837797952626461062e-01
2.049237329583661615e-01
2.157353481217540725e-01
4.559543734328005415e-01
3.640914992387513927e-01
2.138967504506773532e-01
4.393756830218280007e-01
4.607757363662874361e-01
5.133981600697259395e-01
3.426738027853274415e-01
3.764209189153846502e-01
5.326056203713831483e-01
5.418461867028574463e-01
4.383709176773162297e-01
2.750136398325965792e-01
3.091393058553659756e-01
4.071345802310610273e-01
2.051615434191718657e-01
2.324696453708980926e-01
3.427532667281280032e-01
4.037811279866987402e-01
2.308468306899060796e-01
3.716648200759613552e-01
4.298716715461506910e-01
5.255320364580325920e-01
4.154926899681432584e-01
4.484952082048977995e-01
4.723850737636968167e-01
4.772235715037948522e-01
3.882776697606038496e-01
2.242476041024488997e-01
3.605254061108054686e-01
3.012614963689344560e-01
2.273160342991645266e-01
1.917155225179382472e-01
4.475954727320842763e-01
4.398228085491639461e-01
2.550581476810983017e-01
4.136752136752138154e-01
4.659604875998319407e-01
5.487304033752120613e-01
3.707387557797394706e-01
4.621215470760096644e-01
4.598835621480805158e-01
5.204035308953345318e-01
4.468712344122174884e-01
1.852804633132496548e-01
3.646928290385397786e-01
3.543743089639073141e-01
1.934519639437672078e-01
2.108508014796547092e-01
4.307921139609783290e-01
3.442168203080656630e-01
2.297107947539511197e-01
4.177831496761425512e-01
4.318541257185228299e-01
5.803743974890706037e-01
4.021734259776083564e-01
4.120794433679759727e-01
4.422570339648019266e-01
5.290533226840132830e-01
4.485093660794220449e-01
2.236561048213328573e-01
3.941068922998423596e-01
4.484796314822134811e-01
2.043268691850686214e-01
2.269652215340637325e-01
3.769862399461925695e-01
3.662728550209983225e-01
3.128997001373199915e-01
3.845902343786484767e-01
3.831516408373731863e-01
6.025737798451406002e-01
3.722631692028884332e-01
3.456200494821052849e-01
5.830218723747218057e-01
4.678583144717123887e-01
3.731985469271082989e-01
3.011206705963306307e-01
3.575864875441956414e-01
3.878252734010380065e-01
2.500910797858924561e-01
1.273700379817436223e-01
1.654864316337674446e-01
1.352032953176225127e-01
1.236444643707782093e-01
1.207762730726269496e-01
2.463642222658105063e-01
2.198279485526914989e-01
1.137669179252909640e-01
1.366323871437740700e-01
3.142671000644494117e-01
2.458084643334166597e-01
1.480539131896723704e-01
1.349154390317816588e-01
2.765713004735607106e-01
2.562317610654541999e-01
1.324046571580683729e-01
1.727960161563418529e-01
1.520379347599331299e-01
3.301867626866930028e-01
2.171258841755098479e-01
3.091601983915707730e-01
1.966430352789524938e-01
3.037673509834236119e-01
2.535050111618599167e-01
3.399797445248154415e-01
3.462282106606355270e-01
3.152408440048170557e-01
1.656905876089301843e-01
1.314764480062727281e-01
1.999265216403084966e-01
3.573352263351401437e-01
1.470283296438456844e-01
2.013538343294261901e-01
2.581696416061866617e-01
1.880586768290949118e-01
2.849777229803547307e-01
2.634012385462493055e-01
3.343106860914444312e-01
3.990248549892106977e-01
3.184142685011338014e-01
2.165868056528509333e-01
3.669011124499105825e-01
2.556224955866245319e-01
2.620562109451591848e-01
1.338442570123549724e-01
2.567970350400310964e-01
1.815631586976886591e-01
1.750799149011363076e-01
1.056661835096534413e-01
1.491971866506011102e-01
9.163701067615634410e-02
1.724437470227249414e-01
1.972707148261254040e-01
1.854296682665541041e-01
3.220220248269652363e-01
1.650601059209196031e-01
2.669132550601961418e-01
2.019409495521234388e-01
2.865189004399346651e-01
1.275614569531084430e-01
1.238546249334461502e-01
2.005912517163088715e-01
1.605826851714709791e-01
1.362859406404653417e-01
