1.699522970916609310e-01
2.010693463016189619e-01
1.908971224374637621e-01
1.419973669362412372e-01
1.590907869636477012e-01
2.206507429001317022e-01
2.273838630806837569e-01
1.722776001504600085e-01
1.891077138020897663e-01
3.140069588113595378e-01
2.460221929659577866e-01
1.996388941132214156e-01
1.947988441875973809e-01
2.832424299416957947e-01
2.789381767376877819e-01
1.569117923641149548e-01
1.742712055670484206e-01
1.325684910036981634e-01
3.305388376904262460e-01
2.566431123888327503e-01
2.858378785029142555e-01
1.489674628549923774e-01
2.281122300682196791e-01
2.169644536392695555e-01
2.940433649480101996e-01
2.609163640572329523e-01
2.448749294715060199e-01
2.193718262177918321e-01
1.486740643219836011e-01
2.027584477462212598e-01
3.085699956115599552e-01
2.075343238668414247e-01
2.552459765173700212e-01
2.582602971600522768e-01
1.858660899003191647e-01
3.080684596577012990e-01
2.421478277223987619e-01
2.202848496247026833e-01
3.264999059620080080e-01
2.880289637013344617e-01
2.416400225691176240e-01
2.511491442542785335e-01
1.692006770735367815e-01
2.332894489373701086e-01
2.251645664848588857e-01
2.386506043178281411e-01
1.603577623137517061e-01
2.558556733843543873e-01
1.732350778805537561e-01
2.148580026330632609e-01
1.249482791047573649e-01
2.059055858566858355e-01
2.188034188034175820e-01
2.192965958247125868e-01
3.011848786909911424e-01
2.023321421854425151e-01
3.144630430693995948e-01
1.845652310199979995e-01
2.308632687605787492e-01
1.651629544050080001e-01
1.563766307042590009e-01
2.886402106450997596e-01
2.107042102152117680e-01
1.685844717629554901e-01
2.317096106827158664e-01
3.304954757277495103e-01
2.832424299416960167e-01
1.962259419472133504e-01
2.109084069964263508e-01
3.684579479200499885e-01
3.028695021360057749e-01
2.647465004433210978e-01
3.410110128936527651e-01
4.084038618268447385e-01
3.479142373518893661e-01
2.308946147576954322e-01
3.762887479268898772e-01
3.525546987649669783e-01
2.948484278557628735e-01
2.196946899880883042e-01
4.397592627421469946e-01
3.920339372662111077e-01
1.685913108895989443e-01
2.993003573443670517e-01
3.756065450441977704e-01
3.387624600338533520e-01
1.773893073854463376e-01
2.854993417340603301e-01
3.969071949512040787e-01
3.641206751231190752e-01
2.776589242053784656e-01
3.164721370963277103e-01
3.405303742712047499e-01
2.974255716956699658e-01
2.132781643784080194e-01
3.536430317848409111e-01
4.805045073621441176e-01
4.644672215756863731e-01
5.289176783572757667e-01
4.486697278445020975e-01
2.690377026869915644e-01
3.950951628676743765e-01
4.307718348002708142e-01
3.907319641916793818e-01
4.058094130972603186e-01
3.280956142330547221e-01
4.471413525915893250e-01
4.098961859625360749e-01
4.657033956289202137e-01
4.989341727798753956e-01
3.838755091294021593e-01
3.924274777355340471e-01
2.628895590980893648e-01
4.246040701694052677e-01
3.772662303467990697e-01
2.688650212346893054e-01
1.699522970916609310e-01
2.010693463016189619e-01
1.908971224374637621e-01
1.419973669362412372e-01
1.590907869636477012e-01
2.206507429001317022e-01
2.273838630806837569e-01
1.722776001504600085e-01
1.891077138020897663e-01
3.140069588113595378e-01
2.460221929659577866e-01
1.996388941132214156e-01
1.947988441875973809e-01
2.832424299416957947e-01
2.789381767376877819e-01
1.569117923641149548e-01
1.742712055670484206e-01
1.325684910036981634e-01
3.305388376904262460e-01
2.566431123888327503e-01
2.858378785029142555e-01
1.489674628549923774e-01
2.281122300682196791e-01
2.169644536392695555e-01
2.940433649480101996e-01
2.609163640572329523e-01
2.448749294715060199e-01
2.193718262177918321e-01
1.486740643219836011e-01
2.027584477462212598e-01
3.085699956115599552e-01
2.075343238668414247e-01
2.552459765173700212e-01
2.582602971600522768e-01
1.858660899003191647e-01
3.080684596577012990e-01
2.421478277223987619e-01
2.202848496247026833e-01
3.264999059620080080e-01
2.880289637013344617e-01
2.416400225691176240e-01
2.511491442542785335e-01
1.692006770735367815e-01
2.332894489373701086e-01
2.251645664848588857e-01
2.386506043178281411e-01
1.603577623137517061e-01
2.558556733843543873e-01
1.732350778805537561e-01
2.148580026330632609e-01
1.249482791047573649e-01
2.059055858566858355e-01
2.188034188034175820e-01
2.192965958247125868e-01
3.011848786909911424e-01
2.023321421854425151e-01
3.144630430693995948e-01
1.845652310199979995e-01
2.308632687605787492e-01
1.651629544050080001e-01
1.563766307042590009e-01
2.886402106450997596e-01
2.107042102152117680e-01
1.685844717629554901e-01
2.690377026869915644e-01
3.950951628676743765e-01
4.307718348002708142e-01
3.907319641916793818e-01
4.058094130972603186e-01
3.280956142330547221e-01
4.471413525915893250e-01
4.098961859625360749e-01
4.657033956289202137e-01
4.989341727798753956e-01
3.838755091294021593e-01
3.924274777355340471e-01
2.628895590980893648e-01
4.246040701694052677e-01
3.772662303467990697e-01
2.688650212346893054e-01
2.946338952515759058e-01
4.640849748102545691e-01
4.059933546486113043e-01
2.703278791298346362e-01
4.119616324995296064e-01
3.737613106806259577e-01
4.230704803356474808e-01
3.983825465488058937e-01
4.313209203184753537e-01
4.032713087054911050e-01
4.431842788811001799e-01
4.537024517032319237e-01
3.417561871466658907e-01
3.723708327786594552e-01
3.977253869386757068e-01
2.533496332518336835e-01
3.014064187215658719e-01
3.395547117195154008e-01
4.360392215869191568e-01
3.019861570869697420e-01
4.005648278895343473e-01
3.438645530141524187e-01
4.295020768762725649e-01
4.286573092336471991e-01
4.645217481886151356e-01
4.019544945158208260e-01
3.719558088146255326e-01
4.227007569619666283e-01
2.797171230815527765e-01
3.804900282968209368e-01
3.401888652965652238e-01
2.789692163353454379e-01
2.600098598827505492e-01
4.774981504470272586e-01
4.713133610549247177e-01
3.108236466914942042e-01
4.303836620730875362e-01
3.735319565135612474e-01
4.287953453961801387e-01
4.191259451529170121e-01
4.937990166369209954e-01
3.623581911977645786e-01
4.172441033743369831e-01
4.545837565361319776e-01
2.531442400531664916e-01
3.666413708700092533e-01
3.959915054083466002e-01
2.520748132981512901e-01
2.911744789707319536e-01
4.335773874591433152e-01
3.705860989594343402e-01
3.136332856820402415e-01
4.319627861939916991e-01
3.520843101708779344e-01
4.646061244451130112e-01
4.238577963675143057e-01
4.429017487666195296e-01
3.520017968815693510e-01
4.201478794957067553e-01
4.717908812534588048e-01
2.769250704319544121e-01
4.238030710023067416e-01
4.789778300822088997e-01
2.643894364607625724e-01
2.847296941424323768e-01
4.211748993642076555e-01
3.843776704090458018e-01
3.807782501285379428e-01
4.401389463651977918e-01
3.018697565930552051e-01
4.569047376907356961e-01
4.138946365198200583e-01
3.455333509958570248e-01
4.713254883292776753e-01
3.997075900447835672e-01
3.943817952672962757e-01
3.806896321098190428e-01
3.728592335086201581e-01
4.239465436561102862e-01
3.082520243340553523e-01
1.699522970916594322e-01
2.010693463016194893e-01
1.908971224374624298e-01
1.419973669362418756e-01
1.590907869636440375e-01
2.206507429001317855e-01
2.273838630806818140e-01
1.722776001504599530e-01
1.891077138020866300e-01
3.140069588113570953e-01
2.460221929659538453e-01
1.996388941132167805e-01
1.947988441875957710e-01
2.832424299416954061e-01
2.789381767376881704e-01
1.569117923641147605e-01
1.742712055670485594e-01
1.325684910036961928e-01
3.305388376904264680e-01
2.566431123888321397e-01
2.858378785029125346e-01
1.489674628549919333e-01
2.281122300682198456e-01
2.169644536392670853e-01
2.940433649480098666e-01
2.609163640572312315e-01
2.448749294715040492e-01
2.193718262177916101e-01
1.486740643219815194e-01
2.027584477462196499e-01
3.085699956115594556e-01
2.075343238668400647e-01
2.552459765173696327e-01
2.582602971600488351e-01
1.858660899003184430e-01
3.080684596577011325e-01
2.421478277223979847e-01
2.202848496247009347e-01
3.264999059620053989e-01
2.880289637013321302e-01
2.416400225691184844e-01
2.511491442542763686e-01
1.692006770735345333e-01
2.332894489373681934e-01
2.251645664848558326e-01
2.386506043178288350e-01
1.603577623137516783e-01
2.558556733843522224e-01
1.732350778805526736e-01
2.148580026330636772e-01
1.249482791047569069e-01
2.059055858566839758e-01
2.188034188034168326e-01
2.192965958247133640e-01
3.011848786909878672e-01
2.023321421854407109e-01
3.144630430693979295e-01
1.845652310199965007e-01
2.308632687605785550e-01
1.651629544050067511e-01
1.563766307042575021e-01
2.886402106450983163e-01
2.107042102152109631e-01
1.685844717629554068e-01
