2.119825951132427444e-01
2.576465150380131131e-01
2.154691509539212180e-01
1.840901483878162326e-01
1.954144817583398086e-01
2.257056789021525400e-01
2.158875376548032299e-01
2.175610844583280024e-01
2.213225801310145235e-01
2.994254155974559461e-01
2.355796050429533328e-01
2.456208858641060477e-01
2.335155639852723175e-01
2.711145821711478110e-01
3.027844631102473150e-01
1.917675443489893494e-01
2.458440254379114787e-01
1.547163028251943573e-01
3.036720406114014614e-01
3.012384246346081484e-01
2.920897021086676371e-01
1.626352783666172030e-01
1.813110464231736108e-01
2.288761203466086747e-01
2.834510128942782092e-01
2.186682000360455624e-01
1.863215441258500027e-01
1.634218453642753699e-01
1.692792591766132393e-01
2.121437514721002948e-01
2.801331399457023252e-01
2.279538101082221602e-01
2.821121754514585578e-01
2.323663951801851202e-01
2.048839674216219597e-01
3.204842128751523300e-01
2.593997545464687415e-01
2.111610357733304522e-01
2.409907397076870017e-01
2.538631038714707633e-01
2.282717840008924304e-01
2.239428762691058894e-01
1.433894901260737709e-01
1.929041615530512899e-01
1.761129086243438668e-01
2.168212006083488907e-01
1.466088983103374654e-01
2.491010049863115194e-01
2.163946730498106374e-01
2.162222470155070742e-01
1.551377886868218758e-01
1.858752649782424438e-01
2.594369444754346388e-01
1.723275051401792213e-01
2.769162110900364460e-01
2.015787124846588618e-01
3.476514559857187825e-01
1.641238052735317088e-01
2.315073078210412583e-01
1.656970720900202698e-01
1.888065075613886701e-01
2.825039979173625815e-01
2.413413876093777888e-01
1.856115545728390936e-01
2.721311068962521951e-01
3.699034301511150979e-01
3.157424969318300412e-01
2.468481535200267030e-01
2.348822938748181544e-01
3.397807146551977686e-01
2.555147351811413170e-01
3.300871838191928309e-01
3.696926872203002978e-01
3.750697311168136316e-01
3.490181858752645083e-01
2.421250325411877791e-01
3.764719604840099931e-01
3.976719104466506782e-01
3.731299382309085644e-01
2.259939008516488879e-01
4.016512328461451786e-01
3.966925756505133016e-01
1.619156532411022975e-01
2.326564766261295658e-01
3.537877942653128716e-01
2.661895730064869348e-01
2.102752837689443322e-01
3.070360689182503600e-01
4.143391969454670032e-01
3.290895492167382752e-01
2.722477128193682705e-01
2.923390933970368977e-01
2.963851389043842821e-01
2.652735756804118772e-01
2.621889992190110097e-01
4.037933727546578200e-01
5.549702507560968501e-01
4.304914065294139225e-01
4.592490367701982379e-01
4.687242987486778256e-01
3.318914587950118067e-01
4.284040832264175980e-01
4.489038879901823820e-01
4.279438835276394015e-01
4.574053472626408157e-01
3.147556757962849394e-01
3.690243766385895574e-01
4.129246388129633183e-01
4.836492972823648873e-01
4.391356929218670491e-01
3.379419710094113127e-01
3.538581683837439540e-01
2.822666818315835435e-01
4.124079932636857126e-01
3.767873412543463751e-01
2.939902736857051835e-01
2.119825951132427444e-01
2.576465150380131131e-01
2.154691509539212180e-01
1.840901483878162326e-01
1.954144817583398086e-01
2.257056789021525400e-01
2.158875376548032299e-01
2.175610844583280024e-01
2.213225801310145235e-01
2.994254155974559461e-01
2.355796050429533328e-01
2.456208858641060477e-01
2.335155639852723175e-01
2.711145821711478110e-01
3.027844631102473150e-01
1.917675443489893494e-01
2.458440254379114787e-01
1.547163028251943573e-01
3.036720406114014614e-01
3.012384246346081484e-01
2.920897021086676371e-01
1.626352783666172030e-01
1.813110464231736108e-01
2.288761203466086747e-01
2.834510128942782092e-01
2.186682000360455624e-01
1.863215441258500027e-01
1.634218453642753699e-01
1.692792591766132393e-01
2.121437514721002948e-01
2.801331399457023252e-01
2.279538101082221602e-01
2.821121754514585578e-01
2.323663951801851202e-01
2.048839674216219597e-01
3.204842128751523300e-01
2.593997545464687415e-01
2.111610357733304522e-01
2.409907397076870017e-01
2.538631038714707633e-01
2.282717840008924304e-01
2.239428762691058894e-01
1.433894901260737709e-01
1.929041615530512899e-01
1.761129086243438668e-01
2.168212006083488907e-01
1.466088983103374654e-01
2.491010049863115194e-01
2.163946730498106374e-01
2.162222470155070742e-01
1.551377886868218758e-01
1.858752649782424438e-01
2.594369444754346388e-01
1.723275051401792213e-01
2.769162110900364460e-01
2.015787124846588618e-01
3.476514559857187825e-01
1.641238052735317088e-01
2.315073078210412583e-01
1.656970720900202698e-01
1.888065075613886701e-01
2.825039979173625815e-01
2.413413876093777888e-01
1.856115545728390936e-01
3.318914587950118067e-01
4.284040832264175980e-01
4.489038879901823820e-01
4.279438835276394015e-01
4.574053472626408157e-01
3.147556757962849394e-01
3.690243766385895574e-01
4.129246388129633183e-01
4.836492972823648873e-01
4.391356929218670491e-01
3.379419710094113127e-01
3.538581683837439540e-01
2.822666818315835435e-01
4.124079932636857126e-01
3.767873412543463751e-01
2.939902736857051835e-01
3.579041321925809926e-01
4.836134698610251581e-01
4.191304994607459866e-01
3.388002528915166622e-01
4.516344973781096228e-01
3.656183238912236177e-01
3.505962806725226311e-01
4.014280932723419681e-01
4.310312767302613701e-01
3.695479264215250637e-01
3.788186267266929752e-01
4.141692732707861757e-01
4.017496767757643972e-01
3.325383868919836727e-01
4.101830400798051612e-01
2.566012123916841525e-01
3.444056116170318149e-01
3.966125832012948327e-01
4.735657833565780628e-01
3.293723849372383605e-01
4.398025962879514861e-01
3.142030787641358902e-01
3.730466562827674526e-01
4.240829489134211316e-01
5.140864714086466059e-01
3.362681931360219090e-01
2.908610679614768157e-01
4.341637163394480581e-01
3.114365411436538222e-01
3.732371700431102446e-01
3.462383057957461041e-01
2.833997866929195419e-01
3.487209152092455855e-01
5.003595427607918644e-01
4.622165382040404058e-01
3.577814661905821536e-01
4.458268243695603927e-01
3.486275384958711920e-01
4.009769644672563915e-01
3.940177973666593170e-01
4.871019200409965610e-01
3.085324477360154583e-01
3.627315331399238452e-01
4.416703860745365695e-01
3.072751617942418023e-01
3.633245256966400882e-01
3.610493195683341927e-01
2.736554340548979503e-01
3.806282430396698002e-01
4.372894084959079164e-01
3.671596928306181118e-01
3.901690565195558014e-01
4.707092417078856394e-01
3.388972637743173366e-01
4.025821570049653575e-01
3.954061114533515275e-01
4.240361546616078781e-01
3.280356164113805706e-01
3.679339230324206733e-01
4.338461561978598224e-01
3.232190791472161484e-01
3.926940173276634582e-01
4.635911061890540252e-01
2.865145343971434722e-01
3.466019417475724174e-01
4.423683182680502868e-01
4.193409536563201256e-01
4.199233716475094247e-01
4.495963992113971575e-01
2.890302421604731831e-01
4.044938589320807298e-01
4.058661607707474417e-01
3.967002284936656520e-01
4.068863866634405135e-01
3.154059749108883426e-01
3.950295028456644042e-01
4.197944177857130810e-01
3.663066611812051954e-01
4.256393087996701574e-01
3.180547076547389773e-01
2.119825951132419395e-01
2.576465150380106151e-01
2.154691509539198857e-01
1.840901483878145117e-01
1.954144817583365057e-01
2.257056789021505694e-01
2.158875376548009817e-01
2.175610844583278081e-01
2.213225801310143570e-01
2.994254155974545029e-01
2.355796050429524724e-01
2.456208858641071024e-01
2.335155639852725118e-01
2.711145821711477555e-01
3.027844631102436512e-01
1.917675443489905707e-01
2.458440254379103129e-01
1.547163028251947459e-01
3.036720406114029047e-01
3.012384246346089811e-01
2.920897021086669154e-01
1.626352783666170088e-01
1.813110464231729724e-01
2.288761203466090910e-01
2.834510128942790974e-01
2.186682000360437583e-01
1.863215441258502802e-01
1.634218453642744817e-01
1.692792591766091037e-01
2.121437514720997397e-01
2.801331399457017146e-01
2.279538101082224932e-01
2.821121754514560598e-01
2.323663951801847871e-01
2.048839674216179629e-01
3.204842128751533847e-01
2.593997545464657994e-01
2.111610357733283982e-01
2.409907397076863078e-01
2.538631038714692090e-01
2.282717840008909038e-01
2.239428762691036690e-01
1.433894901260723831e-01
1.929041615530499021e-01
1.761129086243428121e-01
2.168212006083448939e-01
1.466088983103365495e-01
2.491010049863117692e-01
2.163946730498106097e-01
2.162222470155050480e-01
1.551377886868235689e-01
1.858752649782422217e-01
2.594369444754342502e-01
1.723275051401793045e-01
2.769162110900334484e-01
2.015787124846590006e-01
3.476514559857182274e-01
1.641238052735314867e-01
2.315073078210383439e-01
1.656970720900181326e-01
1.888065075613890031e-01
2.825039979173642468e-01
2.413413876093756516e-01
1.856115545728384830e-01
