1.732324969512327451e-01
1.761991337736986407e-01
1.389366615891099999e-01
1.626455702422474892e-01
1.556301199660241052e-01
2.161466267013901210e-01
2.090314972237232449e-01
1.401405336347099906e-01
1.761991337736986407e-01
3.159402486364302765e-01
2.754966995888810666e-01
1.962380227015860790e-01
2.056901380767523768e-01
2.548769102255417640e-01
2.701025572628923399e-01
1.515822318313589101e-01
1.681630246319928967e-01
1.490158823754221262e-01
3.810537565721581199e-01
2.410832742511767046e-01
3.232764974694114501e-01
1.776119109626062287e-01
2.637100700881345738e-01
1.982294072363356419e-01
2.869665934281919739e-01
2.799983368800622041e-01
2.789052135030209989e-01
1.914451378310647878e-01
1.092624441059398543e-01
1.851506068497847934e-01
3.052702842885136603e-01
1.704771264311323864e-01
2.119937946187256950e-01
2.478684094147703687e-01
1.855437079258995259e-01
2.833276006093067845e-01
2.612893715296537578e-01
2.862052791687696440e-01
3.470099749398059541e-01
2.857427153456827407e-01
2.182235107201940250e-01
3.245049383322678449e-01
2.242504053854847135e-01
2.431133605228245342e-01
1.879661933074539826e-01
2.604511869324918072e-01
1.630605102670357187e-01
2.325155067035068468e-01
1.623596785505279916e-01
1.639939069333203048e-01
1.574025846395745998e-01
1.846100928701282229e-01
2.233512958686165450e-01
1.946524214324321655e-01
2.783352169426554501e-01
1.647486609994582574e-01
2.738604163595554919e-01
1.912805267554411326e-01
2.438455112770862576e-01
1.605480952146956242e-01
1.488423620014191762e-01
2.341637593566229802e-01
2.043339393641590840e-01
1.627795819727418380e-01
2.299816006857426098e-01
2.952691377437088316e-01
2.183676477814349981e-01
2.065418570750000016e-01
2.056557417325929615e-01
3.727759636560182832e-01
2.711239180945823612e-01
2.375004387288797425e-01
2.978832598998675252e-01
4.081126234583059564e-01
3.559844725074930438e-01
2.251486413444057921e-01
3.424937796221761976e-01
3.364748660999457019e-01
2.852913191668034476e-01
2.340572944818433976e-01
4.714264655299493789e-01
4.280433939910122110e-01
2.130706107807968652e-01
3.433718244803692365e-01
3.569308633482375925e-01
3.617091473216480502e-01
1.726536132971600301e-01
2.733456411408349829e-01
3.259397572600845616e-01
3.715678727226071620e-01
2.937017836961324235e-01
4.099951729500210806e-01
3.050660901184215623e-01
2.378752886836027480e-01
2.013660262394960099e-01
3.319659967569162928e-01
4.562237923301191156e-01
4.919929198740468634e-01
5.725765275450381830e-01
4.059117672344324523e-01
2.516617291274313994e-01
3.681748496403159931e-01
4.372223750933603714e-01
3.764470891151375787e-01
4.347970394588014931e-01
3.635891249656039714e-01
4.626867211761463983e-01
3.713294547741653462e-01
4.281993901377524891e-01
5.557391990461921782e-01
4.410354180588860196e-01
3.787635278358177371e-01
2.412343150383162438e-01
3.896398293583717698e-01
3.719453070744393464e-01
2.471500452061794750e-01
1.732324969512327451e-01
1.761991337736986407e-01
1.389366615891099999e-01
1.626455702422474892e-01
1.556301199660241052e-01
2.161466267013901210e-01
2.090314972237232449e-01
1.401405336347099906e-01
1.761991337736986407e-01
3.159402486364302765e-01
2.754966995888810666e-01
1.962380227015860790e-01
2.056901380767523768e-01
2.548769102255417640e-01
2.701025572628923399e-01
1.515822318313589101e-01
1.681630246319928967e-01
1.490158823754221262e-01
3.810537565721581199e-01
2.410832742511767046e-01
3.232764974694114501e-01
1.776119109626062287e-01
2.637100700881345738e-01
1.982294072363356419e-01
2.869665934281919739e-01
2.799983368800622041e-01
2.789052135030209989e-01
1.914451378310647878e-01
1.092624441059398543e-01
1.851506068497847934e-01
3.052702842885136603e-01
1.704771264311323864e-01
2.119937946187256950e-01
2.478684094147703687e-01
1.855437079258995259e-01
2.833276006093067845e-01
2.612893715296537578e-01
2.862052791687696440e-01
3.470099749398059541e-01
2.857427153456827407e-01
2.182235107201940250e-01
3.245049383322678449e-01
2.242504053854847135e-01
2.431133605228245342e-01
1.879661933074539826e-01
2.604511869324918072e-01
1.630605102670357187e-01
2.325155067035068468e-01
1.623596785505279916e-01
1.639939069333203048e-01
1.574025846395745998e-01
1.846100928701282229e-01
2.233512958686165450e-01
1.946524214324321655e-01
2.783352169426554501e-01
1.647486609994582574e-01
2.738604163595554919e-01
1.912805267554411326e-01
2.438455112770862576e-01
1.605480952146956242e-01
1.488423620014191762e-01
2.341637593566229802e-01
2.043339393641590840e-01
1.627795819727418380e-01
2.516617291274313994e-01
3.681748496403159931e-01
4.372223750933603714e-01
3.764470891151375787e-01
4.347970394588014931e-01
3.635891249656039714e-01
4.626867211761463983e-01
3.713294547741653462e-01
4.281993901377524891e-01
5.557391990461921782e-01
4.410354180588860196e-01
3.787635278358177371e-01
2.412343150383162438e-01
3.896398293583717698e-01
3.719453070744393464e-01
2.471500452061794750e-01
2.943675339890188258e-01
4.319052186090919232e-01
3.781632352218560200e-01
2.669156306815386737e-01
4.107120043241112017e-01
4.015294543720667741e-01
4.745129210725470004e-01
3.535944179647188546e-01
3.986044911797940182e-01
4.814790745005793626e-01
4.839860449117979746e-01
4.340425983236450569e-01
3.215248853214318081e-01
3.248382573492638037e-01
4.018446846086470292e-01
2.321147199973792596e-01
2.730662994604055038e-01
3.525490056722957455e-01
4.473318002240699864e-01
2.658175599976411174e-01
3.878456488575002248e-01
3.754428188771537500e-01
4.599871777011749763e-01
4.164791312476093799e-01
4.958519869186769347e-01
4.065503341331688780e-01
4.173451847298162432e-01
4.068303495156494476e-01
2.508009513139531910e-01
3.733665994661646281e-01
3.156146101864777398e-01
2.580696350714348219e-01
2.516786004499023677e-01
4.609681177841328803e-01
4.523684427372769434e-01
2.971214607923106654e-01
4.131824669106126668e-01
4.123716254066218112e-01
4.930245026900654803e-01
3.687845812899862574e-01
4.772527955313719539e-01
4.008791561886235755e-01
4.679154422965414173e-01
4.560612463514589487e-01
2.397518173092352822e-01
3.505945458098333467e-01
3.664533037479398292e-01
2.284252295357616092e-01
2.702453023036399116e-01
4.256478866347436218e-01
3.622548349737985673e-01
2.950605393505778551e-01
4.348065372927185090e-01
3.814423252665253283e-01
5.099198050161177775e-01
3.885522751874630476e-01
4.299424089944179905e-01
3.975675575678810914e-01
4.730315574573207837e-01
4.498701651180900818e-01
2.587145434214777606e-01
3.858891570018118111e-01
4.665568670848985189e-01
2.425976884975230841e-01
2.655983724975675142e-01
4.011815608691803869e-01
4.056962585134293864e-01
3.455232217209983636e-01
4.129787422236636529e-01
3.297068333480752123e-01
5.095089443965313825e-01
3.959312439189782706e-01
3.655899307498064466e-01
5.215480646746750715e-01
4.197004567667204089e-01
3.846070923135894160e-01
3.531409464717240598e-01
3.514812315506545271e-01
4.099782047124083673e-01
2.795995067543776136e-01
1.732324969512313573e-01
1.761991337736982521e-01
1.389366615891085288e-01
1.626455702422470728e-01
1.556301199660230505e-01
2.161466267013906761e-01
2.090314972237219959e-01
1.401405336347090191e-01
1.761991337736997232e-01
3.159402486364288332e-01
2.754966995888776804e-01
1.962380227015853018e-01
2.056901380767507947e-01
2.548769102255415975e-01
2.701025572628934501e-01
1.515822318313592709e-01
1.681630246319942568e-01
1.490158823754198780e-01
3.810537565721563436e-01
2.410832742511766214e-01
3.232764974694111726e-01
1.776119109626036752e-01
2.637100700881336857e-01
1.982294072363321447e-01
2.869665934281892539e-01
2.799983368800625927e-01
2.789052135030216650e-01
1.914451378310651208e-01
1.092624441059405899e-01
1.851506068497851820e-01
3.052702842885118284e-01
1.704771264311301382e-01
2.119937946187269162e-01
2.478684094147672323e-01
1.855437079259007749e-01
2.833276006093050636e-01
2.612893715296535913e-01
2.862052791687704212e-01
3.470099749398034561e-01
2.857427153456830737e-01
2.182235107201903335e-01
3.245049383322668457e-01
2.242504053854816881e-01
2.431133605228218697e-01
1.879661933074504576e-01
2.604511869324908635e-01
1.630605102670349416e-01
2.325155067035060141e-01
1.623596785505272144e-01
1.639939069333180843e-01
1.574025846395753492e-01
1.846100928701259192e-01
2.233512958686134087e-01
1.946524214324292790e-01
2.783352169426531186e-01
1.647486609994582851e-01
2.738604163595531049e-01
1.912805267554402444e-01
2.438455112770868682e-01
1.605480952146944584e-01
1.488423620014196203e-01
2.341637593566252840e-01
2.043339393641557533e-01
1.627795819727408944e-01
