2.289229386402254762e-01
2.383576222599849137e-01
2.066275297389149890e-01
1.828106493640237473e-01
2.180755715438240927e-01
2.069107575055346981e-01
2.064987898449962278e-01
2.114767324098379975e-01
2.113246967255913711e-01
2.376109308752595850e-01
2.640254962207681522e-01
2.859742176905778477e-01
2.084618781668052256e-01
2.296719707502962449e-01
3.305402906824183584e-01
1.871899514221463112e-01
2.089313607929385308e-01
1.411580487228048519e-01
3.317519783030364322e-01
2.309961525163132523e-01
2.188578196611559445e-01
1.552242648952053827e-01
2.206102427020077417e-01
2.177621001195846340e-01
2.337033685712810727e-01
1.703961623627923416e-01
2.198877388125030086e-01
1.786652247798541648e-01
1.466347391729734551e-01
2.111048171607404766e-01
3.428200330718478295e-01
1.782223595447753328e-01
3.163323107707471382e-01
2.602494120878170447e-01
1.967274318965958890e-01
2.760183325608932536e-01
2.351648728908112829e-01
1.954365218693964179e-01
2.068420962287789988e-01
2.500150196542901271e-01
2.764303002214324456e-01
2.308254801998039507e-01
2.210412482620110197e-01
2.319034622448797045e-01
2.139485383730697077e-01
2.655601359854642407e-01
2.006148998785070303e-01
2.465864121974109258e-01
1.825141574871222971e-01
2.139554045007468208e-01
9.016942170039655979e-02
2.562095542166596407e-01
2.514528535435889833e-01
2.017072136027796558e-01
2.089362651698493389e-01
2.356455018281050640e-01
3.626688638275231136e-01
1.832540867764093639e-01
2.527593250596487651e-01
2.158587931799730020e-01
1.867586727775194799e-01
2.784643905453413892e-01
1.884261609273194527e-01
1.707169017535145605e-01
2.735312685361604990e-01
3.531897931197586216e-01
2.773915580960220062e-01
2.430323108524866660e-01
2.822493434265404555e-01
3.561803731740386669e-01
2.603672397431083807e-01
3.517517208232476267e-01
3.890424231327460625e-01
3.312005424240859752e-01
3.620423296771195787e-01
2.674814471508428770e-01
3.218029202889386986e-01
3.694319995880326335e-01
3.043317463215503560e-01
2.563297114509839325e-01
4.646995210875941584e-01
3.677192821844966764e-01
1.996369534991498107e-01
2.787888150780163943e-01
2.797260415057417071e-01
2.177690479868758522e-01
1.536336722128707755e-01
2.998168215223667166e-01
4.390602559921262249e-01
3.845679965974517778e-01
2.726603669945242281e-01
2.860267233728034930e-01
3.538458897643197432e-01
2.892507742063808451e-01
2.389412431124149916e-01
4.072025679317504698e-01
5.381804044243024832e-01
3.981455539649932374e-01
5.071958124334575713e-01
4.724884815221879197e-01
3.308940793148969495e-01
4.210237220639224121e-01
4.362920113975763958e-01
4.079074976827213317e-01
4.167418581106684949e-01
3.067540080332312735e-01
3.484671633080435593e-01
4.191698994129556266e-01
4.869161643853530119e-01
3.984084306106536189e-01
4.079488776526090654e-01
4.202592182783744801e-01
2.775970124832082830e-01
4.084834455598984615e-01
4.203943378305697864e-01
2.698217022086701888e-01
2.289229386402254762e-01
2.383576222599849137e-01
2.066275297389149890e-01
1.828106493640237473e-01
2.180755715438240927e-01
2.069107575055346981e-01
2.064987898449962278e-01
2.114767324098379975e-01
2.113246967255913711e-01
2.376109308752595850e-01
2.640254962207681522e-01
2.859742176905778477e-01
2.084618781668052256e-01
2.296719707502962449e-01
3.305402906824183584e-01
1.871899514221463112e-01
2.089313607929385308e-01
1.411580487228048519e-01
3.317519783030364322e-01
2.309961525163132523e-01
2.188578196611559445e-01
1.552242648952053827e-01
2.206102427020077417e-01
2.177621001195846340e-01
2.337033685712810727e-01
1.703961623627923416e-01
2.198877388125030086e-01
1.786652247798541648e-01
1.466347391729734551e-01
2.111048171607404766e-01
3.428200330718478295e-01
1.782223595447753328e-01
3.163323107707471382e-01
2.602494120878170447e-01
1.967274318965958890e-01
2.760183325608932536e-01
2.351648728908112829e-01
1.954365218693964179e-01
2.068420962287789988e-01
2.500150196542901271e-01
2.764303002214324456e-01
2.308254801998039507e-01
2.210412482620110197e-01
2.319034622448797045e-01
2.139485383730697077e-01
2.655601359854642407e-01
2.006148998785070303e-01
2.465864121974109258e-01
1.825141574871222971e-01
2.139554045007468208e-01
9.016942170039655979e-02
2.562095542166596407e-01
2.514528535435889833e-01
2.017072136027796558e-01
2.089362651698493389e-01
2.356455018281050640e-01
3.626688638275231136e-01
1.832540867764093639e-01
2.527593250596487651e-01
2.158587931799730020e-01
1.867586727775194799e-01
2.784643905453413892e-01
1.884261609273194527e-01
1.707169017535145605e-01
3.308940793148969495e-01
4.210237220639224121e-01
4.362920113975763958e-01
4.079074976827213317e-01
4.167418581106684949e-01
3.067540080332312735e-01
3.484671633080435593e-01
4.191698994129556266e-01
4.869161643853530119e-01
3.984084306106536189e-01
4.079488776526090654e-01
4.202592182783744801e-01
2.775970124832082830e-01
4.084834455598984615e-01
4.203943378305697864e-01
2.698217022086701888e-01
3.640005312214568134e-01
3.991853585062616894e-01
4.319938662592760492e-01
3.450229157011173720e-01
3.673378306469607946e-01
3.231441270131901189e-01
4.206991654269326419e-01
3.542235267864805581e-01
4.682699074789293814e-01
3.871665429102524314e-01
4.198228817416208569e-01
4.093306063533712069e-01
3.894154602981311775e-01
3.584184800183360387e-01
3.506268875540323182e-01
2.931659142535084639e-01
3.329311194403606344e-01
3.900349074797184179e-01
4.665270530074156485e-01
3.193834111507825591e-01
4.025732575581512651e-01
2.780441833455046252e-01
4.103500548965515748e-01
4.003923902546151492e-01
5.346138000971832893e-01
3.358693509333883775e-01
3.391117685386295655e-01
4.397051211628245082e-01
3.025868580060420143e-01
3.651749270898450583e-01
3.372399919065509621e-01
3.083580383540397429e-01
3.374257461523514912e-01
4.715818384688004739e-01
4.917372559635024287e-01
3.342438417303233433e-01
4.315299592786505101e-01
3.339215517981287129e-01
3.824964952936799056e-01
3.795350184533515803e-01
4.765928850488116431e-01
3.370258463302052143e-01
4.150922667582182535e-01
4.555797785597799909e-01
3.056103910966149750e-01
3.129712853171126019e-01
3.895527553250163755e-01
3.008881314091162440e-01
3.579153362859199827e-01
4.178815329880827267e-01
3.866280454343076767e-01
3.729872626772405830e-01
4.481364220557343958e-01
3.035165938583971879e-01
4.080420228653824366e-01
3.834106344180852610e-01
4.504473022085545009e-01
3.306044119161723471e-01
4.161145740171305896e-01
4.506610869451732615e-01
3.075849822425162361e-01
3.794966594705873608e-01
4.840558361528012887e-01
3.037731314587839848e-01
3.374143820919094372e-01
4.132319365526240795e-01
4.328311723982333215e-01
4.062028278944145310e-01
4.362865431823254592e-01
2.614114294542768113e-01
4.058950026922322762e-01
3.930658792966311155e-01
4.006121393967079780e-01
4.114953016768380101e-01
3.639459113946164615e-01
4.156003768046284685e-01
3.995445155900408940e-01
3.660162235620662563e-01
4.373495455499817886e-01
3.318546583311540177e-01
2.289229386402236721e-01
2.383576222599837480e-01
2.066275297389131016e-01
1.828106493640239971e-01
2.180755715438243703e-01
2.069107575055343096e-01
2.064987898449976711e-01
2.114767324098348056e-01
2.113246967255907605e-01
2.376109308752581695e-01
2.640254962207643774e-01
2.859742176905724631e-01
2.084618781668029774e-01
2.296719707502963559e-01
3.305402906824156384e-01
1.871899514221458949e-01
2.089313607929391692e-01
1.411580487228041303e-01
3.317519783030350444e-01
2.309961525163136686e-01
2.188578196611574711e-01
1.552242648952036619e-01
2.206102427020076862e-01
2.177621001195834405e-01
2.337033685712789355e-01
1.703961623627930633e-01
2.198877388124999832e-01
1.786652247798518056e-01
1.466347391729688199e-01
2.111048171607384227e-01
3.428200330718492728e-01
1.782223595447756936e-01
3.163323107707456394e-01
2.602494120878173778e-01
1.967274318965967772e-01
2.760183325608942528e-01
2.351648728908103392e-01
1.954365218693969175e-01
2.068420962287770837e-01
2.500150196542895720e-01
2.764303002214333338e-01
2.308254801998050332e-01
2.210412482620089658e-01
2.319034622448788441e-01
2.139485383730663492e-01
2.655601359854614096e-01
2.006148998785069748e-01
2.465864121974104262e-01
1.825141574871184391e-01
2.139554045007462102e-01
9.016942170039317361e-02
2.562095542166578643e-01
2.514528535435872625e-01
2.017072136027773799e-01
2.089362651698478401e-01
2.356455018281042868e-01
3.626688638275208376e-01
1.832540867764094195e-01
2.527593250596453789e-01
2.158587931799708926e-01
1.867586727775196465e-01
2.784643905453426105e-01
1.884261609273187865e-01
1.707169017535149214e-01
