2.293384597224327470e-01
2.499933752020548905e-01
1.785383045817100223e-01
2.109998145056574959e-01
2.485359196544498217e-01
2.596920793915785675e-01
2.031163049526977238e-01
2.671118530884800113e-01
1.769616026711179901e-01
2.751112966054524156e-01
2.133494095096756527e-01
2.339825635318109054e-01
1.902834690814645680e-01
3.199777406789088285e-01
2.821633940164823273e-01
2.292710072342784289e-01
3.204017277473039105e-01
1.932026628743376551e-01
3.126043405676118270e-01
2.989108832180607522e-01
3.878686700055648529e-01
1.818586533110732872e-01
1.691033878012169756e-01
2.101650899647560800e-01
2.960489705063980570e-01
1.821839818500913810e-01
1.706547950287509996e-01
1.677796327212013883e-01
1.466332776850295949e-01
2.038582823223886176e-01
2.867948638677619844e-01
2.153032832498596449e-01
2.914911095211585867e-01
2.586440363568909828e-01
1.586904099424960024e-01
3.171953255425698504e-01
2.434613244296037482e-01
2.003507529383989350e-01
2.133184937859389785e-01
2.224077165646443921e-01
2.475731156866384508e-01
2.025598219254304277e-01
1.612687813021695116e-01
1.765906139862732926e-01
1.749211649044689343e-01
1.802419236739585540e-01
1.437787258599713403e-01
2.600487992808522830e-01
1.175359606077470420e-01
2.800222593210899835e-01
1.289649415692820100e-01
1.955110369133728487e-01
2.690904594076544143e-01
2.022418316241348657e-01
2.806529400853258194e-01
1.897607122982735983e-01
3.414744739174345733e-01
1.670994867989852861e-01
2.434613244296037482e-01
1.616980682089192989e-01
1.863374985244763138e-01
3.056946763123710720e-01
2.665023716776624974e-01
1.686312203841418556e-01
2.723881366062777531e-01
3.714008944949400703e-01
2.782415136338340367e-01
2.890620169418158247e-01
2.668336115748461412e-01
3.541255628066977690e-01
2.504173622704501945e-01
3.610514879296181090e-01
3.194624786166243013e-01
3.371205094911269851e-01
3.182526432943789119e-01
2.223458851171701833e-01
4.054737694136690274e-01
3.826129969702591893e-01
4.495033810559678211e-01
2.527360415507327041e-01
4.123539232053416992e-01
4.699190008038077182e-01
1.815525876460765964e-01
2.150250417362269406e-01
3.642181413466880624e-01
2.285820282481383081e-01
1.786505774731758645e-01
2.645281818904514637e-01
4.373132175024212476e-01
3.233097686816837069e-01
2.653148766462617991e-01
2.708653856645607538e-01
3.325913559636426431e-01
3.077023797832988961e-01
1.966240029679089951e-01
4.070487850120569351e-01
5.668375920868982121e-01
4.517602645841281572e-01
4.244905932080818012e-01
4.684598146597501733e-01
3.354633126517396202e-01
4.866468842729967936e-01
4.005934718100885861e-01
4.435506305637978430e-01
5.200261743463411301e-01
3.393221439169135101e-01
3.455953264094955846e-01
4.005934718100885861e-01
4.750335594178321519e-01
3.970999418764724065e-01
3.352585841458244897e-01
3.417884044738644378e-01
2.569752206250718318e-01
4.276617917196547936e-01
3.804401582591490083e-01
2.980004046398703199e-01
2.293384597224327470e-01
2.499933752020548905e-01
1.785383045817100223e-01
2.109998145056574959e-01
2.485359196544498217e-01
2.596920793915785675e-01
2.031163049526977238e-01
2.671118530884800113e-01
1.769616026711179901e-01
2.751112966054524156e-01
2.133494095096756527e-01
2.339825635318109054e-01
1.902834690814645680e-01
3.199777406789088285e-01
2.821633940164823273e-01
2.292710072342784289e-01
3.204017277473039105e-01
1.932026628743376551e-01
3.126043405676118270e-01
2.989108832180607522e-01
3.878686700055648529e-01
1.818586533110732872e-01
1.691033878012169756e-01
2.101650899647560800e-01
2.960489705063980570e-01
1.821839818500913810e-01
1.706547950287509996e-01
1.677796327212013883e-01
1.466332776850295949e-01
2.038582823223886176e-01
2.867948638677619844e-01
2.153032832498596449e-01
2.914911095211585867e-01
2.586440363568909828e-01
1.586904099424960024e-01
3.171953255425698504e-01
2.434613244296037482e-01
2.003507529383989350e-01
2.133184937859389785e-01
2.224077165646443921e-01
2.475731156866384508e-01
2.025598219254304277e-01
1.612687813021695116e-01
1.765906139862732926e-01
1.749211649044689343e-01
1.802419236739585540e-01
1.437787258599713403e-01
2.600487992808522830e-01
1.175359606077470420e-01
2.800222593210899835e-01
1.289649415692820100e-01
1.955110369133728487e-01
2.690904594076544143e-01
2.022418316241348657e-01
2.806529400853258194e-01
1.897607122982735983e-01
3.414744739174345733e-01
1.670994867989852861e-01
2.434613244296037482e-01
1.616980682089192989e-01
1.863374985244763138e-01
3.056946763123710720e-01
2.665023716776624974e-01
1.686312203841418556e-01
3.354633126517396202e-01
4.866468842729967936e-01
4.005934718100885861e-01
4.435506305637978430e-01
5.200261743463411301e-01
3.393221439169135101e-01
3.455953264094955846e-01
4.005934718100885861e-01
4.750335594178321519e-01
3.970999418764724065e-01
3.352585841458244897e-01
3.417884044738644378e-01
2.569752206250718318e-01
4.276617917196547936e-01
3.804401582591490083e-01
2.980004046398703199e-01
3.559929316892677109e-01
5.135442161186819510e-01
3.771718295925307052e-01
3.858282322389166574e-01
5.327397514375807885e-01
3.658085835789416929e-01
3.427216577160830391e-01
3.895381190873677957e-01
4.352933902182646864e-01
3.499261014474544518e-01
3.497721427604563726e-01
3.897492759651083882e-01
3.631870110314570632e-01
3.813030113160893464e-01
4.228179864043551395e-01
2.458047362888765297e-01
3.384426497871875772e-01
3.984139022584019529e-01
4.645269016697585185e-01
3.662337662337661337e-01
5.100756386470668424e-01
2.940012004641357479e-01
3.709333766685169453e-01
4.488084143256556580e-01
5.038961038961037309e-01
3.590630228667038293e-01
2.552845597896569174e-01
4.000713572142144403e-01
2.989795918367346705e-01
4.316824021049370796e-01
3.399451938282240238e-01
2.609789370293570943e-01
3.571114648748425768e-01
5.369786189975458424e-01
4.672195497951666110e-01
3.386992020783077262e-01
4.666089358982287161e-01
3.355539061050284433e-01
3.939403311271929553e-01
4.467085730191127091e-01
4.536772437681699244e-01
3.100296901094825031e-01
3.336797179439596750e-01
4.347745407311186527e-01
3.333951877280878495e-01
3.888053599565137741e-01
3.281203400571100492e-01
2.562009030741630444e-01
3.697104677060131239e-01
5.031649279099750238e-01
3.266195896819505951e-01
4.131403118040088418e-01
4.975307446499463992e-01
3.370140659354786683e-01
3.998218262806235157e-01
4.280468817940092929e-01
4.307190582246260835e-01
3.199757631337613595e-01
3.491955749201303139e-01
3.813100649845928558e-01
3.300544419698092646e-01
3.923324158262369576e-01
4.560798980263615077e-01
2.837416481069039986e-01
3.285130870614441645e-01
4.750556896231669102e-01
4.378795513007500695e-01
4.206422869871910275e-01
4.909968442546872591e-01
2.836458139966583913e-01
3.831733763179799301e-01
4.505414268919002430e-01
3.948760833883381283e-01
4.116374464622996054e-01
2.617193898164423826e-01
4.049447744570262020e-01
4.382567085370125959e-01
3.869280100573500025e-01
4.386628778683726582e-01
2.753906463272144944e-01
2.293384597224314425e-01
2.499933752020531974e-01
1.785383045817084957e-01
2.109998145056549701e-01
2.485359196544489890e-01
2.596920793915785675e-01
2.031163049526973352e-01
2.671118530884777353e-01
1.769616026711161860e-01
2.751112966054514719e-01
2.133494095096715448e-01
2.339825635318131258e-01
1.902834690814655949e-01
3.199777406789089396e-01
2.821633940164782195e-01
2.292710072342768746e-01
3.204017277473040215e-01
1.932026628743351848e-01
3.126043405676115494e-01
2.989108832180615294e-01
3.878686700055657410e-01
1.818586533110730097e-01
1.691033878012155323e-01
2.101650899647555248e-01
2.960489705064001664e-01
1.821839818500912422e-01
1.706547950287499726e-01
1.677796327212006666e-01
1.466332776850274022e-01
2.038582823223879237e-01
2.867948638677637607e-01
2.153032832498577021e-01
2.914911095211579761e-01
2.586440363568877077e-01
1.586904099424936709e-01
3.171953255425673524e-01
2.434613244296021939e-01
2.003507529383984354e-01
2.133184937859383401e-01
2.224077165646418386e-01
2.475731156866347316e-01
2.025598219254301502e-01
1.612687813021704830e-01
1.765906139862707946e-01
1.749211649044693784e-01
1.802419236739558062e-01
1.437787258599709517e-01
2.600487992808523940e-01
1.175359606077465979e-01
2.800222593210902611e-01
1.289649415692822876e-01
1.955110369133742920e-01
2.690904594076534706e-01
2.022418316241336722e-01
2.806529400853253198e-01
1.897607122982712391e-01
3.414744739174326860e-01
1.670994867989855082e-01
2.434613244296021384e-01
1.616980682089178833e-01
1.863374985244736493e-01
3.056946763123726263e-01
2.665023716776615537e-01
1.686312203841402735e-01
