2.215523190353391181e-01
1.814964899263732390e-01
1.847782660807024968e-01
2.447063523771462468e-01
2.579761429142168327e-01
2.461046743907305545e-01
1.857770675189761855e-01
1.438274071114659935e-01
2.056960219165562542e-01
3.555233719536545767e-01
2.811958982554257913e-01
1.996803835397502891e-01
2.313587331565743199e-01
2.756691969636437811e-01
3.038639347069227448e-01
1.954654414702348408e-01
2.321785286227953105e-01
2.225773516224974491e-01
4.114562524970024615e-01
2.465612693339418460e-01
4.414702357171387259e-01
3.092289252896525120e-01
2.692042276540875800e-01
1.920362231988264889e-01
3.448433308601107639e-01
2.102092873167583920e-01
1.917698761486210102e-01
1.618058330003989687e-01
1.120655213743504547e-01
1.602965330492289175e-01
1.837794646424287526e-01
1.524570515381531155e-01
2.282974716055014286e-01
2.750099880143830888e-01
1.767878545745098506e-01
3.236116660007988255e-01
2.147423092289249824e-01
3.246286274652233628e-01
2.317219336795839912e-01
1.469736316420287014e-01
1.933679584498598503e-01
2.285257690771069217e-01
1.812225329604472968e-01
2.293248102277259115e-01
1.965641230523357263e-01
2.359694682170855873e-01
1.064500377324985175e-01
2.420172715817928422e-01
2.469763556459518561e-01
1.467039552536954783e-01
1.543148222133436109e-01
1.630043947263270510e-01
2.670573090069688904e-01
2.056960219165562542e-01
2.309228925289641410e-01
1.384338793447846272e-01
2.901407200248590224e-01
1.225196430949526544e-01
2.047542948461837653e-01
1.289880714571076115e-01
1.667090400610168333e-01
2.469037155413500162e-01
2.192797214770837444e-01
1.961282824247263801e-01
2.858791672215559854e-01
3.058551959870375314e-01
2.437075509388730299e-01
2.896524170994799752e-01
2.516979624450659259e-01
3.859005556968000406e-01
2.350037098339132491e-01
2.426231379487472084e-01
3.027478137346287790e-01
3.385936875749096520e-01
3.556132640830996783e-01
2.278599014515908239e-01
3.813605491591906538e-01
3.622319882807292224e-01
3.457668979043321267e-01
2.467705420162469576e-01
4.063124250898919598e-01
4.705464553646733217e-01
2.588893328006390826e-01
2.919696364362765473e-01
3.649620455453448931e-01
2.559214656697675339e-01
1.724877515402565009e-01
2.495576736487644387e-01
3.474941181693073644e-01
3.749574584572575864e-01
2.153665601278463571e-01
3.734812342835650001e-01
2.944466640031961346e-01
2.319569457827067860e-01
2.676787854574509962e-01
3.739512584898118108e-01
5.607716794614108213e-01
4.998637945380409175e-01
4.548036691914388863e-01
3.987406648783962115e-01
3.245171362184139929e-01
4.249201277955271805e-01
4.762380191693288412e-01
4.312599840255589845e-01
5.296657423593945646e-01
4.523262779552714719e-01
3.852036741214058257e-01
2.815495207667730870e-01
4.618705309599878128e-01
4.339316886795561712e-01
3.598813327247829541e-01
3.406242319980337108e-01
2.631166756566113429e-01
3.853643693899282408e-01
3.077742279020231897e-01
2.768479523671217302e-01
2.215523190353391181e-01
1.814964899263732390e-01
1.847782660807024968e-01
2.447063523771462468e-01
2.579761429142168327e-01
2.461046743907305545e-01
1.857770675189761855e-01
1.438274071114659935e-01
2.056960219165562542e-01
3.555233719536545767e-01
2.811958982554257913e-01
1.996803835397502891e-01
2.313587331565743199e-01
2.756691969636437811e-01
3.038639347069227448e-01
1.954654414702348408e-01
2.321785286227953105e-01
2.225773516224974491e-01
4.114562524970024615e-01
2.465612693339418460e-01
4.414702357171387259e-01
3.092289252896525120e-01
2.692042276540875800e-01
1.920362231988264889e-01
3.448433308601107639e-01
2.102092873167583920e-01
1.917698761486210102e-01
1.618058330003989687e-01
1.120655213743504547e-01
1.602965330492289175e-01
1.837794646424287526e-01
1.524570515381531155e-01
2.282974716055014286e-01
2.750099880143830888e-01
1.767878545745098506e-01
3.236116660007988255e-01
2.147423092289249824e-01
3.246286274652233628e-01
2.317219336795839912e-01
1.469736316420287014e-01
1.933679584498598503e-01
2.285257690771069217e-01
1.812225329604472968e-01
2.293248102277259115e-01
1.965641230523357263e-01
2.359694682170855873e-01
1.064500377324985175e-01
2.420172715817928422e-01
2.469763556459518561e-01
1.467039552536954783e-01
1.543148222133436109e-01
1.630043947263270510e-01
2.670573090069688904e-01
2.056960219165562542e-01
2.309228925289641410e-01
1.384338793447846272e-01
2.901407200248590224e-01
1.225196430949526544e-01
2.047542948461837653e-01
1.289880714571076115e-01
1.667090400610168333e-01
2.469037155413500162e-01
2.192797214770837444e-01
1.961282824247263801e-01
3.245171362184139929e-01
4.249201277955271805e-01
4.762380191693288412e-01
4.312599840255589845e-01
5.296657423593945646e-01
4.523262779552714719e-01
3.852036741214058257e-01
2.815495207667730870e-01
4.618705309599878128e-01
4.339316886795561712e-01
3.598813327247829541e-01
3.406242319980337108e-01
2.631166756566113429e-01
3.853643693899282408e-01
3.077742279020231897e-01
2.768479523671217302e-01
3.789137245831316614e-01
4.897016966954094164e-01
4.075109868158207083e-01
3.355972832600873645e-01
5.273671594087095960e-01
4.418697562924488453e-01
3.991943232135279906e-01
3.300039952057529091e-01
3.728858702889860099e-01
4.535202917788973553e-01
3.594389435380244691e-01
3.707296364913190145e-01
3.874174519987775289e-01
2.776104442930450444e-01
3.642687598411316063e-01
2.266213876681311690e-01
3.317698782150748649e-01
4.048070393775284326e-01
5.074873434585663867e-01
3.237410071942447565e-01
4.876714013404659931e-01
3.879144734822705942e-01
3.949638342853693529e-01
3.900126869613351754e-01
5.129434913607572311e-01
3.585205455267687635e-01
2.980290764647954838e-01
3.817253889196332017e-01
3.055555555555553027e-01
3.746775060991293094e-01
2.647699083892416372e-01
2.324375793482858499e-01
3.034575643426838387e-01
5.165933626549376045e-01
5.093962415033984614e-01
3.698020791683325204e-01
4.715447154471542612e-01
4.363854458216710475e-01
4.186991869918696429e-01
3.855707716913234773e-01
5.457816873250698197e-01
3.459294248402334793e-01
3.411435425829668633e-01
3.576969212315068147e-01
3.004131680661064063e-01
3.454914853846446920e-01
3.170635146631339829e-01
2.137621142019379694e-01
3.648000000000001797e-01
4.976611139499237946e-01
3.966468571428572454e-01
3.332000000000002182e-01
4.908521739130434769e-01
4.270154607297467209e-01
4.504320000000000546e-01
3.599776322627590841e-01
4.397142857142858907e-01
3.261411764705883787e-01
3.439233963433531716e-01
4.373479452054798156e-01
3.233333333333334170e-01
3.780109945027489426e-01
3.901056603773585540e-01
2.262400000000000799e-01
3.306122448979589290e-01
5.017006802721087899e-01
4.527525295832614538e-01
3.654528478057886276e-01
5.399493130585569789e-01
3.409363745498196208e-01
3.891820130965734092e-01
4.041883420034681484e-01
3.863632900268713644e-01
4.111595133102746158e-01
3.286647992530344897e-01
3.647959183673467609e-01
3.841536614645852388e-01
3.678531753941691740e-01
3.752885769692494433e-01
2.557258197396604094e-01
2.215523190353391181e-01
1.814964899263706022e-01
1.847782660807013033e-01
2.447063523771465521e-01
2.579761429142152229e-01
2.461046743907308321e-01
1.857770675189758802e-01
1.438274071114612473e-01
2.056960219165574200e-01
3.555233719536550208e-01
2.811958982554252917e-01
1.996803835397462368e-01
2.313587331565736260e-01
2.756691969636407280e-01
3.038639347069236329e-01
1.954654414702333420e-01
2.321785286227920353e-01
2.225773516224973936e-01
4.114562524970015733e-01
2.465612693339386541e-01
4.414702357171375047e-01
3.092289252896513463e-01
2.692042276540860812e-01
1.920362231988262947e-01
3.448433308601098757e-01
2.102092873167564768e-01
1.917698761486212600e-01
1.618058330003981360e-01
1.120655213743490947e-01
1.602965330492276130e-01
1.837794646424281142e-01
1.524570515381518110e-01
2.282974716054977926e-01
2.750099880143829223e-01
1.767878545745081853e-01
3.236116660007973267e-01
2.147423092289232338e-01
3.246286274652215864e-01
2.317219336795833251e-01
1.469736316420294231e-01
1.933679584498592119e-01
2.285257690771071992e-01
1.812225329604455204e-01
2.293248102277244682e-01
1.965641230523368088e-01
2.359694682170860591e-01
1.064500377324972963e-01
2.420172715817928699e-01
2.469763556459494969e-01
1.467039552536905378e-01
1.543148222133394476e-01
1.630043947263279669e-01
2.670573090069685573e-01
2.056960219165560044e-01
2.309228925289625589e-01
1.384338793447829619e-01
2.901407200248591334e-01
1.225196430949525850e-01
2.047542948461825441e-01
1.289880714571072506e-01
1.667090400610155843e-01
2.469037155413470741e-01
2.192797214770846326e-01
1.961282824247259082e-01
