1.843610934520018285e-01
3.176823176823164729e-01
2.797202797202787417e-01
1.486013986013974830e-01
2.709290709290698151e-01
1.958041958041946973e-01
2.307692307692297551e-01
2.517482517482499960e-01
3.812187812187800562e-01
4.247377622377616069e-01
2.400932400932386801e-01
2.662937062937046351e-01
2.892561983471063081e-01
1.993006993006982142e-01
3.626373626373618486e-01
5.402097902097783427e-02
2.483516483516471918e-01
1.439782439782429646e-01
3.741258741258732257e-01
2.037962037962023909e-01
2.258741258741244484e-01
1.623776223776213501e-01
1.801652892561976249e-01
2.160839160839146400e-01
2.847152847152835120e-01
1.839698762775679730e-01
2.027972027972019808e-01
2.076923076923067879e-01
1.248251748251723997e-01
1.097902097902081764e-01
3.574203574203564382e-01
1.445454545454533113e-01
3.796203796203785896e-01
3.332517482517473595e-01
3.094405594405583715e-01
2.832167832167822863e-01
3.059440559440549934e-01
2.078830260648435457e-01
2.727272727272719854e-01
2.191433566433556024e-01
3.282051282051274832e-01
2.036363636363628937e-01
1.586013986013976307e-01
1.566433566433554914e-01
2.006993006992990880e-01
1.998527788001457361e-01
1.778554778554768956e-01
3.025820333512631022e-01
2.053401144310224302e-01
1.426573426573409242e-01
2.340909090909072399e-01
2.139860139860125521e-01
1.790209790209777718e-01
1.376623376623362927e-01
2.258741258741244484e-01
1.153846153846138506e-01
3.425019425019416031e-01
1.742424242424235048e-01
2.360139860139849888e-01
2.370629370629358801e-01
1.513032422123319065e-01
2.040792540792526200e-01
1.354645354645341027e-01
4.450095359186182625e-02
1.566433566433562130e-01
4.529914529914527144e-01
3.146853146853140215e-01
1.340326340326333243e-01
3.304195804195798614e-01
2.860775588048307116e-01
2.967032967032960378e-01
3.702297702297692172e-01
4.432012432012424341e-01
4.346153846153842371e-01
3.427972027972020497e-01
2.906759906759902035e-01
3.070565797838520905e-01
3.724941724941720489e-01
2.939605848696750789e-01
2.413752913752908180e-01
5.034965034965031005e-01
3.574203574203566602e-01
1.699300699300694828e-01
2.423076923076920020e-01
3.230769230769224842e-01
2.619380619380617947e-01
2.322414427677574056e-01
3.214285714285707862e-01
4.401709401709396063e-01
3.937839937839929805e-01
3.065996503496499215e-01
2.767585355820646464e-01
3.461538461538454792e-01
2.320032908268193639e-01
2.307692307692299771e-01
3.418181818181813547e-01
6.124302776963748141e-01
3.924369893243283003e-01
5.567861300191701002e-01
3.506307022108454685e-01
3.464837049742708897e-01
4.696016771488463748e-01
6.027253668763103978e-01
3.703703703703701833e-01
4.484395395751752389e-01
2.900943396226411952e-01
3.740740740740737813e-01
3.616352201257860832e-01
6.049049948421014733e-01
4.614796083770992263e-01
3.565937905560546128e-01
3.991291727140780510e-01
2.847885866753785966e-01
2.974942597584100956e-01
4.078732820871182052e-01
1.636173051267388046e-01
1.843610934520018285e-01
3.176823176823164729e-01
2.797202797202787417e-01
1.486013986013974830e-01
2.709290709290698151e-01
1.958041958041946973e-01
2.307692307692297551e-01
2.517482517482499960e-01
3.812187812187800562e-01
4.247377622377616069e-01
2.400932400932386801e-01
2.662937062937046351e-01
2.892561983471063081e-01
1.993006993006982142e-01
3.626373626373618486e-01
5.402097902097783427e-02
2.483516483516471918e-01
1.439782439782429646e-01
3.741258741258732257e-01
2.037962037962023909e-01
2.258741258741244484e-01
1.623776223776213501e-01
1.801652892561976249e-01
2.160839160839146400e-01
2.847152847152835120e-01
1.839698762775679730e-01
2.027972027972019808e-01
2.076923076923067879e-01
1.248251748251723997e-01
1.097902097902081764e-01
3.574203574203564382e-01
1.445454545454533113e-01
3.796203796203785896e-01
3.332517482517473595e-01
3.094405594405583715e-01
2.832167832167822863e-01
3.059440559440549934e-01
2.078830260648435457e-01
2.727272727272719854e-01
2.191433566433556024e-01
3.282051282051274832e-01
2.036363636363628937e-01
1.586013986013976307e-01
1.566433566433554914e-01
2.006993006992990880e-01
1.998527788001457361e-01
1.778554778554768956e-01
3.025820333512631022e-01
2.053401144310224302e-01
1.426573426573409242e-01
2.340909090909072399e-01
2.139860139860125521e-01
1.790209790209777718e-01
1.376623376623362927e-01
2.258741258741244484e-01
1.153846153846138506e-01
3.425019425019416031e-01
1.742424242424235048e-01
2.360139860139849888e-01
2.370629370629358801e-01
1.513032422123319065e-01
2.040792540792526200e-01
1.354645354645341027e-01
4.450095359186182625e-02
3.464837049742708897e-01
4.696016771488463748e-01
6.027253668763103978e-01
3.703703703703701833e-01
4.484395395751752389e-01
2.900943396226411952e-01
3.740740740740737813e-01
3.616352201257860832e-01
6.049049948421014733e-01
4.614796083770992263e-01
3.565937905560546128e-01
3.991291727140780510e-01
2.847885866753785966e-01
2.974942597584100956e-01
4.078732820871182052e-01
1.636173051267388046e-01
4.447552447552446941e-01
5.347866708190592844e-01
4.848484848484846399e-01
2.657342657342653403e-01
4.083916083916079853e-01
3.028231028231027078e-01
4.134585138045347441e-01
3.426573426573424896e-01
5.547785547785547555e-01
3.834874802616738410e-01
4.653940653940654704e-01
3.780033399436382724e-01
3.455368161250511050e-01
2.647161402828908661e-01
3.650761003702175933e-01
1.866666666666663699e-01
3.930556127279461465e-01
4.112351484199536222e-01
5.840447865640305825e-01
2.855143456962906945e-01
4.269257684233188632e-01
2.782074749356859833e-01
4.124249343201900619e-01
3.613681971829701967e-01
6.370242773321844743e-01
3.593400507455126736e-01
3.569694081362351223e-01
3.968347957151314720e-01
2.848145556333099293e-01
3.036876585994947586e-01
2.960162544938118034e-01
1.913102539826287141e-01
3.188854489164086314e-01
6.137566137566131674e-01
5.701357466063345925e-01
3.345588235294119084e-01
4.936196700902582002e-01
3.184523809523809867e-01
3.886943666355430205e-01
3.206407563025205909e-01
6.339143064633260272e-01
2.979019291332352104e-01
4.386554621848737789e-01
4.275910364145656395e-01
2.973856209150322893e-01
2.470983534756657773e-01
3.874699214333341968e-01
1.562958516740025339e-01
4.246671338472319812e-01
4.587721506431733931e-01
4.435407837510150775e-01
3.777154870357395389e-01
5.016300539288867100e-01
2.549098380512935247e-01
4.717589348283108830e-01
3.060706450726397021e-01
5.516067674441887947e-01
3.682963024032315791e-01
4.321549800224931959e-01
3.756246940127287992e-01
2.643463365257338049e-01
3.397222201793287932e-01
4.358926895056260409e-01
1.844428871758934663e-01
3.647966339410935732e-01
4.602910238429168688e-01
5.818473251853334416e-01
3.515194015895272694e-01
5.752688172043006753e-01
2.580645161290319733e-01
3.504398922716241982e-01
3.210378681626924746e-01
4.558521276237993414e-01
4.793706228967919980e-01
4.004070071226246696e-01
3.342610448807852852e-01
3.590462833099576367e-01
2.492889614956528277e-01
3.883914122343296027e-01
2.640871215246264336e-01
1.843610934520009403e-01
3.176823176823144190e-01
2.797202797202796298e-01
1.486013986013975385e-01
2.709290709290683163e-01
1.958041958041957242e-01
2.307692307692314482e-01
2.517482517482490523e-01
3.812187812187792235e-01
4.247377622377603856e-01
2.400932400932397071e-01
2.662937062937013599e-01
2.892561983471042542e-01
1.993006993006965488e-01
3.626373626373616821e-01
5.402097902097758447e-02
2.483516483516473861e-01
1.439782439782414658e-01
3.741258741258740028e-01
2.037962037962031681e-01
2.258741258741252533e-01
1.623776223776205174e-01
1.801652892561981800e-01
2.160839160839138628e-01
2.847152847152834565e-01
1.839698762775685559e-01
2.027972027972018976e-01
2.076923076923078149e-01
1.248251748251699433e-01
1.097902097902068441e-01
3.574203574203571043e-01
1.445454545454528672e-01
3.796203796203762582e-01
3.332517482517449170e-01
3.094405594405592042e-01
2.832167832167822308e-01
3.059440559440546048e-01
2.078830260648442951e-01
2.727272727272695985e-01
2.191433566433532432e-01
3.282051282051271501e-01
2.036363636363621166e-01
1.586013986013960209e-01
1.566433566433539371e-01
2.006993006992980055e-01
1.998527788001479566e-01
1.778554778554769233e-01
3.025820333512611038e-01
2.053401144310208204e-01
1.426573426573400361e-01
2.340909090909040202e-01
2.139860139860122468e-01
1.790209790209770779e-01
1.376623376623377915e-01
2.258741258741222557e-01
1.153846153846152384e-01
3.425019425019392161e-01
1.742424242424243097e-01
2.360139860139845447e-01
2.370629370629337984e-01
1.513032422123317122e-01
2.040792540792518706e-01
1.354645354645322708e-01
4.450095359186244381e-02
