2.384211223453572837e-01
2.721154513286604959e-01
1.396308887809612487e-01
2.124817872753762549e-01
1.960036078540193238e-01
2.175813501699853103e-01
2.258377853326847262e-01
2.816901408450699917e-01
1.838617914382834617e-01
1.852234094220488736e-01
2.417840375586851609e-01
2.542982030111685110e-01
1.687491721488797447e-01
2.841185041282173196e-01
3.358079511552064522e-01
1.625789218067020814e-01
1.960036078540193238e-01
1.470508877016880045e-01
3.507770762506069451e-01
1.998196072989652516e-01
2.229237493929082659e-01
1.566294317629906285e-01
2.213784273036332184e-01
2.000971345313248551e-01
2.135572053007692983e-01
1.405461949415321432e-01
1.748421563865950046e-01
1.704711024769303696e-01
1.486158329286040580e-01
1.948626625654304168e-01
5.274944687280772593e-01
1.698882952889738951e-01
3.746617636855613664e-01
2.657357940747925307e-01
1.647644487615343434e-01
3.423992229237483587e-01
2.428363283147149942e-01
2.021281292772305338e-01
1.117047110247690045e-01
3.507163671685274431e-01
3.347903513032207123e-01
2.272948033025738723e-01
1.835842642059246910e-01
1.971830985915491163e-01
1.095191840699359653e-01
2.220802126734992277e-01
1.646969942258907360e-01
2.857996787088569746e-01
1.200936023665504226e-01
2.377853326857687910e-01
5.002428363283088070e-02
1.651287032540062483e-01
2.486644001942684423e-01
1.617983764656891754e-01
1.816415735794058295e-01
2.884895580378817881e-01
4.593384059144129949e-01
2.466812368463647820e-01
3.399708596406012528e-01
1.568028862832161197e-01
1.501170029581876397e-01
2.501214181641565060e-01
2.508846180531464354e-01
1.854386507130554862e-01
2.901084668933136546e-01
4.061302681992334240e-01
2.185526954832439916e-01
2.468836004532941886e-01
2.294803302574062731e-01
3.366594551635830324e-01
2.669465066259625874e-01
3.856934711718586484e-01
4.081808860827798036e-01
3.658734013275049546e-01
3.320543953375416080e-01
1.924882629107982357e-01
3.986930990330698199e-01
3.522745669418810288e-01
3.422667667446688267e-01
2.338109114456849436e-01
6.075764934434189080e-01
4.478981166693644100e-01
1.803059737736762702e-01
2.508984944147644724e-01
2.498785818358421340e-01
1.476444876153469032e-01
1.290355563508090442e-01
2.633039617012413736e-01
4.668933139064264659e-01
3.581386145737767701e-01
3.246418164157354180e-01
2.883181441590716987e-01
3.686255463817377787e-01
2.349798588692399159e-01
1.748421563865950046e-01
4.646915978630403732e-01
5.272967482613415413e-01
4.037492077150460212e-01
4.948087964638555603e-01
4.905882980835817309e-01
3.320609002647836316e-01
4.543689320388343833e-01
3.786407766990285695e-01
4.052184466019416176e-01
4.111742077303531251e-01
3.035194174757276930e-01
2.990776699029122354e-01
5.169902912621355817e-01
5.338650023116040533e-01
3.935021519367433718e-01
3.979195561719834351e-01
3.585884988797610751e-01
2.110200479132515738e-01
3.995376791493290836e-01
5.088996763754043418e-01
2.763459841129741745e-01
2.384211223453572837e-01
2.721154513286604959e-01
1.396308887809612487e-01
2.124817872753762549e-01
1.960036078540193238e-01
2.175813501699853103e-01
2.258377853326847262e-01
2.816901408450699917e-01
1.838617914382834617e-01
1.852234094220488736e-01
2.417840375586851609e-01
2.542982030111685110e-01
1.687491721488797447e-01
2.841185041282173196e-01
3.358079511552064522e-01
1.625789218067020814e-01
1.960036078540193238e-01
1.470508877016880045e-01
3.507770762506069451e-01
1.998196072989652516e-01
2.229237493929082659e-01
1.566294317629906285e-01
2.213784273036332184e-01
2.000971345313248551e-01
2.135572053007692983e-01
1.405461949415321432e-01
1.748421563865950046e-01
1.704711024769303696e-01
1.486158329286040580e-01
1.948626625654304168e-01
5.274944687280772593e-01
1.698882952889738951e-01
3.746617636855613664e-01
2.657357940747925307e-01
1.647644487615343434e-01
3.423992229237483587e-01
2.428363283147149942e-01
2.021281292772305338e-01
1.117047110247690045e-01
3.507163671685274431e-01
3.347903513032207123e-01
2.272948033025738723e-01
1.835842642059246910e-01
1.971830985915491163e-01
1.095191840699359653e-01
2.220802126734992277e-01
1.646969942258907360e-01
2.857996787088569746e-01
1.200936023665504226e-01
2.377853326857687910e-01
5.002428363283088070e-02
1.651287032540062483e-01
2.486644001942684423e-01
1.617983764656891754e-01
1.816415735794058295e-01
2.884895580378817881e-01
4.593384059144129949e-01
2.466812368463647820e-01
3.399708596406012528e-01
1.568028862832161197e-01
1.501170029581876397e-01
2.501214181641565060e-01
2.508846180531464354e-01
1.854386507130554862e-01
3.320609002647836316e-01
4.543689320388343833e-01
3.786407766990285695e-01
4.052184466019416176e-01
4.111742077303531251e-01
3.035194174757276930e-01
2.990776699029122354e-01
5.169902912621355817e-01
5.338650023116040533e-01
3.935021519367433718e-01
3.979195561719834351e-01
3.585884988797610751e-01
2.110200479132515738e-01
3.995376791493290836e-01
5.088996763754043418e-01
2.763459841129741745e-01
3.386927737021033780e-01
4.243907298788301974e-01
3.982515784361340128e-01
3.626355836166419988e-01
3.535696940262256227e-01
3.012609501196191197e-01
4.767120801410301145e-01
3.263720252549779377e-01
4.921482920511573989e-01
3.781979977753060496e-01
3.112505414593808029e-01
5.018997551562984771e-01
3.839670885352679530e-01
3.836508148168087939e-01
4.071079621746706012e-01
2.731746802655007911e-01
3.260589950265818104e-01
3.783692542984340990e-01
4.679300291545187007e-01
3.119533527696793374e-01
4.311878597592876394e-01
2.565464698668722399e-01
4.191996576176522660e-01
4.174575701669297478e-01
5.257157808178215541e-01
3.470818651737645477e-01
3.121998490130615811e-01
4.532032593257083186e-01
2.779397473275022068e-01
4.063644030588550726e-01
3.474204196023130131e-01
3.260589950265818104e-01
3.083437811836344800e-01
4.370982552800727894e-01
4.984106802288617577e-01
3.632717549829849735e-01
4.448225571220224550e-01
3.537190082644627309e-01
3.672014260249555351e-01
3.743619348565873084e-01
4.707502835845083777e-01
3.156171979927986926e-01
4.016528925619837209e-01
4.763247447739423213e-01
3.112623561821416529e-01
3.442466128757961652e-01
3.928781333762049188e-01
2.977521587147251014e-01
3.531128404669261478e-01
4.317786197010030635e-01
3.390896176888396063e-01
3.847276264591439898e-01
4.014549145660631368e-01
2.787139440141108704e-01
4.584046692607001150e-01
4.231968452602672959e-01
5.214702612562533979e-01
3.081797894254979520e-01
3.290512082513907810e-01
4.918661052182717874e-01
2.725897103329008586e-01
4.428855611104957624e-01
5.602562220101310331e-01
2.723735408560309934e-01
2.928467153284669555e-01
4.378345498783451362e-01
4.437956204379560066e-01
3.976317923763177942e-01
4.476885644768858197e-01
2.335766423357663879e-01
4.075248579662230086e-01
4.490835360908351781e-01
4.284208250543068419e-01
3.795937622959373869e-01
3.419684175373312041e-01
4.338503649635036541e-01
3.979453906461205004e-01
4.328731421489562248e-01
4.312184166198766433e-01
3.193072849577788808e-01
2.384211223453559236e-01
2.721154513286604404e-01
1.396308887809606103e-01
2.124817872753761161e-01
1.960036078540204896e-01
2.175813501699830621e-01
2.258377853326856421e-01
2.816901408450673272e-01
1.838617914382839613e-01
1.852234094220468752e-01
2.417840375586853552e-01
2.542982030111690661e-01
1.687491721488783292e-01
2.841185041282150991e-01
3.358079511552033436e-01
1.625789218067016650e-01
1.960036078540204896e-01
1.470508877016890592e-01
3.507770762506056128e-01
1.998196072989645022e-01
2.229237493929059621e-01
1.566294317629889632e-01
2.213784273036336903e-01
2.000971345313257432e-01
2.135572053007672721e-01
1.405461949415312828e-01
1.748421563865921180e-01
1.704711024769297867e-01
1.486158329286012270e-01
1.948626625654277800e-01
5.274944687280772593e-01
1.698882952889735343e-01
3.746617636855596456e-01
2.657357940747937519e-01
1.647644487615314846e-01
3.423992229237464713e-01
2.428363283147130236e-01
2.021281292772301452e-01
1.117047110247662428e-01
3.507163671685255557e-01
3.347903513032219336e-01
2.272948033025722347e-01
1.835842642059209717e-01
1.971830985915487000e-01
1.095191840699329816e-01
2.220802126734996995e-01
1.646969942258915409e-01
2.857996787088549207e-01
1.200936023665490904e-01
2.377853326857671257e-01
5.002428363282572510e-02
1.651287032540055544e-01
2.486644001942679427e-01
1.617983764656881762e-01
1.816415735794076058e-01
2.884895580378793456e-01
4.593384059144134390e-01
2.466812368463639216e-01
3.399708596406006422e-01
1.568028862832165360e-01
1.501170029581871401e-01
2.501214181641554513e-01
2.508846180531427161e-01
1.854386507130541262e-01
