6.171696599395091326e-02
2.570070798176700144e-01
1.612355736591987443e-01
7.637474541751500257e-02
1.972650567355246354e-01
4.276985743380856131e-01
4.684317718940930186e-01
1.086218601493539881e-01
1.028028319270667956e-01
2.684996605566867256e-01
1.398506449422941833e-01
1.454175152749488109e-01
1.123248781089808065e-02
3.054989816700603433e-01
1.408204829793421875e-01
6.992532247114668920e-02
3.287750945592077256e-01
3.288828543411022043e-01
1.997623896809230526e-01
2.443991853360481525e-01
3.462321792260680819e-01
1.313645621181258882e-01
3.565389125470587173e-01
3.496266123557354444e-01
4.975269130055280931e-01
3.869653767820767643e-01
3.122878479293950127e-01
1.832993890020357397e-01
1.904276985743365569e-01
2.013276005129353285e-01
4.510824470091259752e-01
1.511201629327893481e-01
2.133643681505185408e-01
4.313645621181254608e-01
1.602172437202986910e-01
1.832993890020362115e-01
3.479293957909025403e-01
3.363574646670365875e-01
3.530210454854029734e-01
4.162423625254583204e-01
1.692690653994107508e-01
4.589273591310243927e-01
1.967413441955183917e-01
9.504412763068444125e-02
9.742023082145120916e-02
1.810840747489895208e-01
1.233310703779131740e-01
1.292495691681019021e-01
1.049188421897074078e-02
2.215885947046844495e-01
3.496266123557274785e-02
3.462321792260680819e-02
2.317266349852899754e-01
1.850450974687220529e-01
2.885268160217239752e-01
1.232179226069236577e-01
2.293128158708595821e-01
1.951799049558717303e-01
2.800407331975550140e-01
8.767335854912151893e-02
3.147565265691531361e-02
1.981217470015828597e-01
1.315100378236830903e-01
4.320187619576545957e-02
7.181111865429538887e-02
2.878479293957901808e-01
2.240325865580439779e-01
9.617560534057417732e-02
1.853360488798361239e-01
4.243041412084182507e-01
4.320628455048001193e-01
1.797109882649587098e-01
1.964245304367497613e-01
4.666779814437653218e-01
3.678207739307537416e-01
2.625028286942675260e-02
3.110535086095168045e-01
2.539035980991167230e-01
3.525273097574526115e-01
3.391604435392623906e-01
4.521384928716902785e-01
4.752206381534277435e-01
1.741344195519347049e-01
4.234215885947045233e-01
4.989816700610995581e-01
4.311899912714573513e-01
1.465501840140050471e-01
2.640384055862662893e-01
3.030097307083040592e-01
4.551054788665102047e-01
3.464443312966734023e-01
5.327263288207337855e-01
2.613713509843854088e-01
2.158460125394343621e-01
2.715546503733800091e-02
3.106585200271552161e-01
4.005676567001623667e-01
7.101079424265901441e-01
5.818191652772123357e-01
2.430855100378664368e-01
1.962193166399406608e-01
6.350067842605151558e-01
3.002035278154680520e-01
2.292232021709628698e-01
5.205319884283556853e-01
4.450474898236090326e-01
6.029850746268653472e-01
4.782903663500678859e-01
4.428506816566514792e-01
6.803312397711537285e-01
4.235316921884088037e-01
2.428243398392647967e-01
1.013762357045935592e-01
3.754603605349872697e-01
3.498417005879688735e-01
1.245836931047238916e-01
6.171696599395091326e-02
2.570070798176700144e-01
1.612355736591987443e-01
7.637474541751500257e-02
1.972650567355246354e-01
4.276985743380856131e-01
4.684317718940930186e-01
1.086218601493539881e-01
1.028028319270667956e-01
2.684996605566867256e-01
1.398506449422941833e-01
1.454175152749488109e-01
1.123248781089808065e-02
3.054989816700603433e-01
1.408204829793421875e-01
6.992532247114668920e-02
3.287750945592077256e-01
3.288828543411022043e-01
1.997623896809230526e-01
2.443991853360481525e-01
3.462321792260680819e-01
1.313645621181258882e-01
3.565389125470587173e-01
3.496266123557354444e-01
4.975269130055280931e-01
3.869653767820767643e-01
3.122878479293950127e-01
1.832993890020357397e-01
1.904276985743365569e-01
2.013276005129353285e-01
4.510824470091259752e-01
1.511201629327893481e-01
2.133643681505185408e-01
4.313645621181254608e-01
1.602172437202986910e-01
1.832993890020362115e-01
3.479293957909025403e-01
3.363574646670365875e-01
3.530210454854029734e-01
4.162423625254583204e-01
1.692690653994107508e-01
4.589273591310243927e-01
1.967413441955183917e-01
9.504412763068444125e-02
9.742023082145120916e-02
1.810840747489895208e-01
1.233310703779131740e-01
1.292495691681019021e-01
1.049188421897074078e-02
2.215885947046844495e-01
3.496266123557274785e-02
3.462321792260680819e-02
2.317266349852899754e-01
1.850450974687220529e-01
2.885268160217239752e-01
1.232179226069236577e-01
2.293128158708595821e-01
1.951799049558717303e-01
2.800407331975550140e-01
8.767335854912151893e-02
3.147565265691531361e-02
1.981217470015828597e-01
1.315100378236830903e-01
4.320187619576545957e-02
1.962193166399406608e-01
6.350067842605151558e-01
3.002035278154680520e-01
2.292232021709628698e-01
5.205319884283556853e-01
4.450474898236090326e-01
6.029850746268653472e-01
4.782903663500678859e-01
4.428506816566514792e-01
6.803312397711537285e-01
4.235316921884088037e-01
2.428243398392647967e-01
1.013762357045935592e-01
3.754603605349872697e-01
3.498417005879688735e-01
1.245836931047238916e-01
1.477114374531026952e-01
6.090061961002035673e-01
4.028060647205247147e-01
1.538809685449193387e-01
6.300067888662591598e-01
5.442659224057728728e-01
5.261958623152147574e-01
4.039375424304137985e-01
3.937542430414119887e-01
6.142828986268974445e-01
4.434414047448670959e-01
3.252646371775775869e-01
2.012699173355695370e-01
3.284152528895435963e-01
3.594105666706595148e-01
9.384476125820317982e-02
2.127357736572887403e-01
3.657418919980107153e-01
4.167572463768113300e-01
2.404891304347824832e-01
4.575146321070233668e-01
5.681622646819886047e-01
6.418266687823970251e-01
3.262901910531224026e-01
4.359322742474913137e-01
6.182398639637236570e-01
3.716773539405899274e-01
3.193457357859528223e-01
2.092391304347822611e-01
2.916831044797209005e-01
2.415995151623980541e-01
1.316935741687979555e-01
1.621524920390707558e-01
6.009517335146152828e-01
4.253516707629550475e-01
1.915363698164512796e-01
5.206586600196386749e-01
6.073759347382733376e-01
5.951733514615906717e-01
3.631458191706322669e-01
4.386786514590731434e-01
4.981170808896674962e-01
4.698844323589395633e-01
4.006118286879669088e-01
1.554498073872643271e-01
3.384317055535404073e-01
2.864859938773572923e-01
9.174193130685261155e-02
1.918367346938772977e-01
5.367399080224831698e-01
3.543364647446277660e-01
1.619047619047614961e-01
5.316770186335404436e-01
6.076853499594024877e-01
5.245714285714285774e-01
4.877500111363537449e-01
4.293002915451892276e-01
4.510804321728690836e-01
5.338550790629236209e-01
3.099804305283759831e-01
1.539682539682536155e-01
4.017447058783529812e-01
3.970222051084582038e-01
8.761904761904731886e-02
2.048332198774672208e-01
4.116746085772630126e-01
4.387824564815713257e-01
2.570909916042655730e-01
4.279555253006576132e-01
5.091899251191284170e-01
6.656203987887634455e-01
3.957340594508736986e-01
3.382216969220979141e-01
7.163721307460899634e-01
4.066258225550260508e-01
2.304288631722261615e-01
3.146509341199601462e-01
3.085342323683781252e-01
2.412944441535317119e-01
1.670203820125736593e-01
6.171696599395141286e-02
2.570070798176679050e-01
1.612355736591964961e-01
7.637474541751296253e-02
1.972650567355238582e-01
4.276985743380858906e-01
4.684317718940941844e-01
1.086218601493519620e-01
1.028028319270674618e-01
2.684996605566876693e-01
1.398506449422944886e-01
1.454175152749457578e-01
1.123248781089699472e-02
3.054989816700613425e-01
1.408204829793390234e-01
6.992532247114666144e-02
3.287750945592064489e-01
3.288828543411007055e-01
1.997623896809209987e-01
2.443991853360486521e-01
3.462321792260703579e-01
1.313645621181257217e-01
3.565389125470573850e-01
3.496266123557351668e-01
4.975269130055264832e-01
3.869653767820760981e-01
3.122878479293936249e-01
1.832993890020368222e-01
1.904276985743368067e-01
2.013276005129332469e-01
4.510824470091280847e-01
1.511201629327865725e-01
2.133643681505154044e-01
4.313645621181267931e-01
1.602172437202953048e-01
1.832993890020364613e-01
3.479293957909020962e-01
3.363574646670357549e-01
3.530210454854030844e-01
4.162423625254573767e-01
1.692690653994087802e-01
4.589273591310263356e-01
1.967413441955153108e-01
9.504412763068409431e-02
9.742023082145237489e-02
1.810840747489875779e-01
1.233310703779139650e-01
1.292495691681025127e-01
1.049188421896970515e-02
2.215885947046832838e-01
3.496266123557036781e-02
3.462321792260437264e-02
2.317266349852878105e-01
1.850450974687198047e-01
2.885268160217249189e-01
1.232179226069233524e-01
2.293128158708578890e-01
1.951799049558722299e-01
2.800407331975525715e-01
8.767335854911831317e-02
3.147565265691312092e-02
1.981217470015821935e-01
1.315100378236797873e-01
4.320187619576439098e-02
