1.959247648902818356e-02
3.263546798029551277e-02
8.081896551724124245e-02
2.693965517241374980e-02
6.958128078817728268e-02
2.413793103448273192e-01
1.939655172413791984e-01
8.620689655172400490e-02
1.305418719211820511e-01
2.130926724137929273e-01
2.589798850574709377e-01
3.077586206896552046e-01
3.565830721003131892e-02
1.616379310344826792e-01
2.235221674876847198e-01
8.324353448275854939e-02
3.479064039408864134e-02
2.088122605363982032e-01
2.882543103448272359e-01
7.389162561576347044e-02
2.198275862068962416e-01
1.390086206896550269e-01
2.776253918495294459e-01
3.699712643678156332e-01
2.807881773399011349e-01
2.456896551724135347e-01
3.017241379310340310e-01
4.073275862068963526e-01
0.000000000000000000e+00
1.503831417624519051e-01
3.304597701149419864e-01
2.741379310344826958e-01
9.236453201970427906e-02
2.662715517241379670e-01
1.589439655172411869e-01
2.262931034482757453e-01
1.077586206896549992e-01
3.416927899686516557e-01
2.586206896551719869e-01
2.936422413793100539e-01
1.896551724137930384e-01
2.913793103448272803e-01
1.086206896551723255e-01
4.827586206896546384e-01
4.418103448275859657e-01
7.801724137931032033e-01
2.088122605363982032e-01
4.849137931034481763e-01
3.330721003134794883e-02
1.318965517241378615e-01
3.329741379310346416e-01
1.831896551724135624e-01
2.758620689655167935e-01
1.631773399014775638e-01
6.228448275862060735e-01
7.112068965517229224e-02
1.455938697318007180e-01
1.858836206896549159e-01
3.771551724137925388e-01
4.870689655172410482e-01
1.332288401253917953e-01
1.849856321839078166e-01
5.218596059113296270e-01
1.371473354231972919e-01
1.072796934865898749e-01
3.553639846743292807e-01
2.370689655172409926e-01
7.183908045976999945e-02
3.620689655172409371e-01
5.877742946708455207e-01
4.156403940886692627e-01
2.684729064039406143e-01
1.781609195402296397e-01
3.450071839080455227e-01
4.726293103448270805e-01
1.249999999999998751e-01
2.468652037617552475e-01
1.954022988505745295e-01
4.263322884012535896e-01
3.132183908045973464e-01
4.267241379310337535e-01
4.789272030651333667e-01
1.309267241379308555e-01
3.665948275862064287e-01
5.657327586206889469e-01
2.924876847290636683e-01
2.147232304900180688e-01
2.286022167487682666e-01
1.973180076628349988e-01
7.512771392081727395e-01
2.013739224137927886e-01
4.264705882352942123e-01
2.607758620689651363e-01
3.872971602434075455e-01
1.077586206896549992e-01
2.913793103448272803e-01
2.300472297301674185e-01
4.903419798140224439e-01
6.742715331961448566e-01
5.532483044229175029e-01
5.923753665689145131e-02
3.268817204301072143e-01
3.870967741935480988e-01
2.137096774193545934e-01
2.833840535605597899e-01
3.747311827956985586e-01
5.321505376344086713e-01
3.870967741935480988e-01
3.356886840757805635e-01
4.703558363817756938e-01
4.552995391705066397e-01
8.188585607940446209e-01
2.191034771679931381e-01
5.035330261136709007e-01
4.996415770609314300e-01
3.060606060606058110e-01
1.959247648902818356e-02
3.263546798029551277e-02
8.081896551724124245e-02
2.693965517241374980e-02
6.958128078817728268e-02
2.413793103448273192e-01
1.939655172413791984e-01
8.620689655172400490e-02
1.305418719211820511e-01
2.130926724137929273e-01
2.589798850574709377e-01
3.077586206896552046e-01
3.565830721003131892e-02
1.616379310344826792e-01
2.235221674876847198e-01
8.324353448275854939e-02
3.479064039408864134e-02
2.088122605363982032e-01
2.882543103448272359e-01
7.389162561576347044e-02
2.198275862068962416e-01
1.390086206896550269e-01
2.776253918495294459e-01
3.699712643678156332e-01
2.807881773399011349e-01
2.456896551724135347e-01
3.017241379310340310e-01
4.073275862068963526e-01
0.000000000000000000e+00
1.503831417624519051e-01
3.304597701149419864e-01
2.741379310344826958e-01
9.236453201970427906e-02
2.662715517241379670e-01
1.589439655172411869e-01
2.262931034482757453e-01
1.077586206896549992e-01
3.416927899686516557e-01
2.586206896551719869e-01
2.936422413793100539e-01
1.896551724137930384e-01
2.913793103448272803e-01
1.086206896551723255e-01
4.827586206896546384e-01
4.418103448275859657e-01
7.801724137931032033e-01
2.088122605363982032e-01
4.849137931034481763e-01
3.330721003134794883e-02
1.318965517241378615e-01
3.329741379310346416e-01
1.831896551724135624e-01
2.758620689655167935e-01
1.631773399014775638e-01
6.228448275862060735e-01
7.112068965517229224e-02
1.455938697318007180e-01
1.858836206896549159e-01
3.771551724137925388e-01
4.870689655172410482e-01
1.332288401253917953e-01
1.849856321839078166e-01
5.218596059113296270e-01
1.371473354231972919e-01
5.923753665689145131e-02
3.268817204301072143e-01
3.870967741935480988e-01
2.137096774193545934e-01
2.833840535605597899e-01
3.747311827956985586e-01
5.321505376344086713e-01
3.870967741935480988e-01
3.356886840757805635e-01
4.703558363817756938e-01
4.552995391705066397e-01
8.188585607940446209e-01
2.191034771679931381e-01
5.035330261136709007e-01
4.996415770609314300e-01
3.060606060606058110e-01
9.618874773139730883e-02
2.486417469402944780e-01
3.160919540229880087e-01
1.724137931034480098e-01
2.586206896551719869e-01
3.783524904214560780e-01
4.682466292805153585e-01
5.129310344827587853e-01
3.304597701149419864e-01
6.500278086763068286e-01
3.851351351351353092e-01
6.612618274674368912e-01
2.396044624746446194e-01
2.737991835316596623e-01
8.240365111561859246e-01
2.876436781609195692e-01
1.073561173929613172e-01
2.521458488016921073e-01
2.311015118790497036e-01
2.462203023758094966e-01
2.737996344907791535e-01
3.850444119833072443e-01
4.833335960860352665e-01
4.807859919202738253e-01
2.900814088719049777e-01
4.200135154831787232e-01
6.055018656712002345e-01
4.995846486127263342e-01
2.375809935205179246e-01
4.339006292281016308e-01
3.997888119389274575e-01
4.186888578325496102e-01
5.866940077466381576e-02
3.761423761423755008e-01
3.263403263403256149e-01
1.988636363636360482e-01
2.493987493987495918e-01
4.053030303030301651e-01
5.945165945165947763e-01
4.054383116883115701e-01
3.306397306397307334e-01
3.310373712916085953e-01
5.025974025974024872e-01
8.606060606060607077e-01
2.545454545454541861e-01
4.948459226286081591e-01
5.130606209955638208e-01
2.359307359307356300e-01
1.301518438177872716e-01
2.775275805080377189e-01
1.897049202906035681e-01
2.277657266811276837e-01
3.010468735263601148e-01
3.827982780570323706e-01
4.911930585683292882e-01
5.402061335008988552e-01
3.679888441276723543e-01
4.474926630088045809e-01
4.977585408366370090e-01
6.481086381600456026e-01
1.168956375030126144e-01
4.421173361258636247e-01
8.995211394425567386e-01
3.158351409978308322e-01
7.760869565217379251e-02
2.565217391304343009e-01
3.279503105590060308e-01
2.686956521739131132e-01
2.666666666666662189e-01
2.782608695652171726e-01
4.826224070724812742e-01
6.476811594202902533e-01
2.761145520328694425e-01
6.387537666810156889e-01
6.015345268542198198e-01
2.666440217391303769e-01
2.937198067632845744e-01
4.500497566447738129e-01
4.334448160535116501e-01
5.085677749360616451e-01
1.959247648902597352e-02
3.263546798029414581e-02
8.081896551723917466e-02
2.693965517241245222e-02
6.958128078817435447e-02
2.413793103448257371e-01
1.939655172413760620e-01
8.620689655172045218e-02
1.305418719211803857e-01
2.130926724137931494e-01
2.589798850574686062e-01
3.077586206896558707e-01
3.565830721002965359e-02
1.616379310344817632e-01
2.235221674876848863e-01
8.324353448275660650e-02
3.479064039408717723e-02
2.088122605363966766e-01
2.882543103448279020e-01
7.389162561576061161e-02
2.198275862068932440e-01
1.390086206896540000e-01
2.776253918495278916e-01
3.699712643678157442e-01
2.807881773399004688e-01
2.456896551724120359e-01
3.017241379310331428e-01
4.073275862068975739e-01
0.000000000000000000e+00
1.503831417624515998e-01
3.304597701149415423e-01
2.741379310344799758e-01
9.236453201970191984e-02
2.662715517241381336e-01
1.589439655172369681e-01
2.262931034482743575e-01
1.077586206896542775e-01
3.416927899686523218e-01
2.586206896551693779e-01
2.936422413793067787e-01
1.896551724137900130e-01
2.913793103448280020e-01
1.086206896551682455e-01
4.827586206896532506e-01
4.418103448275841894e-01
7.801724137931062009e-01
2.088122605363983419e-01
4.849137931034459004e-01
3.330721003134633207e-02
1.318965517241349472e-01
3.329741379310355298e-01
1.831896551724119249e-01
2.758620689655144620e-01
1.631773399014758985e-01
6.228448275862074057e-01
7.112068965516958607e-02
1.455938697317988861e-01
1.858836206896551380e-01
3.771551724137894301e-01
4.870689655172399934e-01
1.332288401253899635e-01
1.849856321839055406e-01
5.218596059113296270e-01
1.371473354231960151e-01
