5.194805194805182658e-02
8.653061224489774772e-02
1.071428571428562626e-01
3.571428571428499760e-02
9.224489795918353052e-02
2.399999999999994915e-01
1.285714285714276428e-01
2.857142857142840331e-01
1.297959183673458583e-01
1.210714285714276639e-01
1.961904761904757766e-01
6.799999999999875588e-02
4.727272727272636282e-02
2.142857142857132191e-01
1.975510204081631083e-01
1.103571428571420432e-01
1.383673469387744770e-01
2.768253968253962527e-01
7.642857142857126251e-02
2.448979591836721592e-01
2.914285714285707596e-01
2.211428571428566969e-01
3.680519480519477971e-01
2.452380952380938395e-01
2.326530612244884777e-01
4.509890109890109522e-01
4.000000000000000222e-01
1.157142857142848813e-01
2.185714285714267791e-01
2.990476190476183960e-01
5.841269841269839391e-01
1.362857142857133441e-01
4.081632653061142285e-02
2.017142857142855683e-01
2.528571428571422808e-01
2.142857142857132191e-01
2.142857142857137465e-01
3.963636363636365290e-01
4.571428571428570176e-01
5.839285714285710194e-01
2.514285714285711126e-01
6.537142857142855812e-01
5.040000000000004476e-01
2.399999999999994915e-01
5.857142857142745573e-02
2.177443609022553794e-01
1.384126984126981263e-01
4.945054945054852547e-02
8.831168831168820232e-02
1.165714285714284232e-01
0.000000000000000000e+00
9.714285714285693374e-02
1.625396825396821232e-01
1.730612244897954954e-01
3.885714285714277350e-01
1.885714285714281124e-01
9.650793650793640377e-02
2.190476190476185747e-01
5.714285714285712858e-01
0.000000000000000000e+00
4.415584415584332401e-02
1.961904761904757766e-01
9.224489795918353052e-02
5.194805194805182658e-02
7.111111111111094452e-02
1.009523809523802246e-01
1.714285714285709861e-01
9.523809523809501076e-02
5.999999999999987288e-02
3.896103896103886299e-01
1.653061224489791592e-01
2.669387755102035631e-01
2.755555555555556646e-01
4.842857142857141528e-01
3.317142857142857393e-01
8.285714285714222693e-02
2.727272727272722630e-01
2.914285714285714812e-01
1.766233766233757108e-01
3.114285714285707773e-01
4.628571428571425783e-01
6.984126984126978188e-01
3.857142857142855097e-01
4.859999999999998210e-01
3.899999999999997358e-01
5.273469387755101989e-01
1.423308270676681697e-01
4.040816326530604630e-01
1.634920634920625782e-01
3.064550264550258141e-01
2.875000000000000333e-01
7.018487394957980685e-01
3.142857142857135577e-01
1.184873949579823560e-01
8.571428571428500731e-02
1.782857142857139365e-01
2.272409902761937384e-01
6.657412542838694325e-01
7.606678226885428273e-01
3.014158609552597401e-01
1.046361046361042324e-01
3.646723646723640244e-01
2.350427350427347906e-01
2.453703703703701278e-01
3.294629898403478863e-01
4.380341880341876992e-01
5.754985754985753044e-01
6.196581196581196771e-01
3.234296567629895702e-01
7.804916732751787656e-01
7.423687423687423959e-01
2.169625246548316788e-01
1.161061161061155006e-01
4.042870709537371154e-01
4.197530864197526745e-01
1.177156177156175459e-01
5.194805194805182658e-02
8.653061224489774772e-02
1.071428571428562626e-01
3.571428571428499760e-02
9.224489795918353052e-02
2.399999999999994915e-01
1.285714285714276428e-01
2.857142857142840331e-01
1.297959183673458583e-01
1.210714285714276639e-01
1.961904761904757766e-01
6.799999999999875588e-02
4.727272727272636282e-02
2.142857142857132191e-01
1.975510204081631083e-01
1.103571428571420432e-01
1.383673469387744770e-01
2.768253968253962527e-01
7.642857142857126251e-02
2.448979591836721592e-01
2.914285714285707596e-01
2.211428571428566969e-01
3.680519480519477971e-01
2.452380952380938395e-01
2.326530612244884777e-01
4.509890109890109522e-01
4.000000000000000222e-01
1.157142857142848813e-01
2.185714285714267791e-01
2.990476190476183960e-01
5.841269841269839391e-01
1.362857142857133441e-01
4.081632653061142285e-02
2.017142857142855683e-01
2.528571428571422808e-01
2.142857142857132191e-01
2.142857142857137465e-01
3.963636363636365290e-01
4.571428571428570176e-01
5.839285714285710194e-01
2.514285714285711126e-01
6.537142857142855812e-01
5.040000000000004476e-01
2.399999999999994915e-01
5.857142857142745573e-02
2.177443609022553794e-01
1.384126984126981263e-01
4.945054945054852547e-02
8.831168831168820232e-02
1.165714285714284232e-01
0.000000000000000000e+00
9.714285714285693374e-02
1.625396825396821232e-01
1.730612244897954954e-01
3.885714285714277350e-01
1.885714285714281124e-01
9.650793650793640377e-02
2.190476190476185747e-01
5.714285714285712858e-01
0.000000000000000000e+00
4.415584415584332401e-02
1.961904761904757766e-01
9.224489795918353052e-02
5.194805194805182658e-02
1.046361046361042324e-01
3.646723646723640244e-01
2.350427350427347906e-01
2.453703703703701278e-01
3.294629898403478863e-01
4.380341880341876992e-01
5.754985754985753044e-01
6.196581196581196771e-01
3.234296567629895702e-01
7.804916732751787656e-01
7.423687423687423959e-01
2.169625246548316788e-01
1.161061161061155006e-01
4.042870709537371154e-01
4.197530864197526745e-01
1.177156177156175459e-01
1.275187969924808928e-01
2.525853094274146393e-01
2.666666666666666630e-01
1.904761904761900215e-01
3.885714285714280125e-01
6.353439153439152109e-01
5.806228373702422285e-01
3.200000000000000622e-01
2.666666666666666630e-01
6.894009216589864764e-01
7.042471042471040166e-01
4.857684106937834589e-01
1.588235294117646135e-01
3.027419935228500836e-01
5.462184873949573749e-01
1.089523809523806896e-01
8.545423900219066560e-02
1.784422336804737941e-01
3.883476599808974306e-01
1.891117478510029037e-01
2.724267136874579109e-01
5.310606019088988106e-01
6.610824113386174483e-01
4.484574486550578776e-01
4.275953273087940154e-01
6.761826076256440832e-01
5.932507246554334923e-01
2.993167291161556998e-01
1.575931232091689060e-01
3.414460756161385446e-01
2.990904021076523089e-01
1.993932243384457237e-01
7.788868723532958727e-02
3.690932311621960560e-01
3.682581786030055815e-01
1.408045977011492533e-01
2.921455938697315458e-01
5.688218390804595792e-01
7.234993614303960596e-01
3.787715517241374563e-01
4.770966368667521329e-01
6.187008896681602810e-01
5.586206896551723089e-01
5.304597701149424971e-01
5.632183908045968607e-02
3.560184903131474732e-01
4.546957053755033562e-01
1.193212917350846280e-01
5.187319884726182551e-02
4.075225415599659784e-01
3.279035725721604622e-01
4.034582132564831780e-02
3.157499060268131319e-01
6.297480480271753223e-01
6.702017291066283411e-01
3.564743549997353989e-01
3.128859613009468132e-01
5.237328360739107458e-01
6.390862758301043556e-01
6.567604910978642740e-01
2.174191482548830934e-01
2.728779702367832849e-01
5.311293567505847024e-01
1.291066282420746114e-01
1.179190751445081953e-01
2.770953757225433356e-01
3.369116432700248187e-01
1.786127167630056911e-01
3.545279383429667530e-01
3.930635838150288164e-01
7.651489964904726326e-01
4.410404624277458607e-01
1.820116259161724814e-01
8.657929376752702133e-01
6.093165589935393145e-01
3.290281791907517794e-01
2.260757867694279111e-01
3.868706987171627310e-01
3.201422854602042345e-01
2.308738524311457485e-01
5.194805194805194454e-02
8.653061224489476400e-02
1.071428571428555271e-01
3.571428571428339471e-02
9.224489795918031088e-02
2.399999999999998246e-01
1.285714285714258109e-01
2.857142857142820902e-01
1.297959183673451367e-01
1.210714285714260541e-01
1.961904761904758043e-01
6.799999999999425948e-02
4.727272727272431585e-02
2.142857142857118313e-01
1.975510204081615540e-01
1.103571428571422652e-01
1.383673469387746713e-01
2.768253968253943653e-01
7.642857142857106822e-02
2.448979591836711323e-01
2.914285714285719253e-01
2.211428571428549483e-01
3.680519480519487407e-01
2.452380952380916745e-01
2.326530612244867846e-01
4.509890109890117293e-01
4.000000000000000222e-01
1.157142857142827858e-01
2.185714285714258909e-01
2.990476190476182849e-01
5.841269841269836061e-01
1.362857142857121506e-01
4.081632653061163102e-02
2.017142857142850687e-01
2.528571428571400603e-01
2.142857142857133301e-01
2.142857142857126918e-01
3.963636363636371396e-01
4.571428571428556853e-01
5.839285714285705753e-01
2.514285714285687812e-01
6.537142857142851371e-01
5.040000000000023350e-01
2.400000000000000189e-01
5.857142857142349363e-02
2.177443609022557403e-01
1.384126984126988757e-01
4.945054945054674217e-02
8.831168831168667577e-02
1.165714285714271464e-01
0.000000000000000000e+00
9.714285714285356144e-02
1.625396825396804856e-01
1.730612244897949958e-01
3.885714285714289007e-01
1.885714285714268634e-01
9.650793650793297596e-02
2.190476190476186580e-01
5.714285714285713969e-01
0.000000000000000000e+00
4.415584415584260930e-02
1.961904761904749994e-01
9.224489795918326684e-02
5.194805194805129922e-02
