1.420454545454545581e-01
3.549107142857143016e-01
9.765625000000000000e-02
9.765625000000000000e-02
0.000000000000000000e+00
2.187500000000001110e-01
1.171875000000001249e-01
4.687500000000000000e-01
3.549107142857143016e-01
2.207031250000001665e-01
2.682291666666667407e-01
5.578125000000009326e-01
0.000000000000000000e+00
1.171875000000001249e-01
4.051339285714292138e-01
1.005859375000000833e-01
1.261160714285715356e-01
1.892361111111111882e-01
2.089843750000000555e-01
4.017857142857145236e-01
5.312500000000001110e-01
5.039062500000003331e-01
2.322443181818182878e-01
2.682291666666667407e-01
2.544642857142858094e-01
2.055288461538462563e-01
1.562500000000000000e-01
1.054687500000001110e-01
1.992187500000000000e-01
2.725694444444445308e-01
2.994791666666666297e-01
0.000000000000000000e+00
5.580357142857141906e-01
1.378906250000002387e-01
2.304687500000000833e-01
1.171875000000001249e-01
1.953125000000000000e-01
3.870738636363638130e-01
3.125000000000000000e-01
0.000000000000000000e+00
1.145833333333334814e-01
2.437500000000001332e-01
2.953125000000002554e-01
4.375000000000002220e-01
4.804687500000004996e-01
2.976973684210529880e-01
4.730902777777779566e-01
0.000000000000000000e+00
0.000000000000000000e+00
0.000000000000000000e+00
8.046875000000016653e-01
0.000000000000000000e+00
2.222222222222222099e-01
2.366071428571428492e-01
0.000000000000000000e+00
1.289062500000000000e-01
3.958333333333338144e-01
2.246093750000000555e-01
3.906250000000000000e-01
2.522321428571430713e-01
0.000000000000000000e+00
0.000000000000000000e+00
1.261160714285715356e-01
7.102272727272727904e-02
1.458333333333333703e-01
2.760416666666669627e-01
7.812500000000000000e-02
1.302083333333333426e-01
1.640625000000000555e-01
5.326704545454545858e-01
1.506696428571428492e-01
7.299107142857146346e-01
4.305555555555556912e-01
1.471354166666667129e-01
4.031250000000002331e-01
0.000000000000000000e+00
1.491477272727273762e-01
5.312500000000003331e-01
1.931818181818183433e-01
4.967447916666669072e-01
3.515625000000000000e-01
6.944444444444444198e-01
4.218750000000001110e-01
2.460937500000000555e-01
1.640625000000000555e-01
2.968750000000001110e-01
6.486430921052639409e-01
3.683035714285716744e-01
4.470486111111112715e-01
3.142361111111112160e-01
2.807617187500000000e-01
4.264705882352942123e-01
2.578125000000000555e-01
3.239889705882356696e-01
0.000000000000000000e+00
4.062500000000002220e-01
4.988417965061581194e-01
4.906546376588261649e-01
6.325317285348268648e-01
3.038505334337719965e-01
2.847075405214936628e-01
3.720930232558136153e-01
5.813953488372091138e-01
2.567829457364339540e-01
4.102676612549359114e-01
5.562015503875966660e-01
3.131782945736429902e-01
3.488372093023253684e-01
4.950166112956810305e-01
4.418604651162789665e-01
4.629014396456254676e-01
5.903398926654738199e-01
2.106110943320239903e-01
2.750092284976005108e-01
5.271317829457359272e-01
7.117688513037329079e-02
1.420454545454545581e-01
3.549107142857143016e-01
9.765625000000000000e-02
9.765625000000000000e-02
0.000000000000000000e+00
2.187500000000001110e-01
1.171875000000001249e-01
4.687500000000000000e-01
3.549107142857143016e-01
2.207031250000001665e-01
2.682291666666667407e-01
5.578125000000009326e-01
0.000000000000000000e+00
1.171875000000001249e-01
4.051339285714292138e-01
1.005859375000000833e-01
1.261160714285715356e-01
1.892361111111111882e-01
2.089843750000000555e-01
4.017857142857145236e-01
5.312500000000001110e-01
5.039062500000003331e-01
2.322443181818182878e-01
2.682291666666667407e-01
2.544642857142858094e-01
2.055288461538462563e-01
1.562500000000000000e-01
1.054687500000001110e-01
1.992187500000000000e-01
2.725694444444445308e-01
2.994791666666666297e-01
0.000000000000000000e+00
5.580357142857141906e-01
1.378906250000002387e-01
2.304687500000000833e-01
1.171875000000001249e-01
1.953125000000000000e-01
3.870738636363638130e-01
3.125000000000000000e-01
0.000000000000000000e+00
1.145833333333334814e-01
2.437500000000001332e-01
2.953125000000002554e-01
4.375000000000002220e-01
4.804687500000004996e-01
2.976973684210529880e-01
4.730902777777779566e-01
0.000000000000000000e+00
0.000000000000000000e+00
0.000000000000000000e+00
8.046875000000016653e-01
0.000000000000000000e+00
2.222222222222222099e-01
2.366071428571428492e-01
0.000000000000000000e+00
1.289062500000000000e-01
3.958333333333338144e-01
2.246093750000000555e-01
3.906250000000000000e-01
2.522321428571430713e-01
0.000000000000000000e+00
0.000000000000000000e+00
1.261160714285715356e-01
7.102272727272727904e-02
2.847075405214936628e-01
3.720930232558136153e-01
5.813953488372091138e-01
2.567829457364339540e-01
4.102676612549359114e-01
5.562015503875966660e-01
3.131782945736429902e-01
3.488372093023253684e-01
4.950166112956810305e-01
4.418604651162789665e-01
4.629014396456254676e-01
5.903398926654738199e-01
2.106110943320239903e-01
2.750092284976005108e-01
5.271317829457359272e-01
7.117688513037329079e-02
2.179276315789474006e-01
3.978576248313090424e-01
3.645833333333333703e-01
4.166666666666666852e-01
5.000000000000000000e-01
5.486111111111113825e-01
3.338019031141870596e-01
3.281250000000001665e-01
5.729166666666667407e-01
4.712701612903228421e-01
6.739864864864868466e-01
1.819343785878301811e-01
2.412683823529411520e-01
2.135941435768265451e-01
5.170036764705882026e-01
1.489583333333333315e-01
1.956924502084294859e-01
3.002128496731403806e-01
5.055118110236217488e-01
3.307086614173225803e-01
6.862507571168984244e-01
3.228925683980541361e-01
4.090273387359422141e-01
3.181234451937680063e-01
5.875227135069651663e-01
4.040384522486833996e-01
4.747203787951366771e-01
4.112658994548754054e-01
8.661417322834596977e-02
5.709215925474100395e-01
3.454282334481034722e-01
1.174154701250574862e-01
2.151211361737672967e-01
4.797178130511456917e-01
5.384615384615382139e-01
2.430555555555551361e-01
4.841269841269842389e-01
4.246031746031744825e-01
4.995590828924163507e-01
2.752976190476185692e-01
2.403292181069957290e-01
5.322168415388757179e-01
5.142857142857143460e-01
6.761904761904761196e-01
4.148148148148143033e-01
2.428066633013630238e-01
3.632331197634297015e-01
4.119425547996957010e-02
4.800000000000002043e-01
3.732406745017888827e-01
2.988215873015874213e-01
1.680000000000000937e-01
2.921739130434782838e-01
4.489103277674708625e-01
5.875200000000001532e-01
3.662762706579362759e-01
4.342857142857144970e-01
3.929411764705884047e-01
6.199417415556247590e-01
4.995506849315072273e-01
1.724444444444444835e-01
4.337831084457774988e-01
4.300377358490566904e-01
1.344000000000000472e-01
2.056451612903221482e-01
4.163306451612904246e-01
6.082949308755759565e-01
1.661290322580640522e-01
4.327956989247313535e-01
2.580645161290319733e-01
5.239888775317421699e-01
5.274193548387098307e-01
6.265526184084811989e-01
7.111146598530820873e-01
3.542061986084752978e-01
2.588205645161287261e-01
1.720430107526876307e-01
3.566610285530187885e-01
4.764267990074438908e-01
1.840607210626184764e-01
1.420454545454545303e-01
3.549107142857149677e-01
9.765625000000000000e-02
9.765625000000000000e-02
0.000000000000000000e+00
2.187500000000003331e-01
1.171875000000003469e-01
4.687500000000000000e-01
3.549107142857146902e-01
2.207031250000008049e-01
2.682291666666673513e-01
5.578125000000021538e-01
0.000000000000000000e+00
1.171875000000001527e-01
4.051339285714295468e-01
1.005859375000003053e-01
1.261160714285717577e-01
1.892361111111112160e-01
2.089843750000005274e-01
4.017857142857155228e-01
5.312500000000021094e-01
5.039062500000002220e-01
2.322443181818186486e-01
2.682291666666667962e-01
2.544642857142869197e-01
2.055288461538465061e-01
1.562500000000000000e-01
1.054687500000003747e-01
1.992187500000001110e-01
2.725694444444454745e-01
2.994791666666675178e-01
0.000000000000000000e+00
5.580357142857143016e-01
1.378906250000005718e-01
2.304687500000008049e-01
1.171875000000001804e-01
1.953125000000000000e-01
3.870738636363644236e-01
3.125000000000000000e-01
0.000000000000000000e+00
1.145833333333338144e-01
2.437500000000007438e-01
2.953125000000014211e-01
4.375000000000000555e-01
4.804687500000007216e-01
2.976973684210538762e-01
4.730902777777793999e-01
0.000000000000000000e+00
0.000000000000000000e+00
0.000000000000000000e+00
8.046875000000038858e-01
0.000000000000000000e+00
2.222222222222222099e-01
2.366071428571430713e-01
0.000000000000000000e+00
1.289062500000000278e-01
3.958333333333333703e-01
2.246093750000004163e-01
3.906250000000000000e-01
2.522321428571435709e-01
0.000000000000000000e+00
0.000000000000000000e+00
1.261160714285717854e-01
7.102272727272727904e-02
