2.144082332761545681e-02
1.071428571428570259e-01
5.896226415094250189e-02
8.844339622641500531e-02
3.807277628032290639e-02
2.806603773584899764e-01
2.122641509433962348e-01
9.433962264150801136e-02
1.428571428571421831e-01
4.330778301886786252e-01
2.631682389937093358e-01
1.122641509433947166e-01
7.804459691252031706e-02
1.768867924528292057e-01
1.426886792452819464e-01
4.554834905660376521e-02
9.518194070080807090e-02
2.427935010482174805e-01
5.362617924528302327e-01
1.617250673854440934e-01
4.811320754716976733e-01
1.064858490566028687e-01
4.089837049742704456e-01
3.846305031446526357e-01
1.536388140161718541e-01
3.619375907111750945e-01
4.481132075471689902e-01
2.387971698113207641e-01
0.000000000000000000e+00
2.057127882599567581e-01
2.862945492662462010e-01
3.375000000000001332e-01
1.516172506738542869e-01
1.873231132075472982e-01
1.913325471698106850e-01
1.415094339622636477e-01
3.537735849056600212e-01
5.375214408233276453e-01
3.655660377358489477e-01
2.892099056603771867e-01
1.729559748427663690e-01
5.273584905660377853e-01
2.228773584905660021e-01
2.476415094339621537e-01
7.252358490566036819e-02
2.920804369414088941e-01
1.999475890985319415e-01
1.428701015965155863e-01
3.644939965694631717e-02
7.216981132075472871e-02
6.073113207547090747e-02
4.009433962264091073e-02
2.348008385744227156e-01
2.857142857142843662e-01
3.608490566037733105e-01
1.167452830188678015e-01
2.190775681341713688e-01
1.695165094339621259e-01
2.358490566037724778e-01
5.710916442048516450e-02
3.644939965694631717e-02
4.251179245283015495e-01
9.518194070080807090e-02
1.715265866209254586e-01
1.320754716981130950e-01
1.805555555555547476e-01
2.594339622641499976e-01
8.844339622641500531e-02
6.191037735849017065e-02
4.288164665523148678e-01
3.070249326145548796e-01
1.469002695417783722e-01
2.274633123689721037e-01
4.886006289308169603e-01
4.867924528301880716e-01
6.839622641509431056e-02
2.026157804459690626e-01
2.004716981132074749e-01
1.457975986277864622e-01
3.320558176100629755e-01
5.625000000000000000e-01
5.241090146750522205e-01
1.751179245283012720e-01
5.423349056603771201e-01
3.219339622641503862e-01
4.225067385444740697e-01
3.916335650446817890e-02
2.918632075471697118e-01
4.048742138364777032e-01
3.478336827393419539e-01
3.305571933962260234e-01
7.161487236403993872e-01
3.372641509433955687e-01
9.780799112097669779e-02
4.716981132075400568e-02
3.066037735849058143e-01
2.681645453063993267e-01
7.083454208490900239e-01
6.625951610698501693e-01
3.097319383230405787e-01
9.733376164471556347e-02
3.297997644287392061e-01
4.505300353356885834e-01
1.872791519434627849e-01
5.109007267151142173e-01
5.191401648998820173e-01
5.710247349823318608e-01
4.151943462897526027e-01
3.092153233495984477e-01
7.515281774798732162e-01
5.307083964327782288e-01
3.318836640391404358e-01
7.200220274425211953e-02
4.512872286723877413e-01
3.003533568904588336e-01
2.379269729093047292e-01
2.144082332761545681e-02
1.071428571428570259e-01
5.896226415094250189e-02
8.844339622641500531e-02
3.807277628032290639e-02
2.806603773584899764e-01
2.122641509433962348e-01
9.433962264150801136e-02
1.428571428571421831e-01
4.330778301886786252e-01
2.631682389937093358e-01
1.122641509433947166e-01
7.804459691252031706e-02
1.768867924528292057e-01
1.426886792452819464e-01
4.554834905660376521e-02
9.518194070080807090e-02
2.427935010482174805e-01
5.362617924528302327e-01
1.617250673854440934e-01
4.811320754716976733e-01
1.064858490566028687e-01
4.089837049742704456e-01
3.846305031446526357e-01
1.536388140161718541e-01
3.619375907111750945e-01
4.481132075471689902e-01
2.387971698113207641e-01
0.000000000000000000e+00
2.057127882599567581e-01
2.862945492662462010e-01
3.375000000000001332e-01
1.516172506738542869e-01
1.873231132075472982e-01
1.913325471698106850e-01
1.415094339622636477e-01
3.537735849056600212e-01
5.375214408233276453e-01
3.655660377358489477e-01
2.892099056603771867e-01
1.729559748427663690e-01
5.273584905660377853e-01
2.228773584905660021e-01
2.476415094339621537e-01
7.252358490566036819e-02
2.920804369414088941e-01
1.999475890985319415e-01
1.428701015965155863e-01
3.644939965694631717e-02
7.216981132075472871e-02
6.073113207547090747e-02
4.009433962264091073e-02
2.348008385744227156e-01
2.857142857142843662e-01
3.608490566037733105e-01
1.167452830188678015e-01
2.190775681341713688e-01
1.695165094339621259e-01
2.358490566037724778e-01
5.710916442048516450e-02
3.644939965694631717e-02
4.251179245283015495e-01
9.518194070080807090e-02
1.715265866209254586e-01
9.733376164471556347e-02
3.297997644287392061e-01
4.505300353356885834e-01
1.872791519434627849e-01
5.109007267151142173e-01
5.191401648998820173e-01
5.710247349823318608e-01
4.151943462897526027e-01
3.092153233495984477e-01
7.515281774798732162e-01
5.307083964327782288e-01
3.318836640391404358e-01
7.200220274425211953e-02
4.512872286723877413e-01
3.003533568904588336e-01
2.379269729093047292e-01
1.052631578947363644e-01
4.590924426450742057e-01
2.830188679245280170e-01
1.336477987421380298e-01
3.490566037735847726e-01
4.761530398322848523e-01
6.785434484559640378e-01
4.952830188679243073e-01
3.616352201257860277e-01
7.178180158247110532e-01
5.159357470678226365e-01
3.218919914217009404e-01
2.112236403995556011e-01
3.995591939546599969e-01
3.555077691453933375e-01
1.517688679245281225e-01
1.643169664560038268e-01
2.269304774367441602e-01
3.789846517119241920e-01
1.629279811097988917e-01
2.712741803650892125e-01
6.515978036702421150e-01
6.358494414234294734e-01
3.569431500465983786e-01
3.964217600581233514e-01
4.773107539420979317e-01
4.845118808527975607e-01
5.197529742984284828e-01
1.688311688311688319e-01
4.566419495996954514e-01
2.712741803650900452e-01
1.525800402805750355e-01
8.330222719920324370e-02
4.554767533490937104e-01
3.386070194580830250e-01
1.809988179669028696e-01
4.887050170738113652e-01
5.817966903073283902e-01
6.560940372997109415e-01
3.444148936170208231e-01
2.875755187811926405e-01
5.573286052009456260e-01
5.617021276595746127e-01
5.455082742316785804e-01
1.158392434988179259e-01
4.218401498634190561e-01
3.424126757757200989e-01
1.227062929190584489e-01
6.390532544378642321e-02
4.332153126540136956e-01
3.268500046961585470e-01
1.076923076923071571e-01
4.149215333161818120e-01
5.567004424147283803e-01
6.301065088757397126e-01
5.310098902241093821e-01
3.533389687235838350e-01
6.103376261747305298e-01
5.186252092642881228e-01
3.722006970900544331e-01
1.658119658119655004e-01
3.230455778028146763e-01
5.089203974545047915e-01
1.789349112426031063e-01
1.933649289099523272e-01
2.446682464454972283e-01
2.843601895734597651e-01
2.522116903633490614e-01
2.815955766192733134e-01
5.781990521327011745e-01
6.696289595594174804e-01
3.874407582938391159e-01
2.645338538359217617e-01
7.167855411133525756e-01
5.360096645293187523e-01
2.962825829383886056e-01
2.106371774618218673e-01
3.427794640585525299e-01
3.674808603718554556e-01
2.568999163646499273e-01
2.144082332761423904e-02
1.071428571428535148e-01
5.896226415094332762e-02
8.844339622641374243e-02
3.807277628032078309e-02
2.806603773584882555e-01
2.122641509433960960e-01
9.433962264150444477e-02
1.428571428571428770e-01
4.330778301886771819e-01
2.631682389937086142e-01
1.122641509433919133e-01
7.804459691251756925e-02
1.768867924528286784e-01
1.426886792452823904e-01
4.554834905660243294e-02
9.518194070080823743e-02
2.427935010482157874e-01
5.362617924528276792e-01
1.617250673854410403e-01
4.811320754716993942e-01
1.064858490566008009e-01
4.089837049742716113e-01
3.846305031446527467e-01
1.536388140161726867e-01
3.619375907111760382e-01
4.481132075471679910e-01
2.387971698113208474e-01
0.000000000000000000e+00
2.057127882599564528e-01
2.862945492662448688e-01
3.374999999999968026e-01
1.516172506738510395e-01
1.873231132075459937e-01
1.913325471698115732e-01
1.415094339622627873e-01
3.537735849056591331e-01
5.375214408233269792e-01
3.655660377358468938e-01
2.892099056603765761e-01
1.729559748427634824e-01
5.273584905660392286e-01
2.228773584905653082e-01
2.476415094339620149e-01
7.252358490565742610e-02
2.920804369414067292e-01
1.999475890985313031e-01
1.428701015965166132e-01
3.644939965694496409e-02
7.216981132075092620e-02
6.073113207546941561e-02
4.009433962264025847e-02
2.348008385744218829e-01
2.857142857142856984e-01
3.608490566037740876e-01
1.167452830188639851e-01
2.190775681341676218e-01
1.695165094339620704e-01
2.358490566037707847e-01
5.710916442048182690e-02
3.644939965694575512e-02
4.251179245282995511e-01
9.518194070080460145e-02
1.715265866209261247e-01
