0.000000000000000000e+00
6.883116883116814633e-02
5.681818181818125424e-02
0.000000000000000000e+00
7.337662337662270717e-02
2.545454545454535200e-01
0.000000000000000000e+00
9.090909090908999568e-02
1.376623376623362927e-01
1.284090909090897237e-01
1.560606060606045398e-01
1.081818181818172825e-01
7.520661157024724486e-02
2.727272727272718189e-01
3.142857142857133912e-01
1.170454545454534812e-01
0.000000000000000000e+00
1.101010101010090475e-01
1.823863636363631802e-01
2.337662337662332612e-01
1.545454545454530426e-01
2.345454545454536410e-01
3.152892561983470787e-01
2.340909090909085166e-01
2.220779220779215690e-01
3.986013986013983157e-01
4.090909090909090051e-01
1.227272727272716302e-01
3.477272727272717745e-01
2.378787878787873011e-01
5.227272727272725961e-01
2.168181818181815212e-01
0.000000000000000000e+00
1.604545454545441285e-01
2.011363636363631691e-01
3.409090909090908839e-01
2.272727272727262660e-01
3.603305785123962490e-01
4.090909090909090051e-01
5.573863636363638463e-01
2.666666666666658303e-01
5.672727272727271508e-01
6.300000000000005596e-01
3.818181818181809462e-01
9.318181818181735243e-02
2.598086124401909891e-01
2.202020202020193163e-01
7.867132867132799190e-02
1.404958677685937962e-01
9.272727272727190884e-02
0.000000000000000000e+00
2.318181818181812293e-01
6.464646464646399415e-02
6.883116883116814633e-02
6.181818181818171665e-01
2.999999999999986566e-01
7.676767676767609627e-02
2.613636363636357429e-01
6.250000000000000000e-01
0.000000000000000000e+00
7.024793388429689811e-02
3.121212121212108004e-01
7.337662337662270717e-02
8.264462809917273722e-02
5.656565656565601397e-02
1.070707070707061087e-01
1.818181818181810183e-01
7.575757575757501028e-02
4.772727272727226439e-02
5.165289256198342116e-01
8.766233766233678948e-02
1.415584415584402178e-01
3.757575757575748465e-01
4.708333333333334925e-01
2.931818181818179880e-01
1.757575757575750852e-01
3.904958677685952395e-01
3.606060606060606522e-01
5.619834710743750600e-02
2.477272727272721575e-01
4.909090909090905175e-01
6.565656565656555754e-01
4.602272727272722630e-01
4.581818181818180791e-01
5.250000000000002442e-01
4.688311688311686543e-01
2.264354066985642677e-01
3.214285714285707862e-01
2.080808080808072280e-01
3.047138047138044370e-01
3.267045454545450811e-01
6.203208556149732988e-01
2.499999999999997502e-01
1.256684491978598550e-01
1.363636363636359927e-01
9.454545454545365546e-02
1.718695880050866431e-01
5.834116761088168346e-01
8.066461504106738900e-01
3.975720197537553346e-01
4.154668860551210402e-02
2.171945701357463898e-01
2.375565610859723120e-01
3.297511312217187851e-01
2.159139417740970623e-01
3.942307692307691069e-01
5.484162895927602310e-01
6.108597285067868254e-01
3.210514975220855050e-01
7.266035359425293549e-01
8.106011635423403527e-01
3.101287852419067348e-01
1.844038314626548769e-01
4.494720965309197402e-01
4.615384615384611200e-01
1.661867544220484161e-01
0.000000000000000000e+00
6.883116883116814633e-02
5.681818181818125424e-02
0.000000000000000000e+00
7.337662337662270717e-02
2.545454545454535200e-01
0.000000000000000000e+00
9.090909090908999568e-02
1.376623376623362927e-01
1.284090909090897237e-01
1.560606060606045398e-01
1.081818181818172825e-01
7.520661157024724486e-02
2.727272727272718189e-01
3.142857142857133912e-01
1.170454545454534812e-01
0.000000000000000000e+00
1.101010101010090475e-01
1.823863636363631802e-01
2.337662337662332612e-01
1.545454545454530426e-01
2.345454545454536410e-01
3.152892561983470787e-01
2.340909090909085166e-01
2.220779220779215690e-01
3.986013986013983157e-01
4.090909090909090051e-01
1.227272727272716302e-01
3.477272727272717745e-01
2.378787878787873011e-01
5.227272727272725961e-01
2.168181818181815212e-01
0.000000000000000000e+00
1.604545454545441285e-01
2.011363636363631691e-01
3.409090909090908839e-01
2.272727272727262660e-01
3.603305785123962490e-01
4.090909090909090051e-01
5.573863636363638463e-01
2.666666666666658303e-01
5.672727272727271508e-01
6.300000000000005596e-01
3.818181818181809462e-01
9.318181818181735243e-02
2.598086124401909891e-01
2.202020202020193163e-01
7.867132867132799190e-02
1.404958677685937962e-01
9.272727272727190884e-02
0.000000000000000000e+00
2.318181818181812293e-01
6.464646464646399415e-02
6.883116883116814633e-02
6.181818181818171665e-01
2.999999999999986566e-01
7.676767676767609627e-02
2.613636363636357429e-01
6.250000000000000000e-01
0.000000000000000000e+00
7.024793388429689811e-02
3.121212121212108004e-01
7.337662337662270717e-02
8.264462809917273722e-02
4.154668860551210402e-02
2.171945701357463898e-01
2.375565610859723120e-01
3.297511312217187851e-01
2.159139417740970623e-01
3.942307692307691069e-01
5.484162895927602310e-01
6.108597285067868254e-01
3.210514975220855050e-01
7.266035359425293549e-01
8.106011635423403527e-01
3.101287852419067348e-01
1.844038314626548769e-01
4.494720965309197402e-01
4.615384615384611200e-01
1.661867544220484161e-01
1.014354066985641567e-01
2.896761133603239502e-01
2.121212121212120161e-01
1.212121212121206743e-01
2.909090909090903954e-01
5.053872053872052739e-01
5.742686379364578819e-01
3.500000000000001998e-01
2.727272727272727071e-01
6.231671554252201650e-01
7.562653562653564032e-01
6.318729777684997106e-01
1.403743315508019507e-01
3.252118158919166668e-01
6.684491978609624629e-01
1.949999999999999512e-01
4.539349986569971018e-02
1.111697579991151180e-01
3.257229832572299810e-01
2.191780821917809208e-01
2.170706006322444537e-01
4.987232481695189623e-01
5.446677554466775595e-01
4.557996825356299686e-01
4.088514225500527455e-01
6.165223968400708188e-01
6.704550744092532266e-01
3.747804706708817157e-01
1.506849315068493345e-01
3.575297941495124698e-01
4.421538744421897316e-01
2.723609991941982611e-01
7.460164171897604168e-02
2.426095820591228358e-01
3.112208892025400409e-01
1.685779816513761353e-01
1.243628950050968546e-01
4.662844036697250116e-01
6.824668705402648916e-01
5.091743119266054496e-01
4.885490995582740248e-01
6.242549111076558521e-01
6.192660550458718438e-01
5.536697247706423575e-01
8.990825688073358912e-02
4.288848996660942214e-01
5.465656241380710822e-01
1.428571428571427659e-01
0.000000000000000000e+00
2.980038571216641619e-01
2.943135103503767280e-01
9.677419354838694143e-02
1.683029453015422172e-01
5.221622792393033619e-01
6.486635944700459566e-01
4.333262922840157572e-01
3.439763001974982526e-01
5.206017891027379108e-01
7.195437688055421610e-01
6.563474528123227625e-01
2.483358934971835463e-01
3.306917969586635198e-01
6.015998608816619520e-01
2.064516129032258618e-01
9.444444444444435871e-02
1.707175925925922821e-01
3.174603174603168876e-01
1.907407407407402389e-01
2.839506172839504905e-01
3.518518518518515825e-01
6.444869933757151337e-01
4.709876543209878252e-01
9.943582510578286016e-02
7.926980198019802915e-01
7.116920842411037507e-01
4.539930555555557468e-01
2.962962962962958358e-01
4.162196945176557250e-01
4.102564102564100201e-01
2.905773420479302871e-01
0.000000000000000000e+00
6.883116883116682794e-02
5.681818181817874236e-02
0.000000000000000000e+00
7.337662337662127776e-02
2.545454545454526873e-01
0.000000000000000000e+00
9.090909090908766421e-02
1.376623376623349326e-01
1.284090909090898625e-01
1.560606060606010148e-01
1.081818181818122310e-01
7.520661157024693955e-02
2.727272727272709862e-01
3.142857142857117814e-01
1.170454545454525236e-01
0.000000000000000000e+00
1.101010101010076458e-01
1.823863636363619589e-01
2.337662337662305412e-01
1.545454545454516271e-01
2.345454545454543627e-01
3.152892561983454134e-01
2.340909090909091828e-01
2.220779220779205143e-01
3.986013986013980936e-01
4.090909090909078394e-01
1.227272727272710334e-01
3.477272727272670005e-01
2.378787878787887444e-01
5.227272727272724850e-01
2.168181818181812992e-01
0.000000000000000000e+00
1.604545454545442118e-01
2.011363636363624474e-01
3.409090909090889965e-01
2.272727272727246006e-01
3.603305785123963600e-01
4.090909090909078394e-01
5.573863636363620699e-01
2.666666666666636099e-01
5.672727272727260406e-01
6.300000000000030020e-01
3.818181818181805576e-01
9.318181818181284215e-02
2.598086124401879915e-01
2.202020202020202044e-01
7.867132867132889396e-02
1.404958677685929636e-01
9.272727272726946635e-02
0.000000000000000000e+00
2.318181818181817289e-01
6.464646464646234270e-02
6.883116883116889573e-02
6.181818181818200530e-01
2.999999999999963252e-01
7.676767676767226600e-02
2.613636363636350768e-01
6.250000000000000000e-01
0.000000000000000000e+00
7.024793388429631524e-02
3.121212121212092461e-01
7.337662337662358147e-02
8.264462809917148822e-02
