0.000000000000000000e+00
3.059163059163058640e-01
1.893939393939387539e-01
0.000000000000000000e+00
2.445887445887439671e-01
4.242424242424244207e-01
5.303030303030300541e-01
3.030303030303019840e-01
7.647907647907570272e-02
2.853535353535355257e-01
2.601010101010092779e-01
1.202020202020191997e-01
8.356290174471914245e-02
1.515151515151516581e-01
2.619047619047614184e-01
0.000000000000000000e+00
8.152958152958078575e-02
3.058361391694719988e-01
2.702020202020202766e-01
2.597402597402589941e-01
5.151515151515152491e-01
0.000000000000000000e+00
2.502295684113861607e-01
8.670033670033584772e-02
4.112554112554105412e-01
2.657342657342658399e-01
3.535353535353529808e-01
2.727272727272729846e-01
3.863636363636350213e-01
8.810325476992057758e-02
4.517396184062842934e-01
1.606060606060608076e-01
3.607503607503599885e-01
5.348484848484856835e-01
1.489898989898990334e-01
1.515151515151516581e-01
2.525252525252524860e-01
1.501377410468315021e-01
3.535353535353529808e-01
4.816919191919186716e-01
5.185185185185183787e-01
4.202020202020204098e-01
3.818181818181821119e-01
1.414141414141414643e-01
1.035353535353526061e-01
1.924508240297716222e-01
2.446689113355780820e-01
8.741258741258665921e-02
7.805325987144100253e-02
4.121212121212125545e-01
0.000000000000000000e+00
0.000000000000000000e+00
0.000000000000000000e+00
2.294372294372286347e-01
2.575757575757567364e-01
1.666666666666666574e-01
1.705948372615041231e-01
1.452020202020197492e-01
4.419191919191912121e-01
1.630591630591631813e-01
0.000000000000000000e+00
2.601010101010092779e-01
0.000000000000000000e+00
0.000000000000000000e+00
0.000000000000000000e+00
2.974186307519637307e-01
2.525252525252519864e-01
0.000000000000000000e+00
2.651515151515146940e-01
4.591368227731864038e-01
5.357142857142851433e-01
3.145743145743147284e-01
2.087542087542081093e-01
5.231481481481478069e-01
2.606060606060607299e-01
4.882154882154836339e-02
1.928374655647384084e-01
3.434343434343436474e-01
6.244260789715277982e-02
4.128787878787875676e-01
4.999999999999994449e-01
7.295173961840620835e-01
2.045454545454545858e-01
3.818181818181818898e-01
4.242424242424243652e-01
3.564213564213561947e-01
2.515948963317378717e-01
1.785714285714280758e-01
4.624017957351291841e-01
5.417134306023195789e-01
2.541035353535349706e-01
3.790849673202611458e-01
5.555555555555555802e-01
3.490790255496134531e-01
5.050505050504999760e-02
1.050505050505051025e-01
4.247048356944976844e-01
5.635039154980876486e-01
7.119225406661504607e-01
2.360043270325667963e-01
1.614892645043398134e-01
7.638190954773863561e-01
3.391959798994973463e-01
1.997487437185928305e-01
4.351948421352042073e-01
3.090452261306530501e-01
5.582914572864318137e-01
4.899497487437183274e-01
5.348169418521174778e-01
5.561311713205200347e-01
6.274228284278533518e-01
3.444143795902587790e-01
1.706584872414017573e-01
2.852357023211293252e-01
3.986599664991622438e-01
6.920968478757419384e-02
0.000000000000000000e+00
3.059163059163058640e-01
1.893939393939387539e-01
0.000000000000000000e+00
2.445887445887439671e-01
4.242424242424244207e-01
5.303030303030300541e-01
3.030303030303019840e-01
7.647907647907570272e-02
2.853535353535355257e-01
2.601010101010092779e-01
1.202020202020191997e-01
8.356290174471914245e-02
1.515151515151516581e-01
2.619047619047614184e-01
0.000000000000000000e+00
8.152958152958078575e-02
3.058361391694719988e-01
2.702020202020202766e-01
2.597402597402589941e-01
5.151515151515152491e-01
0.000000000000000000e+00
2.502295684113861607e-01
8.670033670033584772e-02
4.112554112554105412e-01
2.657342657342658399e-01
3.535353535353529808e-01
2.727272727272729846e-01
3.863636363636350213e-01
8.810325476992057758e-02
4.517396184062842934e-01
1.606060606060608076e-01
3.607503607503599885e-01
5.348484848484856835e-01
1.489898989898990334e-01
1.515151515151516581e-01
2.525252525252524860e-01
1.501377410468315021e-01
3.535353535353529808e-01
4.816919191919186716e-01
5.185185185185183787e-01
4.202020202020204098e-01
3.818181818181821119e-01
1.414141414141414643e-01
1.035353535353526061e-01
1.924508240297716222e-01
2.446689113355780820e-01
8.741258741258665921e-02
7.805325987144100253e-02
4.121212121212125545e-01
0.000000000000000000e+00
0.000000000000000000e+00
0.000000000000000000e+00
2.294372294372286347e-01
2.575757575757567364e-01
1.666666666666666574e-01
1.705948372615041231e-01
1.452020202020197492e-01
4.419191919191912121e-01
1.630591630591631813e-01
0.000000000000000000e+00
2.601010101010092779e-01
0.000000000000000000e+00
0.000000000000000000e+00
1.614892645043398134e-01
7.638190954773863561e-01
3.391959798994973463e-01
1.997487437185928305e-01
4.351948421352042073e-01
3.090452261306530501e-01
5.582914572864318137e-01
4.899497487437183274e-01
5.348169418521174778e-01
5.561311713205200347e-01
6.274228284278533518e-01
3.444143795902587790e-01
1.706584872414017573e-01
2.852357023211293252e-01
3.986599664991622438e-01
6.920968478757419384e-02
1.408825093035616649e-01
5.563052931473982943e-01
5.387205387205387108e-01
1.346801346801346777e-01
6.060606060606056333e-01
3.546576879910214863e-01
5.199049316696375822e-01
3.535353535353536469e-01
5.723905723905720055e-01
5.262300423590745568e-01
5.913185913185912135e-01
3.538252791984135559e-01
9.358288770053442562e-02
4.053125715594228518e-01
3.713606654783124794e-01
9.629629629629628262e-02
3.027769483427887320e-01
2.095276223423597761e-01
4.345177664974617660e-01
3.045685279187815286e-01
2.815306520890272224e-01
5.123826650903766655e-01
6.795978608568923329e-01
2.214768593203739477e-01
4.545099570480278794e-01
5.947494628009095674e-01
5.119158305192819114e-01
3.408824677860207708e-01
2.512690355329946224e-01
2.504523431098103492e-01
2.405022157347303791e-01
1.009256494475959109e-01
1.106337271750804513e-01
6.938775510204077124e-01
5.000000000000000000e-01
1.562499999999997502e-01
3.458049886621317182e-01
4.640306122448980553e-01
7.298752834467119310e-01
2.831632653061222360e-01
6.243386243386244150e-01
3.846852300242133427e-01
6.061224489795917769e-01
4.346938775510200137e-01
2.666666666666663854e-01
2.949200439893271408e-01
1.829719073435189247e-01
1.059280855199221244e-01
1.538461538461536604e-01
4.541645375574858146e-01
5.654977614977614309e-01
7.179487179487142878e-02
5.993311036789293889e-01
3.882783882783883422e-01
5.963076923076922053e-01
3.291304544812495014e-01
4.523809523809521060e-01
5.541478129713425238e-01
5.647620636774649538e-01
3.783350895679665760e-01
1.381766381766379725e-01
3.352682633042449178e-01
3.544267053701012915e-01
1.723076923076919953e-01
2.891752577319585682e-01
4.181701030927832963e-01
4.241531664212072616e-01
1.769759450171817516e-01
2.371134020618550775e-01
3.917525773195876249e-01
8.312105312862370088e-01
3.371134020618552496e-01
4.872697134049698287e-01
6.449508352897145302e-01
5.207196280574084568e-01
2.250322164948456161e-01
2.565864833906069120e-01
2.850195846257468357e-01
2.283901665344958698e-01
2.352941176470586260e-01
0.000000000000000000e+00
3.059163059163026444e-01
1.893939393939379212e-01
0.000000000000000000e+00
2.445887445887431899e-01
4.242424242424234770e-01
5.303030303030300541e-01
3.030303030303023726e-01
7.647907647907294104e-02
2.853535353535330277e-01
2.601010101010076681e-01
1.202020202020159245e-01
8.356290174471595056e-02
1.515151515151488548e-01
2.619047619047623621e-01
0.000000000000000000e+00
8.152958152957966165e-02
3.058361391694711662e-01
2.702020202020177231e-01
2.597402597402599933e-01
5.151515151515154711e-01
0.000000000000000000e+00
2.502295684113869934e-01
8.670033670033340523e-02
4.112554112554131502e-01
2.657342657342645631e-01
3.535353535353522592e-01
2.727272727272723740e-01
3.863636363636357429e-01
8.810325476991838489e-02
4.517396184062842934e-01
1.606060606060587259e-01
3.607503607503564913e-01
5.348484848484859056e-01
1.489898989898994497e-01
1.515151515151501871e-01
2.525252525252495439e-01
1.501377410468299478e-01
3.535353535353522592e-01
4.816919191919171728e-01
5.185185185185179346e-01
4.202020202020204653e-01
3.818181818181821674e-01
1.414141414141377728e-01
1.035353535353496085e-01
1.924508240297712891e-01
2.446689113355766387e-01
8.741258741258489673e-02
7.805325987143786615e-02
4.121212121212097790e-01
0.000000000000000000e+00
0.000000000000000000e+00
0.000000000000000000e+00
2.294372294372283849e-01
2.575757575757575690e-01
1.666666666666646035e-01
1.705948372615022079e-01
1.452020202020198048e-01
4.419191919191889917e-01
1.630591630591629870e-01
0.000000000000000000e+00
2.601010101010077236e-01
0.000000000000000000e+00
0.000000000000000000e+00
