1.173020527859236495e-01
2.930875576036863217e-01
8.064516129032250902e-02
2.419354838709674993e-01
2.082949308755760176e-01
6.322580645161287594e-01
0.000000000000000000e+00
3.870967741935479878e-01
1.953917050691242330e-01
2.733870967741934832e-01
3.322580645161287705e-01
1.535483870967743192e-01
0.000000000000000000e+00
2.903225806451613100e-01
0.000000000000000000e+00
1.661290322580644963e-01
5.207373271889399469e-01
3.125448028673833423e-01
1.725806451612902082e-01
1.105990783410137901e-01
2.193548387096772578e-01
8.322580645161287149e-02
6.392961876832840840e-02
6.645161290322575409e-01
1.050691244239630728e-01
1.131513647642679449e-01
0.000000000000000000e+00
0.000000000000000000e+00
3.290322580645158035e-01
3.376344086021502711e-01
5.770609318996409165e-01
4.103225806451614721e-01
9.216589861751142698e-02
3.416129032258066744e-01
3.806451612903223869e-01
0.000000000000000000e+00
2.419354838709674993e-01
1.278592375366568168e-01
6.451612903225800721e-02
3.516129032258062947e-01
9.462365591397853271e-02
6.709677419354835581e-02
1.625806451612903103e-01
2.709677419354837302e-01
2.645161290322580738e-01
0.000000000000000000e+00
3.125448028673833423e-01
2.233250620347395632e-01
9.970674486803521308e-02
2.632258064516129759e-01
3.322580645161293811e-01
1.096774193548386289e-01
4.587813620071679033e-01
0.000000000000000000e+00
1.096774193548386289e-01
3.193548387096770691e-01
4.358422939068101742e-01
2.473118279569890832e-01
1.612903225806450180e-01
4.165898617511520352e-01
1.994134897360704262e-01
3.322580645161287705e-01
4.165898617511520352e-01
4.692082111436945979e-01
4.014336917562720264e-01
3.799283154121863570e-01
3.225806451612899806e-01
2.688172043010749745e-01
4.064516129032255121e-01
7.331378299120226982e-01
0.000000000000000000e+00
4.018433179723500670e-01
4.444444444444440867e-01
4.252688172043008197e-01
7.490322580645157879e-01
6.236559139784944583e-02
1.847507331378298590e-01
7.311827956989244703e-02
7.178885630498532677e-01
4.688172043010750412e-01
5.225806451612897696e-01
2.867383512544799951e-01
1.306451612903224702e-01
4.064516129032254982e-02
1.354838709677418651e-01
1.050691244239630590e-01
4.285229202037352803e-01
5.322580645161288926e-01
2.953405017921145181e-01
2.594982078853044771e-01
3.245967741935480433e-01
1.320683111954458200e-01
7.096774193548381626e-02
3.567362428842505429e-01
1.935483870967739939e-01
6.038709677419351607e-01
4.762884858685203504e-01
4.408510973950425238e-01
3.137991089709749604e-01
6.827703452487500213e-01
2.648601398601394541e-01
6.153846153846151967e-01
4.326923076923070988e-01
2.123397435897432517e-01
5.224963715529754582e-01
3.285256410256409687e-01
9.711538461538447853e-02
7.692307692307689404e-01
3.638583638583633428e-01
3.224425059476608291e-01
2.435897435897433072e-01
3.905325443786976103e-01
2.612387612387609415e-01
4.093406593406587746e-01
5.448717948717946014e-01
5.002913752913750178e-01
1.173020527859236495e-01
2.930875576036863217e-01
8.064516129032250902e-02
2.419354838709674993e-01
2.082949308755760176e-01
6.322580645161287594e-01
0.000000000000000000e+00
3.870967741935479878e-01
1.953917050691242330e-01
2.733870967741934832e-01
3.322580645161287705e-01
1.535483870967743192e-01
0.000000000000000000e+00
2.903225806451613100e-01
0.000000000000000000e+00
1.661290322580644963e-01
5.207373271889399469e-01
3.125448028673833423e-01
1.725806451612902082e-01
1.105990783410137901e-01
2.193548387096772578e-01
8.322580645161287149e-02
6.392961876832840840e-02
6.645161290322575409e-01
1.050691244239630728e-01
1.131513647642679449e-01
0.000000000000000000e+00
0.000000000000000000e+00
3.290322580645158035e-01
3.376344086021502711e-01
5.770609318996409165e-01
4.103225806451614721e-01
9.216589861751142698e-02
3.416129032258066744e-01
3.806451612903223869e-01
0.000000000000000000e+00
2.419354838709674993e-01
1.278592375366568168e-01
6.451612903225800721e-02
3.516129032258062947e-01
9.462365591397853271e-02
6.709677419354835581e-02
1.625806451612903103e-01
2.709677419354837302e-01
2.645161290322580738e-01
0.000000000000000000e+00
3.125448028673833423e-01
2.233250620347395632e-01
9.970674486803521308e-02
2.632258064516129759e-01
3.322580645161293811e-01
1.096774193548386289e-01
4.587813620071679033e-01
0.000000000000000000e+00
1.096774193548386289e-01
3.193548387096770691e-01
4.358422939068101742e-01
2.473118279569890832e-01
1.612903225806450180e-01
4.165898617511520352e-01
1.994134897360704262e-01
3.322580645161287705e-01
4.165898617511520352e-01
4.692082111436945979e-01
2.648601398601394541e-01
6.153846153846151967e-01
4.326923076923070988e-01
2.123397435897432517e-01
5.224963715529754582e-01
3.285256410256409687e-01
9.711538461538447853e-02
7.692307692307689404e-01
3.638583638583633428e-01
3.224425059476608291e-01
2.435897435897433072e-01
3.905325443786976103e-01
2.612387612387609415e-01
4.093406593406587746e-01
5.448717948717946014e-01
5.002913752913750178e-01
2.159592529711373277e-01
7.503199686561315973e-01
1.720430107526880192e-01
3.870967741935479878e-01
5.161290322580639467e-01
3.775388291517321471e-01
2.672173233619821731e-01
4.967741935483868665e-01
3.010752688172040337e-01
2.122788761706554672e-01
4.373147340889274037e-01
3.335469056701599322e-01
4.781783681214415993e-01
3.505809701795725153e-01
4.269449715370014498e-01
4.920430107526881924e-01
2.259358288770051126e-01
3.869207252711166500e-01
2.779220779220775706e-01
5.064935064935066622e-01
5.144855144855142726e-01
3.764093784691107669e-01
1.974910734034817650e-01
4.641192917054987044e-01
2.907092907092903022e-01
3.671420603935940941e-01
1.673891164190408065e-01
4.845154845154843737e-01
4.285714285714285476e-01
2.994892431512146680e-01
6.512212619595173502e-01
3.550420168067225934e-01
1.771585827313381378e-01
3.950617283950616510e-01
5.419808949220713545e-01
4.003267973856210471e-01
4.872912127814091332e-01
4.196078431372550765e-01
2.618010167029775626e-01
4.534313725490197178e-01
1.887678528201408301e-01
1.445847642258413779e-01
3.176470588235295600e-01
6.496732026143792194e-01
5.978213507625272927e-01
5.918641308113353761e-01
2.056939089090540351e-01
3.392468098350450156e-01
2.368421052631579093e-01
4.475096146088267668e-01
1.924603174603175260e-01
5.526315789473684736e-01
4.324942791762008687e-01
2.913249031670082090e-01
3.221052631578946168e-01
5.987457535325683144e-01
2.678571428571429047e-01
3.231424148606810709e-01
3.112370133576890519e-01
3.489545782263880902e-01
4.963450292397660335e-01
4.986059601778056183e-01
5.052135054617674648e-01
4.052631578947365476e-01
1.013245033112579185e-01
3.907284768211919945e-01
5.449385052034053656e-01
5.002207505518764252e-01
5.584988962472409169e-01
2.649006622516555942e-01
1.919266759422341151e-01
5.774834437086089345e-01
4.078405365265884708e-01
3.069798701724478773e-01
1.454356577067910938e-01
4.124586092715234464e-01
4.709345106696098959e-01
6.149129261712042993e-01
4.890473764645952293e-01
4.534476042072455026e-01
1.173020527859235246e-01
2.930875576036838792e-01
8.064516129032245351e-02
2.419354838709662781e-01
2.082949308755756290e-01
6.322580645161273161e-01
0.000000000000000000e+00
3.870967741935451012e-01
1.953917050691243718e-01
2.733870967741933722e-01
3.322580645161265500e-01
1.535483870967680187e-01
0.000000000000000000e+00
2.903225806451592006e-01
0.000000000000000000e+00
1.661290322580622758e-01
5.207373271889411681e-01
3.125448028673815104e-01
1.725806451612900139e-01
1.105990783410117778e-01
2.193548387096767860e-01
8.322580645161056778e-02
6.392961876832811696e-02
6.645161290322554315e-01
1.050691244239631700e-01
1.131513647642673620e-01
0.000000000000000000e+00
0.000000000000000000e+00
3.290322580645156370e-01
3.376344086021481616e-01
5.770609318996423598e-01
4.103225806451579194e-01
9.216589861751138535e-02
3.416129032258063414e-01
3.806451612903235526e-01
0.000000000000000000e+00
2.419354838709666944e-01
1.278592375366562339e-01
6.451612903225609208e-02
3.516129032258060172e-01
9.462365591397625675e-02
6.709677419354653782e-02
1.625806451612910875e-01
2.709677419354822314e-01
2.645161290322528003e-01
0.000000000000000000e+00
3.125448028673812328e-01
2.233250620347360660e-01
9.970674486803333958e-02
2.632258064516124763e-01
3.322580645161234969e-01
1.096774193548370468e-01
4.587813620071657938e-01
0.000000000000000000e+00
1.096774193548390453e-01
3.193548387096756258e-01
4.358422939068057334e-01
2.473118279569893052e-01
1.612903225806413265e-01
4.165898617511504254e-01
1.994134897360677339e-01
3.322580645161281598e-01
4.165898617511504254e-01
4.692082111436931546e-01
