1.597191146604245715e-01
2.018283117866601362e-01
1.488546005301012443e-01
1.692067398712600035e-01
1.607562070644232011e-01
2.046194623248762945e-01
2.291745550927667407e-01
1.522150700492219955e-01
1.533780494401459082e-01
2.957639151836422564e-01
2.174271109428245752e-01
1.761794774706537392e-01
1.913910020309098070e-01
2.916508898144642981e-01
2.794774706550537391e-01
1.842767890950393894e-01
2.065992318926802573e-01
1.403256342294582626e-01
3.150037864445283664e-01
2.589928057553950169e-01
2.893411586520255319e-01
1.785289663006427163e-01
2.450070565557115332e-01
2.258771929824560931e-01
3.021582733812948063e-01
2.838959601549525535e-01
2.705414615675880152e-01
1.883661491859144610e-01
1.501419916698218948e-01
1.932033320711835644e-01
3.302095165972478430e-01
1.839246497538799263e-01
2.220479255693185716e-01
2.435980689132907218e-01
1.572179098826195220e-01
2.950586898901923494e-01
2.570049223778862468e-01
2.628291625073145288e-01
3.390761075350239850e-01
2.994817304051491380e-01
2.052000504859260166e-01
3.134570238546002252e-01
2.015713744793634632e-01
2.191972737599387211e-01
1.831881862930695715e-01
2.517746467645827213e-01
1.554587908620466141e-01
2.179026009961254895e-01
1.612164813603650104e-01
1.784324119651631568e-01
1.287012495266945389e-01
2.240060583112450376e-01
2.207917876225322651e-01
2.084221344728723613e-01
3.063990912533124944e-01
1.918023475956076584e-01
2.871302957633883324e-01
1.870582481383308293e-01
2.508519500189312357e-01
1.705360523611177681e-01
1.694089704313096467e-01
2.609775337624630764e-01
1.986531075891155296e-01
1.595470035454882030e-01
2.185199209053809155e-01
3.052589507341497144e-01
2.347595607724339839e-01
2.320774958980183489e-01
2.154865581219225779e-01
3.440070909779353037e-01
2.818737491210038804e-01
2.337777897982358244e-01
2.997097059194738788e-01
4.041572005553445424e-01
3.331238167360848212e-01
2.391960116117630430e-01
3.733606416302359121e-01
3.544616938028522513e-01
3.103783002306284011e-01
2.218383188186286437e-01
4.445475198788331195e-01
4.120913795279556036e-01
2.014009844755772771e-01
3.262116622491481044e-01
3.840590685346454980e-01
3.598150051387461468e-01
1.807653600111600867e-01
2.561529723589545671e-01
3.518700828810629178e-01
3.622182955390071402e-01
2.880715164710334064e-01
3.866494420562616718e-01
3.053010223400225431e-01
2.444372675234421088e-01
2.139341158652020014e-01
3.382658084059063652e-01
4.576284574516876757e-01
4.943820110052899452e-01
5.377533291368251644e-01
4.354726975393553579e-01
2.586574554541838378e-01
3.796974688097535799e-01
3.835122394502183396e-01
4.073758543003727084e-01
4.181462990170075611e-01
3.523006947994165028e-01
4.642623199106417076e-01
4.077923553132270507e-01
4.233958175004348123e-01
5.417052379003428619e-01
4.114002277232809424e-01
3.623078233744443932e-01
2.537064041579289997e-01
4.181571002153724459e-01
3.805241602140562729e-01
2.571799095056887530e-01
1.597191146604245715e-01
2.018283117866601362e-01
1.488546005301012443e-01
1.692067398712600035e-01
1.607562070644232011e-01
2.046194623248762945e-01
2.291745550927667407e-01
1.522150700492219955e-01
1.533780494401459082e-01
2.957639151836422564e-01
2.174271109428245752e-01
1.761794774706537392e-01
1.913910020309098070e-01
2.916508898144642981e-01
2.794774706550537391e-01
1.842767890950393894e-01
2.065992318926802573e-01
1.403256342294582626e-01
3.150037864445283664e-01
2.589928057553950169e-01
2.893411586520255319e-01
1.785289663006427163e-01
2.450070565557115332e-01
2.258771929824560931e-01
3.021582733812948063e-01
2.838959601549525535e-01
2.705414615675880152e-01
1.883661491859144610e-01
1.501419916698218948e-01
1.932033320711835644e-01
3.302095165972478430e-01
1.839246497538799263e-01
2.220479255693185716e-01
2.435980689132907218e-01
1.572179098826195220e-01
2.950586898901923494e-01
2.570049223778862468e-01
2.628291625073145288e-01
3.390761075350239850e-01
2.994817304051491380e-01
2.052000504859260166e-01
3.134570238546002252e-01
2.015713744793634632e-01
2.191972737599387211e-01
1.831881862930695715e-01
2.517746467645827213e-01
1.554587908620466141e-01
2.179026009961254895e-01
1.612164813603650104e-01
1.784324119651631568e-01
1.287012495266945389e-01
2.240060583112450376e-01
2.207917876225322651e-01
2.084221344728723613e-01
3.063990912533124944e-01
1.918023475956076584e-01
2.871302957633883324e-01
1.870582481383308293e-01
2.508519500189312357e-01
1.705360523611177681e-01
1.694089704313096467e-01
2.609775337624630764e-01
1.986531075891155296e-01
1.595470035454882030e-01
2.586574554541838378e-01
3.796974688097535799e-01
3.835122394502183396e-01
4.073758543003727084e-01
4.181462990170075611e-01
3.523006947994165028e-01
4.642623199106417076e-01
4.077923553132270507e-01
4.233958175004348123e-01
5.417052379003428619e-01
4.114002277232809424e-01
3.623078233744443932e-01
2.537064041579289997e-01
4.181571002153724459e-01
3.805241602140562729e-01
2.571799095056887530e-01
2.746168715996730181e-01
4.482822521015784600e-01
3.734696453363620106e-01
2.857503470907479803e-01
4.340780007572888066e-01
4.030487890389440886e-01
4.465735297393116920e-01
3.765051117001134151e-01
3.935378013378766915e-01
4.588926481904462285e-01
4.523041026638150441e-01
4.279615669359488339e-01
3.330289328908388469e-01
3.445800909318947336e-01
4.073212018620396835e-01
2.522308469014257759e-01
2.632146631726770547e-01
3.658353128291011447e-01
4.536410508844667677e-01
2.649046744542679077e-01
4.003614666633653063e-01
3.631101451468262686e-01
4.481816407490681331e-01
4.474318006700226391e-01
4.986696220911183142e-01
3.961381251425024064e-01
3.679309142043682979e-01
4.232334809589200497e-01
2.536587212934737212e-01
4.010569262099262233e-01
3.284117549610276465e-01
2.766718304353491531e-01
2.528962415125620700e-01
4.759236118999832232e-01
4.494417695599109419e-01
2.887509939793250213e-01
4.238517172176150538e-01
4.071907304328071242e-01
4.608719249750715674e-01
4.087526979438825814e-01
4.612888703766817033e-01
3.899979098890491991e-01
4.295013063728276292e-01
4.579821273050852515e-01
2.452875913514329931e-01
3.599815544331380068e-01
3.814754222358109348e-01
2.537356492826216559e-01
2.649147054925495293e-01
4.359031578351412195e-01
3.553912746346996054e-01
3.024405021110628811e-01
4.435133286301923827e-01
3.755471644084348859e-01
4.846916712422135176e-01
4.259402382344947835e-01
4.273110118765869880e-01
3.773773818367304744e-01
4.329922392429136346e-01
4.543822415001808057e-01
2.617055114830451612e-01
4.217147726191812773e-01
4.760181202378732657e-01
2.602949807827024120e-01
2.470046955468036542e-01
4.249114851560131800e-01
4.088371489159126071e-01
3.484297687569417601e-01
4.280710390790667397e-01
3.277794607694636264e-01
4.853104851251462959e-01
4.164684943956376006e-01
3.714108303292289470e-01
4.769136552779782434e-01
3.814530356220038332e-01
4.144240145031811151e-01
3.625837288363790156e-01
3.847678757354577317e-01
4.174958637242793258e-01
2.941744480282263985e-01
1.597191146604232670e-01
2.018283117866604970e-01
1.488546005300999675e-01
1.692067398712581161e-01
1.607562070644233676e-01
2.046194623248754341e-01
2.291745550927678510e-01
1.522150700492198028e-01
1.533780494401436600e-01
2.957639151836409797e-01
2.174271109428249915e-01
1.761794774706519628e-01
1.913910020309113891e-01
2.916508898144641315e-01
2.794774706550521848e-01
1.842767890950401111e-01
2.065992318926800353e-01
1.403256342294579295e-01
3.150037864445268121e-01
2.589928057553930185e-01
2.893411586520227008e-01
1.785289663006428273e-01
2.450070565557117275e-01
2.258771929824560099e-01
3.021582733812924193e-01
2.838959601549517764e-01
2.705414615675880152e-01
1.883661491859141834e-01
1.501419916698206458e-01
1.932033320711843138e-01
3.302095165972493418e-01
1.839246497538792324e-01
2.220479255693153520e-01
2.435980689132912491e-01
1.572179098826204935e-01
2.950586898901900734e-01
2.570049223778846370e-01
2.628291625073144733e-01
3.390761075350237075e-01
2.994817304051491380e-01
2.052000504859261276e-01
3.134570238545998366e-01
2.015713744793599937e-01
2.191972737599382492e-01
1.831881862930661298e-01
2.517746467645806674e-01
1.554587908620472525e-01
2.179026009961240185e-01
1.612164813603647329e-01
1.784324119651621576e-01
1.287012495266940115e-01
2.240060583112450932e-01
2.207917876225301002e-01
2.084221344728701131e-01
3.063990912533102184e-01
1.918023475956075197e-01
2.871302957633867226e-01
1.870582481383310236e-01
2.508519500189302365e-01
1.705360523611180179e-01
1.694089704313079814e-01
2.609775337624621883e-01
1.986531075891137255e-01
1.595470035454886193e-01
