1.486462107431182067e-01
1.821800656760140524e-01
1.297130808665450108e-01
1.483173474450137641e-01
1.421543150086230500e-01
2.497519431122871281e-01
2.186001322970057281e-01
1.562758392591359902e-01
1.443041413688009589e-01
3.097946295683810525e-01
2.161092277162219299e-01
1.712088638994533896e-01
1.812694499150594163e-01
3.072804696543738334e-01
2.218957452337630976e-01
1.519684347610374131e-01
1.965466937560528260e-01
1.737454752586213846e-01
3.478119315362989683e-01
2.696732736421835752e-01
3.580907888209028944e-01
2.135955845873986902e-01
2.693578333358385146e-01
2.395299321977824303e-01
2.794183656594756426e-01
3.257463968146944722e-01
2.798908549694060222e-01
2.020423350421689523e-01
1.333615842566553134e-01
2.235727541664358775e-01
3.375640813626591408e-01
1.955618488506695729e-01
1.745257388551571254e-01
2.397066727302794575e-01
1.426947246568546213e-01
2.669712254010243035e-01
2.602013395071924862e-01
2.933235112828292968e-01
3.590623449644450016e-01
3.250217049776749634e-01
1.837274681660324982e-01
3.078551347775749791e-01
1.479411278319820722e-01
2.280469654374059074e-01
1.826422192822879653e-01
2.662390223947501133e-01
1.394470168862422810e-01
2.039313836485975862e-01
1.527053234511480118e-01
1.851248553001485497e-01
1.336044732925416312e-01
1.816809988423999378e-01
2.496003527920170606e-01
2.238122799971638266e-01
3.331404001984451524e-01
1.838411609062330643e-01
2.373996288333972138e-01
2.060250261837825447e-01
2.229928063502562563e-01
1.248021451014671851e-01
1.504690530240386515e-01
2.711123973320095359e-01
1.671814831439436544e-01
1.571026955515127388e-01
2.092681403083251623e-01
2.804696543740690107e-01
2.267653381842230087e-01
1.972396780772833480e-01
1.736398213990409112e-01
3.878237894072181779e-01
2.848446100781964474e-01
2.336873065746875311e-01
2.848060562629768366e-01
4.311624910423901280e-01
3.423929221101367215e-01
2.092153133785341901e-01
3.654328968534359956e-01
3.237693622181799791e-01
2.785754017769884738e-01
2.348943691086486374e-01
4.718042004299651815e-01
4.322620950700988285e-01
1.910193070944265215e-01
3.475835124855295444e-01
3.859145030593683079e-01
3.965720900564624896e-01
1.730000957412542728e-01
2.650665028703718673e-01
3.205561067930834396e-01
3.694409226491248144e-01
3.041345398544732515e-01
4.039728012918409883e-01
3.003762196130311812e-01
2.486040720240461910e-01
1.961716553662970208e-01
3.287084504713080890e-01
4.303846515879056200e-01
5.668709621980048130e-01
5.176847578354284440e-01
4.129714934954040739e-01
2.324066470354994307e-01
3.922525166918159889e-01
3.843251958575356064e-01
3.715324431031274965e-01
4.572448079763462570e-01
4.037326622155154587e-01
4.911476528102195482e-01
4.257188333298878580e-01
3.779570575155252743e-01
5.823555071859360943e-01
3.808539477142324770e-01
3.516706127037479979e-01
2.365766816848942078e-01
4.474765162902083482e-01
3.463698313937063622e-01
2.440791736118027300e-01
1.486462107431182067e-01
1.821800656760140524e-01
1.297130808665450108e-01
1.483173474450137641e-01
1.421543150086230500e-01
2.497519431122871281e-01
2.186001322970057281e-01
1.562758392591359902e-01
1.443041413688009589e-01
3.097946295683810525e-01
2.161092277162219299e-01
1.712088638994533896e-01
1.812694499150594163e-01
3.072804696543738334e-01
2.218957452337630976e-01
1.519684347610374131e-01
1.965466937560528260e-01
1.737454752586213846e-01
3.478119315362989683e-01
2.696732736421835752e-01
3.580907888209028944e-01
2.135955845873986902e-01
2.693578333358385146e-01
2.395299321977824303e-01
2.794183656594756426e-01
3.257463968146944722e-01
2.798908549694060222e-01
2.020423350421689523e-01
1.333615842566553134e-01
2.235727541664358775e-01
3.375640813626591408e-01
1.955618488506695729e-01
1.745257388551571254e-01
2.397066727302794575e-01
1.426947246568546213e-01
2.669712254010243035e-01
2.602013395071924862e-01
2.933235112828292968e-01
3.590623449644450016e-01
3.250217049776749634e-01
1.837274681660324982e-01
3.078551347775749791e-01
1.479411278319820722e-01
2.280469654374059074e-01
1.826422192822879653e-01
2.662390223947501133e-01
1.394470168862422810e-01
2.039313836485975862e-01
1.527053234511480118e-01
1.851248553001485497e-01
1.336044732925416312e-01
1.816809988423999378e-01
2.496003527920170606e-01
2.238122799971638266e-01
3.331404001984451524e-01
1.838411609062330643e-01
2.373996288333972138e-01
2.060250261837825447e-01
2.229928063502562563e-01
1.248021451014671851e-01
1.504690530240386515e-01
2.711123973320095359e-01
1.671814831439436544e-01
1.571026955515127388e-01
2.324066470354994307e-01
3.922525166918159889e-01
3.843251958575356064e-01
3.715324431031274965e-01
4.572448079763462570e-01
4.037326622155154587e-01
4.911476528102195482e-01
4.257188333298878580e-01
3.779570575155252743e-01
5.823555071859360943e-01
3.808539477142324770e-01
3.516706127037479979e-01
2.365766816848942078e-01
4.474765162902083482e-01
3.463698313937063622e-01
2.440791736118027300e-01
2.546369230501420722e-01
4.825673084455164297e-01
3.358414640868747081e-01
2.578413538393693472e-01
4.450140565569704054e-01
4.732190434191426154e-01
4.779891713297739764e-01
3.986480899619647134e-01
3.631277217352953390e-01
4.757691097158279203e-01
4.241772779890853329e-01
4.265803706214822966e-01
3.163819686961931721e-01
3.727957614971554312e-01
3.895648303971823712e-01
2.232773827242158227e-01
2.566724426204588516e-01
3.520071561137327332e-01
4.150973298880274442e-01
2.593488372093019079e-01
3.991429139336112875e-01
4.524358192681904312e-01
4.697234324801799477e-01
4.436079383312740987e-01
4.517797654541837460e-01
4.222799258096734953e-01
3.685158079318506807e-01
3.911619956271118470e-01
2.442170542635659358e-01
4.027570359545460943e-01
2.979878258155146953e-01
2.688998328013372241e-01
2.288375878299128141e-01
4.746626975923700642e-01
4.151499057026816764e-01
2.871687270021084926e-01
4.442951447747412463e-01
4.703673460950095753e-01
4.942209543234888924e-01
4.245048993260838177e-01
4.309554106965941545e-01
4.092423172180791879e-01
4.145946169429858275e-01
4.404659527845535827e-01
2.196055732418237261e-01
4.102253426299587447e-01
3.507081334785435156e-01
2.184605268079861107e-01
2.535298616997085364e-01
4.521465851912703227e-01
3.187935090380664693e-01
2.746573501746838453e-01
4.403174965553002806e-01
4.430461081131022993e-01
5.339011431997187085e-01
4.496287685862997430e-01
4.026006243152169262e-01
4.002682585448131269e-01
3.994641667117926342e-01
4.425121112224664754e-01
2.429695629104385857e-01
4.512581325362790552e-01
4.541856150066555520e-01
2.335021602960329623e-01
2.518791863061274894e-01
4.174470768213015548e-01
3.597831094730126744e-01
3.331693266076791171e-01
4.253976129441274789e-01
3.983296121723308159e-01
5.234191548015266759e-01
4.167231731855892130e-01
3.330314883349391186e-01
5.236791447688556866e-01
3.654682744676470141e-01
3.813065926569091380e-01
3.292997785679502298e-01
3.802643450696417404e-01
4.097475335381562389e-01
2.888800521448965375e-01
1.486462107431168744e-01
1.821800656760108605e-01
1.297130808665439006e-01
1.483173474450129592e-01
1.421543150086199137e-01
2.497519431122846301e-01
2.186001322970044514e-01
1.562758392591359347e-01
1.443041413687996821e-01
3.097946295683781104e-01
2.161092277162217634e-01
1.712088638994539447e-01
1.812694499150585281e-01
3.072804696543739444e-01
2.218957452337614322e-01
1.519684347610374409e-01
1.965466937560536309e-01
1.737454752586214402e-01
3.478119315362988018e-01
2.696732736421805221e-01
3.580907888209029499e-01
2.135955845873982184e-01
2.693578333358379040e-01
2.395299321977808760e-01
2.794183656594743659e-01
3.257463968146939171e-01
2.798908549694037462e-01
2.020423350421674535e-01
1.333615842566543142e-01
2.235727541664361551e-01
3.375640813626594738e-01
1.955618488506663810e-01
1.745257388551541833e-01
2.397066727302757383e-01
1.426947246568538996e-01
2.669712254010250807e-01
2.602013395071932078e-01
2.933235112828305735e-01
3.590623449644443910e-01
3.250217049776736311e-01
1.837274681660313880e-01
3.078551347775759783e-01
1.479411278319803513e-01
2.280469654374061850e-01
1.826422192822876878e-01
2.662390223947503354e-01
1.394470168862417814e-01
2.039313836485969755e-01
1.527053234511478730e-01
1.851248553001473840e-01
1.336044732925360523e-01
1.816809988423989664e-01
2.496003527920169496e-01
2.238122799971616894e-01
3.331404001984468177e-01
1.838411609062309549e-01
2.373996288333954097e-01
2.060250261837826835e-01
2.229928063502545077e-01
1.248021451014630773e-01
1.504690530240374857e-01
2.711123973320082592e-01
1.671814831439423221e-01
1.571026955515128776e-01
