1.629423861243754490e-01
2.121455179275174574e-01
1.663472439669599900e-01
1.437402148680012592e-01
1.564348570503080738e-01
2.475300977163519267e-01
2.324137558710782370e-01
1.608810667818380002e-01
1.626857729000997788e-01
3.084577282297678580e-01
2.117682520829948511e-01
1.766722453166314211e-01
1.777544379714642020e-01
3.040814122982238299e-01
2.375000964052412789e-01
1.442294714679041578e-01
2.013172812179439553e-01
1.837295374519362923e-01
3.166300005398687833e-01
2.637647403614024610e-01
3.671111590994971530e-01
2.030097716352632364e-01
2.974385653217374581e-01
2.256698878871309100e-01
3.217929832409119895e-01
3.413386268215399810e-01
2.637261782648590014e-01
1.931382605409482089e-01
1.534983533984767556e-01
2.123696065552121148e-01
3.042163796361270767e-01
1.832667494466341529e-01
2.383137566423199905e-01
2.143956162608644245e-01
1.620485342547090812e-01
2.700696431463587843e-01
2.527263402256649805e-01
3.180345810859225852e-01
3.482157317929059914e-01
2.945965826270031118e-01
1.856790656661089223e-01
2.995411110511249642e-01
1.462506073530202289e-01
2.135183285644864926e-01
1.671165577930138202e-01
2.463480679780747085e-01
1.513643698225025924e-01
1.962217451069137308e-01
1.493474942700221686e-01
1.954866922204822888e-01
1.126032500134954151e-01
1.881444690384922458e-01
2.165236012884877992e-01
2.264520557453656713e-01
3.235167089564320864e-01
1.768207093883274184e-01
2.475480933614056522e-01
1.839267397289855721e-01
2.250580359552987464e-01
1.281109971386916180e-01
1.510161813568383637e-01
2.497660566142978766e-01
1.573063604322040843e-01
1.425745878588290938e-01
2.091093955262822712e-01
2.985297557990961859e-01
2.483399017437780132e-01
1.891792186290917055e-01
1.850807104680660675e-01
3.742276187344477645e-01
2.873647434463710848e-01
2.408472863852657853e-01
2.956684482355267929e-01
4.092434630819338226e-01
3.287156508125024246e-01
2.108369774514567974e-01
3.653688534647342445e-01
3.300941172236318000e-01
2.746658944898961452e-01
2.513204304558291913e-01
4.273335852723638695e-01
4.399935215677800437e-01
1.845745829509257419e-01
3.552529287912324918e-01
4.072909355935854792e-01
4.003362614818641863e-01
1.725699485987535753e-01
2.729618003871626675e-01
3.574265027863250399e-01
3.362166355741910140e-01
2.832627004264965387e-01
4.155342642374663664e-01
3.037574906872528846e-01
2.451562604202720264e-01
1.943529665820870056e-01
3.107703935647564975e-01
4.562451274372332222e-01
5.638106658582402453e-01
5.177597392442171431e-01
3.880815908415955473e-01
2.604823847839474182e-01
4.072664453262072048e-01
3.925419062272245685e-01
3.707081545064374595e-01
4.457300797406250625e-01
4.125232812373468838e-01
5.017693740383835088e-01
4.014495100817880857e-01
4.102356466110614885e-01
5.743304061516729675e-01
3.708725210061350475e-01
3.420519880152238512e-01
2.355922750286664757e-01
4.251741995688874121e-01
3.388038617611862091e-01
2.283867912258871757e-01
1.629423861243754490e-01
2.121455179275174574e-01
1.663472439669599900e-01
1.437402148680012592e-01
1.564348570503080738e-01
2.475300977163519267e-01
2.324137558710782370e-01
1.608810667818380002e-01
1.626857729000997788e-01
3.084577282297678580e-01
2.117682520829948511e-01
1.766722453166314211e-01
1.777544379714642020e-01
3.040814122982238299e-01
2.375000964052412789e-01
1.442294714679041578e-01
2.013172812179439553e-01
1.837295374519362923e-01
3.166300005398687833e-01
2.637647403614024610e-01
3.671111590994971530e-01
2.030097716352632364e-01
2.974385653217374581e-01
2.256698878871309100e-01
3.217929832409119895e-01
3.413386268215399810e-01
2.637261782648590014e-01
1.931382605409482089e-01
1.534983533984767556e-01
2.123696065552121148e-01
3.042163796361270767e-01
1.832667494466341529e-01
2.383137566423199905e-01
2.143956162608644245e-01
1.620485342547090812e-01
2.700696431463587843e-01
2.527263402256649805e-01
3.180345810859225852e-01
3.482157317929059914e-01
2.945965826270031118e-01
1.856790656661089223e-01
2.995411110511249642e-01
1.462506073530202289e-01
2.135183285644864926e-01
1.671165577930138202e-01
2.463480679780747085e-01
1.513643698225025924e-01
1.962217451069137308e-01
1.493474942700221686e-01
1.954866922204822888e-01
1.126032500134954151e-01
1.881444690384922458e-01
2.165236012884877992e-01
2.264520557453656713e-01
3.235167089564320864e-01
1.768207093883274184e-01
2.475480933614056522e-01
1.839267397289855721e-01
2.250580359552987464e-01
1.281109971386916180e-01
1.510161813568383637e-01
2.497660566142978766e-01
1.573063604322040843e-01
1.425745878588290938e-01
2.604823847839474182e-01
4.072664453262072048e-01
3.925419062272245685e-01
3.707081545064374595e-01
4.457300797406250625e-01
4.125232812373468838e-01
5.017693740383835088e-01
4.014495100817880857e-01
4.102356466110614885e-01
5.743304061516729675e-01
3.708725210061350475e-01
3.420519880152238512e-01
2.355922750286664757e-01
4.251741995688874121e-01
3.388038617611862091e-01
2.283867912258871757e-01
2.739325504280593071e-01
4.956549260018344727e-01
3.658514639457246531e-01
2.544584210621027021e-01
4.787561410138744256e-01
4.798878671361531123e-01
4.597695523773212556e-01
3.805539059547590752e-01
3.847468912523166473e-01
4.714713877951214882e-01
4.308157425902928717e-01
3.985774690515707097e-01
3.046054031394989647e-01
3.521264529046946867e-01
3.761222137183977687e-01
2.164210261116808753e-01
2.723793796098543107e-01
3.737586021654352164e-01
4.284428847797721596e-01
2.661087866108785005e-01
4.202684884288339084e-01
4.435161177730927440e-01
4.687630845499604626e-01
4.317017274650345460e-01
4.717215029537878412e-01
4.165933158726701224e-01
3.672277231194371883e-01
3.806804613931082382e-01
2.470508840599266731e-01
3.959938039107074315e-01
2.880637364050881999e-01
2.373591736600156321e-01
2.337064316119091822e-01
5.060288665730842128e-01
4.426129426129421507e-01
2.886904761904759420e-01
4.618051806260420888e-01
4.729848288521756872e-01
4.873558770951061381e-01
4.050807823129248808e-01
4.661235687690712948e-01
4.022485171092921585e-01
4.062682215743440017e-01
4.258773350610081110e-01
2.246913580246907849e-01
3.824374356843530665e-01
3.451894804249940329e-01
2.005067333055668422e-01
2.544610317738841276e-01
4.683916967549112687e-01
3.468768471133288345e-01
2.906352077315548232e-01
4.590481801995096034e-01
4.578082390701703752e-01
5.078659935750342580e-01
4.342038967273508243e-01
4.213250238140227588e-01
3.936784118933322474e-01
4.122185624674700177e-01
4.149406520892603423e-01
2.621487940441588615e-01
4.160604685374292289e-01
4.370015672759701708e-01
2.065059525416407249e-01
2.664138005507261098e-01
4.394099940607958388e-01
3.824538940353416350e-01
3.320069110739157781e-01
4.197397548728472039e-01
3.992225041844392197e-01
5.309474828615942110e-01
4.052948904846746525e-01
3.618187687532526398e-01
5.208224969141260763e-01
3.608156507028056348e-01
3.615161505858217050e-01
3.499691041400447844e-01
3.531849316461260213e-01
3.851594655546921597e-01
2.671022083040869854e-01
1.629423861243746996e-01
2.121455179275155978e-01
1.663472439669572978e-01
1.437402148679993441e-01
1.564348570503053537e-01
2.475300977163501226e-01
2.324137558710781815e-01
1.608810667818348084e-01
1.626857729000967534e-01
3.084577282297658596e-01
2.117682520829907156e-01
1.766722453166325590e-01
1.777544379714643685e-01
3.040814122982214984e-01
2.375000964052380592e-01
1.442294714679023537e-01
2.013172812179445936e-01
1.837295374519354041e-01
3.166300005398688389e-01
2.637647403614035713e-01
3.671111590994958762e-01
2.030097716352636805e-01
2.974385653217357928e-01
2.256698878871271907e-01
3.217929832409134328e-01
3.413386268215384822e-01
2.637261782648576691e-01
1.931382605409490971e-01
1.534983533984726201e-01
2.123696065552118650e-01
3.042163796361287420e-01
1.832667494466332092e-01
2.383137566423202403e-01
2.143956162608615934e-01
1.620485342547080543e-01
2.700696431463558977e-01
2.527263402256642588e-01
3.180345810859218081e-01
3.482157317929031048e-01
2.945965826270032228e-01
1.856790656661084782e-01
2.995411110511241870e-01
1.462506073530200346e-01
2.135183285644845774e-01
1.671165577930112667e-01
2.463480679780760962e-01
1.513643698224995948e-01
1.962217451069111218e-01
1.493474942700192265e-01
1.954866922204800683e-01
1.126032500134915015e-01
1.881444690384918295e-01
2.165236012884863559e-01
2.264520557453657823e-01
3.235167089564306431e-01
1.768207093883259751e-01
2.475480933614053747e-01
1.839267397289852946e-01
2.250580359552977472e-01
1.281109971386904522e-01
1.510161813568371703e-01
2.497660566142979321e-01
1.573063604322008646e-01
1.425745878588287330e-01
