1.563449630497391052e-01
2.252135036748926511e-01
1.507848076736749976e-01
1.156622420308099919e-01
1.571899179204664376e-01
2.536575913186701059e-01
2.659626005232048063e-01
1.579304330975679904e-01
1.855994020512954090e-01
3.250351225656420429e-01
2.228789200012905314e-01
2.121499854665234996e-01
1.779425883679345843e-01
3.117430481542488585e-01
2.319611886998758365e-01
1.403388722023050650e-01
1.947278087671461544e-01
1.971385201692332501e-01
3.719237476988662139e-01
2.939914460115978789e-01
3.722507508962303868e-01
1.874818331557019657e-01
2.491434057658256096e-01
2.436698640312616460e-01
2.706133126635015818e-01
3.152199026629794454e-01
2.305978102897000004e-01
2.014339695765914040e-01
1.272405774634240427e-01
2.078932919936692658e-01
3.119852727448885754e-01
2.249200658850889212e-01
2.159259207994785601e-01
2.188935180699544680e-01
1.679221974614854007e-01
2.863094661370023108e-01
2.815860866195125101e-01
2.937875998625919527e-01
2.916384071310910153e-01
3.003282143203178656e-01
2.053418596389235962e-01
2.594709814940413528e-01
1.452766204825111374e-01
2.021121984303843044e-01
1.787617478926461501e-01
2.464418482501170848e-01
1.372928979750015488e-01
2.272252986815524178e-01
1.392571192009227077e-01
2.025966476116654869e-01
1.521897102993878537e-01
1.762426121499853504e-01
2.721527845062385320e-01
2.039392639140715779e-01
3.146012983238049565e-01
1.870458288925478940e-01
2.552724219229394187e-01
1.870983108871878964e-01
2.167910086231949751e-01
1.266903816075406752e-01
1.654614158247524613e-01
2.885783031360000805e-01
1.720486663806104766e-01
1.541429213166445600e-01
2.125117075218803664e-01
3.297914715413013953e-01
2.620870070729580115e-01
1.679423828440391731e-01
1.846478054452080630e-01
3.699430111599465998e-01
3.148573643196251326e-01
2.617617340512400914e-01
3.250546351021107450e-01
4.242563705067332047e-01
3.505910280011619307e-01
2.041791816038496243e-01
3.805788727307960473e-01
3.464457578400021998e-01
2.809100598074531496e-01
2.508235636081770359e-01
4.700125956787127857e-01
4.360042631527943913e-01
1.759277201821526915e-01
3.036769692859218051e-01
3.687869392500721100e-01
3.534541226625324550e-01
1.809991381904026975e-01
2.746307805168382021e-01
3.653661897533613256e-01
3.396993544266094789e-01
3.022357329716112706e-01
3.725471198071317325e-01
3.021509543648871476e-01
2.578267039787526804e-01
1.971708167813189805e-01
3.562057940122075883e-01
4.674857000690297859e-01
5.480287960242562484e-01
4.939852624649719859e-01
4.142741395036996233e-01
2.450797761072426861e-01
4.278447900014528127e-01
4.287167562854236058e-01
3.700346364385015407e-01
4.951726520662583786e-01
3.882914305091311746e-01
4.572227873855541636e-01
4.160005813108560990e-01
4.114227583200110727e-01
5.442690690186785529e-01
3.523851046013521948e-01
3.512011894514434629e-01
2.392062716143517342e-01
4.430442234540475366e-01
3.390172617029175162e-01
2.530860119873341030e-01
1.563449630497391052e-01
2.252135036748926511e-01
1.507848076736749976e-01
1.156622420308099919e-01
1.571899179204664376e-01
2.536575913186701059e-01
2.659626005232048063e-01
1.579304330975679904e-01
1.855994020512954090e-01
3.250351225656420429e-01
2.228789200012905314e-01
2.121499854665234996e-01
1.779425883679345843e-01
3.117430481542488585e-01
2.319611886998758365e-01
1.403388722023050650e-01
1.947278087671461544e-01
1.971385201692332501e-01
3.719237476988662139e-01
2.939914460115978789e-01
3.722507508962303868e-01
1.874818331557019657e-01
2.491434057658256096e-01
2.436698640312616460e-01
2.706133126635015818e-01
3.152199026629794454e-01
2.305978102897000004e-01
2.014339695765914040e-01
1.272405774634240427e-01
2.078932919936692658e-01
3.119852727448885754e-01
2.249200658850889212e-01
2.159259207994785601e-01
2.188935180699544680e-01
1.679221974614854007e-01
2.863094661370023108e-01
2.815860866195125101e-01
2.937875998625919527e-01
2.916384071310910153e-01
3.003282143203178656e-01
2.053418596389235962e-01
2.594709814940413528e-01
1.452766204825111374e-01
2.021121984303843044e-01
1.787617478926461501e-01
2.464418482501170848e-01
1.372928979750015488e-01
2.272252986815524178e-01
1.392571192009227077e-01
2.025966476116654869e-01
1.521897102993878537e-01
1.762426121499853504e-01
2.721527845062385320e-01
2.039392639140715779e-01
3.146012983238049565e-01
1.870458288925478940e-01
2.552724219229394187e-01
1.870983108871878964e-01
2.167910086231949751e-01
1.266903816075406752e-01
1.654614158247524613e-01
2.885783031360000805e-01
1.720486663806104766e-01
1.541429213166445600e-01
2.450797761072426861e-01
4.278447900014528127e-01
4.287167562854236058e-01
3.700346364385015407e-01
4.951726520662583786e-01
3.882914305091311746e-01
4.572227873855541636e-01
4.160005813108560990e-01
4.114227583200110727e-01
5.442690690186785529e-01
3.523851046013521948e-01
3.512011894514434629e-01
2.392062716143517342e-01
4.430442234540475366e-01
3.390172617029175162e-01
2.530860119873341030e-01
2.786500696076981698e-01
5.214891457886062787e-01
3.746407001905500134e-01
2.464231502115426797e-01
4.445305687433384056e-01
4.603917937897205603e-01
4.429162969039840414e-01
4.228756903400829326e-01
4.024157865839873560e-01
4.383483720944772455e-01
3.907698028422761927e-01
4.183641391471537019e-01
3.333295337319112650e-01
3.626061852811891528e-01
3.854220692249382130e-01
2.216839453541322169e-01
2.685047179086739733e-01
3.946893105469989060e-01
4.302601618138657269e-01
2.764400949566395149e-01
4.314489831664382047e-01
4.216948392942487245e-01
4.569691037291305213e-01
4.344032382820266491e-01
4.612626847983659073e-01
4.056213094255491369e-01
3.355903928016423787e-01
4.048700681615751695e-01
2.725885373770647324e-01
3.889143314306271471e-01
2.999888923952228614e-01
2.528519765059258906e-01
2.479396164830680038e-01
5.150516795865626163e-01
4.302474657125818780e-01
2.994246608527127984e-01
4.774655469422912080e-01
4.388347868217055137e-01
4.640988372093024505e-01
4.268713662790693530e-01
4.447200689061152623e-01
3.924049073709106050e-01
3.895639534883719723e-01
4.272383720930229001e-01
2.367700258397927859e-01
3.936870197838769347e-01
3.545943556798514806e-01
2.177787006275374304e-01
2.808275594747803305e-01
4.850662864652682260e-01
3.350612994200377059e-01
2.845583603856771115e-01
4.671611575383874393e-01
4.313447863938267846e-01
4.975706187315273032e-01
4.376948159963427454e-01
4.030856976736135189e-01
3.810133869915038329e-01
3.902757171764662525e-01
4.275921300742637765e-01
2.678908861863461555e-01
4.180589098832044881e-01
4.364433701720588088e-01
2.469111875575364101e-01
2.827018121911034076e-01
4.331088283748425471e-01
3.771129539130310127e-01
3.476919598152271029e-01
4.509803921568629193e-01
3.827890299447619937e-01
4.898901640753517972e-01
4.137190296217331253e-01
3.295255127306346843e-01
5.035734652058092564e-01
3.537050443784449660e-01
3.718852965403625088e-01
3.576573957424810657e-01
3.714822586054993270e-01
3.935980677913035741e-01
2.880865108908181038e-01
1.563449630497378284e-01
2.252135036748924568e-01
1.507848076736733323e-01
1.156622420308106303e-01
1.571899179204650221e-01
2.536575913186678854e-01
2.659626005232039736e-01
1.579304330975654369e-01
1.855994020512940212e-01
3.250351225656409326e-01
2.228789200012918081e-01
2.121499854665208351e-01
1.779425883679338627e-01
3.117430481542456389e-01
2.319611886998768635e-01
1.403388722023059532e-01
1.947278087671429903e-01
1.971385201692328060e-01
3.719237476988657698e-01
2.939914460115964356e-01
3.722507508962324407e-01
1.874818331557002449e-01
2.491434057658242218e-01
2.436698640312610353e-01
2.706133126635016373e-01
3.152199026629781131e-01
2.305978102896985016e-01
2.014339695765894611e-01
1.272405774634186304e-01
2.078932919936680446e-01
3.119852727448887975e-01
2.249200658850879775e-01
2.159259207994760066e-01
2.188935180699509431e-01
1.679221974614848178e-01
2.863094661369998684e-01
2.815860866195133427e-01
2.937875998625908425e-01
2.916384071310907933e-01
3.003282143203163668e-01
2.053418596389228468e-01
2.594709814940414083e-01
1.452766204825078622e-01
2.021121984303800856e-01
1.787617478926455394e-01
2.464418482501152530e-01
1.372928979750009104e-01
2.272252986815499198e-01
1.392571192009224024e-01
2.025966476116621007e-01
1.521897102993851614e-01
1.762426121499819365e-01
2.721527845062352013e-01
2.039392639140712449e-01
3.146012983238049565e-01
1.870458288925474222e-01
2.552724219229398073e-01
1.870983108871858980e-01
2.167910086231930877e-01
1.266903816075407030e-01
1.654614158247509070e-01
2.885783031360014683e-01
1.720486663806080341e-01
1.541429213166428391e-01
