1.617640798603718344e-01
2.049903610501280782e-01
1.516538248690987578e-01
1.250478906815374880e-01
1.504953264776170141e-01
2.634200332042049286e-01
2.209356774935072321e-01
1.592099101783659987e-01
1.721145484288809369e-01
3.000457622068020136e-01
2.141174634257076714e-01
1.752756374781825333e-01
1.542486290687723471e-01
2.962836831126813286e-01
2.332625868873790809e-01
1.397609722872582005e-01
1.793574438842832353e-01
1.613714945203595375e-01
3.456057639095820866e-01
2.473895777714247290e-01
3.430249882933888994e-01
1.927504150525725934e-01
2.822009202750764278e-01
2.798873327373604947e-01
3.092004840759672857e-01
3.318652315289323251e-01
2.481801541015700163e-01
2.120599378485375774e-01
1.335192201268559919e-01
2.458009923422208587e-01
3.622663998978331024e-01
1.834276957132516261e-01
2.256183219105185600e-01
2.644757566727676257e-01
1.532076114256511190e-01
2.809586650206453151e-01
2.490315439955725074e-01
3.075104198513157194e-01
3.362990081307729584e-01
3.033448980460602407e-01
1.810622507910819856e-01
2.846707249584943256e-01
1.383849133710776391e-01
2.103784428078830926e-01
1.649355072155294366e-01
2.790049492638825845e-01
1.376555560285495083e-01
2.151396770612628018e-01
1.355257913088562527e-01
1.832361329871004252e-01
1.052317908986422634e-01
1.744072197862995277e-01
2.173503800509880846e-01
2.288414407949540263e-01
3.488144395726007763e-01
2.093142054403801244e-01
2.911753437486691576e-01
1.950037603053652036e-01
2.181686603380012524e-01
1.353770745026957600e-01
1.467099585527916195e-01
2.594255956181790723e-01
1.649263851809493198e-01
1.431883003548745648e-01
2.087229624584353016e-01
3.058381697009256439e-01
2.366863905325439776e-01
1.738254366920658489e-01
1.859435528500274215e-01
3.845766850747477927e-01
2.935014625662106802e-01
2.386324245759768037e-01
3.313798665209842231e-01
4.096817220779584989e-01
3.712230215827329038e-01
1.892923530997684678e-01
3.673360397212087070e-01
3.164900032636611682e-01
2.636831900805333140e-01
2.242702879116817705e-01
4.877187007790214079e-01
4.181270368320721964e-01
1.749925503384273384e-01
3.357711463964918597e-01
4.147971563577535492e-01
3.880027001222349781e-01
1.548062079766265864e-01
2.884843435479839679e-01
3.536957416315459901e-01
3.972396047658909857e-01
2.894459580264781007e-01
3.985306012064694370e-01
3.020305648971941537e-01
2.353842648123055104e-01
1.826231322634200016e-01
3.382401770890980930e-01
4.396370160791797099e-01
5.671453974406195364e-01
5.151070891034237320e-01
4.052230562618929222e-01
2.454529975388136664e-01
4.066065043419032077e-01
3.933253873659113276e-01
3.539236761450705315e-01
4.304990217464630953e-01
4.094851438787669440e-01
4.916290652136897643e-01
4.440873488847263406e-01
4.252552033924412722e-01
5.635620636812532780e-01
3.567901534869014624e-01
3.539928486293199561e-01
2.180029233494240326e-01
4.512295979178316818e-01
3.594131335490093337e-01
2.321641409841648518e-01
1.617640798603718344e-01
2.049903610501280782e-01
1.516538248690987578e-01
1.250478906815374880e-01
1.504953264776170141e-01
2.634200332042049286e-01
2.209356774935072321e-01
1.592099101783659987e-01
1.721145484288809369e-01
3.000457622068020136e-01
2.141174634257076714e-01
1.752756374781825333e-01
1.542486290687723471e-01
2.962836831126813286e-01
2.332625868873790809e-01
1.397609722872582005e-01
1.793574438842832353e-01
1.613714945203595375e-01
3.456057639095820866e-01
2.473895777714247290e-01
3.430249882933888994e-01
1.927504150525725934e-01
2.822009202750764278e-01
2.798873327373604947e-01
3.092004840759672857e-01
3.318652315289323251e-01
2.481801541015700163e-01
2.120599378485375774e-01
1.335192201268559919e-01
2.458009923422208587e-01
3.622663998978331024e-01
1.834276957132516261e-01
2.256183219105185600e-01
2.644757566727676257e-01
1.532076114256511190e-01
2.809586650206453151e-01
2.490315439955725074e-01
3.075104198513157194e-01
3.362990081307729584e-01
3.033448980460602407e-01
1.810622507910819856e-01
2.846707249584943256e-01
1.383849133710776391e-01
2.103784428078830926e-01
1.649355072155294366e-01
2.790049492638825845e-01
1.376555560285495083e-01
2.151396770612628018e-01
1.355257913088562527e-01
1.832361329871004252e-01
1.052317908986422634e-01
1.744072197862995277e-01
2.173503800509880846e-01
2.288414407949540263e-01
3.488144395726007763e-01
2.093142054403801244e-01
2.911753437486691576e-01
1.950037603053652036e-01
2.181686603380012524e-01
1.353770745026957600e-01
1.467099585527916195e-01
2.594255956181790723e-01
1.649263851809493198e-01
1.431883003548745648e-01
2.454529975388136664e-01
4.066065043419032077e-01
3.933253873659113276e-01
3.539236761450705315e-01
4.304990217464630953e-01
4.094851438787669440e-01
4.916290652136897643e-01
4.440873488847263406e-01
4.252552033924412722e-01
5.635620636812532780e-01
3.567901534869014624e-01
3.539928486293199561e-01
2.180029233494240326e-01
4.512295979178316818e-01
3.594131335490093337e-01
2.321641409841648518e-01
2.667046057952763283e-01
4.917352848430596168e-01
3.521916194854766702e-01
2.412271366338880341e-01
4.440849687114207800e-01
4.693239491247236939e-01
4.774671121193584944e-01
4.058575624707333462e-01
3.740439600981933510e-01
4.827655340892392233e-01
4.089570818956539955e-01
4.164241321431401688e-01
3.136745737416331559e-01
3.613239734773817102e-01
3.843774962626485547e-01
2.244235380926024315e-01
2.532905116069413265e-01
3.639135769150235178e-01
4.208939974457215905e-01
2.684546615581099305e-01
4.098143236074264228e-01
4.562676682354228630e-01
4.636025683652721940e-01
4.337915005770733856e-01
4.621770311425484334e-01
4.141958332353933292e-01
3.718236651016124661e-01
3.786357533483967197e-01
2.507662835249038769e-01
3.944014810940498772e-01
2.873261680790802908e-01
2.632359201662783366e-01
2.326374495564552392e-01
4.770270717735486943e-01
4.233143500885844235e-01
2.938769211120095259e-01
4.587963160060737344e-01
4.785367618885433272e-01
4.864948604784272712e-01
4.093565073012899180e-01
4.358986002904434720e-01
4.142870217168610480e-01
4.158797735110050242e-01
4.222699987228063501e-01
2.180651936367375698e-01
3.939982545021074034e-01
3.457269859505133769e-01
2.245103584453916057e-01
2.431880108991822942e-01
4.680965824838940192e-01
3.335305836685261149e-01
2.783549046321527332e-01
4.599425423528018531e-01
4.475251194731051374e-01
5.007935967302448166e-01
4.657222457289300621e-01
3.937725038925650178e-01
4.109169638563870963e-01
4.088994220469490126e-01
4.167469952596020155e-01
2.624697244928848594e-01
4.116106115879392124e-01
4.596823428101380893e-01
2.238760217983649659e-01
2.536211521267083824e-01
4.220206922978668174e-01
3.643596153495244350e-01
3.441080881622452514e-01
4.331616071301850890e-01
3.997104781368415738e-01
5.247036007361974841e-01
4.065397879678118165e-01
3.302842619237255639e-01
5.279842679631355784e-01
3.654053097374681536e-01
3.724613616042916631e-01
3.457610120019107280e-01
3.688261439142516696e-01
3.977322970808730429e-01
2.798644556813654760e-01
1.617640798603703634e-01
2.049903610501283002e-01
1.516538248690957602e-01
1.250478906815369606e-01
1.504953264776147381e-01
2.634200332042044290e-01
2.209356774935062329e-01
1.592099101783633897e-01
1.721145484288801875e-01
3.000457622068028463e-01
2.141174634257061171e-01
1.752756374781788695e-01
1.542486290687726247e-01
2.962836831126788861e-01
2.332625868873776098e-01
1.397609722872589777e-01
1.793574438842817365e-01
1.613714945203578444e-01
3.456057639095800327e-01
2.473895777714264221e-01
3.430249882933866790e-01
1.927504150525729265e-01
2.822009202750764834e-01
2.798873327373602726e-01
3.092004840759652873e-01
3.318652315289324917e-01
2.481801541015684343e-01
2.120599378485381881e-01
1.335192201268514123e-01
2.458009923422190823e-01
3.622663998978334909e-01
1.834276957132504604e-01
2.256183219105188376e-01
2.644757566727652942e-01
1.532076114256518129e-01
2.809586650206443714e-01
2.490315439955703425e-01
3.075104198513152198e-01
3.362990081307723478e-01
3.033448980460589084e-01
1.810622507910810697e-01
2.846707249584954358e-01
1.383849133710743362e-01
2.103784428078812330e-01
1.649355072155281599e-01
2.790049492638846940e-01
1.376555560285490087e-01
2.151396770612607756e-01
1.355257913088542543e-01
1.832361329870973998e-01
1.052317908986412642e-01
1.744072197862981954e-01
2.173503800509858364e-01
2.288414407949548868e-01
3.488144395726005542e-01
2.093142054403814845e-01
2.911753437486679363e-01
1.950037603053641211e-01
2.181686603380005030e-01
1.353770745026953992e-01
1.467099585527892602e-01
2.594255956181792389e-01
1.649263851809480430e-01
1.431883003548745925e-01
