8.236714152461844796e-01
8.263531529695486988e-01
8.276807505718877245e-01
8.280159186494555623e-01
8.540763242275493106e-01
8.259511026977699455e-01
8.346657219490871693e-01
4.048042054583981253e-01
7.713582077445562124e-01
4.215002644710512669e-01
2.738992932964336990e-01
5.334649063676790703e-01
3.026752153594687300e-01
4.954880992148625873e-01
6.850441266318298972e-01
7.959032544853688051e-01
2.192665400285584987e-01
4.645332362957481642e-01
1.258844459267274285e-01
6.487608251448861996e-01
2.467512434946136368e-01
3.461548812223862459e-01
4.416362683513486154e-01
7.501225131156785686e-01
5.457281060241305770e-01
7.721636984711286456e-01
2.103479054865377007e-01
3.182188263293041497e-01
3.190904316124447693e-01
3.139207874384813968e-01
3.228192299325647330e-01
4.070796460176990816e-01
3.192063361735579807e-01
7.468123861566486887e-01
3.516115815350997487e-01
2.982078853046593592e-01
1.811514484781812095e-01
1.421911421911422613e-01
1.032006639483273869e-01
3.509433962264151274e-01
2.277573173095561732e-01
3.744939271255061097e-01
6.363636363636363535e-01
3.955669616654965970e-01
3.489736070381230792e-01
7.040070958989878003e-01
2.524900398406375590e-01
5.655332752106944083e-01
4.324151185137730113e-01
4.260934579439253911e-01
4.193548387096772689e-01
6.103448275862067840e-01
5.787373004354138262e-01
9.415867480383609545e-01
3.576923076923076983e-01
3.042635658914727981e-01
3.783783783783783994e-01
3.500000000000000333e-01
5.000000000000000000e-01
3.713397188933221793e-01
4.113207547169810407e-01
0.000000000000000000e+00
0.000000000000000000e+00
0.000000000000000000e+00
0.000000000000000000e+00
3.697478991596638842e-01
0.000000000000000000e+00
0.000000000000000000e+00
7.115628970775095263e-01
9.230769230769231282e-01
6.185185185185185786e-01
0.000000000000000000e+00
0.000000000000000000e+00
0.000000000000000000e+00
5.450450450450451401e-01
0.000000000000000000e+00
0.000000000000000000e+00
0.000000000000000000e+00
0.000000000000000000e+00
0.000000000000000000e+00
1.305758313057583109e-01
5.764515396390643698e-01
5.686453459734241989e-01
5.491530942244648994e-01
5.703617809577251618e-01
7.845386678240489076e-01
5.717753803705525328e-01
9.262200090772350070e-01
3.777255169271455104e-01
4.642902331721563414e-01
1.112316309973724326e-01
5.433121403695317930e-02
2.295051624681869740e-01
7.191085748397275657e-01
4.624074524787162854e-01
3.085770383313806153e-01
4.070479033561125171e-01
2.662779907883541242e-01
5.423518363494561623e-01
5.749245561399547455e-01
8.228752728322336063e-01
4.964955867820761704e-01
4.939905455902737774e-01
6.696404959869786122e-01
5.293387628656824884e-01
7.787823143594647668e-01
9.063440979835761802e-01
7.285997621504369803e-01
3.644015056319698243e-01
3.543220150373583288e-01
3.306224562758262597e-01
3.595041600495033074e-01
6.552713384749221381e-01
3.584549736675704534e-01
9.021726740684019585e-01
2.915689692902294627e-01
3.887059444074027481e-01
8.218312230286461961e-02
3.817941961667259410e-02
1.909971141489876789e-01
6.504942594860035898e-01
3.790341364354121723e-01
2.525332568620322071e-01
3.258556028552794248e-01
1.799155441139157485e-01
4.925597996294730496e-01
5.070046623392149288e-01
7.711744038883709962e-01
4.290325504318101002e-01
4.085068873909032394e-01
6.187882122958460185e-01
4.560619656771396913e-01
7.289978587538467059e-01
8.832574641770594148e-01
6.679671691507517162e-01
7.102040816326531392e-01
7.426204039357846565e-01
7.565392354124749197e-01
8.571428571428569843e-01
5.000000000000000000e-01
7.399422015073722214e-01
7.641779396462016205e-01
6.254071661237785573e-01
6.842990429664039809e-01
5.183314627759070259e-01
2.854307556600997886e-01
7.064793130366897600e-01
1.970194493558979909e-01
5.034365325077398978e-01
7.577920921708887203e-01
8.049411362508231971e-01
3.375159016876105866e-01
3.763756419662509511e-01
0.000000000000000000e+00
5.632183908045980125e-01
2.043500516505034614e-01
3.102525091698213888e-01
4.478979279859522933e-01
5.275982840754518399e-01
6.379143438929131271e-01
5.837669094693027638e-01
1.272387278827524781e-01
