8.510457098075624449e-01
8.519773403606898388e-01
8.524239075790775999e-01
8.540946777114228894e-01
8.771098925497364807e-01
8.522496894515729782e-01
8.895131164663261369e-01
2.983380968534500299e-01
5.231897735575630204e-01
4.646628672775052760e-01
2.856641883341710653e-01
4.639627307211036111e-01
4.334014812781152859e-01
5.099185257577288910e-01
6.129221676356142456e-01
9.354231752834518687e-01
2.076259671175788579e-01
4.430762058751560595e-01
1.039800161057549133e-01
9.060673248810278135e-01
2.604900378744720024e-01
3.412952958325055075e-01
3.562931771597770414e-01
6.344639994797391935e-01
5.362647766584414111e-01
8.057835179999146558e-01
2.338305903146349340e-01
3.179056804659610158e-01
3.189668489510921745e-01
3.143895008202484131e-01
3.206438981944746969e-01
4.070796460176990816e-01
3.188247322677833506e-01
8.568939573928882059e-01
1.421099988752671517e-01
2.182618261826181350e-01
5.261538461538460831e-01
1.008264462809916884e-01
1.078050012629452326e-01
4.716981132075472871e-01
1.896342463506642817e-01
1.374854417392268324e-01
3.246753246753247835e-01
3.079557616839100898e-01
2.892561983471073628e-01
4.906669259187245169e-01
2.524900398406375590e-01
3.363363363363361946e-01
4.324151185137730113e-01
3.484361370716512196e-01
1.290322580645142381e-02
3.705570291777188219e-01
5.787373004354138262e-01
7.413127413127412746e-01
3.961538461538462452e-01
4.108527131782945818e-01
4.234234234234234284e-01
3.666666666666666408e-01
5.000000000000000000e-01
4.132118397146564703e-01
0.000000000000000000e+00
0.000000000000000000e+00
0.000000000000000000e+00
0.000000000000000000e+00
0.000000000000000000e+00
3.697478991596638842e-01
0.000000000000000000e+00
0.000000000000000000e+00
5.405405405405405705e-01
9.836065573770492731e-01
6.185185185185185786e-01
5.177304964539006793e-01
0.000000000000000000e+00
0.000000000000000000e+00
5.450450450450451401e-01
0.000000000000000000e+00
0.000000000000000000e+00
0.000000000000000000e+00
0.000000000000000000e+00
0.000000000000000000e+00
1.305758313057583109e-01
6.062177696645774105e-01
5.980810204330357926e-01
5.795908772861978475e-01
5.973727701684369285e-01
8.200939758927843215e-01
6.013805649184927882e-01
9.629212822753618894e-01
1.796840266131348729e-01
5.396647293393885825e-01
5.691025348965568220e-01
2.212731235466023350e-01
1.585613301882604631e-01
6.212611132298234695e-01
2.217915868229622944e-01
3.209676495498678950e-01
2.253823977739120021e-01
2.500319308529969087e-01
2.101330596410970752e-01
5.026932957502665555e-01
9.138741655968346533e-01
4.184660639044073260e-01
4.689766499356620155e-01
3.809394946019366568e-01
1.592876215520084848e-01
4.850107769096365651e-01
8.325034149390058147e-01
7.310649865167930805e-01
3.988901257143114276e-01
3.880458570832791554e-01
3.645190733800109939e-01
3.904136623634394399e-01
7.072666202539880098e-01
3.925263822003198788e-01
9.503572313033219476e-01
1.256558126856691104e-01
4.641710303560953599e-01
4.970463265632452110e-01
1.671047064545936878e-01
1.295071207163285276e-01
5.413336822625021139e-01
1.639033928377992000e-01
2.637181421987565555e-01
1.666527938151629584e-01
1.671430325392381233e-01
1.768368058422171707e-01
4.332152603056305118e-01
8.859548685849512051e-01
3.527937199222965781e-01
3.838097834160258959e-01
3.267305383316999601e-01
1.199005385605585450e-01
4.128323575503907161e-01
7.945785246573007221e-01
6.707798532996310792e-01
6.540816326530614067e-01
7.011910926980837733e-01
7.102615694164990945e-01
6.842105263157893802e-01
3.750000000000000000e-01
6.847625745351544335e-01
8.991248167155421189e-01
6.347138203815727575e-01
6.501715868019375399e-01
4.415545337887034627e-01
3.424321818307071164e-01
6.932396565183447379e-01
5.371372356123953473e-01
4.916746430482176189e-01
5.989835634423539279e-01
9.328137354067924658e-01
3.659197698311649205e-01
3.458408100487053716e-01
2.543035860704745410e-02
9.712245449963186061e-01
2.415785838197531676e-01
3.729770245688732722e-01
4.548984146941976725e-01
6.540246056353304915e-01
7.286405646279379145e-01
7.188940092165896356e-01
1.568886998670097066e-01
