8.576203874341851163e-01
8.528557599225556896e-01
8.456838058250029100e-01
8.487753910451429906e-01
7.910915934755331502e-01
8.529591706773631543e-01
4.771497139552076661e-01
4.414191412032809625e-01
4.626117476842692700e-01
8.823569614251320914e-01
7.224358176565184309e-01
4.547997472047580203e-01
3.395648201516427989e-01
5.443461392591552039e-01
9.248896584231984797e-01
5.365373039697209911e-01
2.836804587647607789e-01
5.695746342518956951e-01
1.810574108826508155e-01
2.413939287150319579e-01
2.299272600194243177e-01
1.897333392459792378e-01
6.040401235319117212e-01
5.821929867075006371e-01
6.446270913785787648e-01
7.004245731513152329e-01
2.652707933519722339e-01
3.465898415481931116e-01
3.445175641857447513e-01
3.422779470353878861e-01
3.378290189253861375e-01
3.716814159292035069e-01
3.445396057517713384e-01
2.150098659590393702e-01
2.256214149139579295e-01
1.015873015873015595e-01
4.967320261437909723e-01
7.281910009182736010e-01
1.995795890932908767e-01
6.156901688182714327e-02
5.116148580406240098e-01
5.843751390310094607e-01
8.857142857142857872e-01
3.279259616797129406e-01
2.363636363636363313e-01
1.529551529551530509e-01
1.486467067055162738e-01
3.871778755499685198e-01
4.812004139358398991e-01
1.000000000000000000e+00
1.000000000000000000e+00
4.804597701149425637e-01
4.989878542510121084e-01
1.000000000000000000e+00
3.307692307692307598e-01
2.790697674418604612e-01
2.882882882882883413e-01
1.333333333333333592e-01
5.000000000000000000e-01
2.886221767668052385e-01
5.317073170731706488e-01
0.000000000000000000e+00
0.000000000000000000e+00
5.454545454545454142e-01
0.000000000000000000e+00
0.000000000000000000e+00
0.000000000000000000e+00
0.000000000000000000e+00
0.000000000000000000e+00
5.454545454545454142e-01
5.493421052631578538e-01
0.000000000000000000e+00
0.000000000000000000e+00
0.000000000000000000e+00
4.432234432234432586e-01
0.000000000000000000e+00
5.633802816901408717e-01
0.000000000000000000e+00
0.000000000000000000e+00
0.000000000000000000e+00
1.214177978883861225e-01
6.176114439090656383e-01
6.070466576851667462e-01
5.805764353176156023e-01
6.022342316791073902e-01
6.784544412641602129e-01
6.072080371780597119e-01
3.689549175206929821e-01
5.193252475496666909e-01
5.528455711103610337e-01
5.457146996068655831e-01
6.811065602735277835e-01
4.671473104609540350e-01
2.422465787905520029e-01
7.227354524264082425e-01
9.449974563256273719e-01
6.038311496283685909e-01
5.353968284899685015e-01
8.887457850880766674e-01
8.656597336239291174e-02
4.336180733524842568e-01
2.315099921179375464e-01
4.394005995366787598e-01
1.000000000000000222e+00
8.187316303310048227e-01
7.202298526897148445e-01
6.010324182966868545e-01
1.000000000000000222e+00
4.124986942452168459e-01
3.986184315209184148e-01
3.656439618150903459e-01
3.961101087346319272e-01
5.116266933167680220e-01
3.994128792043991072e-01
2.870239870065338095e-01
4.278253265105291803e-01
4.777224211364548556e-01
4.728694421260152270e-01
6.128266466900769149e-01
4.129409397433596585e-01
1.798921445129298968e-01
6.555271831762261581e-01
9.313442881261833062e-01
5.233590090160460395e-01
4.254415497321202833e-01
8.689103797523143324e-01
6.459018191699161804e-02
3.465013769500540630e-01
1.834973976062850287e-01
3.551604547191120620e-01
9.999999999999998890e-01
7.750812586182176389e-01
6.620020599439112585e-01
5.358143609760193105e-01
1.000000000000000000e+00
7.244897959183673741e-01
7.229414810978767036e-01
6.921529175050302740e-01
7.593984962406012951e-01
5.000000000000000000e-01
7.665105469252184722e-01
4.841905979543670302e-01
3.996538743475694933e-01
4.719855338502423336e-01
8.347632001115992129e-01
7.058953249044398470e-01
5.343511450381681627e-01
6.230529595015574795e-01
5.542682926829267664e-01
9.868441212220260272e-01
4.887528778435259458e-01
2.325685790294591548e-01
5.908346972176758971e-01
2.977647527167697206e-01
4.459615829669059117e-01
2.323976389019021260e-01
2.854739511901025484e-01
5.045139027066363191e-01
5.070109553121042723e-01
5.722711223273588832e-01
6.387096774193548043e-01
1.498722942829487925e-01
