7.081517205278363702e-01
7.046522721214416585e-01
7.004976900230038828e-01
6.958112541636438664e-01
7.251933074310468186e-01
7.044820211534510435e-01
6.094537495718914677e-01
2.381132159496269773e-01
8.088149764828453936e-01
5.618045543844374379e-01
4.292706708234355073e-01
6.919838347802875766e-01
3.753021242687348824e-01
5.821676164764492123e-01
5.985526623489485498e-01
6.429257533510286393e-01
4.571132401673305701e-01
4.015036647147725013e-01
5.317470324937938475e-01
1.634527272186199198e-01
3.123897761173913823e-01
8.101649516927844630e-02
9.474491599689760513e-01
6.684822019977993968e-01
7.982515138005210620e-01
5.750992640775536291e-01
8.907809965783031192e-02
1.797457255589653413e-01
1.818827818457070256e-01
1.874853527068197634e-01
1.733739395257777038e-01
2.035398230088495408e-01
1.811335176443909234e-01
4.963768115942028825e-01
4.450286806883365642e-01
1.210401891252954609e-01
4.445656786082318179e-01
2.053872053872053405e-01
1.701453051674398642e-01
2.924528301886792914e-01
6.213219616204689322e-01
4.557670772676369886e-01
3.488372093023256459e-01
3.874116637948701869e-01
1.644535240040857493e-01
5.255102040816325148e-01
3.005833807626634435e-02
5.778336476010895728e-01
1.008968609865468213e-01
5.381236913334356275e-01
4.193548387096772689e-01
3.290705640557204381e-01
1.467611336032389469e-01
6.981981981981982832e-01
4.230769230769230727e-01
3.624031007751937206e-01
4.234234234234234284e-01
1.499999999999999667e-01
5.000000000000000000e-01
3.757485373121793870e-01
8.074074074074072405e-01
0.000000000000000000e+00
0.000000000000000000e+00
0.000000000000000000e+00
0.000000000000000000e+00
0.000000000000000000e+00
0.000000000000000000e+00
7.569444444444443088e-01
0.000000000000000000e+00
5.357142857142856984e-01
7.198275862068965747e-01
0.000000000000000000e+00
0.000000000000000000e+00
0.000000000000000000e+00
0.000000000000000000e+00
0.000000000000000000e+00
1.000000000000000000e+00
7.659574468085106336e-01
0.000000000000000000e+00
0.000000000000000000e+00
2.066752246469832910e-01
3.670660439006992459e-01
3.599516513620059088e-01
3.504237247606237227e-01
3.481963111863042304e-01
4.094652098104306082e-01
3.611828106029937868e-01
1.417915038116488446e-01
4.453166865462793167e-01
1.563139609396044793e-01
6.818838799064974587e-02
2.828068794258153940e-01
1.892711568924960730e-01
4.637600017684394560e-01
3.968147248258517834e-01
2.246375809234779641e-01
2.226888858787889891e-01
3.212387067672216601e-01
4.333025300775512623e-01
4.912997760124950819e-01
1.284332479275930305e-01
3.973138102300439733e-01
2.788729678361141495e-01
5.473802414627739754e-01
2.279726396199268645e-01
3.915365896056570705e-01
1.705334077828857264e-01
4.457193281407949570e-01
1.652874727213818340e-01
1.586485690136699156e-01
1.495082160476103039e-01
1.529076815870456241e-01
2.245521529227701707e-01
1.601629413612041808e-01
9.897046333439923904e-02
3.547759462084015825e-01
1.162373443889662128e-01
4.951833769233499050e-02
2.190453979465898926e-01
1.558555481892167638e-01
3.792838193801449931e-01
3.165383926712845852e-01
1.788858860099763470e-01
1.644593758741272893e-01
2.248551259872706432e-01
3.840430809449930649e-01
4.218407614421461060e-01
8.872664286417242252e-02
3.326930428897529879e-01
2.100990088897298769e-01
4.904288195338574186e-01
1.762072164796755769e-01
3.226928174554498652e-01
1.320617658475473633e-01
3.699666320250442064e-01
8.673469387755103899e-01
8.555152770585188193e-01
8.450704225352114740e-01
8.721804511278195005e-01
1.000000000000000000e+00
9.032037752394332930e-01
6.721211552888222140e-01
9.127003419385149030e-02
8.859968766267569684e-01
7.074711644351705520e-01
4.007653596141748098e-01
7.716049382716048122e-01
5.088265835929386416e-01
5.972842639593907155e-01
6.362736391434853367e-01
5.448850130719333773e-01
5.916607240948499324e-01
3.832246956093960932e-01
5.769022539729704580e-01
3.902885292047857391e-01
3.040839722003296774e-01
2.682830856060873792e-01
9.813410668501036938e-01
4.794348809971915593e-01
8.700871248789932011e-01
6.091739697930262931e-01
8.091064665735059336e-02
