8.546565828450310986e-01
8.540312543216705965e-01
8.508974478970066091e-01
8.487043268492056036e-01
6.956642966680608442e-01
8.519425455302684913e-01
4.143258157722027324e-01
2.159470789888081610e-01
4.718033272231634268e-01
7.892950999047236849e-01
5.119944875767090675e-01
7.131954983686590310e-01
3.099954535359605856e-01
4.405683229562976644e-01
8.958303135541927364e-01
6.430189152172154365e-01
2.059890586474855123e-01
4.174467469794127528e-01
1.034305730859137462e-01
4.465830866602213955e-01
2.744628264228535786e-01
3.573014137881063146e-01
6.955733661848984006e-01
8.275200416977961382e-01
4.991539351717602102e-01
6.994458558405909354e-01
2.237341524621810906e-01
3.437088996054361578e-01
3.430963635801896894e-01
3.395828450902273477e-01
3.378290189253861375e-01
2.654867256637167827e-01
3.410585221284731516e-01
9.040717736369909829e-01
1.485688193830084214e-01
1.653746770025832369e-02
5.261538461538460831e-01
2.800734618916437269e-01
1.995795890932908767e-01
4.727319720858103036e-01
5.389846136114794239e-01
5.221515326778483068e-01
9.999999999999998890e-01
3.833987394458317488e-01
3.990755007704160917e-01
5.374099968694564522e-01
1.324397840111634639e-01
2.824514655500570681e-01
2.899335085820315960e-01
5.993290198897677223e-01
2.676937891189212770e-01
2.557148392096085798e-01
2.788461538461538547e-01
6.574141709276847267e-01
4.038461538461539102e-01
3.507751937984496249e-01
4.144144144144144004e-01
3.166666666666665964e-01
5.000000000000000000e-01
4.089800094489840498e-01
3.253731343283581823e-01
0.000000000000000000e+00
0.000000000000000000e+00
0.000000000000000000e+00
0.000000000000000000e+00
0.000000000000000000e+00
0.000000000000000000e+00
0.000000000000000000e+00
0.000000000000000000e+00
5.084745762711864181e-01
0.000000000000000000e+00
0.000000000000000000e+00
0.000000000000000000e+00
0.000000000000000000e+00
5.931372549019607865e-01
0.000000000000000000e+00
0.000000000000000000e+00
8.372093023255813282e-01
0.000000000000000000e+00
0.000000000000000000e+00
0.000000000000000000e+00
6.388698693040681942e-01
6.290329997442816179e-01
6.034143607062106840e-01
6.222004169742949564e-01
5.902923994005364605e-01
6.279165189652038404e-01
5.786571527274124715e-01
3.917970493433403645e-01
3.653964998751799698e-01
3.770814151208872200e-01
4.495834797053885890e-01
5.289936636344658716e-01
5.251330818664229350e-01
5.578892702680777749e-01
7.989225346667754302e-01
8.825429371514188492e-01
5.314151230854452512e-01
6.554308407161515415e-01
2.552695657166852428e-01
3.839845987299618235e-01
3.742430279959827466e-01
3.971316651224936489e-01
7.417879913468417019e-01
3.971316275452314581e-01
4.028178355736984351e-01
6.429941361454052373e-01
7.662551907917247718e-01
4.384925478562670675e-01
4.251400631349728787e-01
3.921907652502820141e-01
4.199321515726150977e-01
4.053458239857170020e-01
4.243634675001123902e-01
4.928603411052720484e-01
3.044517263971048271e-01
2.949305574576872035e-01
3.080616681698071790e-01
3.717916262209307043e-01
4.747353195195658238e-01
4.404253449882791216e-01
4.751659276621802430e-01
7.567249007835807895e-01
8.476719135316317377e-01
4.213422513460761132e-01
6.101254032433285346e-01
2.024349851252010835e-01
3.000791794626159192e-01
3.110445491346657265e-01
3.152544955733904697e-01
6.977590563276611091e-01
3.267140103992966504e-01
3.333036630083633378e-01
5.805610627928587952e-01
7.113362316917636319e-01
7.265306122448980108e-01
7.374417400310719906e-01
6.760563380281690016e-01
8.045112781954886216e-01
5.000000000000000000e-01
7.251310443407206208e-01
2.256144393241168444e-01
5.130110982372482198e-03
7.317573567688397951e-01
8.347632001115992129e-01
5.501633137851681399e-01
7.475490196078431460e-01
5.966930265995686877e-01
4.336887608069164290e-01
9.556422450634465271e-01
5.622147479526942160e-01
4.516789111166810144e-01
4.800531914893617635e-01
3.320773359276649739e-01
6.724137931034483984e-01
2.206473996973389307e-01
4.469141396298412783e-01
5.560627853167412482e-01
6.915697679124424013e-01
7.360713716887632430e-01
5.693923480870217713e-01
1.164175702242644661e-01
