9.401775203285552829e-01
9.408119028578645349e-01
9.379268837980796469e-01
9.344896254624601717e-01
7.975393838003626001e-01
9.378321901856585541e-01
5.690687166313943557e-01
6.023420817498370550e-02
5.634554574291252838e-01
6.766429875143193939e-01
5.634967975646409943e-01
6.663063573238376947e-01
3.951085614749139108e-01
5.065001456233088062e-01
9.251714499246272982e-01
6.862490223808328516e-01
2.896423696982355356e-01
4.421308875789011772e-01
1.318481898202219504e-01
4.771138099093577001e-01
2.435072049303589337e-01
3.219801762995171401e-01
5.434737155429258948e-01
7.024531299256451256e-01
3.931033198664670714e-01
5.498554355594298393e-01
1.724082883931404853e-01
2.361746101334001313e-01
2.299873327772113674e-01
2.172486524490274407e-01
2.231890363280400469e-01
2.389380530973451155e-01
2.293865528760816175e-01
8.081435472739819659e-01
1.297459710461622562e-01
1.074935400516795481e-01
3.897435897435898022e-01
5.788184879093970503e-01
1.102051345439692964e-01
3.668052446434282299e-01
3.656428283293955417e-01
4.597235795057936780e-01
9.999999999999998890e-01
4.081341419907242307e-01
2.686868686868686407e-01
5.374099968694564522e-01
1.063790523186441961e-01
2.680180180180179450e-01
2.899335085820315960e-01
4.176980719036794687e-01
1.554252199413488356e-01
7.224958949096882410e-02
2.651324085750315085e-01
6.574141709276847267e-01
4.384615384615385136e-01
4.515503875968991943e-01
4.144144144144144004e-01
3.166666666666665964e-01
5.000000000000000000e-01
4.181719431967858558e-01
3.694915254237287616e-01
0.000000000000000000e+00
0.000000000000000000e+00
0.000000000000000000e+00
0.000000000000000000e+00
4.489795918367346927e-01
0.000000000000000000e+00
0.000000000000000000e+00
0.000000000000000000e+00
1.000000000000000000e+00
6.472868217054263962e-01
0.000000000000000000e+00
0.000000000000000000e+00
0.000000000000000000e+00
5.931372549019607865e-01
0.000000000000000000e+00
0.000000000000000000e+00
6.315789473684210176e-01
0.000000000000000000e+00
0.000000000000000000e+00
0.000000000000000000e+00
5.839061290373392943e-01
5.739922249106228502e-01
5.507671650374219574e-01
5.663370031609039623e-01
5.820868840353974338e-01
5.739369350427920846e-01
5.479868686236344377e-01
2.434009724050535395e-01
4.745250503924232088e-01
3.890211341063396500e-01
7.008277025070699384e-01
1.505768564600353798e-01
3.544908959509148749e-01
4.286661779201363931e-01
7.180097402191658595e-01
8.515640946733082917e-01
6.626252128399553465e-01
4.950038998258083911e-01
2.590234353398506162e-01
4.574980517382384315e-01
3.398551739540058847e-01
4.742669854254080164e-01
4.846020281910285998e-01
3.120009647740111802e-01
2.167672080499485343e-01
3.779769204398810700e-01
7.337367922474362647e-01
3.728943066773219295e-01
3.603352828805093666e-01
3.323788798651166609e-01
3.550059666815772452e-01
3.960586355536667158e-01
3.608909369935869305e-01
4.608232201207115852e-01
1.758987519630522689e-01
3.987504630854758481e-01
3.191807965511059830e-01
6.349156324510984994e-01
1.227238787318690738e-01
2.767607929673645550e-01
3.465255225029263420e-01
6.648253150268679246e-01
8.090428446824329267e-01
5.638066121345191029e-01
4.448570452979125900e-01
2.056821281874647855e-01
3.694590342587623089e-01
2.793098900989817723e-01
3.889974347079208083e-01
4.271890760047910574e-01
2.488662656853570243e-01
1.677055429600610159e-01
3.140322823518277850e-01
6.738324437836663572e-01
8.724489795918368706e-01
8.482651475919211759e-01
8.209255533199195654e-01
8.533834586466164662e-01
8.750000000000000000e-01
8.703204944541282906e-01
5.058491710944312825e-01
1.312647221295277777e-01
7.027104005407980303e-01
8.380865075331938030e-01
5.908434214315051447e-01
6.658777664572368415e-01
5.966930265995686877e-01
5.379926676552972964e-01
9.563878781334125279e-01
5.636422810786101412e-01
3.560740936334170215e-01
4.286204280657626153e-01
2.874200521957903653e-01
6.406349685441030672e-01
2.137371399746553768e-01
3.942477668128325785e-01
4.032540547063581116e-01
4.747361582095273036e-01
7.143767325738694662e-01
5.015306910366001958e-01
9.425847318087565707e-02
