6.315145951390582768e-01
6.240722813810906100e-01
6.225064360554873888e-01
6.132591704823657786e-01
6.972805427761514796e-01
6.273773118437004914e-01
4.007385160129512958e-01
6.957768506185465496e-01
8.640073813100717093e-01
7.367221478196750439e-01
8.433469243507711877e-01
9.016001975706919858e-01
3.739415910643433261e-01
9.016130388730633216e-01
8.349602530038759962e-01
0.000000000000000000e+00
5.324466771399427589e-01
6.575575961165447403e-01
2.282602498605235120e-02
5.601695490235658603e-02
1.722293996102959301e-01
2.503162514257735172e-01
3.252765097647563053e-01
6.669538288821459382e-01
6.204741419748953657e-01
6.364328970044834666e-01
1.397389482601034683e-01
3.378843865472536678e-01
3.277103222417894757e-01
3.309116475275369340e-01
3.169458342397215578e-01
2.212389380530973559e-01
3.325183753072618598e-01
1.818535176856017621e-01
5.676386233269599124e-01
2.804381846635366493e-01
3.974178657722960972e-01
3.575258760443945638e-01
1.903051049375501513e-01
5.381132075471699583e-01
5.067925677733781109e-01
3.102949681897051448e-01
1.020408163265306145e-01
4.211202283267926894e-01
6.363636363636362425e-01
9.582732474298738534e-02
1.300706265845708587e-01
4.056743310474651976e-01
3.292423884824164926e-01
1.074519111902288993e-01
5.756823821339951408e-01
2.591063623118018411e-01
7.765335929892902556e-02
5.472972972972974803e-01
4.461538461538461786e-01
4.534883720930232287e-01
6.036036036036036556e-01
4.666666666666666186e-01
1.000000000000000000e+00
4.913721504220296410e-01
6.728395061728393856e-01
0.000000000000000000e+00
5.041666666666667629e-01
5.142857142857142350e-01
0.000000000000000000e+00
5.612244897959183243e-01
0.000000000000000000e+00
0.000000000000000000e+00
4.938271604938271331e-01
2.380952380952380820e-01
8.434343434343435364e-01
7.448979591836734082e-01
0.000000000000000000e+00
0.000000000000000000e+00
0.000000000000000000e+00
0.000000000000000000e+00
5.000000000000000000e-01
5.000000000000000000e-01
0.000000000000000000e+00
0.000000000000000000e+00
0.000000000000000000e+00
4.585441073146505064e-01
4.511487725972742058e-01
4.390727152735057204e-01
4.406931288728372920e-01
4.228142143808782394e-01
4.521865350910949100e-01
1.233707795126584017e-01
5.754348038260982401e-01
3.772760643249202239e-01
4.140720102620685239e-01
4.337076181521288820e-01
2.317658695084237053e-01
5.941603117742063622e-01
7.057707903264056615e-01
3.344059156030620983e-01
1.116427660722463244e-01
4.493698626450138844e-01
6.795386991108365304e-01
6.715915182511755788e-02
1.300100409729517681e-01
1.923503079410648908e-01
2.531150066170297919e-01
1.160946496216217483e-01
2.356515581825862071e-01
1.780407956178837736e-01
7.974694188927555771e-02
2.215683920401372298e-01
2.429104063367087951e-01
2.347932959652178353e-01
2.216860898501590849e-01
2.286020448157891349e-01
2.361890134133218799e-01
2.363695366823752864e-01
8.531308733954123813e-02
4.858837941732716548e-01
3.058811575976596031e-01
3.427822645430742554e-01
3.564982347201211543e-01
1.929926026178578891e-01
5.122497433650907706e-01
6.361244218423888208e-01
2.759399089926376503e-01
7.827954701546235849e-02
3.399938618044489602e-01
6.358532466656254822e-01
4.974778439799498742e-02
8.988866938134143503e-02
1.504262678541600229e-01
1.884636773743432192e-01
9.250617192445864667e-02
1.826747182552724280e-01
1.357517750268881773e-01
5.978725796984840635e-02
1.686830691258333070e-01
7.285714285714286476e-01
6.908337648886586635e-01
7.002012072434609102e-01
7.443609022556390009e-01
7.500000000000000000e-01
7.319756241906139049e-01
4.927419354838711296e-01
8.062707301473976962e-01
8.324852064719694411e-01
8.237850834604889538e-01
8.185936151855045528e-01
8.173784977908686855e-01
2.450920754299618087e-01
8.677873563218390096e-01
8.694470621753709327e-01
3.376751595582061505e-02
7.051594913744470006e-01
5.728643216080402389e-01
1.581139510888882604e-01
2.177045805455481986e-01
1.954683156875606231e-01
3.359004902365476664e-01
2.320412374817979462e-01
5.294854558787589482e-01
7.832697454586867725e-01
7.149735194992778986e-01
1.327704390738452256e-01
