7.714064967257091565e-01
7.705792191029365856e-01
7.710386588456892287e-01
7.661833981233932001e-01
8.017519401459176631e-01
7.707049682449842454e-01
9.069644316818845642e-01
3.105216829499494180e-01
7.530926954706778087e-01
3.755419000449771172e-01
3.955319440424851507e-01
4.770237633168834535e-01
0.000000000000000000e+00
4.831540482333370745e-01
6.329989064451959635e-01
6.684861347204673621e-01
3.526184846302731213e-01
4.395118094954555410e-01
2.679651541220755551e-01
6.071561786662151849e-01
2.502949025442138264e-01
2.339139264342688929e-01
4.955534833992714105e-01
8.852004910561257489e-01
6.775591062579919832e-01
7.972931716733433483e-01
2.696611216531243915e-01
3.184067138473100633e-01
3.189977446164303232e-01
3.140379657839231786e-01
3.217315640635197149e-01
4.159292035398229892e-01
3.192361059443643567e-01
8.568939573928882059e-01
7.719885277246651967e-02
2.957095709570957132e-01
1.454267125908917935e-01
2.666968189356249130e-01
4.274227498526562696e-01
2.531681216558716585e-01
1.402985074626866835e-01
3.744939271255061097e-01
6.363636363636363535e-01
3.955669616654965970e-01
3.489736070381230792e-01
5.374099968694564522e-01
2.524900398406375590e-01
3.125734430082255377e-01
2.594490711082637624e-01
3.484361370716512196e-01
2.320499479708637569e-01
6.103448275862067840e-01
3.206730769230768940e-01
9.415867480383609545e-01
3.307692307692307598e-01
2.732558139534883579e-01
3.963963963963964554e-01
2.833333333333332704e-01
5.000000000000000000e-01
3.486730441649700252e-01
0.000000000000000000e+00
0.000000000000000000e+00
0.000000000000000000e+00
0.000000000000000000e+00
0.000000000000000000e+00
3.654485049833887111e-01
0.000000000000000000e+00
0.000000000000000000e+00
4.454342984409799255e-01
4.838709677419354982e-01
6.185185185185185786e-01
0.000000000000000000e+00
0.000000000000000000e+00
0.000000000000000000e+00
4.201388888888888951e-01
0.000000000000000000e+00
0.000000000000000000e+00
0.000000000000000000e+00
0.000000000000000000e+00
0.000000000000000000e+00
0.000000000000000000e+00
5.588897178381311281e-01
5.501010473925067590e-01
5.317933341460862051e-01
5.506049257987204459e-01
7.636441470042081292e-01
5.536336331242759368e-01
9.403625100393475655e-01
9.893402793556005381e-02
6.559076944648039031e-01
2.243298449882984436e-01
3.373699557712044328e-01
4.513585420861336850e-01
3.794739507088925601e-01
2.699131790442494960e-01
4.644744459088292476e-01
5.037116183831624738e-01
4.455524330047976322e-01
7.529025481722537716e-01
6.170230193443491107e-01
8.429290932073446596e-01
4.045868989998286924e-01
3.721469897631941581e-01
4.603183124094407663e-01
2.723321388463753046e-01
8.875254848765399274e-01
5.847600931625722698e-01
8.344706324641386619e-01
3.447753867002563699e-01
3.338536311981260551e-01
3.120223834282683240e-01
3.376908478031898087e-01
6.256176484804119031e-01
3.383310459969214867e-01
9.206278858514402863e-01
6.625777482405298402e-02
5.873225424755448287e-01
1.732003993419185539e-01
2.670935014294058552e-01
3.974323686970424596e-01
2.994861471051956103e-01
2.038213744684860274e-01
3.991370154290263539e-01
4.196174670305298782e-01
3.363537448209226732e-01
7.155814782168516963e-01
5.513489147786091449e-01
7.959644063988668972e-01
3.395773112809503669e-01
2.922411864609629761e-01
4.032128200183980882e-01
2.140471873308133488e-01
8.586790066138528799e-01
5.187197739352771286e-01
7.921167716242577539e-01
5.969387755102042448e-01
6.012428793371309421e-01
5.915492957746479874e-01
5.939849624060149491e-01
5.000000000000000000e-01
6.126891133457927907e-01
8.267240143153575804e-01
8.211593068903750847e-01
6.729999101500117042e-01
5.171851821531525673e-01
3.998269112351110488e-01
6.668340210075340835e-01
1.682473782668288953e-01
5.078118040089085738e-01
5.381050084520138110e-01
6.013754829181598982e-01
4.921031548102114961e-01
3.399023369375653303e-01
2.226874956442823628e-01
5.809257533395464357e-01
2.411450627778655154e-01
3.263328646842427183e-01
5.904198241045031104e-01
8.184753200706706977e-01
7.010563179773361409e-01
8.682861138447195426e-01
2.311879792708957382e-01
