0.000000000000000000e+00
0.000000000000000000e+00
0.000000000000000000e+00
0.000000000000000000e+00
0.000000000000000000e+00
0.000000000000000000e+00
3.686518466782764403e-01
4.439982447397884391e-01
3.004380838823350608e-02
0.000000000000000000e+00
0.000000000000000000e+00
7.109746700837100697e-01
1.000000000000000222e+00
0.000000000000000000e+00
0.000000000000000000e+00
1.000000000000000000e+00
4.521373342128105488e-01
0.000000000000000000e+00
9.031184631589166401e-01
1.741664540448455423e-01
5.122807583793769215e-01
1.000000000000000222e+00
1.000000000000000000e+00
1.000000000000000000e+00
6.953156176119494880e-01
0.000000000000000000e+00
1.000000000000000000e+00
0.000000000000000000e+00
0.000000000000000000e+00
0.000000000000000000e+00
0.000000000000000000e+00
0.000000000000000000e+00
0.000000000000000000e+00
1.284818583615994214e-01
3.224187380497132160e-01
4.587813620071679033e-02
6.368359309535831514e-03
2.537136066547832636e-01
3.990025670095219690e-01
3.207547169811321153e-01
0.000000000000000000e+00
2.621457489878542546e-01
5.102040816326530726e-01
4.211202283267926894e-01
0.000000000000000000e+00
7.245464642724915860e-01
9.117695883134130375e-02
3.704954954954954305e-01
6.563606325230111338e-01
4.002076843198340006e-01
5.721561969439725726e-01
7.800333704115683942e-01
8.306055646481180776e-02
9.415867480383609545e-01
2.115384615384615641e-01
2.112403100775193665e-01
3.243243243243243423e-01
1.333333333333333592e-01
5.000000000000000000e-01
2.259516786801105681e-01
4.954545454545454253e-01
0.000000000000000000e+00
0.000000000000000000e+00
0.000000000000000000e+00
0.000000000000000000e+00
0.000000000000000000e+00
0.000000000000000000e+00
0.000000000000000000e+00
0.000000000000000000e+00
5.000000000000000000e-01
5.186335403726707316e-01
0.000000000000000000e+00
0.000000000000000000e+00
0.000000000000000000e+00
8.402777777777777901e-01
9.361702127659574657e-01
0.000000000000000000e+00
0.000000000000000000e+00
0.000000000000000000e+00
0.000000000000000000e+00
9.999999999999998890e-01
0.000000000000000000e+00
0.000000000000000000e+00
0.000000000000000000e+00
0.000000000000000000e+00
0.000000000000000000e+00
0.000000000000000000e+00
3.999720321625030994e-01
7.135786555730895264e-01
5.733434625772375615e-01
2.024894243197432608e-01
3.597008476777121544e-01
1.000000000000000000e+00
5.598544403905970634e-01
9.627943415352735457e-02
3.686547690616730488e-01
1.000000000000000000e+00
5.182794932737807558e-01
1.374620053178630119e-01
9.786085344214121573e-01
7.036448453834119876e-01
6.619085799125079550e-01
1.000000000000000000e+00
8.731650387704348315e-01
1.000000000000000000e+00
1.000000000000000000e+00
3.488973888189594863e-01
5.899718402608820078e-01
0.000000000000000000e+00
0.000000000000000000e+00
0.000000000000000000e+00
0.000000000000000000e+00
0.000000000000000000e+00
0.000000000000000000e+00
3.155189866195816095e-01
6.386622035923440466e-01
4.990063500251786244e-01
1.550383835269290023e-01
2.872978241494074658e-01
1.000000000000000222e+00
4.761490864427023739e-01
6.709732312021415845e-02
3.075173941604595340e-01
1.000000000000000000e+00
4.079180733390797564e-01
1.136767420833388886e-01
9.727905887476736568e-01
6.296756947158199669e-01
6.015165857966265905e-01
1.000000000000000000e+00
8.477074500954094871e-01
1.000000000000000000e+00
9.999999999999998890e-01
2.871128927860440161e-01
5.157978130072584655e-01
0.000000000000000000e+00
0.000000000000000000e+00
0.000000000000000000e+00
0.000000000000000000e+00
0.000000000000000000e+00
0.000000000000000000e+00
1.936966318785580121e-01
4.425395736899251364e-01
1.197293076522654154e-02
9.426034221355861220e-02
0.000000000000000000e+00
5.459770114942528174e-01
1.000000000000000000e+00
0.000000000000000000e+00
0.000000000000000000e+00
7.994154941331090836e-01
7.318416577173696425e-01
0.000000000000000000e+00
9.863039224820646655e-01
0.000000000000000000e+00
4.980218070821655907e-01
1.000000000000000000e+00
9.813410668501036938e-01
1.000000000000000000e+00
6.911907066795739407e-01
0.000000000000000000e+00
1.000000000000000000e+00
