8.819240183700139957e-01
8.777401312251262855e-01
8.750907767527857928e-01
8.491551896923199561e-01
8.115812382855460694e-01
8.755705439973204829e-01
1.741873903176598404e-01
2.444388624543182287e-01
6.614777906062092594e-01
6.366891385090731603e-01
6.204636636474420985e-01
1.382075360330192737e-01
5.330462727342943907e-01
7.820440711624695451e-01
8.715124509760696636e-01
5.580859455802240632e-01
3.212136302644323926e-01
9.254723305972534231e-01
4.132735000909824041e-01
3.791517116945264387e-01
3.424508194221120849e-02
3.787957641331047842e-01
7.415428671167645369e-01
6.521853160192532251e-01
4.851343324797385836e-01
8.920740030917460039e-01
1.351300817703374735e-01
9.894156698190016419e-01
9.901751784224671615e-01
9.816029997656433581e-01
9.725908201000652564e-01
9.823008849557520739e-01
9.867610036031471132e-01
3.005904455179830848e-02
3.321496858781753936e-01
3.091787439613525867e-01
3.299416632749966327e-01
1.540404040404040886e-01
1.291227204833798048e-01
4.949201741654574160e-01
4.329600264971950052e-01
5.595379852345796490e-01
1.785714285714286031e-01
3.716107741705315104e-01
7.734265734265732828e-01
3.838509316770187807e-01
2.083366533864542403e-01
0.000000000000000000e+00
3.818558123490858325e-01
6.328887955476215632e-01
3.976889744824265716e-01
3.911637931034482873e-01
5.830419580419580194e-01
8.868243243243244534e-01
3.923076923076923017e-01
3.236434108527131426e-01
3.513513513513513153e-01
1.166666666666666408e-01
5.000000000000000000e-01
3.450557247450984910e-01
0.000000000000000000e+00
0.000000000000000000e+00
0.000000000000000000e+00
0.000000000000000000e+00
0.000000000000000000e+00
0.000000000000000000e+00
0.000000000000000000e+00
0.000000000000000000e+00
0.000000000000000000e+00
6.818181818181818787e-01
5.030120481927711218e-01
0.000000000000000000e+00
0.000000000000000000e+00
0.000000000000000000e+00
0.000000000000000000e+00
6.111111111111110494e-01
4.395604395604396086e-01
4.897959183673469274e-01
0.000000000000000000e+00
0.000000000000000000e+00
0.000000000000000000e+00
9.403604527261739676e-01
9.388557267493671254e-01
9.038169949511963841e-01
9.208868034530165447e-01
1.000000000000000000e+00
9.318566135382717608e-01
2.023683247104619554e-01
3.552536864501473213e-01
4.844900202341895223e-01
3.422606628430719944e-01
3.328431162332898818e-01
1.467979960770979808e-01
4.825119440369664003e-01
5.460767082720299204e-01
4.060074812852305648e-01
1.772247587178394923e-01
3.835957079891813004e-01
9.274792713668633670e-01
9.910566459154668273e-02
4.320872343763785262e-01
0.000000000000000000e+00
3.695217661574050627e-01
5.236280295934607754e-01
1.997253721945571048e-01
3.397295624993987850e-01
7.515904592099413861e-01
3.651525115722222825e-01
8.916523593391448843e-01
8.886968132945413101e-01
8.270863850683460861e-01
8.581978297595871386e-01
1.000000000000000000e+00
8.765333076799035616e-01
1.455669134575972579e-01
2.712965858493228133e-01
4.085913212632698577e-01
2.761125056855247006e-01
2.630359730194826162e-01
1.195232127099065123e-01
3.976935229191532750e-01
4.629414727174935296e-01
3.426591706382969837e-01
1.281729163399840110e-01
2.790761624120094986e-01
9.139861190381275424e-01
7.429191147045166588e-02
3.450434623959348079e-01
0.000000000000000000e+00
2.898478886570553525e-01
4.662889084303226683e-01
1.527146810752649242e-01
2.749089649397010726e-01
7.008117235923920774e-01
2.940719925332239137e-01
6.071428571428572063e-01
5.846711548420506777e-01
5.814889336016098031e-01
5.977443609022554671e-01
6.250000000000000000e-01
6.044083929466186333e-01
2.309394480421234075e-01
4.557627921186504505e-01
7.475314343074752621e-01
7.730752388677890607e-01
6.968810916179336568e-01
1.179305128580487860e-01
5.195360882783468526e-01
7.459406909462218405e-01
8.694470621753709327e-01
5.793455465987824571e-01
4.682130835320563733e-01
9.733050174658621767e-01
4.494873775855423581e-01
3.152897982826767809e-01
6.355998005424445818e-02
3.522510834895991039e-01
8.615253158214750684e-01
4.850252555659748666e-01
6.168216424316932400e-01
9.845931632161770697e-01
2.412770816683570407e-01
