5.487973414813887008e-01
5.472494113991370757e-01
5.512349482050907801e-01
5.315448203804431504e-01
5.954926998191090171e-01
5.478110645601989015e-01
6.062743281396454353e-01
6.024820350199794339e-01
6.302153515680986029e-01
7.367824826211859524e-01
4.670324792187681151e-01
2.371906969331805115e-01
2.612640708609119677e-01
9.347575526891646058e-01
8.135518662782710297e-01
3.296894801744030268e-01
8.122383896202156617e-01
6.650139934824632615e-01
1.169106231994461176e-01
4.030294246527523772e-01
2.360555207764888364e-01
3.409889214894319398e-01
2.488612122421995920e-02
3.663188139962101353e-01
7.215258073786685600e-01
6.428845238608795754e-01
3.206829881032736695e-01
3.231039017974572380e-01
3.084932184014582690e-01
3.251699086008905670e-01
2.978029149445290402e-01
3.362831858407079322e-01
3.175180661550942585e-01
3.008117934160068341e-01
4.001292650741928858e-01
1.984496124031006614e-01
4.584223646723647461e-01
3.378950798305637715e-01
2.528416266734022644e-01
4.745461018155927579e-01
5.678749111584932008e-01
7.591436217662801411e-01
3.015873015873017371e-01
1.000000000000000000e+00
2.658227848101265556e-01
3.004719004719004216e-01
1.695120924751697400e-01
3.961148648648648019e-01
4.687823387374956408e-01
4.208337987613409714e-01
3.970223325062027797e-02
1.564166370423035746e-01
3.761180679785331993e-01
9.415867480383609545e-01
4.076923076923077427e-01
3.488372093023255904e-01
2.612612612612612573e-01
2.333333333333333370e-01
5.000000000000000000e-01
3.365184568444218316e-01
6.812499999999999112e-01
0.000000000000000000e+00
0.000000000000000000e+00
0.000000000000000000e+00
0.000000000000000000e+00
0.000000000000000000e+00
0.000000000000000000e+00
0.000000000000000000e+00
4.651162790697674354e-01
0.000000000000000000e+00
5.060606060606060996e-01
0.000000000000000000e+00
0.000000000000000000e+00
0.000000000000000000e+00
4.158075601374570662e-01
0.000000000000000000e+00
0.000000000000000000e+00
0.000000000000000000e+00
0.000000000000000000e+00
0.000000000000000000e+00
0.000000000000000000e+00
4.630566784453348794e-01
4.569809278750614490e-01
4.563336001364033945e-01
4.424879081955085391e-01
4.528181531901920853e-01
4.586147508945843110e-01
3.186811303604457635e-01
5.257535031893930677e-01
5.731543435032693257e-01
5.518756821776324983e-01
2.988033499768689705e-01
6.242731656088000847e-01
3.562152397348813393e-01
1.000000000000000000e+00
6.805615673600189375e-01
1.994681984104191841e-01
9.999999999999998890e-01
3.563158294496464595e-01
2.254445395455044743e-01
5.409771568746933879e-01
5.551894695368670973e-01
4.430360726723958642e-01
7.072012335810498040e-01
2.501553248267380791e-01
3.673391900926104015e-01
6.651101971758413001e-01
6.627183970448811134e-01
2.471157159250559898e-01
2.401572876001945300e-01
2.373534517605699889e-01
2.302164142317618678e-01
2.633393678372438207e-01
2.422981962775824505e-01
2.422762740030845463e-01
4.343597993830117243e-01
4.988088115952365453e-01
4.792070951582124705e-01
2.329379081870123769e-01
5.731948935984416682e-01
2.783156854674408986e-01
1.000000000000000000e+00
6.234565046571625135e-01
1.457524080656952270e-01
1.000000000000000000e+00
3.103055365699591839e-01
1.769143080046072791e-01
4.528929878257357822e-01
4.885450959627442025e-01
3.586497644533332974e-01
6.596026314559021442e-01
1.949850163527586111e-01
3.001814559826232465e-01
6.045303905926879828e-01
5.941808475551727531e-01
5.693877551020409822e-01
5.717244950802693459e-01
5.955734406438633055e-01
5.714285714285713969e-01
7.500000000000000000e-01
6.087593293759263613e-01
6.545595533498762553e-01
6.962246796268249938e-01
5.946555613395800854e-01
8.915685711551342152e-01
4.615623704931618443e-01
2.953586497890294815e-01
4.371930936163470616e-01
9.426666666666665417e-01
9.067686877557750158e-01
3.381918210045247175e-01
7.869274204898553116e-01
6.474936891453300092e-01
1.962793875586197334e-01
3.282409428197294865e-01
1.892091083630960124e-01
3.885582920726586842e-01
8.372621970992710771e-02
3.807391282290164547e-01
8.288033360637425684e-01
5.837669094693027638e-01
2.486502510941503985e-01
