5.966803418461098518e-01
5.937275051505448431e-01
5.966287192768462422e-01
5.810091450706369454e-01
6.419988418106361561e-01
5.951446555071979727e-01
4.360770562301716780e-01
5.956985595905742725e-01
7.239228865693061454e-01
7.203616872058584697e-01
4.707423268662960236e-01
3.970893125537058310e-01
3.712870274017057159e-01
7.638943303951776231e-01
8.171014019405740125e-01
3.888951418297112994e-01
5.928981408510722861e-01
7.026485209239454743e-01
2.300693438893199883e-01
4.111939280962595422e-01
1.823055257364677439e-01
4.271352607500442655e-01
1.754436432979558091e-01
5.384672078931327377e-01
7.005666085738768700e-01
7.670992858319740648e-01
2.311208876418251457e-01
2.230851130456566467e-01
2.329533166496740304e-01
2.429107101007733915e-01
2.231890363280400469e-01
2.389380530973451155e-01
2.279298019347586468e-01
2.315852383086807187e-01
4.543408282305104740e-01
3.678160919540228724e-01
5.886752136752136932e-01
4.658782951465879618e-01
1.514719422467386556e-01
2.789550072568941497e-01
3.006396588486140997e-01
3.710370601058861073e-01
4.464285714285715079e-01
5.291408555768168931e-01
3.333333333333332593e-01
3.629861884895443369e-01
1.828548899639537151e-01
3.961148648648648019e-01
1.681614349775784056e-01
4.595077633391667637e-01
3.955579058699099093e-01
2.763546798029555829e-01
2.788461538461538547e-01
4.238329238329240356e-01
5.961538461538462563e-01
5.639534883720929148e-01
5.855855855855855996e-01
4.833333333333333370e-01
5.000000000000000000e-01
6.026286668190541373e-01
0.000000000000000000e+00
0.000000000000000000e+00
0.000000000000000000e+00
0.000000000000000000e+00
0.000000000000000000e+00
0.000000000000000000e+00
0.000000000000000000e+00
0.000000000000000000e+00
4.494382022471909988e-01
0.000000000000000000e+00
5.060606060606060996e-01
0.000000000000000000e+00
0.000000000000000000e+00
0.000000000000000000e+00
0.000000000000000000e+00
6.875000000000000000e-01
0.000000000000000000e+00
6.206896551724138122e-01
0.000000000000000000e+00
0.000000000000000000e+00
1.649590163934426257e-01
3.818007916416143455e-01
3.795784611630345085e-01
3.758036197735947770e-01
3.652894023797428336e-01
3.979213289508686802e-01
3.784164727231804082e-01
3.921855033835677240e-01
5.336735351770264257e-01
5.628828581040223877e-01
4.019212799056348651e-01
3.698071292976077284e-01
2.598585040404279844e-01
4.113177623560145824e-01
6.047411264112505513e-01
5.112891221550941445e-01
3.299130952565563213e-01
7.147108798291795795e-01
5.356053036216203989e-01
2.590667962513240052e-01
4.326951932614701013e-01
4.163108177839673907e-01
2.200456216226425177e-01
7.256009777808414274e-01
3.555912165335748387e-01
4.201748482582334798e-01
3.661412630528801948e-01
4.816988050571637814e-01
1.768084177731038265e-01
1.738085355971776824e-01
1.687551572360258267e-01
1.657866918714061000e-01
2.147086425308865065e-01
1.734867987447249738e-01
3.083019560643577850e-01
4.424523519841598862e-01
4.881127033456402198e-01
3.312885003307660670e-01
2.965447397589109912e-01
2.179751933469717962e-01
3.290669527023839525e-01
5.245732935021358845e-01
4.456536542969176118e-01
2.555460715129304616e-01
6.245799767609108155e-01
4.857077593411815997e-01
2.057196816653108495e-01
3.456222609815116642e-01
3.507345719229258973e-01
1.613524250861700371e-01
6.798329324290296460e-01
2.881947970149581484e-01
3.497728575092600156e-01
3.030203156645173701e-01
4.051453719873966408e-01
7.020408163265308144e-01
6.737441740031071546e-01
7.062374245472837764e-01
7.142857142857141906e-01
8.750000000000000000e-01
7.128371185481501282e-01
5.773051621645250986e-01
6.172354697023005876e-01
5.786916536526116595e-01
7.480855906781829212e-01
4.462094355058628947e-01
5.188866718577642700e-01
5.246457642447994729e-01
8.054323347611938022e-01
8.576163507985763435e-01
3.422094488192335415e-01
5.666421215718822069e-01
7.203556684661795995e-01
3.998537344196873011e-01
5.346390185189098254e-01
1.923387120253282623e-01
4.132435101819778023e-01
5.989440488846442534e-02
3.948711077642030887e-01
7.729088587075592098e-01
7.969884253194210455e-01
1.650287003545087838e-01
