5.378572111620545382e-01
5.367860600193610221e-01
5.360582991276378051e-01
5.256293682150006141e-01
6.780144417066005236e-01
5.375538991424226865e-01
3.606886717515171981e-01
7.327865647404604443e-01
7.916432312450536468e-01
6.526316507096043829e-01
4.892937057476951512e-01
5.336687922616167867e-01
3.357592855944409038e-01
8.455991648898385504e-01
8.343848595883629482e-01
3.045359432390664089e-01
8.324778101828360644e-01
7.315331843247170340e-01
4.388814482475700274e-02
4.315424622543282407e-01
2.035176418581040592e-01
4.347473225445031009e-01
1.556749116814470923e-02
5.180666179202684241e-01
7.720124477666365781e-01
7.093220677034601795e-01
2.521664499261476733e-01
2.228345963549821507e-01
2.323971946735872984e-01
2.427935317553316097e-01
2.218838372851860141e-01
2.477876106194690231e-01
2.276623976941745120e-01
2.315852383086807187e-01
4.001292650741928858e-01
5.056790123456790242e-01
4.584223646723647461e-01
3.009161381254404910e-01
1.514719422467386556e-01
4.745461018155927579e-01
9.790060685583074074e-01
4.276039749723958838e-01
1.138716356107660754e-01
5.291408555768168931e-01
6.284584980237153395e-01
2.319819819819818330e-01
2.134142003414911670e-01
3.961148648648648019e-01
4.424651335006375419e-01
3.434858696056893868e-01
3.955579058699099093e-01
5.670498084291187846e-01
2.966448445171849801e-01
5.821205821205822639e-01
5.269230769230770495e-01
5.155038759689922756e-01
4.774774774774774855e-01
3.999999999999999667e-01
5.000000000000000000e-01
5.005605908985155672e-01
0.000000000000000000e+00
0.000000000000000000e+00
0.000000000000000000e+00
0.000000000000000000e+00
0.000000000000000000e+00
0.000000000000000000e+00
0.000000000000000000e+00
0.000000000000000000e+00
6.896551724137931494e-01
0.000000000000000000e+00
3.830275229357798517e-01
0.000000000000000000e+00
0.000000000000000000e+00
0.000000000000000000e+00
0.000000000000000000e+00
0.000000000000000000e+00
0.000000000000000000e+00
0.000000000000000000e+00
0.000000000000000000e+00
0.000000000000000000e+00
0.000000000000000000e+00
3.415222260246954522e-01
3.419571213563239453e-01
3.374233460227382686e-01
3.281602396564179402e-01
3.783195992224239190e-01
3.395563305667883558e-01
4.679499004293306008e-01
5.483530979018117479e-01
8.670300712971117374e-01
4.646988225724981714e-01
4.243300833897998281e-01
3.547003867211619976e-01
5.509691675259936749e-01
8.373575121962120171e-01
5.550472524707730226e-01
1.652211127671321389e-01
7.883611478435986752e-01
9.235099293864907910e-01
6.000098806406861662e-02
6.291354613983329847e-01
4.862555340496668155e-01
4.583142422519652648e-01
6.909549585324625820e-01
3.858008275189903635e-01
5.816160308860038874e-01
3.502005637099132596e-01
4.956946374484554330e-01
1.462086063867200914e-01
1.453409119053399035e-01
1.400897353928111655e-01
1.384513681711048161e-01
1.984610446530968575e-01
1.441750585837776599e-01
3.803373979202788191e-01
4.575732797951918007e-01
8.319952412677560361e-01
3.916056661170951303e-01
3.475391985673427775e-01
3.048564446358983382e-01
4.669293222681232258e-01
7.916808941895839835e-01
4.901742682297933751e-01
1.188244530417408296e-01
7.146083109327492355e-01
9.093391517486606457e-01
4.432604681023999404e-02
5.463709586999925261e-01
4.188401638721729325e-01
3.734125002737156418e-01
6.418694308639169011e-01
3.161066125609607869e-01
5.112975885965642675e-01
2.883094178393164064e-01
4.190441891171456934e-01
7.285714285714286476e-01
6.732263076126359103e-01
7.082494969818913244e-01
6.616541353383458279e-01
1.000000000000000000e+00
6.865713383788121238e-01
4.480339359168652447e-01
8.505145968099585563e-01
6.274827517944734367e-01
6.275096645467015399e-01
4.671885409726849181e-01
5.459770114942528174e-01
3.446261682242990343e-01
8.167826086956520015e-01
8.305202053872078327e-01
3.229458530798947624e-01
7.701545119533612649e-01
6.232269503546099543e-01
1.748113295443958215e-01
4.788401253918492806e-01
2.244097915608690430e-01
3.931152172315530713e-01
0.000000000000000000e+00
3.999895240423234632e-01
7.979945384404212305e-01
7.935483870967741105e-01
1.677757989549790718e-01
