7.819680566263745858e-01
7.780433204259438185e-01
7.644732436999681635e-01
7.736845201054056709e-01
7.785828802453644837e-01
7.756242094316128100e-01
7.181959231620111961e-01
3.723968647151375544e-01
8.723180048215788407e-01
4.148181362086904578e-01
5.577152856640175127e-01
6.262283307329266080e-01
2.565183166950317784e-01
7.470777486899858877e-01
6.435491345842916378e-01
3.305267702424261600e-01
4.586871377719965448e-01
5.251919794305850431e-01
5.866547226786575919e-01
4.260463561018701384e-02
4.517784099370869555e-01
0.000000000000000000e+00
3.483059001222943429e-01
6.987003976505596903e-01
7.720240522331289768e-01
5.430480301241635832e-01
8.094939644417598057e-02
3.711404772342957181e-01
3.838168504958754390e-01
3.737989219592219303e-01
3.761148575157711726e-01
3.362831858407079322e-01
3.729148447171159453e-01
5.116381203337725392e-01
2.779948457893424152e-01
9.929929929929925958e-02
3.608736942070278619e-02
5.384475384475385651e-01
3.413616327924605676e-01
4.177897574123989877e-01
4.706984557730826690e-01
3.540669856459328635e-01
2.380952380952380265e-01
2.201266233939115913e-01
2.121212121212120438e-01
4.374517374517375989e-01
8.416334661354579749e-02
4.853944853944852644e-01
1.805522775548735748e-01
2.809968847352025678e-01
2.119815668202764680e-01
3.311888831703552194e-01
3.385989010989012282e-01
4.826254826254826602e-01
5.730769230769230393e-01
5.562015503875967770e-01
5.225225225225225145e-01
5.500000000000000444e-01
5.000000000000000000e-01
5.591866394142256391e-01
9.342857142857141639e-01
0.000000000000000000e+00
0.000000000000000000e+00
0.000000000000000000e+00
0.000000000000000000e+00
7.482993197278912101e-01
0.000000000000000000e+00
6.488095238095237249e-01
4.761904761904761640e-01
0.000000000000000000e+00
5.060606060606060996e-01
0.000000000000000000e+00
0.000000000000000000e+00
0.000000000000000000e+00
2.880952380952381264e-01
5.000000000000000000e-01
0.000000000000000000e+00
5.142857142857142350e-01
0.000000000000000000e+00
0.000000000000000000e+00
0.000000000000000000e+00
5.294133611705669207e-01
5.242135693765646032e-01
5.021826621152715164e-01
5.069516875197513928e-01
5.580770883319856601e-01
5.198969063092273579e-01
3.290700942555551123e-01
3.859926118643745019e-01
4.252523941758619141e-01
2.202189072288771587e-01
4.329198081276357524e-01
2.952988255733361989e-01
4.372086793277861760e-01
4.298997023336637024e-01
2.999339711651944906e-01
9.789658279555824016e-02
3.295867339441168609e-01
4.560193071416687172e-01
3.535535967947143199e-01
2.442304614015639030e-01
5.892528653067652389e-01
2.871948066559455448e-01
2.901145118514028010e-01
1.630737569174021129e-01
4.419640135621734078e-01
3.926826425988265701e-01
2.007667598180280510e-01
3.130384385571240990e-01
3.062851928740635832e-01
2.815237169106511450e-01
2.918756494182934702e-01
3.694753056502394495e-01
3.024330641583616863e-01
2.513774749470379377e-01
2.991200637734163781e-01
3.509784722560257975e-01
1.697604172015971802e-01
3.557434555912076246e-01
2.499823599031069099e-01
3.536256800558322810e-01
3.477005341068684086e-01
2.447789966986776422e-01
6.818857178889464743e-02
2.319146527351744203e-01
4.062554805033948835e-01
2.900339746744861058e-01
1.787557112911982160e-01
5.239362825176824279e-01
2.171859043637913711e-01
2.427732643711559835e-01
1.229320707369332966e-01
3.706939817085308508e-01
3.278207299600931490e-01
1.515659512087268457e-01
6.663265306122450049e-01
6.768513723459348430e-01
6.981891348088531402e-01
7.293233082706767068e-01
1.000000000000000000e+00
6.660120657962451673e-01
7.691128455397111541e-01
3.124278303431398118e-01
9.024059830224659962e-01
5.621195116144610537e-01
4.865906640122762417e-01
5.461218924403854480e-01
3.456946597241556951e-01
7.384077496048693234e-01
6.824884964744746263e-01
3.074981426685499120e-01
5.752869818994010842e-01
5.327210707977509951e-01
7.247238925241348273e-01
2.270813288225375093e-01
4.047601526739486033e-01
0.000000000000000000e+00
4.847306480240884952e-01
6.118592114823884209e-01
8.818570365925841870e-01
5.143292391922693607e-01
1.499168096014806828e-01
