2.601855295332181628e-01
3.359315321996105830e-01
6.345720853410813378e-01
2.079305390437643508e-01
7.568342223154945758e-01
4.242156886178189978e-01
6.495725244336640891e-01
6.420920062874773127e-01
6.634079000545919369e-01
7.937075166753755351e-01
7.038910010856391786e-01
5.206919960784197610e-01
3.189615913058037044e-01
5.303567239042994430e-02
5.860850653467716276e-01
2.589241364040732463e-01
5.253428009503755547e-01
4.313547350382178625e-01
6.125202968124934255e-01
7.705487936647403835e-02
7.250382121188447826e-03
3.840799754144721967e-01
4.809391647508539647e-01
4.577937403892787804e-01
2.904629271463583517e-01
5.101487846984774643e-01
5.455136066369312697e-01
2.770658315624594525e-01
9.026013638355606661e-01
3.450685153469226774e-01
8.353204877476179124e-01
1.535326614347116703e-01
4.023967029457784506e-01
5.799438740878449794e-01
8.101084418281927491e-01
3.963859999205971985e-01
8.750809700401201985e-01
3.626812323240257707e-01
5.557729279817950063e-01
7.416014938718371585e-01
9.219331408743062228e-01
5.735180832795429007e-01
9.836788495175758928e-01
6.190584000215945126e-01
8.064020244468415033e-01
9.056460181929304465e-02
7.843091612958397185e-01
1.924218662168248883e-01
4.271377807617238176e-01
7.032623708391690931e-01
5.494778105551277880e-01
6.770067361442191345e-01
2.023163145499051740e-02
1.084824456613986410e-01
1.000588266757808653e-01
1.352067896523380108e-01
4.626526013476036647e-01
5.999678183084831140e-01
7.504507564191015279e-01
2.863392624307503631e-01
2.800724967760990780e-01
1.512102806128967636e-02
3.395071940172722513e-01
9.836272514725194482e-02
1.359560635274498497e-01
4.247887621442170136e-02
3.347559889399362998e-01
1.897368924508022747e-01
4.392786077519990062e-01
5.651804232031050201e-01
4.282568745516983633e-01
6.095711030844432887e-01
3.873062802259015225e-01
7.797194604521218153e-01
6.942121444665587671e-01
4.256962881981101177e-01
8.575374147761194443e-02
1.131232226319158762e-01
2.585312712432410454e-01
7.139307052460216463e-01
8.391996267752754868e-01
3.825117147946459628e-01
7.905772003690054728e-01
5.114182914623606191e-01
1.957595260732528653e-01
5.325764553081167030e-01
8.188528156016855464e-01
6.559980326493572989e-01
5.180763330373827635e-02
3.116445729287083966e-01
8.381898344219549379e-01
5.648598118636660725e-01
8.660931584814788309e-01
8.082788804189566800e-01
3.385875832893707749e-01
1.126675709564082251e-01
5.462848152360004761e-01
4.430770704182553921e-01
9.507092700734924851e-01
2.480530422133924162e-01
4.239260420981354471e-01
6.829592323784374752e-01
9.233623826311541105e-01
2.041573712046982347e-01
3.104799696873221659e-01
3.675352623742224045e-01
4.737769025064466621e-01
6.236009811996325869e-01
7.212390232800993672e-01
7.337464161437839971e-01
9.588359903827664565e-01
4.893389729999058080e-01
6.321153522514312284e-01
1.603258434386423126e-02
6.504947057609875571e-01
1.629343299061866146e-01
2.601855295332181628e-01
3.359315321996105830e-01
6.345720853410813378e-01
2.079305390437643508e-01
7.568342223154945758e-01
4.242156886178189978e-01
6.495725244336640891e-01
6.420920062874773127e-01
6.634079000545919369e-01
7.937075166753755351e-01
7.038910010856391786e-01
5.206919960784197610e-01
3.189615913058037044e-01
5.303567239042994430e-02
5.860850653467716276e-01
2.589241364040732463e-01
5.253428009503755547e-01
4.313547350382178625e-01
6.125202968124934255e-01
7.705487936647403835e-02
7.250382121188447826e-03
3.840799754144721967e-01
4.809391647508539647e-01
4.577937403892787804e-01
2.904629271463583517e-01
5.101487846984774643e-01
5.455136066369312697e-01
2.770658315624594525e-01
9.026013638355606661e-01
3.450685153469226774e-01
8.353204877476179124e-01
1.535326614347116703e-01
4.023967029457784506e-01
5.799438740878449794e-01
8.101084418281927491e-01
3.963859999205971985e-01
8.750809700401201985e-01
3.626812323240257707e-01
5.557729279817950063e-01
7.416014938718371585e-01
9.219331408743062228e-01
5.735180832795429007e-01
9.836788495175758928e-01
6.190584000215945126e-01
8.064020244468415033e-01
9.056460181929304465e-02
7.843091612958397185e-01
1.924218662168248883e-01
4.271377807617238176e-01
7.032623708391690931e-01
5.494778105551277880e-01
6.770067361442191345e-01
2.023163145499051740e-02
1.084824456613986410e-01
1.000588266757808653e-01
1.352067896523380108e-01
4.626526013476036647e-01
5.999678183084831140e-01
7.504507564191015279e-01
2.863392624307503631e-01
2.800724967760990780e-01
1.512102806128967636e-02
3.395071940172722513e-01
9.836272514725194482e-02
4.239260420981354471e-01
6.829592323784374752e-01
9.233623826311541105e-01
2.041573712046982347e-01
3.104799696873221659e-01
3.675352623742224045e-01
4.737769025064466621e-01
6.236009811996325869e-01
7.212390232800993672e-01
7.337464161437839971e-01
9.588359903827664565e-01
4.893389729999058080e-01
6.321153522514312284e-01
1.603258434386423126e-02
6.504947057609875571e-01
1.629343299061866146e-01
4.202700162482380097e-01
3.298538091719902532e-01
6.854884993018146577e-01
3.745164908981366558e-01
2.417852950588241789e-01
4.796186781753597472e-01
7.169939497152075791e-01
4.455614534907947899e-02
9.691234286125220976e-01
5.029134016772917048e-01
9.466762099244879769e-01
4.489142997943260660e-01
1.852529538175694546e-01
3.654609682166365392e-01
2.146024028451192223e-01
1.492547218634078243e-01
5.296446301376311894e-01
6.522384329257033819e-01
7.362635907024968063e-01
1.777079096328850749e-01
5.620940395081186480e-01
3.280751519066869015e-01
7.464215211643023817e-01
1.224438477990323904e-01
6.821838480047888176e-01
7.525273075314552473e-01
8.287075080687800188e-01
7.017865676492598404e-01
2.312632865173753771e-01
0.000000000000000000e+00
8.945974266375000816e-01
1.877571784368901042e-01
4.929264414400515992e-01
2.565449058212463385e-01
1.000000000000000000e+00
2.862790366514637030e-01
4.143263044049509958e-01
3.566257957643838017e-01
8.428838502424635948e-01
6.091038782433599863e-02
9.402337776625362409e-01
9.407631288179687523e-01
8.283034221446838874e-01
3.948827506814165389e-01
2.775235286174255744e-01
0.000000000000000000e+00
7.338342095805909793e-01
2.161528263450842591e-01
4.991384839941475082e-01
3.895062776914341995e-01
9.715927036834246522e-01
2.269215698065825126e-01
3.510809380307886585e-01
4.968891577234179069e-01
6.984779378523990889e-01
4.126114089224142134e-02
8.872270919719089655e-01
6.928220555881173803e-01
9.182324571051017070e-01
8.958585720438980715e-01
2.523860784731951634e-01
3.468985992111583982e-02
6.787550812375915399e-01
1.857553907329358989e-01
5.771531756099506083e-01
5.871205393039939935e-01
8.773835957258202534e-01
1.863920622025667662e-01
6.443016950353088745e-01
3.681957053725453122e-01
5.551321541262339565e-01
1.400082398695814412e-01
8.319569208574488783e-01
6.471978681561666447e-01
9.504600386906187914e-01
7.532016720679406419e-01
1.886157558787595612e-01
2.860587474182674228e-02
8.080991421881327241e-01
2.500288276900852757e-01
2.601855295332209939e-01
3.359315321996109160e-01
6.345720853410723450e-01
2.079305390437626300e-01
7.568342223154935766e-01
4.242156886178181097e-01
6.495725244336887361e-01
6.420920062874749812e-01
6.634079000545848315e-01
7.937075166753833066e-01
7.038910010856251898e-01
5.206919960784106571e-01
3.189615913058072016e-01
5.303567239040463122e-02
5.860850653467771787e-01
2.589241364040811288e-01
5.253428009503795515e-01
4.313547350382188617e-01
6.125202968124912051e-01
7.705487936647203995e-02
7.250382121194332008e-03
3.840799754144641476e-01
4.809391647508570733e-01
4.577937403892831103e-01
2.904629271463575191e-01
5.101487846984718022e-01
5.455136066369317138e-01
2.770658315624694445e-01
9.026013638355661062e-01
3.450685153469189581e-01
8.353204877476159140e-01
1.535326614347032326e-01
4.023967029457702349e-01
5.799438740878525289e-01
8.101084418281956356e-01
3.963859999206000850e-01
8.750809700401156466e-01
3.626812323240276581e-01
5.557729279817861245e-01
7.416014938718302751e-01
9.219331408743115519e-01
5.735180832795416794e-01
9.836788495175737834e-01
6.190584000215865190e-01
8.064020244468463883e-01
9.056460181928605024e-02
7.843091612958350556e-01
1.924218662168206695e-01
4.271377807617274258e-01
7.032623708391773087e-01
5.494778105551458847e-01
6.770067361442220211e-01
2.023163145499451421e-02
1.084824456613984189e-01
1.000588266757860834e-01
1.352067896523565516e-01
4.626526013476172094e-01
5.999678183084838912e-01
7.504507564191099656e-01
2.863392624307609102e-01
2.800724967761069051e-01
1.512102806130732890e-02
3.395071940172830760e-01
9.836272514725011296e-02
