8.368846192907198889e-01
4.785309133702154716e-01
7.793021114235535451e-01
5.618137271412307898e-01
7.339793887809790141e-01
3.454093357063823255e-01
9.093441971615812136e-02
3.778754274476597841e-01
9.999999999999998890e-01
3.099294782162309581e-02
4.003471057618981366e-01
4.184138812732245416e-01
6.048181347069346847e-01
8.255513898777658843e-01
6.741432485367654381e-01
5.761778317879358013e-01
7.657614836302149008e-01
1.771273171193861184e-01
1.576596520653485989e-01
5.459715132491964606e-01
2.578610863560150124e-01
2.880485465256213407e-01
2.215040506481290861e-01
3.275067357978688198e-01
2.598417849166191340e-01
1.943858145826612427e-01
2.130473391388552074e-01
1.422425850169470873e-01
3.626502956300333702e-01
4.005339239280787944e-01
3.737430173833993230e-01
6.064470547221207930e-01
9.393998448744240726e-01
2.728275724174755723e-01
5.364925855152159473e-01
8.829266114315161840e-01
2.000626868125462421e-01
1.395022377711750972e-01
2.097233419638008800e-01
2.001932940192463484e-02
4.907894916884752989e-01
1.728850626021897208e-01
3.669195212025541664e-01
3.787987614700892847e-01
4.315764625493787587e-01
2.779736302467818998e-01
4.787236049847962693e-01
6.248599079272850743e-01
5.734647599351890834e-01
3.500070103111864173e-01
3.672775646931500937e-01
8.310327874829457340e-01
5.416239714253731075e-01
2.806748336854909542e-01
2.536886383242963339e-01
8.257367096517509442e-01
8.428137173481599076e-01
1.024275928421578552e-01
4.206383103592395978e-01
8.434667765273142770e-01
5.607186634012595317e-01
5.288712426030220959e-01
9.122908206192564817e-01
6.797125364738771935e-01
7.996530404152099036e-01
4.114066864322218908e-01
9.621767539987184925e-01
5.443792630371914187e-01
7.614759650048177342e-01
3.448073676214007399e-01
8.375259838324566886e-02
4.098952188657332130e-01
1.000000000000000000e+00
7.437080942559681773e-03
4.275491272272071708e-01
6.757332165354106301e-01
9.156017421865467742e-01
4.995606024827301539e-01
7.856902148813817988e-01
3.808082876907711301e-01
2.993788576524136769e-01
3.233534830492261758e-01
3.800368069972493434e-01
2.175124841068565573e-01
2.713758045028343835e-01
2.019253536800737492e-01
3.235194889547911012e-01
5.354193667938432766e-01
7.176747546500499286e-01
2.477777384476239630e-01
5.148206559132173510e-02
1.879285500124898700e-01
6.263934577106837764e-01
3.978604875945306318e-01
5.589407088668321144e-01
7.381391789945048743e-01
8.230043164757629981e-01
9.420258830959937768e-02
3.974895989632190041e-01
7.407580885003852700e-01
8.712415218267520745e-01
2.708595751340381330e-01
5.696826409376265499e-01
6.985353720590099513e-01
3.659061149891364995e-01
2.336872983595622566e-01
2.124829588834304950e-01
4.239800242301714484e-01
8.254673332593789326e-01
7.205852477732077599e-02
3.935243819807773269e-01
4.977946298513400425e-01
5.694498064503893398e-01
6.105979404615966555e-01
6.047075239360784060e-01
6.957610333872047415e-01
8.368846192907198889e-01
4.785309133702154716e-01
7.793021114235535451e-01
5.618137271412307898e-01
7.339793887809790141e-01
3.454093357063823255e-01
9.093441971615812136e-02
3.778754274476597841e-01
9.999999999999998890e-01
3.099294782162309581e-02
4.003471057618981366e-01
4.184138812732245416e-01
6.048181347069346847e-01
8.255513898777658843e-01
6.741432485367654381e-01
5.761778317879358013e-01
7.657614836302149008e-01
1.771273171193861184e-01
1.576596520653485989e-01
5.459715132491964606e-01
2.578610863560150124e-01
2.880485465256213407e-01
2.215040506481290861e-01
3.275067357978688198e-01
2.598417849166191340e-01
1.943858145826612427e-01
2.130473391388552074e-01
1.422425850169470873e-01
3.626502956300333702e-01
4.005339239280787944e-01
3.737430173833993230e-01
6.064470547221207930e-01
9.393998448744240726e-01
2.728275724174755723e-01
5.364925855152159473e-01
8.829266114315161840e-01
2.000626868125462421e-01
1.395022377711750972e-01
2.097233419638008800e-01
2.001932940192463484e-02
4.907894916884752989e-01
1.728850626021897208e-01
3.669195212025541664e-01
3.787987614700892847e-01
4.315764625493787587e-01
2.779736302467818998e-01
4.787236049847962693e-01
6.248599079272850743e-01
5.734647599351890834e-01
3.500070103111864173e-01
3.672775646931500937e-01
8.310327874829457340e-01
5.416239714253731075e-01
2.806748336854909542e-01
2.536886383242963339e-01
8.257367096517509442e-01
8.428137173481599076e-01
1.024275928421578552e-01
4.206383103592395978e-01
8.434667765273142770e-01
5.607186634012595317e-01
5.288712426030220959e-01
9.122908206192564817e-01
6.797125364738771935e-01
8.712415218267520745e-01
2.708595751340381330e-01
5.696826409376265499e-01
6.985353720590099513e-01
3.659061149891364995e-01
2.336872983595622566e-01
2.124829588834304950e-01
4.239800242301714484e-01
8.254673332593789326e-01
7.205852477732077599e-02
3.935243819807773269e-01
4.977946298513400425e-01
5.694498064503893398e-01
6.105979404615966555e-01
6.047075239360784060e-01
6.957610333872047415e-01
9.502913533947412450e-01
4.233209568128493139e-01
5.038072241086040126e-01
5.630067896957777762e-01
2.405145696872996730e-01
1.768442856447421940e-01
1.617437000785284518e-01
3.866447497644389664e-01
4.932452267938338686e-01
2.094688985060669806e-01
3.723621086713241324e-01
4.970343220295481146e-01
6.083910818469072668e-01
2.807111375008699561e-01
4.273535371102545888e-01
8.439551116540024989e-01
8.323000912751912228e-01
4.784112004451905875e-01
5.651128028995575647e-01
6.291821452761521272e-01
4.621331831505788301e-01
5.433249759829972270e-02
2.332830376133894212e-01
4.540145047365848896e-01
6.701295654045886785e-01
1.843230734850749286e-01
3.204909864920464369e-01
6.046776497093895308e-01
5.736263074134320128e-01
5.476100287175893477e-01
6.817778929190678738e-01
7.526904155501571436e-01
7.869026892414541230e-01
1.891871035565113601e-01
6.148158890287032108e-01
7.572326982706175658e-01
4.441503764541963051e-01
1.455246018802215380e-01
2.396887254289377100e-01
3.792509522458602511e-01
5.383244011397581019e-01
2.087261145060850254e-01
3.613660763678594456e-01
4.966435278832062039e-01
7.168440606470816157e-01
3.414755952979513509e-01
7.584094107180971989e-01
6.820552307704595973e-01
7.659679116172097846e-01
4.554558217226292172e-01
4.906964735022225632e-01
7.308930509904452144e-01
8.532675083674057248e-02
1.748403854116614697e-01
1.575951270954107919e-01
3.035413299422011768e-01
5.827074553176383453e-01
2.463912939168007021e-01
3.926325094977027863e-01
6.473110595053990224e-01
7.942356478323445712e-01
3.045485265919469775e-01
5.631512446900295288e-01
6.802096846147189790e-01
8.092560025628381393e-01
5.398692129638424930e-01
7.063130891784901166e-01
6.453133713020722251e-01
4.779474292644492195e-01
4.435138088189183314e-02
1.951096740952803499e-01
5.433780307387601205e-01
6.431961367680547603e-01
2.077973955553319430e-01
3.347018756010953222e-01
8.604932885062943626e-01
7.082867744299894408e-01
4.074069939217972447e-01
8.152713062218470697e-01
7.069333348994185640e-01
8.368846192907224424e-01
4.785309133702168038e-01
7.793021114235438862e-01
5.618137271412226852e-01
7.339793887809658024e-01
3.454093357063841019e-01
9.093441971616256225e-02
3.778754274476582298e-01
1.000000000000000000e+00
3.099294782161088335e-02
4.003471057618794848e-01
4.184138812732243196e-01
6.048181347069447877e-01
8.255513898777658843e-01
6.741432485367727656e-01
5.761778317879413525e-01
7.657614836302086836e-01
1.771273171193928908e-01
1.576596520653463784e-01
5.459715132492021228e-01
2.578610863560248934e-01
2.880485465256196198e-01
2.215040506481245897e-01
3.275067357978658222e-01
2.598417849166176352e-01
1.943858145826618256e-01
2.130473391388525706e-01
1.422425850169445338e-01
3.626502956300301506e-01
4.005339239280821806e-01
3.737430173833935498e-01
6.064470547221184615e-01
9.393998448744345087e-01
2.728275724174857864e-01
5.364925855152331557e-01
8.829266114315106329e-01
2.000626868125499058e-01
1.395022377711750416e-01
2.097233419637990481e-01
2.001932940192774346e-02
4.907894916884648628e-01
1.728850626021787296e-01
3.669195212025687658e-01
3.787987614701046057e-01
4.315764625493776485e-01
2.779736302467784581e-01
4.787236049847878316e-01
6.248599079272929568e-01
5.734647599351825331e-01
3.500070103111699860e-01
3.672775646931514815e-01
8.310327874829481765e-01
5.416239714253762161e-01
2.806748336854982817e-01
2.536886383243009968e-01
8.257367096517481686e-01
8.428137173481627942e-01
1.024275928421697346e-01
4.206383103592409300e-01
8.434667765272968465e-01
5.607186634012572002e-01
5.288712426030225400e-01
9.122908206192630320e-01
6.797125364738785258e-01
