1.924413197732936787e-01
5.549360358329001874e-01
9.712114335707023871e-01
3.360888090331221045e-02
8.660503118586232452e-01
6.679678094824246237e-01
7.752559288375751034e-01
7.800289358156777819e-01
7.968674448007760924e-01
4.995157460053771814e-01
1.000000000000000000e+00
4.997644287671580976e-01
4.717177053477872306e-02
9.907213439087081408e-02
4.361302456684766904e-01
1.612898849948455338e-01
7.726561364252702013e-01
5.084625115395708939e-01
3.565016016361390871e-01
2.478818611989620502e-01
2.740494762061854717e-01
2.655381664209878756e-01
4.663564854116980518e-01
4.042127578156512469e-01
5.727986100315308748e-01
4.154054126596103402e-01
3.934730278369023004e-01
5.461103705940227870e-01
6.378399632438376265e-01
6.571671208600307068e-01
6.447150322183434756e-01
2.233466676953774765e-01
5.608331774060548724e-01
9.704201445017318628e-01
9.868634803054776583e-01
2.978623521577841160e-01
3.531492034310309558e-01
2.734085217851769944e-01
4.099559230740200122e-01
5.019038748053710197e-01
7.500712077161343361e-01
4.602013424322998203e-01
6.130824230500795391e-01
9.409926195766288304e-01
6.006815795719668838e-01
5.152527796080743627e-01
8.935809868853770155e-01
2.857038451075751828e-01
4.336489013485145261e-01
4.880932714185278742e-01
2.602676173558302608e-01
2.570942834432503599e-01
4.401095326671641272e-01
3.721416739772129834e-01
3.573267309436976014e-01
2.466340958604871236e-01
8.209970851289424276e-01
0.000000000000000000e+00
6.927027409035982908e-01
2.369581335845247771e-01
2.157472252009531855e-01
2.233769440188044797e-01
2.470158216593707490e-01
2.993495122766370864e-02
5.790742692199493669e-02
2.491530013738443294e-01
7.555472852643312365e-01
4.625306547965385429e-02
4.689492820541953932e-01
9.543014565053262732e-01
6.511700336168015912e-01
6.737221358465796950e-01
5.331951809178452351e-01
5.028928111233612608e-01
8.433896744646776078e-01
5.487908829488796769e-02
4.798303642860557439e-02
1.230481798311668928e-01
3.670211644986600685e-01
8.251478510192052918e-01
5.810950100848200073e-01
5.943776142692425157e-01
5.081144379375992504e-01
4.319555045636741530e-01
4.798508089256768860e-01
4.127265819217406650e-01
4.444192594654217121e-01
9.404509549816228997e-01
2.895445314478013454e-01
8.955309765068256711e-01
9.315184777634932800e-02
4.429166266815415254e-01
9.289295271005992838e-01
5.710968808577407962e-01
3.075800537115631617e-01
6.489379770440613093e-01
5.876670833342294564e-01
5.292177045149473180e-01
8.749936512863756288e-01
2.136258678659426202e-01
4.939068592409728842e-01
9.589503550762692452e-01
9.852800967602590720e-01
1.441677038770905472e-02
4.471927962641391030e-01
4.089528038542437072e-01
5.013503550099949191e-01
6.030711796584558027e-01
9.849678651655828787e-01
4.004915930261429002e-01
8.243112892012572912e-01
7.313797892225835096e-01
3.661573616976094847e-01
4.646671090517591196e-01
4.495131952735467173e-01
1.430012390418685664e-01
1.924413197732936787e-01
5.549360358329001874e-01
9.712114335707023871e-01
3.360888090331221045e-02
8.660503118586232452e-01
6.679678094824246237e-01
7.752559288375751034e-01
7.800289358156777819e-01
7.968674448007760924e-01
4.995157460053771814e-01
1.000000000000000000e+00
4.997644287671580976e-01
4.717177053477872306e-02
9.907213439087081408e-02
4.361302456684766904e-01
1.612898849948455338e-01
7.726561364252702013e-01
5.084625115395708939e-01
3.565016016361390871e-01
2.478818611989620502e-01
2.740494762061854717e-01
2.655381664209878756e-01
4.663564854116980518e-01
4.042127578156512469e-01
5.727986100315308748e-01
4.154054126596103402e-01
3.934730278369023004e-01
5.461103705940227870e-01
6.378399632438376265e-01
6.571671208600307068e-01
6.447150322183434756e-01
2.233466676953774765e-01
5.608331774060548724e-01
9.704201445017318628e-01
9.868634803054776583e-01
2.978623521577841160e-01
3.531492034310309558e-01
2.734085217851769944e-01
4.099559230740200122e-01
5.019038748053710197e-01
7.500712077161343361e-01
4.602013424322998203e-01
6.130824230500795391e-01
9.409926195766288304e-01
6.006815795719668838e-01
5.152527796080743627e-01
8.935809868853770155e-01
2.857038451075751828e-01
4.336489013485145261e-01
4.880932714185278742e-01
2.602676173558302608e-01
2.570942834432503599e-01
4.401095326671641272e-01
3.721416739772129834e-01
3.573267309436976014e-01
2.466340958604871236e-01
8.209970851289424276e-01
0.000000000000000000e+00
6.927027409035982908e-01
2.369581335845247771e-01
2.157472252009531855e-01
2.233769440188044797e-01
2.470158216593707490e-01
2.993495122766370864e-02
4.939068592409728842e-01
9.589503550762692452e-01
9.852800967602590720e-01
1.441677038770905472e-02
4.471927962641391030e-01
4.089528038542437072e-01
5.013503550099949191e-01
6.030711796584558027e-01
9.849678651655828787e-01
4.004915930261429002e-01
8.243112892012572912e-01
7.313797892225835096e-01
3.661573616976094847e-01
4.646671090517591196e-01
4.495131952735467173e-01
1.430012390418685664e-01
3.312547152947238338e-01
5.034131518678135464e-01
9.698045499339762454e-01
2.911709150559981252e-01
6.867296477794471166e-01
5.093043549069251608e-01
5.114189339441135296e-01
2.442686685928163737e-01
6.039225286803762138e-01
6.570157868671760992e-01
8.266985744292577598e-01
5.017586541039324999e-01
3.899903584478784380e-01
1.800375537511209600e-01
1.662842353315738819e-01
0.000000000000000000e+00
5.530550823006039618e-01
7.213448421254646803e-01
8.806017136310808624e-01
1.622555251799229215e-01
9.073403526989460843e-01
3.047312350244626433e-01
6.806481018334475941e-01
4.323622995025324656e-01
7.780283728111649921e-01
7.618288797445237348e-01
7.097357324581718974e-01
4.676320054458980024e-01
1.324841457347913920e-01
3.203488664944456055e-01
8.309122797997781085e-01
9.217676195018265073e-02
5.311008553123024445e-01
4.008865061554010012e-01
8.830120444016218428e-01
3.440197652531410411e-01
8.670536670762141185e-01
4.848112721244987044e-01
7.655436443396166357e-01
2.797766277631374976e-02
9.687595555635621913e-01
8.952629541544179226e-01
7.876497160256252794e-01
4.085675428119284192e-02
2.037330939694240728e-01
6.778860855243440398e-02
7.256333633993810039e-01
1.906130432750456905e-01
5.001254578130105433e-01
5.769707577800700093e-01
9.167972731122322472e-01
2.844107481349713584e-01
8.241452637235626710e-01
4.359445131789602135e-01
8.424259257824200375e-01
1.343769213116940975e-02
8.479287149159233650e-01
8.210747322562580441e-01
7.452433434468970219e-01
5.458360717259163053e-01
2.464364405362190480e-01
8.294571408885431651e-02
4.364127533442134776e-01
1.607312727815098929e-01
6.241471162062226519e-01
1.000000000000000000e+00
6.297173538510589808e-01
2.376060620699109727e-01
3.402572386499951307e-01
1.978728472811344119e-01
9.476293593155471484e-01
3.302837965041938162e-03
9.517643898920673529e-01
8.410832690824977531e-01
6.817448424249035188e-01
3.797186563703824902e-01
2.597262365529753314e-01
1.552244888154041824e-01
5.839969725201310524e-02
2.511180940811976736e-01
1.924413197732911529e-01
5.549360358329030740e-01
9.712114335707082713e-01
3.360888090330560463e-02
8.660503118586115878e-01
6.679678094824292867e-01
7.752559288375966418e-01
7.800289358156796693e-01
7.968674448007749822e-01
4.995157460053636367e-01
1.000000000000000000e+00
4.997644287671625385e-01
4.717177053478210924e-02
9.907213439085416073e-02
4.361302456684833517e-01
1.612898849948474767e-01
7.726561364252755304e-01
5.084625115395783324e-01
3.565016016361441942e-01
2.478818611989594967e-01
2.740494762061871370e-01
2.655381664209857107e-01
4.663564854116950542e-01
4.042127578156522461e-01
5.727986100315338724e-01
4.154054126596093965e-01
3.934730278369067413e-01
5.461103705940393294e-01
6.378399632438228606e-01
6.571671208600360359e-01
6.447150322183425875e-01
2.233466676953701491e-01
5.608331774060517638e-01
9.704201445017383021e-01
9.868634803054967541e-01
2.978623521577894451e-01
3.531492034310268480e-01
2.734085217851729976e-01
4.099559230740144056e-01
5.019038748053810117e-01
7.500712077161170166e-01
4.602013424322979329e-01
6.130824230500881988e-01
9.409926195766208368e-01
6.006815795719664397e-01
5.152527796080577094e-01
8.935809868853683557e-01
2.857038451075669672e-01
4.336489013485193555e-01
4.880932714185249877e-01
2.602676173558434169e-01
2.570942834432550783e-01
4.401095326671696784e-01
3.721416739772207549e-01
3.573267309436990447e-01
2.466340958604861244e-01
8.209970851289462024e-01
0.000000000000000000e+00
6.927027409035994010e-01
2.369581335845255543e-01
2.157472252009527969e-01
2.233769440188089206e-01
2.470158216593791312e-01
2.993495122766109962e-02
