1.000000000000000000e+00
5.489932598688337384e-01
7.806543074050450448e-01
5.090366876208837210e-01
5.042455375401863060e-01
3.711886629793381687e-02
6.386590478826634776e-01
2.265871268448911291e-01
5.132687615097476508e-01
6.277726323846750667e-01
5.926888001656189786e-01
1.273521650094553426e-01
3.825321711374499722e-01
6.824368724509884965e-01
5.258185304601908916e-01
4.431940837090942442e-01
1.000000000000000000e+00
1.099992864616982091e-01
9.579743058861089899e-02
2.538058525035756796e-01
4.956627294603921374e-02
3.044870143218242342e-02
4.336816982310713886e-01
1.057159176706512493e-01
6.939455763861875903e-01
7.049521090550524560e-01
5.005820542954618757e-01
2.721351371948318443e-01
3.283291710597215918e-01
3.532179801863921109e-01
1.617202945835606309e-01
4.369190800774583883e-01
6.312712552775896491e-01
3.629878802605946975e-01
7.748209931114877769e-01
8.202384507267515001e-01
6.486855448189255968e-01
3.597113973952631993e-01
8.056364278762200293e-01
3.882955864974104720e-01
5.157967556364196904e-01
5.736829171400197325e-01
2.802783664341073622e-01
1.883748975364284428e-01
6.253425166300574656e-02
8.001741147232466211e-02
2.086173569082518942e-01
7.137584835870364186e-01
5.570345350596076495e-01
1.098255935225321833e-01
1.535622487483257470e-01
4.953045137019324029e-01
3.580221757522766834e-01
6.711429367816013070e-02
3.693804040592841842e-01
1.488177648448900658e-01
7.392920264229426719e-01
2.719974087072305480e-01
3.081684541546706457e-01
2.281578517024636099e-01
4.816687933629593688e-01
2.270310051882769020e-01
9.999999999999998890e-01
5.679668904999366497e-01
8.165762844022398381e-01
5.150296064018033970e-01
7.845775178077896150e-01
4.458934218401559013e-01
2.671216019469941916e-01
3.180464917199143926e-03
4.201276383519196855e-01
1.701466484834998072e-01
3.062411130099613743e-01
5.046937942980254110e-01
4.096206774955868379e-01
3.762046087625835478e-01
7.806402071437552603e-01
1.916025111732984065e-01
1.000000000000000000e+00
1.765927863089248318e-01
1.273163768709117960e-01
1.033929477200845604e-02
1.788070256261547475e-01
4.652586560796415638e-01
5.440985352346486836e-01
7.544459641846623654e-01
1.589937836636141633e-01
6.410388063352239207e-01
3.304674149066892941e-01
1.581460472417401952e-01
4.719960641868743423e-01
5.632198573296054445e-01
4.749651881195213754e-01
5.407294604094881052e-02
5.089406467416389690e-01
5.368264259228359148e-01
7.439151787252371584e-01
2.922082090007207533e-01
6.860061623056450397e-01
4.109296150433627837e-01
9.394993542861563851e-01
1.959670509825619522e-01
5.673758659031575835e-01
4.625477659926355845e-01
3.078240346312164366e-01
1.198297886844567062e-01
6.268771263070143096e-01
1.520587198882943358e-01
8.432348042700135160e-01
7.206975136517804748e-01
5.254760187900847646e-01
1.062762826118861526e-01
3.330666791038094932e-01
3.160907798247363232e-01
3.188009704661927124e-01
5.859212209901140112e-01
1.000000000000000000e+00
5.489932598688337384e-01
7.806543074050450448e-01
5.090366876208837210e-01
5.042455375401863060e-01
3.711886629793381687e-02
6.386590478826634776e-01
2.265871268448911291e-01
5.132687615097476508e-01
6.277726323846750667e-01
5.926888001656189786e-01
1.273521650094553426e-01
3.825321711374499722e-01
6.824368724509884965e-01
5.258185304601908916e-01
4.431940837090942442e-01
1.000000000000000000e+00
1.099992864616982091e-01
9.579743058861089899e-02
2.538058525035756796e-01
4.956627294603921374e-02
3.044870143218242342e-02
4.336816982310713886e-01
1.057159176706512493e-01
6.939455763861875903e-01
7.049521090550524560e-01
5.005820542954618757e-01
2.721351371948318443e-01
3.283291710597215918e-01
3.532179801863921109e-01
1.617202945835606309e-01
4.369190800774583883e-01
6.312712552775896491e-01
3.629878802605946975e-01
7.748209931114877769e-01
8.202384507267515001e-01
6.486855448189255968e-01
3.597113973952631993e-01
8.056364278762200293e-01
3.882955864974104720e-01
5.157967556364196904e-01
5.736829171400197325e-01
2.802783664341073622e-01
1.883748975364284428e-01
6.253425166300574656e-02
8.001741147232466211e-02
2.086173569082518942e-01
7.137584835870364186e-01
5.570345350596076495e-01
1.098255935225321833e-01
1.535622487483257470e-01
4.953045137019324029e-01
3.580221757522766834e-01
6.711429367816013070e-02
3.693804040592841842e-01
1.488177648448900658e-01
7.392920264229426719e-01
2.719974087072305480e-01
3.081684541546706457e-01
2.281578517024636099e-01
4.816687933629593688e-01
2.270310051882769020e-01
9.999999999999998890e-01
5.679668904999366497e-01
9.394993542861563851e-01
1.959670509825619522e-01
5.673758659031575835e-01
4.625477659926355845e-01
3.078240346312164366e-01
1.198297886844567062e-01
6.268771263070143096e-01
1.520587198882943358e-01
8.432348042700135160e-01
7.206975136517804748e-01
5.254760187900847646e-01
1.062762826118861526e-01
3.330666791038094932e-01
3.160907798247363232e-01
3.188009704661927124e-01
5.859212209901140112e-01
7.772240128734388964e-01
5.452371416018615413e-01
6.955311850250727179e-01
3.849402101876746585e-01
5.690173942024987497e-01
4.079198906125127699e-01
3.197277422288491433e-01
1.424707011667838419e-01
4.339213193738760133e-01
4.385193068858846965e-01
7.179992005968373059e-01
6.372444999765800588e-01
4.872365456568475972e-01
2.823457738805035255e-02
3.795182866273116851e-01
3.761448994457821104e-01
7.164414919287349637e-01
7.731305002999331322e-01
1.000000000000000000e+00
2.783957639224829972e-01
6.702425924028312387e-01
1.268790134199828668e-01
5.237412434236532466e-01
3.628865411414734510e-01
9.359410120782727383e-01
3.336692548020893101e-01
5.594852223478665731e-01
7.841370016669721998e-01
3.112007629635327177e-01
6.381723837903288121e-01
3.840798942988814524e-01
3.417204780401436048e-01
7.172448234111750143e-01
4.561561207185826916e-01
9.104026520317027860e-01
4.688509308946363641e-01
7.374905099394748476e-01
3.286191351100998803e-01
4.255575792360157816e-01
2.128719816429396339e-01
8.538203812307805229e-01
4.464869252382959175e-01
6.858842925673425128e-01
3.689858612644627556e-01
4.217139599826327245e-01
1.818775449718690318e-01
7.439558186696668685e-01
3.443970666361755306e-01
7.048098371408559881e-01
4.484352095666785942e-01
9.418652354518441960e-01
4.288093369265926214e-01
4.155801637655960334e-01
3.595833425376254722e-01
3.490053726262452027e-01
2.353581196119618468e-01
9.443435187010571497e-01
4.922438222462045543e-01
6.692302023495191321e-01
4.325386133392470356e-01
4.412098465334824970e-01
1.439786523979602606e-01
4.962740140438741676e-01
3.682081354853320443e-01
7.925896922650195187e-01
6.390369514678626572e-01
9.840552402490958528e-01
3.396444157794011875e-01
6.734872710217096881e-01
1.773060343180525855e-01
4.097107010492253565e-01
3.533888124755262261e-01
8.696929847303844774e-01
4.684430784270431358e-01
6.282795096945057445e-01
5.826418954837198072e-01
3.841637109474875800e-01
2.598175748384683459e-01
5.225065736758827128e-01
4.132310405382365603e-01
1.000000000000000000e+00
5.489932598688324061e-01
7.806543074050555919e-01
5.090366876208811675e-01
5.042455375401713180e-01
3.711886629793248460e-02
6.386590478826834616e-01
2.265871268449006770e-01
5.132687615097532019e-01
6.277726323846832823e-01
5.926888001656112070e-01
1.273521650094460167e-01
3.825321711374583544e-01
6.824368724509873863e-01
5.258185304601931120e-01
4.431940837090946883e-01
1.000000000000000000e+00
1.099992864616922139e-01
9.579743058861822647e-02
2.538058525035717938e-01
4.956627294603910272e-02
3.044870143218186831e-02
4.336816982310713886e-01
1.057159176706553572e-01
6.939455763861828164e-01
7.049521090550510127e-01
5.005820542954653174e-01
2.721351371948251829e-01
3.283291710597138202e-01
3.532179801863870594e-01
1.617202945835652939e-01
4.369190800774490624e-01
6.312712552775869845e-01
3.629878802606063548e-01
7.748209931115053184e-01
8.202384507267548308e-01
6.486855448189259299e-01
3.597113973952690835e-01
8.056364278762166986e-01
3.882955864974055871e-01
5.157967556364296824e-01
5.736829171400071870e-01
2.802783664341182979e-01
1.883748975364395450e-01
6.253425166300630167e-02
8.001741147232416251e-02
2.086173569082522272e-01
7.137584835870338651e-01
5.570345350596037637e-01
1.098255935225213031e-01
1.535622487483309095e-01
4.953045137019414512e-01
3.580221757522893400e-01
6.711429367817234315e-02
3.693804040592796323e-01
1.488177648448931745e-01
7.392920264229573268e-01
2.719974087072324354e-01
3.081684541546848566e-01
2.281578517024706043e-01
4.816687933629607565e-01
2.270310051882856728e-01
1.000000000000000000e+00
5.679668904999426449e-01
