3.827549408968786704e-01
5.577158336786406378e-01
6.654758608786518481e-01
6.098794198035092373e-01
7.070412543243881354e-01
5.066585516355999186e-01
1.314778446103712639e-01
9.849357177237949568e-01
7.439291431254057008e-01
3.374337398529074772e-01
3.893484323757467891e-01
8.968728905065104229e-01
7.789825637044712758e-01
3.442835484191465456e-01
7.354867350330832609e-01
5.537001540393469146e-01
5.919616318118996467e-01
1.671435379204084803e-01
5.624567660555459536e-01
6.899253137218812615e-01
4.014195398725955988e-01
2.022979587124226764e-01
8.445879188834917728e-02
2.865655768202052256e-01
0.000000000000000000e+00
0.000000000000000000e+00
6.601408412165971074e-02
7.855942552006300872e-02
8.046520310042487578e-01
4.337979186065502035e-01
6.108048818314821826e-01
7.335260040139970350e-01
6.961474673555443360e-01
2.197197375149511078e-01
3.335800391142212939e-01
4.968110096592646130e-01
3.450174875036374766e-01
0.000000000000000000e+00
0.000000000000000000e+00
3.931133423683785821e-01
1.733385559552441668e-01
6.758743456687343887e-02
2.205801663763799492e-01
5.990875268653147456e-01
8.155246155052928714e-01
2.477478404240688326e-01
3.438541326270363463e-01
6.971530703684493124e-01
9.127473388309749192e-01
9.669823909333520318e-01
8.257920222916628195e-01
8.040741255665850851e-01
5.246376024813278471e-01
2.414957534167871955e-01
0.000000000000000000e+00
9.638697046039763627e-01
7.871054058607035442e-01
2.787972270493273008e-01
4.347014034168615870e-01
5.844031768323310061e-01
8.628703918831752695e-01
6.108173859940061456e-01
6.559941475695704183e-01
4.603295661660250504e-01
4.244576062918254955e-01
5.104488786261440758e-01
9.789947405861809671e-01
5.576509321159698329e-01
5.912479372139878286e-01
6.073056484583372328e-01
6.400374651160301021e-02
1.000000000000000000e+00
9.304237927401051156e-01
3.630610344233282660e-01
3.956438444036163293e-01
7.692842800244874546e-01
3.418390339502535014e-01
6.428577137627717875e-01
5.049990850703620637e-01
2.923150780993334363e-01
6.649688481189606204e-01
4.796397191202881327e-01
2.455983109032256473e-01
7.575289263846782251e-02
0.000000000000000000e+00
0.000000000000000000e+00
9.326159639557088932e-01
4.413269948792629682e-01
6.452236164108839933e-01
1.892427454716264501e-01
2.645882574399538445e-01
4.146162646484430336e-02
3.151151160367546833e-01
9.612055383623516747e-01
8.846608742599899600e-01
6.907247825752242942e-01
8.448815819846884345e-01
9.431660441912637083e-02
2.547667268378648320e-01
8.478594544214801410e-01
6.857067882048361041e-01
6.509017687751945669e-01
7.960039464781198948e-01
6.508066988271539177e-01
5.069528003835703789e-01
1.633296915499645729e-01
1.947751886844206748e-02
8.754603550836927983e-01
4.907326669315053014e-01
2.680682801913458757e-02
2.739813967404255424e-01
6.678505293980456781e-01
9.999999999999998890e-01
4.878787773835571162e-01
5.718987798279164814e-01
6.479574470949890364e-01
3.827549408968786704e-01
5.577158336786406378e-01
6.654758608786518481e-01
6.098794198035092373e-01
7.070412543243881354e-01
5.066585516355999186e-01
1.314778446103712639e-01
9.849357177237949568e-01
7.439291431254057008e-01
3.374337398529074772e-01
3.893484323757467891e-01
8.968728905065104229e-01
7.789825637044712758e-01
3.442835484191465456e-01
7.354867350330832609e-01
5.537001540393469146e-01
5.919616318118996467e-01
1.671435379204084803e-01
5.624567660555459536e-01
6.899253137218812615e-01
4.014195398725955988e-01
2.022979587124226764e-01
8.445879188834917728e-02
2.865655768202052256e-01
0.000000000000000000e+00
0.000000000000000000e+00
6.601408412165971074e-02
7.855942552006300872e-02
8.046520310042487578e-01
4.337979186065502035e-01
6.108048818314821826e-01
7.335260040139970350e-01
6.961474673555443360e-01
2.197197375149511078e-01
3.335800391142212939e-01
4.968110096592646130e-01
3.450174875036374766e-01
0.000000000000000000e+00
0.000000000000000000e+00
3.931133423683785821e-01
1.733385559552441668e-01
6.758743456687343887e-02
2.205801663763799492e-01
5.990875268653147456e-01
8.155246155052928714e-01
2.477478404240688326e-01
3.438541326270363463e-01
6.971530703684493124e-01
9.127473388309749192e-01
9.669823909333520318e-01
8.257920222916628195e-01
8.040741255665850851e-01
5.246376024813278471e-01
2.414957534167871955e-01
0.000000000000000000e+00
9.638697046039763627e-01
7.871054058607035442e-01
2.787972270493273008e-01
4.347014034168615870e-01
5.844031768323310061e-01
8.628703918831752695e-01
6.108173859940061456e-01
6.559941475695704183e-01
4.603295661660250504e-01
6.857067882048361041e-01
6.509017687751945669e-01
7.960039464781198948e-01
6.508066988271539177e-01
5.069528003835703789e-01
1.633296915499645729e-01
1.947751886844206748e-02
8.754603550836927983e-01
4.907326669315053014e-01
2.680682801913458757e-02
2.739813967404255424e-01
6.678505293980456781e-01
9.999999999999998890e-01
4.878787773835571162e-01
5.718987798279164814e-01
6.479574470949890364e-01
6.854232786550804590e-01
4.675497680733289307e-01
4.747790732407199954e-01
8.245615993303792024e-01
3.158586170254564784e-01
2.025632495764084773e-02
2.034273346460311327e-01
4.753864706539971952e-01
5.507322971886940977e-01
8.155340006045597168e-02
9.667603951503800364e-02
6.686113035288125950e-01
8.223960055037141670e-01
6.784227995491665109e-01
2.902219755947901270e-01
6.739424112453380467e-01
8.509664990287466591e-01
7.285742650676874099e-01
4.326148348291365409e-01
6.296003555632656568e-01
6.788514178970270763e-01
2.285536318530367872e-02
1.574422566779312138e-01
5.186647819892313827e-01
4.389834951902580329e-01
7.906068199801019603e-02
1.708636717506234470e-01
9.022441770376530279e-01
6.491413344184187029e-01
6.547462937773311786e-01
6.641268947407259482e-01
8.716889070222079150e-01
9.098394296647323021e-01
1.038611053682272356e-01
5.339014748582684433e-01
7.315109113198500213e-01
4.107306407210753463e-01
1.354565966792206089e-01
1.211269258292921869e-01
6.896356455181771317e-01
3.412025360394759232e-01
2.262743202547612409e-01
2.436878327038016767e-01
9.760944526987280767e-02
7.312017271160999865e-01
3.842105988458426324e-01
5.879327764570456694e-01
9.105799050860708954e-01
7.910494986085656599e-01
4.304959026289703061e-01
3.717982444668050945e-01
8.110607592227190299e-01
1.443884868937965749e-01
1.083875764729870239e-01
1.516601492786164851e-01
4.061632402968879951e-01
5.306577033410566635e-01
1.636433724060077921e-01
2.161136505426597409e-01
5.742840563024866896e-01
8.243135277366716585e-01
6.868327178454345372e-01
3.186473440028931847e-01
8.015187245262214155e-01
8.292293756489770296e-01
4.157489817140245236e-01
5.520667513450439046e-01
7.661087304450049373e-01
5.597918641291199648e-01
6.969306916740602986e-02
1.300690165426494627e-01
6.217584721468489839e-01
4.199002338440158688e-01
1.616655222024694361e-01
2.305971491376196392e-01
6.202171972833161462e-01
8.118359725112411773e-01
5.369348108853313484e-01
6.186232194256948702e-01
8.399558444814280156e-01
3.827549408968786149e-01
5.577158336786384174e-01
6.654758608786557339e-01
6.098794198035073499e-01
7.070412543243806969e-01
5.066585516356147956e-01
1.314778446103896936e-01
9.849357177237921812e-01
7.439291431254128062e-01
3.374337398528903798e-01
3.893484323757476773e-01
8.968728905065079804e-01
7.789825637044824891e-01
3.442835484191463236e-01
7.354867350330865916e-01
5.537001540393535759e-01
5.919616318118947618e-01
1.671435379204136984e-01
5.624567660555592763e-01
6.899253137218935850e-01
4.014195398726048136e-01
2.022979587124305034e-01
8.445879188835145324e-02
2.865655768202135523e-01
0.000000000000000000e+00
0.000000000000000000e+00
6.601408412166157036e-02
7.855942552006733859e-02
8.046520310042499791e-01
4.337979186065554771e-01
6.108048818314801842e-01
7.335260040139998106e-01
6.961474673555267945e-01
2.197197375149604337e-01
3.335800391142151322e-01
4.968110096592597280e-01
3.450174875036371436e-01
0.000000000000000000e+00
0.000000000000000000e+00
3.931133423683910166e-01
1.733385559552645949e-01
6.758743456686167050e-02
2.205801663763736764e-01
5.990875268653165220e-01
8.155246155052935375e-01
2.477478404240537335e-01
3.438541326270402321e-01
6.971530703684467589e-01
9.127473388309748081e-01
9.669823909333542522e-01
8.257920222916732556e-01
8.040741255665835308e-01
5.246376024813300676e-01
2.414957534167858633e-01
0.000000000000000000e+00
9.638697046039635952e-01
7.871054058607166448e-01
2.787972270493298543e-01
4.347014034168733554e-01
5.844031768323273424e-01
8.628703918831709396e-01
6.108173859940165817e-01
6.559941475695674207e-01
4.603295661660276039e-01
