8.901281534637087156e-02
2.700384067877714678e-01
3.915107560733410708e-01
2.132522067884542460e-01
6.851970230903817738e-01
9.710615111393239296e-01
1.527483521028736302e-01
3.330019298589456112e-01
3.791899819387237747e-01
5.588157099480064449e-01
7.415111381048220540e-01
3.860299534963143042e-01
5.384552757866548633e-01
5.402722987109683794e-01
4.450351195915408509e-01
1.920855918187651112e-01
5.364071409410475777e-01
9.565875585145939830e-01
7.683913662820009982e-01
9.662586696384043439e-01
1.000000000000000000e+00
5.725191588292906086e-01
3.044555318322316184e-01
9.082159160164010592e-01
1.956842356560216656e-01
3.179074507938101646e-01
3.355229332433924405e-01
2.501466956587872215e-02
1.439806027556529422e-01
8.143226937048575476e-01
5.008455683971164696e-01
8.523994234898506495e-01
1.460406128815261440e-01
2.287403070268078098e-01
5.424269717333806140e-01
4.229137327594369999e-01
5.069016869344157294e-01
6.367637803327550472e-01
3.052290883739878780e-01
4.330429035873188948e-01
2.531998435068550934e-01
3.779041221264581862e-01
3.791495940564174050e-01
6.478641682284412839e-01
2.785955613868262848e-01
4.837467821366374654e-01
5.971808274282477402e-01
4.271651030858186759e-01
2.719933364025103328e-01
4.748881283687383936e-01
5.138292514957687462e-01
2.104192663811375041e-01
6.579845000007110700e-01
6.699202869999791865e-01
1.699259023317828965e-01
6.900041405180898924e-01
4.859139080747355566e-01
7.543170155768734730e-01
3.062381800027814682e-01
7.025893689124858010e-01
3.783452308486063287e-01
2.535714323034629070e-01
9.732886595325772605e-01
1.602268251912501162e-01
8.393436692273195665e-02
1.459972996163669823e-01
8.220439231206126962e-01
1.569575730962389226e-01
6.503645947802856320e-01
9.565947321472407783e-01
4.137842431199789672e-02
3.678844137239782874e-01
5.500409917743416255e-01
4.948223168752419188e-01
9.939503798169380122e-01
3.330613575850058794e-01
4.173946992069161865e-01
6.244931232278481126e-01
6.693120243031769334e-01
8.998235016015673216e-01
6.985670423274765728e-01
9.560028506025701756e-01
5.543514964546123469e-01
3.191193405551732143e-01
1.919856418616313620e-01
3.116750896850062902e-01
2.679420517595491047e-01
7.844079556324763391e-01
8.622237954665679105e-02
3.742353397096142009e-01
6.795335051280408933e-01
6.054004612437923205e-01
7.333628287842386406e-01
3.810984936052830285e-01
3.152698717297688358e-01
6.020436979642065367e-01
4.118269268327749977e-01
8.006893923609514907e-01
5.274148888937075785e-01
4.892274741311628539e-01
2.634464569326627759e-01
5.407986410818932388e-01
6.678777839728538002e-01
3.389384125988279539e-01
9.999999999999997780e-01
8.713366864918744570e-01
2.639045974224440982e-01
7.745082760337675953e-01
3.750449224499943224e-01
5.272691737229514564e-01
5.134153528191857108e-01
4.824183060238864673e-01
3.623267865303547719e-01
6.806354821979452296e-01
6.503278353398176392e-01
3.950833832920913613e-01
8.901281534637087156e-02
2.700384067877714678e-01
3.915107560733410708e-01
2.132522067884542460e-01
6.851970230903817738e-01
9.710615111393239296e-01
1.527483521028736302e-01
3.330019298589456112e-01
3.791899819387237747e-01
5.588157099480064449e-01
7.415111381048220540e-01
3.860299534963143042e-01
5.384552757866548633e-01
5.402722987109683794e-01
4.450351195915408509e-01
1.920855918187651112e-01
5.364071409410475777e-01
9.565875585145939830e-01
7.683913662820009982e-01
9.662586696384043439e-01
1.000000000000000000e+00
5.725191588292906086e-01
3.044555318322316184e-01
9.082159160164010592e-01
1.956842356560216656e-01
3.179074507938101646e-01
3.355229332433924405e-01
2.501466956587872215e-02
1.439806027556529422e-01
8.143226937048575476e-01
5.008455683971164696e-01
8.523994234898506495e-01
1.460406128815261440e-01
2.287403070268078098e-01
5.424269717333806140e-01
4.229137327594369999e-01
5.069016869344157294e-01
6.367637803327550472e-01
3.052290883739878780e-01
4.330429035873188948e-01
2.531998435068550934e-01
3.779041221264581862e-01
3.791495940564174050e-01
6.478641682284412839e-01
2.785955613868262848e-01
4.837467821366374654e-01
5.971808274282477402e-01
4.271651030858186759e-01
2.719933364025103328e-01
4.748881283687383936e-01
5.138292514957687462e-01
2.104192663811375041e-01
6.579845000007110700e-01
6.699202869999791865e-01
1.699259023317828965e-01
6.900041405180898924e-01
4.859139080747355566e-01
7.543170155768734730e-01
3.062381800027814682e-01
7.025893689124858010e-01
3.783452308486063287e-01
2.535714323034629070e-01
9.732886595325772605e-01
1.602268251912501162e-01
2.634464569326627759e-01
5.407986410818932388e-01
6.678777839728538002e-01
3.389384125988279539e-01
9.999999999999997780e-01
8.713366864918744570e-01
2.639045974224440982e-01
7.745082760337675953e-01
3.750449224499943224e-01
5.272691737229514564e-01
5.134153528191857108e-01
4.824183060238864673e-01
3.623267865303547719e-01
6.806354821979452296e-01
6.503278353398176392e-01
3.950833832920913613e-01
3.197649864890237392e-01
7.274588819168865683e-01
3.333837293868315843e-01
2.463028582600363947e-01
4.596285614918205198e-01
7.288949751640059205e-01
4.588004030527139676e-01
8.657073508595778399e-01
1.946649369152939624e-01
5.574285080394739689e-01
4.680355872209084334e-01
4.719859981056062637e-01
3.756647221489307631e-01
6.229012704740457540e-01
3.958996771674878623e-01
2.785409084848426975e-01
3.175781687868908243e-01
9.555157506804823342e-01
1.226738729465028932e-01
2.673956429458739237e-01
6.331261789245656857e-01
6.770127137426384945e-01
8.254307753394978242e-01
5.984559271577691852e-01
5.460092875418949276e-01
4.831527334332766932e-01
3.492076162381594351e-01
7.019109336930919874e-01
2.072573842050835502e-01
9.224800742506977791e-01
4.612859118900538569e-01
4.528510699787579030e-01
4.408011239555451599e-01
3.477684243482626059e-01
2.156294897541752853e-01
3.274469783320642646e-01
6.767438234988265577e-01
7.786356541302851264e-01
7.323914321939337668e-01
7.340525897118830301e-01
1.166608493404432956e-01
6.873852870504466583e-01
4.954125713271833042e-01
3.794181271705951985e-01
3.272765386463628579e-01
9.227253601941201033e-01
1.377717556850681646e-01
4.411938186815381746e-01
3.778051750979753987e-01
6.373253211595475420e-01
2.437924240247069108e-01
3.267650031627316043e-01
5.045605351159343499e-01
7.791878206474883717e-01
5.894744081816007952e-01
9.315750847981871807e-01
2.173996847777854846e-01
7.082980105462574061e-01
5.170921955849443474e-01
7.161838584843316369e-02
3.246298810674451696e-01
7.734762992917132429e-01
4.180304023479219921e-01
4.291554657175289389e-01
3.790220312626111365e-01
7.583051737364918665e-01
4.614627914871545222e-01
2.420077867113126224e-01
8.101344954975067125e-01
6.803275780887965141e-01
5.468419367417256538e-01
9.400684884804926256e-01
3.934635265582921981e-01
6.995277367731910223e-01
3.771166929917051380e-01
2.100288538977146402e-01
2.496382112050143931e-01
6.900573773863758475e-01
5.529433723061059069e-01
5.301450377702333627e-01
8.901281534637472959e-02
2.700384067877721339e-01
3.915107560733321335e-01
2.132522067884487504e-01
6.851970230903705605e-01
9.710615111393241516e-01
1.527483521028807356e-01
3.330019298589476096e-01
3.791899819387180015e-01
5.588157099479968970e-01
7.415111381048014039e-01
3.860299534963054224e-01
5.384552757866598593e-01
5.402722987109597197e-01
4.450351195915386304e-01
1.920855918187673317e-01
5.364071409410531288e-01
9.565875585145918736e-01
7.683913662820101020e-01
9.662586696384057872e-01
1.000000000000000000e+00
5.725191588292863898e-01
3.044555318322367254e-01
9.082159160164000600e-01
1.956842356560293816e-01
3.179074507938096650e-01
3.355229332433868894e-01
2.501466956587583557e-02
1.439806027556514434e-01
8.143226937048514413e-01
5.008455683971184680e-01
8.523994234898458755e-01
1.460406128815074922e-01
2.287403070268198002e-01
5.424269717333898289e-01
4.229137327594263418e-01
5.069016869344149523e-01
6.367637803327583779e-01
3.052290883739877114e-01
4.330429035873168964e-01
2.531998435068555375e-01
3.779041221264586303e-01
3.791495940564233447e-01
6.478641682284348446e-01
2.785955613868259517e-01
4.837467821366328025e-01
5.971808274282264239e-01
4.271651030858274467e-01
2.719933364025093891e-01
4.748881283687306221e-01
5.138292514957847335e-01
2.104192663811383368e-01
6.579845000007148448e-01
6.699202869999956178e-01
1.699259023317806760e-01
6.900041405180886711e-01
4.859139080747302275e-01
7.543170155768740281e-01
3.062381800027825784e-01
7.025893689124872443e-01
3.783452308486141558e-01
2.535714323034631290e-01
9.732886595325871415e-01
1.602268251912501718e-01
