7.450708353989675681e-01
5.799905824928855980e-01
5.910744157659419962e-01
4.686446794109534464e-01
4.348225938943376390e-01
1.772822927968367157e-01
8.747859440486336347e-01
2.340920664433605580e-01
2.893692713555150453e-01
2.766201579440801250e-01
3.434894470576972392e-01
1.594654314930564754e-01
2.838701487777041121e-01
8.649735541710165121e-01
5.684405410943541570e-01
4.449301897576167231e-01
7.837656643402761691e-01
2.598939908878690197e-01
1.256297373078245627e-01
4.633054128161033791e-01
1.796492752512830471e-01
1.883916690651304404e-01
5.436425583136604844e-01
1.268887286711460893e-01
8.959675065780544623e-01
7.472515657510734322e-01
6.257094370830103003e-01
4.684290736829518353e-01
2.797326004932360055e-01
2.017258979703921429e-01
3.039887360273656469e-01
3.783803430287765446e-01
8.690340406997956180e-01
3.863573980074317404e-01
3.926159735981169518e-01
8.573434535429722558e-01
5.855929446782163206e-01
4.466343449366528273e-01
8.171337283970795395e-01
2.547274846228693157e-01
3.995285517403105446e-01
6.452394563317608300e-01
4.316506819029188313e-01
2.678906703359001940e-01
1.904362439723596978e-01
2.245859623227270951e-01
3.576484371548840357e-01
4.884382580392779838e-01
3.800318824283328567e-01
1.742728814064207210e-01
1.329988682616351503e-01
3.939644429737201303e-01
4.149132022574318901e-01
2.456619121348353474e-01
5.871848271383642848e-01
9.312087043783101592e-02
6.028210265633969778e-01
3.168040990086333775e-01
4.066474800219962438e-01
1.121127191912597576e-01
3.072792874824293308e-01
5.153819124754891456e-01
6.356307330828000479e-01
4.471516663946368819e-01
6.074028089085085069e-01
3.938926803089122242e-01
5.273111403102763717e-01
4.256112878030077207e-01
1.597120589212892572e-01
1.535974316140684692e-01
6.505991953879266543e-01
1.915739853228765055e-01
1.399294641314130505e-01
2.574141332550639039e-01
2.693866509453417546e-01
2.664590008034004587e-01
9.234674124407835638e-01
3.666102917023812413e-01
6.218257024186801818e-01
3.538894268802811327e-01
2.367448372113101218e-01
2.322779538951968981e-01
3.585902779377420635e-01
5.823781125634649447e-01
7.671455382342654561e-01
7.816038628579200509e-01
1.116715502303770036e-01
3.366709741239376497e-01
6.696279967528857568e-01
2.834359056435572510e-01
4.564692979445112986e-01
6.581348531019683978e-01
5.176187500750613069e-01
1.626922769165404237e-01
3.301096096325124574e-01
4.940170984993901282e-01
6.032650474443879141e-01
5.006809143064310241e-01
7.223507473038022209e-01
3.565716211624554433e-01
7.698128740476751775e-01
3.359730505752673846e-01
2.339299270732955183e-01
4.854480329528088056e-01
3.559497307069958705e-01
3.061374103432009663e-01
7.636793813597653191e-01
8.686664254631826232e-02
7.775980226982757149e-01
7.141703033942213841e-01
6.028137512511196894e-01
2.059341194153883059e-01
2.547527096886941234e-01
5.021857945185166372e-01
2.865110202266669681e-01
4.766584415692660670e-01
7.450708353989675681e-01
5.799905824928855980e-01
5.910744157659419962e-01
4.686446794109534464e-01
4.348225938943376390e-01
1.772822927968367157e-01
8.747859440486336347e-01
2.340920664433605580e-01
2.893692713555150453e-01
2.766201579440801250e-01
3.434894470576972392e-01
1.594654314930564754e-01
2.838701487777041121e-01
8.649735541710165121e-01
5.684405410943541570e-01
4.449301897576167231e-01
7.837656643402761691e-01
2.598939908878690197e-01
1.256297373078245627e-01
4.633054128161033791e-01
1.796492752512830471e-01
1.883916690651304404e-01
5.436425583136604844e-01
1.268887286711460893e-01
8.959675065780544623e-01
7.472515657510734322e-01
6.257094370830103003e-01
4.684290736829518353e-01
2.797326004932360055e-01
2.017258979703921429e-01
3.039887360273656469e-01
3.783803430287765446e-01
8.690340406997956180e-01
3.863573980074317404e-01
3.926159735981169518e-01
8.573434535429722558e-01
5.855929446782163206e-01
4.466343449366528273e-01
8.171337283970795395e-01
2.547274846228693157e-01
3.995285517403105446e-01
6.452394563317608300e-01
4.316506819029188313e-01
2.678906703359001940e-01
1.904362439723596978e-01
2.245859623227270951e-01
3.576484371548840357e-01
4.884382580392779838e-01
3.800318824283328567e-01
1.742728814064207210e-01
1.329988682616351503e-01
3.939644429737201303e-01
4.149132022574318901e-01
2.456619121348353474e-01
5.871848271383642848e-01
9.312087043783101592e-02
6.028210265633969778e-01
3.168040990086333775e-01
4.066474800219962438e-01
1.121127191912597576e-01
3.072792874824293308e-01
5.153819124754891456e-01
6.356307330828000479e-01
4.471516663946368819e-01
7.698128740476751775e-01
3.359730505752673846e-01
2.339299270732955183e-01
4.854480329528088056e-01
3.559497307069958705e-01
3.061374103432009663e-01
7.636793813597653191e-01
8.686664254631826232e-02
7.775980226982757149e-01
7.141703033942213841e-01
6.028137512511196894e-01
2.059341194153883059e-01
2.547527096886941234e-01
5.021857945185166372e-01
2.865110202266669681e-01
4.766584415692660670e-01
5.165327077521448818e-01
5.619005377818813152e-01
5.863085925017668121e-01
3.784225781884136275e-01
6.310454130949501028e-01
4.768047920062794542e-01
4.887360880157805010e-01
2.836285339633106695e-01
5.116097056320403347e-01
5.573982363155650654e-01
6.884480253320620635e-01
4.556897314704508872e-01
3.405980264314073525e-01
2.764610641421281212e-01
3.877375090138932556e-01
2.323278512737196877e-01
5.720288299226872208e-01
7.580160885469426901e-01
7.293829072583362105e-01
2.323887862019202721e-01
6.822298135371940297e-01
3.999884208128063889e-01
6.132189628563518013e-01
3.790484891623719932e-01
7.731306011269332146e-01
4.153206945098036895e-01
6.692819756768852990e-01
6.127296293900115209e-01
2.276351796979199094e-01
6.682400717826415537e-01
3.134348572115812637e-01
3.057142663180303366e-01
5.403038672607265447e-01
6.632094712583027629e-01
7.755331667853884170e-01
3.408874531218667459e-01
8.454914530336230527e-01
5.203717627788476685e-01
5.522656467946571723e-01
3.229940973032423557e-01
7.546300483869110565e-01
5.990783100633085834e-01
7.081795696510930771e-01
3.125110198255427463e-01
3.196384720468590235e-01
2.255767294287980285e-01
7.107858868650236417e-01
3.187029242924749317e-01
5.264803419521446592e-01
5.152821820954169851e-01
8.732310676674130967e-01
3.272222040388788056e-01
7.200509536744572614e-01
5.006224060368636986e-01
4.815938163557063056e-01
3.909399710391374683e-01
9.091506280027767950e-01
6.241622733292065961e-01
6.753764647525846154e-01
2.666514853872650193e-01
2.523139161136408459e-01
3.663152745846320890e-01
5.323770160366425586e-01
3.294038964045483686e-01
6.361035177877949476e-01
6.367058385802142340e-01
8.431539966013885667e-01
2.539422319405586492e-01
5.972879646490589778e-01
4.216674069629968713e-01
5.288003357474733157e-01
3.840985564875376568e-01
8.597349111249315001e-01
5.343764538798069230e-01
6.298351367072028140e-01
6.624471776355278507e-01
2.556911960639969283e-01
4.374722763002827364e-01
5.214634461013485378e-01
3.513079374058718507e-01
7.450708353989630162e-01
5.799905824928893727e-01
5.910744157659322262e-01
4.686446794109449532e-01
4.348225938943364177e-01
1.772822927968389362e-01
8.747859440486456251e-01
2.340920664433547849e-01
2.893692713555015006e-01
2.766201579440770164e-01
3.434894470576903558e-01
1.594654314930404881e-01
2.838701487777078314e-01
8.649735541710129594e-01
5.684405410943561554e-01
4.449301897576258269e-01
7.837656643402812762e-01
2.598939908878620253e-01
1.256297373078190116e-01
4.633054128161097074e-01
1.796492752512808266e-01
1.883916690651384895e-01
5.436425583136605955e-01
1.268887286711384288e-01
8.959675065780610126e-01
7.472515657510681031e-01
6.257094370830135199e-01
4.684290736829521684e-01
2.797326004932326748e-01
2.017258979703927535e-01
3.039887360273683115e-01
3.783803430287729919e-01
8.690340406997987266e-01
3.863573980074310743e-01
3.926159735981272214e-01
8.573434535429838022e-01
5.855929446782071057e-01
4.466343449366496077e-01
8.171337283970768750e-01
2.547274846228801959e-01
3.995285517403263098e-01
6.452394563317506160e-01
4.316506819029332087e-01
2.678906703359070773e-01
1.904362439723513711e-01
2.245859623227218771e-01
3.576484371548809271e-01
4.884382580392792050e-01
3.800318824283289154e-01
1.742728814064149478e-01
1.329988682616346507e-01
3.939644429737206299e-01
4.149132022574407719e-01
2.456619121348440071e-01
5.871848271383655060e-01
9.312087043784222917e-02
6.028210265633923148e-01
3.168040990086437025e-01
4.066474800220080121e-01
1.121127191912659748e-01
3.072792874824343823e-01
5.153819124754904779e-01
6.356307330828092628e-01
4.471516663946359937e-01
