5.146831554044984935e-01
4.863258801385831331e-01
4.865067922712078552e-01
5.063488836439081764e-01
3.207794410073462332e-01
3.777085413911327461e-01
4.110841497880355355e-01
5.845427763406676469e-01
7.628695583269379243e-01
3.810336063895842784e-01
3.656297534131809357e-01
7.634133130907658771e-01
7.234960192118190525e-01
7.220331721999267982e-01
2.168495298689910866e-01
5.678874620556251251e-01
4.706061331529204916e-01
1.639791839797015705e-01
3.099698831169956925e-01
5.118706048683183685e-01
4.105926086435028877e-01
3.943453030613101595e-01
2.905574499050934678e-01
3.503818469345733044e-01
3.044285758555498322e-01
2.323336967406945952e-01
2.991860436132344203e-01
3.903235518311626295e-01
7.071153136135178707e-01
6.338778689017108281e-01
2.765874808989746692e-01
6.046927449716912317e-01
6.482432809500426885e-01
1.641486382303098956e-01
5.322256747820969247e-01
5.750343928047412234e-01
1.616257128167930546e-01
1.894056432267213208e-01
2.577244517977736460e-01
2.843970747254767062e-01
3.864221691809156534e-01
1.481188254994249553e-01
2.703048632834678666e-01
2.239824125190351678e-01
6.031233160929418968e-01
2.864985068080815322e-01
2.510929774097552247e-01
7.231675483906444546e-01
6.719128539299866754e-01
6.078331868824934370e-01
9.957768194565730369e-01
8.066591336543991186e-01
4.528868010206225092e-01
5.991454991078648540e-01
2.881404890157723830e-01
9.104040876598391563e-01
4.035259430385030877e-01
1.490860822309045819e-01
1.025315397104550330e-01
4.422901277771567052e-01
7.784414008277875663e-01
5.837499251412815449e-01
6.737761090203541192e-01
6.647365636632626140e-01
6.204537321385783510e-01
4.786524745664855196e-01
6.584489193608487057e-01
5.108474116785076680e-01
2.960664157600101376e-01
2.592319572519343751e-01
3.852327004741924465e-01
7.090269453643927022e-01
9.097210796762584817e-01
3.254655571530506997e-01
4.202485718642987589e-01
7.365583797788710640e-01
6.383947448217650589e-01
1.473376252214531057e-01
4.341989105919483727e-01
2.335707287531688658e-01
3.137659355836814878e-01
1.775876589434663977e-01
3.870846829057519867e-01
2.946301448179896587e-01
3.126188850210102066e-01
2.448151473492899410e-01
9.766820731233402109e-01
6.715577347150221144e-01
5.994887904144643453e-01
1.813562192140111273e-01
5.432237244649451569e-02
2.019744322625588451e-01
7.931618250434637751e-01
6.395680273670654170e-01
7.225513010919311085e-01
3.979147051910250088e-01
6.981490923164841433e-01
2.985948797908255514e-01
3.260690847543077364e-01
7.710137095710192234e-01
6.307733909972222941e-01
3.589731025892779481e-01
7.509606815935299107e-01
5.692555317036078755e-01
2.468601051816883274e-01
3.856566432442661840e-01
3.102907443418967404e-01
6.656179554860546244e-01
5.670517308489306796e-01
1.707481888694540872e-01
2.852421215833128576e-01
5.483585606277852076e-01
8.522346164256108247e-01
7.104067147329293785e-01
5.231265451511912801e-02
7.069056694826493237e-01
5.146831554044984935e-01
4.863258801385831331e-01
4.865067922712078552e-01
5.063488836439081764e-01
3.207794410073462332e-01
3.777085413911327461e-01
4.110841497880355355e-01
5.845427763406676469e-01
7.628695583269379243e-01
3.810336063895842784e-01
3.656297534131809357e-01
7.634133130907658771e-01
7.234960192118190525e-01
7.220331721999267982e-01
2.168495298689910866e-01
5.678874620556251251e-01
4.706061331529204916e-01
1.639791839797015705e-01
3.099698831169956925e-01
5.118706048683183685e-01
4.105926086435028877e-01
3.943453030613101595e-01
2.905574499050934678e-01
3.503818469345733044e-01
3.044285758555498322e-01
2.323336967406945952e-01
2.991860436132344203e-01
3.903235518311626295e-01
7.071153136135178707e-01
6.338778689017108281e-01
2.765874808989746692e-01
6.046927449716912317e-01
6.482432809500426885e-01
1.641486382303098956e-01
5.322256747820969247e-01
5.750343928047412234e-01
1.616257128167930546e-01
1.894056432267213208e-01
2.577244517977736460e-01
2.843970747254767062e-01
3.864221691809156534e-01
1.481188254994249553e-01
2.703048632834678666e-01
2.239824125190351678e-01
6.031233160929418968e-01
2.864985068080815322e-01
2.510929774097552247e-01
7.231675483906444546e-01
6.719128539299866754e-01
6.078331868824934370e-01
9.957768194565730369e-01
8.066591336543991186e-01
4.528868010206225092e-01
5.991454991078648540e-01
2.881404890157723830e-01
9.104040876598391563e-01
4.035259430385030877e-01
1.490860822309045819e-01
1.025315397104550330e-01
4.422901277771567052e-01
7.784414008277875663e-01
5.837499251412815449e-01
6.737761090203541192e-01
6.647365636632626140e-01
6.307733909972222941e-01
3.589731025892779481e-01
7.509606815935299107e-01
5.692555317036078755e-01
2.468601051816883274e-01
3.856566432442661840e-01
3.102907443418967404e-01
6.656179554860546244e-01
5.670517308489306796e-01
1.707481888694540872e-01
2.852421215833128576e-01
5.483585606277852076e-01
8.522346164256108247e-01
7.104067147329293785e-01
5.231265451511912801e-02
7.069056694826493237e-01
6.562391760928332207e-01
5.753252340418839594e-01
2.252569295366320112e-01
6.645408540300989930e-01
4.011870660780001430e-01
3.248022335273805794e-01
2.445154502256767781e-01
4.824888010957548712e-01
4.124200338004895272e-01
1.920618373803101298e-01
3.105223363215142696e-01
4.503729148234532076e-01
5.819407834987860850e-01
5.518404564669718848e-01
4.502445603340112790e-01
7.555971290239309468e-01
6.251470146702426955e-01
5.645587580067030764e-01
3.040751479361749610e-01
6.582414990997507154e-01
6.220244851034033573e-01
2.057976197892283921e-01
2.874387454903741812e-01
7.345416729936471434e-01
4.229989126487567752e-01
2.608774180255325481e-01
2.211781927708487139e-01
6.746638548508507860e-01
5.936795412546582718e-01
7.790981138647627979e-01
7.765737818312312690e-01
6.850144182173075746e-01
6.315902051026069941e-01
2.041285133704713317e-01
4.387119065245794758e-01
7.096431912165196421e-01
5.857022902118478314e-01
2.931846384350432766e-01
3.005930747852829654e-01
6.961856596415914034e-01
2.199953296173298156e-01
3.495883423306316296e-01
2.823258998964532918e-01
3.644665206315904626e-01
7.084309940560402641e-01
5.966734281552192876e-01
5.251777338536385287e-01
7.047862362762268296e-01
6.124818698495582137e-01
5.146844065474045493e-01
3.087736551940838403e-01
6.904174638808118214e-01
2.650543091125374673e-01
2.895462002271979030e-01
2.694180123210567768e-01
5.873592139881216312e-01
4.265020362179234859e-01
3.271453224745893840e-01
2.865901994141916154e-01
4.276999383793169685e-01
6.977786062858634120e-01
7.071792839430361965e-01
4.187365721196441015e-01
7.189809306068737360e-01
6.555796818629411327e-01
5.601488386877111481e-01
5.278931414499021813e-01
6.045273509082080832e-01
6.423470449500117141e-01
1.870648369323453242e-01
2.415057740404583653e-01
8.954866725041563669e-01
4.079713961305775349e-01
3.061197020877689523e-01
2.278719807140426878e-01
7.191320234396565425e-01
6.501277471840580802e-01
7.474218438925523955e-01
7.762346490908820229e-01
7.178448907881574970e-01
5.146831554045010471e-01
4.863258801385815788e-01
4.865067922712145720e-01
5.063488836439051788e-01
3.207794410073481206e-01
3.777085413911345224e-01
4.110841497880337592e-01
5.845427763406635391e-01
7.628695583269399227e-01
3.810336063895838343e-01
3.656297534131711657e-01
7.634133130907636566e-01
7.234960192118187194e-01
7.220331721999141417e-01
2.168495298689836481e-01
5.678874620556326747e-01
4.706061331529166059e-01
1.639791839796947981e-01
3.099698831170014657e-01
5.118706048683282495e-01
4.105926086435147671e-01
3.943453030613015553e-01
2.905574499050946891e-01
3.503818469345756359e-01
3.044285758555532184e-01
2.323336967406992304e-01
2.991860436132290912e-01
3.903235518311702901e-01
7.071153136135184258e-01
6.338778689017174894e-01
2.765874808989737810e-01
6.046927449716911207e-01
6.482432809500426885e-01
1.641486382303141145e-01
5.322256747820970357e-01
5.750343928047454423e-01
1.616257128167848389e-01
1.894056432267219869e-01
2.577244517977767546e-01
2.843970747254773723e-01
3.864221691809274217e-01
1.481188254994137421e-01
2.703048632834736953e-01
2.239824125190424953e-01
6.031233160929387882e-01
2.864985068080707631e-01
2.510929774097352407e-01
7.231675483906456758e-01
6.719128539299858982e-01
6.078331868824958795e-01
9.957768194565848052e-01
8.066591336544088886e-01
4.528868010206231753e-01
5.991454991078672965e-01
2.881404890157703846e-01
9.104040876598274989e-01
4.035259430385161883e-01
1.490860822309109102e-01
1.025315397104604731e-01
4.422901277771663642e-01
7.784414008277823482e-01
5.837499251412904266e-01
6.737761090203657766e-01
6.647365636632637242e-01
