1.725253334200227695e-01
5.618340549043209231e-01
9.581052928160830318e-01
2.031831768576708441e-02
8.618018724818382603e-01
7.212517288570157170e-01
7.479592438918172270e-01
7.314959503602720403e-01
7.788557118527267287e-01
4.723900755747065805e-01
9.616589530376449257e-01
5.031286019880802929e-01
3.704948201880081671e-02
1.394124945346710831e-01
4.666911476146134996e-01
1.398486907999975104e-01
7.654170410026037707e-01
5.339381831393950062e-01
3.531133282965688291e-01
2.556927532576303008e-01
2.637299300330436802e-01
2.770551718256400453e-01
4.653014885819587443e-01
4.364349378370818711e-01
5.544973274236009164e-01
3.895596504546156580e-01
3.703234637406426222e-01
6.030864219433466067e-01
6.335878656212486915e-01
6.513754282684569574e-01
6.399648328792042484e-01
2.422541918824050455e-01
5.371995431512794905e-01
9.517437903034821067e-01
9.556027833117726189e-01
3.215882929011966151e-01
3.258625597378529415e-01
2.601946106649755674e-01
3.874816966171425459e-01
5.089840318286051879e-01
7.318362285653939869e-01
4.371586488622724032e-01
6.261110984430262594e-01
9.546852025044380019e-01
5.821086293726527305e-01
5.449292814854991285e-01
9.690841839133537139e-01
3.371074916265597299e-01
4.320187653788627458e-01
4.574628514378359379e-01
2.463451098044400212e-01
2.673639795037442424e-01
4.951330268737009765e-01
3.603921535090437445e-01
3.642905789319306198e-01
2.676501306720651119e-01
8.216315679737139499e-01
2.292004489416099577e-02
7.206721827274283898e-01
3.208218255505925764e-01
2.152423598471538413e-01
2.397365830089154271e-01
2.758894921201986428e-01
1.305737549116112173e-02
3.696542249044190709e-02
2.862202090401269050e-01
7.619978962008557843e-01
2.786384101975919458e-02
5.170102395618689783e-01
1.000000000000000222e+00
6.730550938585206922e-01
6.489933903779134816e-01
5.350550478277948940e-01
4.932742807707213295e-01
8.396009086785318765e-01
5.367730666723147248e-02
9.016746821858157013e-02
1.503993454105718719e-01
3.804959983178775040e-01
8.860753240629201111e-01
5.762067648039799206e-01
6.102936678147667937e-01
5.223668727148844670e-01
4.204718753573613022e-01
4.752953973411917499e-01
3.885381810996856866e-01
4.322993768059322228e-01
9.194742462036096242e-01
2.886217690539356617e-01
9.055075036676442091e-01
8.868667155006804137e-02
4.210157642498386643e-01
9.033345211632344274e-01
5.434059861294209259e-01
3.065181737989145505e-01
6.903034349416963256e-01
5.694448117869379544e-01
5.279210151436881659e-01
8.706670713793671634e-01
2.355054241081060429e-01
4.787580493580748664e-01
9.460216566947774464e-01
9.508856102605027782e-01
2.012607775528796328e-02
4.544039155480021908e-01
4.180246435760980317e-01
4.903144644076435910e-01
6.074242303271415455e-01
9.644675015727508516e-01
3.757389357706649724e-01
8.159901941638615375e-01
8.007112152355169155e-01
3.552544000164591376e-01
4.965639987387142629e-01
5.141975899416895146e-01
1.455094642960835793e-01
1.725253334200227695e-01
5.618340549043209231e-01
9.581052928160830318e-01
2.031831768576708441e-02
8.618018724818382603e-01
7.212517288570157170e-01
7.479592438918172270e-01
7.314959503602720403e-01
7.788557118527267287e-01
4.723900755747065805e-01
9.616589530376449257e-01
5.031286019880802929e-01
3.704948201880081671e-02
1.394124945346710831e-01
4.666911476146134996e-01
1.398486907999975104e-01
7.654170410026037707e-01
5.339381831393950062e-01
3.531133282965688291e-01
2.556927532576303008e-01
2.637299300330436802e-01
2.770551718256400453e-01
4.653014885819587443e-01
4.364349378370818711e-01
5.544973274236009164e-01
3.895596504546156580e-01
3.703234637406426222e-01
6.030864219433466067e-01
6.335878656212486915e-01
6.513754282684569574e-01
6.399648328792042484e-01
2.422541918824050455e-01
5.371995431512794905e-01
9.517437903034821067e-01
9.556027833117726189e-01
3.215882929011966151e-01
3.258625597378529415e-01
2.601946106649755674e-01
3.874816966171425459e-01
5.089840318286051879e-01
7.318362285653939869e-01
4.371586488622724032e-01
6.261110984430262594e-01
9.546852025044380019e-01
5.821086293726527305e-01
5.449292814854991285e-01
9.690841839133537139e-01
3.371074916265597299e-01
4.320187653788627458e-01
4.574628514378359379e-01
2.463451098044400212e-01
2.673639795037442424e-01
4.951330268737009765e-01
3.603921535090437445e-01
3.642905789319306198e-01
2.676501306720651119e-01
8.216315679737139499e-01
2.292004489416099577e-02
7.206721827274283898e-01
3.208218255505925764e-01
2.152423598471538413e-01
2.397365830089154271e-01
2.758894921201986428e-01
1.305737549116112173e-02
4.787580493580748664e-01
9.460216566947774464e-01
9.508856102605027782e-01
2.012607775528796328e-02
4.544039155480021908e-01
4.180246435760980317e-01
4.903144644076435910e-01
6.074242303271415455e-01
9.644675015727508516e-01
3.757389357706649724e-01
8.159901941638615375e-01
8.007112152355169155e-01
3.552544000164591376e-01
4.965639987387142629e-01
5.141975899416895146e-01
1.455094642960835793e-01
3.100520750154833749e-01
5.462462475646630011e-01
9.517902950139454088e-01
2.664559284179656151e-01
6.558458366540111939e-01
4.999547795720702403e-01
4.977357025690858361e-01
2.936373928355497931e-01
5.658962094138058063e-01
6.456041125559416338e-01
8.267055594391575779e-01
5.675830354268267541e-01
4.067385949081178120e-01
1.801205276245283482e-01
2.086389276489204470e-01
1.678143117429142794e-02
5.348043374329409794e-01
5.745211033069437256e-01
9.023060629789947384e-01
1.828520961174173731e-01
8.807353846295407074e-01
3.087852533361390428e-01
6.568557471842111362e-01
4.902976867582484743e-01
7.390505322773481822e-01
7.762486243667884311e-01
7.004876817880900663e-01
4.926310966887457177e-01
1.401993772867002885e-01
3.805473444772267122e-01
8.764762586961034607e-01
9.529497273353237929e-02
5.155819808993091780e-01
4.131443926638338482e-01
8.172715373475099021e-01
3.430804263555887745e-01
8.548103578356176513e-01
4.404278048301902837e-01
7.686950165832950876e-01
1.219769452596670689e-01
9.515649274548110270e-01
9.189565249576481243e-01
7.784842911712659408e-01
0.000000000000000000e+00
1.910310210518659790e-01
1.038956120605303290e-01
8.212471562870256037e-01
2.127974979619445817e-01
4.700169991344422815e-01
4.974013759180699878e-01
9.148462639086978321e-01
2.997612299271239511e-01
7.460440699960004807e-01
4.342402937958661502e-01
8.407961521637266067e-01
5.602069119814734321e-02
8.456175225306918897e-01
8.389425949151664286e-01
7.274096283257878159e-01
5.108800533480053474e-01
2.576894126103569382e-01
9.164436296537470383e-02
4.819318849971825358e-01
1.826038159120788595e-01
6.047650085388216468e-01
8.292496412060383904e-01
7.073496690516676288e-01
2.241413141604227111e-01
3.041309943169814289e-01
2.010283032153103999e-01
9.356391039565579160e-01
5.163040169991717221e-02
9.380155557702076763e-01
8.486677196128665779e-01
6.581923517559615799e-01
4.481650410061401857e-01
2.542886346309980450e-01
2.204403323767318845e-01
6.676368987746617023e-02
2.765174231973976937e-01
1.725253334200189115e-01
5.618340549043233656e-01
9.581052928160826987e-01
2.031831768576630726e-02
8.618018724818479193e-01
7.212517288570075014e-01
7.479592438918332142e-01
7.314959503602643798e-01
7.788557118527114076e-01
4.723900755746981428e-01
9.616589530376367101e-01
5.031286019880767402e-01
3.704948201880625680e-02
1.394124945346639777e-01
4.666911476146237137e-01
1.398486908000035611e-01
7.654170410026044369e-01
5.339381831393891220e-01
3.531133282965883691e-01
2.556927532576278583e-01
2.637299300330502305e-01
2.770551718256332174e-01
4.653014885819541924e-01
4.364349378370742105e-01
5.544973274235989180e-01
3.895596504546169347e-01
3.703234637406456198e-01
6.030864219433582640e-01
6.335878656212409199e-01
6.513754282684617314e-01
6.399648328792022500e-01
2.422541918824069329e-01
5.371995431512730512e-01
9.517437903034827729e-01
9.556027833117965997e-01
3.215882929012046088e-01
3.258625597378441707e-01
2.601946106649782320e-01
3.874816966171471533e-01
5.089840318286118492e-01
7.318362285653757793e-01
4.371586488622725142e-01
6.261110984430421356e-01
9.546852025044240131e-01
5.821086293726427385e-01
5.449292814854861389e-01
9.690841839133428337e-01
3.371074916265612842e-01
4.320187653788566950e-01
4.574628514378353827e-01
2.463451098044480703e-01
2.673639795037520694e-01
4.951330268736967577e-01
3.603921535090646167e-01
3.642905789319307308e-01
2.676501306720638906e-01
8.216315679737070665e-01
2.292004489416710200e-02
7.206721827274368275e-01
3.208218255505993488e-01
2.152423598471502331e-01
2.397365830089250860e-01
2.758894921202014738e-01
1.305737549116237073e-02
