5.783152244809957043e-01
6.402407050021116097e-01
5.905775652164446665e-01
4.050753256964758631e-01
7.288591694329987769e-01
4.585294274766884559e-01
6.917446943956861993e-01
3.715006678313402810e-01
4.092273682671455637e-01
4.509483694437168566e-01
2.100853750003999210e-01
4.372099181219599728e-01
4.975118714569419787e-01
5.227149570690047264e-01
4.833585746947096640e-01
4.007580814997337426e-01
6.784630331965513239e-01
4.024368468074370764e-01
3.169143033582659807e-01
5.090580861741575980e-01
2.881473017948434912e-01
3.819059084498568901e-01
4.398789303041650278e-01
2.799009568558233907e-01
4.283098403557970002e-01
5.354244922802606776e-01
4.066547840579565198e-01
6.013952804497854077e-01
4.187998571062221398e-01
3.039793437493689132e-01
5.120517538207436381e-01
3.996464020253251981e-01
6.681126837871922408e-01
3.662295204414202088e-01
3.526954455295656654e-01
4.515491182914115331e-01
5.158135355897633945e-01
3.013574005314229587e-01
5.372111595652234728e-01
2.944738007727556450e-01
3.839964568852848315e-01
2.366169159110522724e-01
3.285902392015596640e-01
3.978877698579751376e-01
4.898935953202123716e-01
4.570878604153286728e-01
5.319819681683268797e-01
6.070774654520741942e-01
5.897967832251070908e-01
4.172509517400654344e-01
3.685556818490058895e-01
6.346068863598000043e-01
3.681569675338961511e-01
3.504178614311843631e-01
3.649787948615366151e-01
3.832127820151305375e-01
4.758154323829025811e-01
4.526732910185680137e-01
3.232063150911569371e-01
6.115426170023334773e-01
4.948120010267447744e-01
3.565839330019827669e-01
6.442759930358249454e-01
3.755064129718714838e-01
4.751431261367959902e-01
5.093723657232449575e-01
5.492523053153046675e-01
3.687272932841184625e-01
6.194000647534141368e-01
4.348933674328157029e-01
6.456222693694946280e-01
4.165478507896760441e-01
3.845224667866886659e-01
3.656962369958944858e-01
2.813196415481713508e-01
5.144189824881599815e-01
4.256849570126584048e-01
3.369783192028328322e-01
5.560737673668882941e-01
5.425059311516883254e-01
4.729808843032277110e-01
2.622652141573245110e-01
4.132293423561564372e-01
4.241971383483581493e-01
4.161388163463454193e-01
5.363027725606659413e-01
3.633999244757361025e-01
3.749803358785560592e-01
4.448342872717869767e-01
4.462285452994333435e-01
4.941277781217061627e-01
3.219697845169364747e-01
5.890228138611548481e-01
4.685970247532440514e-01
5.318742678241763500e-01
3.799411227624889253e-01
6.401860935571939137e-01
4.654982840874319905e-01
5.511454687337524749e-01
5.010567966993728639e-01
6.936538697636652762e-01
5.716103683463826801e-01
4.170815601040678278e-01
4.321730567603825346e-01
4.567018345392248602e-01
4.026249198299042265e-01
5.315704856002351208e-01
3.418380685214155168e-01
5.363270237903741133e-01
4.837634955270287973e-01
3.928027942417536833e-01
6.506228209487805447e-01
5.394568445514346111e-01
4.754096728707974950e-01
4.554983177608304956e-01
4.643548063155605865e-01
5.783152244809957043e-01
6.402407050021116097e-01
5.905775652164446665e-01
4.050753256964758631e-01
7.288591694329987769e-01
4.585294274766884559e-01
6.917446943956861993e-01
3.715006678313402810e-01
4.092273682671455637e-01
4.509483694437168566e-01
2.100853750003999210e-01
4.372099181219599728e-01
4.975118714569419787e-01
5.227149570690047264e-01
4.833585746947096640e-01
4.007580814997337426e-01
6.784630331965513239e-01
4.024368468074370764e-01
3.169143033582659807e-01
5.090580861741575980e-01
2.881473017948434912e-01
3.819059084498568901e-01
4.398789303041650278e-01
2.799009568558233907e-01
4.283098403557970002e-01
5.354244922802606776e-01
4.066547840579565198e-01
6.013952804497854077e-01
4.187998571062221398e-01
3.039793437493689132e-01
5.120517538207436381e-01
3.996464020253251981e-01
6.681126837871922408e-01
3.662295204414202088e-01
3.526954455295656654e-01
4.515491182914115331e-01
5.158135355897633945e-01
3.013574005314229587e-01
5.372111595652234728e-01
2.944738007727556450e-01
3.839964568852848315e-01
2.366169159110522724e-01
3.285902392015596640e-01
3.978877698579751376e-01
4.898935953202123716e-01
4.570878604153286728e-01
5.319819681683268797e-01
6.070774654520741942e-01
5.897967832251070908e-01
4.172509517400654344e-01
3.685556818490058895e-01
6.346068863598000043e-01
3.681569675338961511e-01
3.504178614311843631e-01
3.649787948615366151e-01
3.832127820151305375e-01
4.758154323829025811e-01
4.526732910185680137e-01
3.232063150911569371e-01
6.115426170023334773e-01
4.948120010267447744e-01
3.565839330019827669e-01
6.442759930358249454e-01
3.755064129718714838e-01
6.936538697636652762e-01
5.716103683463826801e-01
4.170815601040678278e-01
4.321730567603825346e-01
4.567018345392248602e-01
4.026249198299042265e-01
5.315704856002351208e-01
3.418380685214155168e-01
5.363270237903741133e-01
4.837634955270287973e-01
3.928027942417536833e-01
6.506228209487805447e-01
5.394568445514346111e-01
4.754096728707974950e-01
4.554983177608304956e-01
4.643548063155605865e-01
6.039438283595828239e-01
6.650258549543219821e-01
4.354264321775649371e-01
4.303625668899608847e-01
3.662396079880081423e-01
4.733551122332584349e-01
4.503519638488127086e-01
4.263093328403255722e-01
5.422480268258431657e-01
3.862147829792729192e-01
5.168261257580958334e-01
3.945518209344949234e-01
4.373029876676716166e-01
4.081912821821063186e-01
2.583683279134967314e-01
4.412497121567782177e-01
5.897238420181631913e-01
5.434463485360501167e-01
6.941892613577067550e-01
3.934332179621296000e-01
6.177599134982010298e-01
3.648223908875030119e-01
4.667560723206654050e-01
6.897591652590282507e-01
5.374879104517789052e-01
5.478603183624107809e-01
4.143477319691237781e-01
4.191802625598537446e-01
4.393861892132122637e-01
4.966647047864283238e-01
5.793936274086308735e-01
4.241049113877942700e-01
5.812519428850491110e-01
4.009079755139719481e-01
7.250941256505298860e-01
4.695435779267712606e-01
7.291088098036562215e-01
4.815812008306982195e-01
4.570446303365576224e-01
5.493549641780308690e-01
4.534138724453624647e-01
5.551959796151959559e-01
5.426096443586336804e-01
2.028286874973339593e-01
5.077000736373045164e-01
4.012763289906260411e-01
3.562701484351240566e-01
4.496524069857338324e-01
5.857396335125280018e-01
5.635431942877406897e-01
5.160180826392837261e-01
4.909988304874832732e-01
3.684948667584668769e-01
4.845668256465821555e-01
5.089166692304989414e-01
4.281678025856860970e-01
7.263071675429260132e-01
5.022928614609961651e-01
5.229001291478008184e-01
2.208293155681664288e-01
4.378595161306054750e-01
5.258571044081219448e-01
3.091789261819721801e-01
4.692651110435401840e-01
6.122974742892892674e-01
7.797658488508414365e-01
7.571294290552246231e-01
3.731628266586708431e-01
9.407558260518404936e-01
3.511285520642428715e-01
3.814035376120894494e-01
6.359327173393527488e-01
6.592636317521112232e-01
4.562641293653216801e-01
4.515508311394538232e-01
6.280316202802875836e-01
3.734865482833356065e-01
5.834379325424121632e-01
6.735609092211065629e-01
4.698922884051258686e-01
5.783152244809997011e-01
6.402407050021158286e-01
5.905775652164522160e-01
4.050753256964715887e-01
7.288591694329888959e-01
4.585294274767048872e-01
6.917446943956910843e-01
3.715006678313504951e-01
4.092273682671473400e-01
4.509483694437168566e-01
2.100853750003848219e-01
4.372099181219697428e-01
4.975118714569429224e-01
5.227149570689894054e-01
4.833585746947143269e-01
4.007580814997344087e-01
6.784630331965619821e-01
4.024368468074391858e-01
3.169143033582690894e-01
5.090580861741628160e-01
2.881473017948588122e-01
3.819059084498578338e-01
4.398789303041691356e-01
2.799009568558228356e-01
4.283098403557967226e-01
5.354244922802623430e-01
4.066547840579527451e-01
6.013952804497963989e-01
4.187998571062226949e-01
3.039793437493710782e-01
5.120517538207496333e-01
3.996464020253275296e-01
6.681126837871820268e-01
3.662295204414238725e-01
3.526954455295770452e-01
4.515491182914199708e-01
5.158135355897583985e-01
3.013574005314219595e-01
5.372111595652162563e-01
2.944738007727727425e-01
3.839964568852795024e-01
2.366169159110399489e-01
3.285902392015680462e-01
3.978877698579840194e-01
4.898935953202129268e-01
4.570878604153266744e-01
5.319819681683124468e-01
6.070774654520787461e-01
5.897967832251034270e-01
4.172509517400583290e-01
3.685556818490006159e-01
6.346068863597993381e-01
3.681569675338952630e-01
3.504178614311921347e-01
3.649787948615345057e-01
3.832127820151348674e-01
4.758154323829103527e-01
4.526732910185767844e-01
3.232063150911689275e-01
6.115426170023329222e-01
4.948120010267451629e-01
3.565839330019809905e-01
6.442759930358270548e-01
3.755064129718767019e-01
