8.202447082767899689e-01
4.724935026999043108e-01
7.950823224391950772e-01
5.425208591781851553e-01
7.297901362434570105e-01
3.371324158863187037e-01
1.172815029471956372e-01
3.674233033715712526e-01
9.846608021312276415e-01
4.672359624087873975e-02
4.179314553989368353e-01
4.146759322932156433e-01
5.947421776851986586e-01
8.489613889962727145e-01
6.466798888625707731e-01
5.736423694527983397e-01
7.653366316352117060e-01
1.697421484120442692e-01
1.522373198091979685e-01
5.492768339258093935e-01
2.498955927858558246e-01
2.890779427415662295e-01
2.292863023771077591e-01
3.213161017751661186e-01
2.623836703408332083e-01
1.962346504051113993e-01
2.128508311587586910e-01
1.866595776891059044e-01
3.640177078573662017e-01
3.889874460758811492e-01
3.850433208395298568e-01
5.921589698123759238e-01
9.590212176345986883e-01
2.715221428709175822e-01
5.365224062483050504e-01
8.957272141399119647e-01
2.010223210609862754e-01
1.280257257898280709e-01
2.171517979418826627e-01
3.961751651803036012e-02
4.968761140715801661e-01
1.788094065559218127e-01
3.945500046005313011e-01
3.817439185358960652e-01
4.340615632121349599e-01
2.934324198390052540e-01
4.842396667768529284e-01
6.289097611027508750e-01
5.478922238966665859e-01
3.644765067334971853e-01
3.637975455881156117e-01
8.211154807947722567e-01
5.441964673658233886e-01
3.140139713033871516e-01
2.541796969109964000e-01
8.011232280590738775e-01
8.757977625477760819e-01
9.171758277251806923e-02
4.219683559350094759e-01
8.272083390063633690e-01
5.452414077630332034e-01
5.133566412300086812e-01
9.290738296428177057e-01
6.555085279123599173e-01
7.759079567147312284e-01
4.098839961075633198e-01
9.633605025481157824e-01
5.329009091416021526e-01
7.494353748275357496e-01
3.412310701557441650e-01
1.231828523271196740e-01
4.021624330729498542e-01
9.761756392655436265e-01
2.593557354150211047e-02
4.345603187512991905e-01
6.647356459253797034e-01
9.394198595816536379e-01
4.820964322732945728e-01
7.960822674616732098e-01
3.799651100577284835e-01
3.040495502791105142e-01
3.166588778699295226e-01
3.965041235914296691e-01
2.215287624712885262e-01
2.728634612693295880e-01
2.065169891250905887e-01
3.221797322603692226e-01
5.285811539411275906e-01
7.170335279061545997e-01
2.586236689525992505e-01
4.534761376858909010e-02
1.848388549878555720e-01
6.588279542402761813e-01
4.073762089992833957e-01
5.382672744499843454e-01
7.606394219073924212e-01
8.153952704001836693e-01
9.831353006638510195e-02
4.136030034824227375e-01
7.304400559280241900e-01
8.606490913863275027e-01
2.714061306656165851e-01
5.760703627085483891e-01
6.906982050789391980e-01
3.619869325508056068e-01
2.337739306264127181e-01
2.219587071768720499e-01
4.153755292057583759e-01
8.361708072817086723e-01
7.620590710217112207e-02
4.075937828130938856e-01
5.128389168449942748e-01
5.609417994302666743e-01
6.136042171858759886e-01
6.092297520347398354e-01
6.824146210191367468e-01
8.202447082767899689e-01
4.724935026999043108e-01
7.950823224391950772e-01
5.425208591781851553e-01
7.297901362434570105e-01
3.371324158863187037e-01
1.172815029471956372e-01
3.674233033715712526e-01
9.846608021312276415e-01
4.672359624087873975e-02
4.179314553989368353e-01
4.146759322932156433e-01
5.947421776851986586e-01
8.489613889962727145e-01
6.466798888625707731e-01
5.736423694527983397e-01
7.653366316352117060e-01
1.697421484120442692e-01
1.522373198091979685e-01
5.492768339258093935e-01
2.498955927858558246e-01
2.890779427415662295e-01
2.292863023771077591e-01
3.213161017751661186e-01
2.623836703408332083e-01
1.962346504051113993e-01
2.128508311587586910e-01
1.866595776891059044e-01
3.640177078573662017e-01
3.889874460758811492e-01
3.850433208395298568e-01
5.921589698123759238e-01
9.590212176345986883e-01
2.715221428709175822e-01
5.365224062483050504e-01
8.957272141399119647e-01
2.010223210609862754e-01
1.280257257898280709e-01
2.171517979418826627e-01
3.961751651803036012e-02
4.968761140715801661e-01
1.788094065559218127e-01
3.945500046005313011e-01
3.817439185358960652e-01
4.340615632121349599e-01
2.934324198390052540e-01
4.842396667768529284e-01
6.289097611027508750e-01
5.478922238966665859e-01
3.644765067334971853e-01
3.637975455881156117e-01
8.211154807947722567e-01
5.441964673658233886e-01
3.140139713033871516e-01
2.541796969109964000e-01
8.011232280590738775e-01
8.757977625477760819e-01
9.171758277251806923e-02
4.219683559350094759e-01
8.272083390063633690e-01
5.452414077630332034e-01
5.133566412300086812e-01
9.290738296428177057e-01
6.555085279123599173e-01
8.606490913863275027e-01
2.714061306656165851e-01
5.760703627085483891e-01
6.906982050789391980e-01
3.619869325508056068e-01
2.337739306264127181e-01
2.219587071768720499e-01
4.153755292057583759e-01
8.361708072817086723e-01
7.620590710217112207e-02
4.075937828130938856e-01
5.128389168449942748e-01
5.609417994302666743e-01
6.136042171858759886e-01
6.092297520347398354e-01
6.824146210191367468e-01
9.317052143601718406e-01
4.355142606115665060e-01
5.162963462843996876e-01
5.508604213123702298e-01
2.367274926617879416e-01
1.721814438896070998e-01
1.679933283430623536e-01
3.959130986310646083e-01
5.043791420649608170e-01
2.117470460384783815e-01
3.870322823531083811e-01
5.216485326073723172e-01
6.030593213906617622e-01
2.858099358130641310e-01
4.395023379269473729e-01
8.165831992693219910e-01
8.303338597103717689e-01
4.665998553519319358e-01
5.736731194132866918e-01
6.132505311833653661e-01
4.176953501224436316e-01
6.834561787989268389e-02
2.514433957415467269e-01
4.334969768812602098e-01
6.997389549771697581e-01
2.021746450854547961e-01
3.198556293996108746e-01
6.196170974476395976e-01
5.576616256344590905e-01
5.033923288627057957e-01
7.367083274577814755e-01
7.469376712216021508e-01
7.750008773411671825e-01
1.311073707699161872e-01
6.293139448945792580e-01
7.628380370677482203e-01
4.423385191796773697e-01
1.446061323000099597e-01
2.616374190545274203e-01
3.508115867102947760e-01
5.663635838888390062e-01
2.211827554845926525e-01
3.674082536425267165e-01
5.197943240450957347e-01
7.015952734881987229e-01
3.734310139044128007e-01
7.677780273399754662e-01
6.604553282465096542e-01
7.558065223810968014e-01
4.403819951922685050e-01
4.983217002972621934e-01
7.259798819445766327e-01
9.598957010115860555e-02
1.686749567283337692e-01
1.718486032532644536e-01
3.031601151360776569e-01
5.766791303819855941e-01
2.553138296662323947e-01
4.202759104371289745e-01
6.479548366276457472e-01
7.876983664193272228e-01
3.245180954062667489e-01
5.372392414678834882e-01
6.637360285728397535e-01
8.027122622826672327e-01
4.457613692743365164e-01
7.319537088549092907e-01
6.457406833614502961e-01
4.805147115534484925e-01
4.252693119952466461e-02
1.993838220138234307e-01
5.533476480521271057e-01
6.505450560426773166e-01
2.242222053768897494e-01
3.481081073418212934e-01
8.634049903238878443e-01
6.936296575367115747e-01
4.453721141547615225e-01
8.317737274737009301e-01
6.835168569516169024e-01
8.202447082767889697e-01
4.724935026999067533e-01
7.950823224391856403e-01
5.425208591781744971e-01
7.297901362434613404e-01
3.371324158863306941e-01
1.172815029471928616e-01
3.674233033715791352e-01
9.846608021312187597e-01
4.672359624086031005e-02
4.179314553989430525e-01
4.146759322932112024e-01
5.947421776852095388e-01
8.489613889962696058e-01
6.466798888625721053e-01
5.736423694528003381e-01
7.653366316352174792e-01
1.697421484120339441e-01
1.522373198092024094e-01
5.492768339258148336e-01
2.498955927858659276e-01
2.890779427415600678e-01
2.292863023771098685e-01
3.213161017751682280e-01
2.623836703408413684e-01
1.962346504051148133e-01
2.128508311587617718e-01
1.866595776891126768e-01
3.640177078573615388e-01
3.889874460758890873e-01
3.850433208395305229e-01
5.921589698123773671e-01
9.590212176345829231e-01
2.715221428709223561e-01
5.365224062483171519e-01
8.957272141399139631e-01
2.010223210609773936e-01
1.280257257898331225e-01
2.171517979418867705e-01
3.961751651803879781e-02
4.968761140715657332e-01
1.788094065559160395e-01
3.945500046005286920e-01
3.817439185359178255e-01
4.340615632121354039e-01
2.934324198389954841e-01
4.842396667768347207e-01
6.289097611027532064e-01
5.478922238966625891e-01
3.644765067334950759e-01
3.637975455881166664e-01
8.211154807947809164e-01
5.441964673658211682e-01
3.140139713033904822e-01
2.541796969110029503e-01
8.011232280590728783e-01
8.757977625477814110e-01
9.171758277252928249e-02
4.219683559350196900e-01
8.272083390063594832e-01
5.452414077630277633e-01
5.133566412300151205e-01
9.290738296428180387e-01
6.555085279123614717e-01
