8.261635853190775203e-01
4.945731322264709240e-01
5.128755146739871762e-01
6.585929088362173500e-01
5.842847158338381197e-01
2.593484543211073134e-01
1.125739328143461337e-01
4.217434646115518770e-01
4.368726597429258840e-01
4.287501897373124926e-01
3.612225360440843858e-01
2.011493122580579884e-01
4.918246862245680973e-01
8.043362645969244218e-01
9.690285920819535770e-01
5.703981282746100057e-01
9.085892347322441776e-01
2.402633235149285174e-01
4.366437935502931467e-01
8.279790726765632325e-01
2.502399005766730022e-01
1.033224552838519217e-01
3.496870172670670796e-01
1.171149497068016965e-01
3.349723925663969926e-01
4.923341596335032988e-01
3.025589592524154936e-01
1.448908704991355156e-01
2.603261324586672032e-01
4.834682384932373345e-01
5.136106510152922411e-01
3.941593071283963079e-01
5.694835956177561886e-01
2.920190259094240792e-01
4.990932828320041592e-01
7.281498485669590792e-01
7.222616128439681704e-01
3.299665309941939850e-01
5.241966408729689109e-01
4.420641203864930091e-01
2.838641582981852318e-01
5.562583042049702442e-01
2.160480757370206173e-01
1.035491659215465043e-01
1.404982483193963905e-01
1.932947323039584386e-01
3.826262251788767887e-01
3.572429938351243672e-01
5.348849760099432249e-01
1.500112782168523395e-01
1.302328031150591370e-01
6.744576191534186194e-01
7.974264321794680699e-01
1.632026312310952409e-02
2.354054773945064571e-01
3.961667198320120153e-01
9.161852940843359105e-01
4.111277103266610666e-01
5.321252005464175427e-01
3.765231920247524844e-01
4.966280946004380525e-01
2.925133986321205581e-01
6.959553533349015497e-01
6.201886484458698501e-01
7.571864604187187320e-01
2.535047991060308537e-01
4.633470752643238377e-01
5.921130161713551443e-01
3.997098019088849430e-01
9.520827842347068248e-02
9.552933281918685182e-02
3.166889702634327897e-01
4.086893666491553390e-01
4.351147559921071384e-01
2.742888886894570000e-01
5.303294214141229812e-01
7.960825452937811963e-01
9.058730544995896583e-01
7.446741002924368580e-01
3.579792900606012518e-01
5.357998216921353585e-01
4.202036160200040005e-01
1.847902603793179499e-01
3.274425810792956915e-01
2.961182315066425152e-01
5.079969465401432682e-01
9.635821176126446730e-02
5.636737865932702762e-01
3.445962230888524047e-01
1.964418495517780139e-01
6.116783379607462212e-01
5.350777847855970881e-01
2.295374905624463224e-01
1.207878927005243685e-01
5.061053254942915469e-01
9.743950277914401603e-01
7.491274800989815574e-01
3.168196699818230933e-01
4.982186944837418974e-01
5.559008626077304172e-01
8.246299724605691273e-01
2.028940061203041711e-01
3.827379496374769818e-01
7.394073139343466661e-01
7.208067357386551688e-01
1.797870049326028008e-01
3.766585472842068905e-01
3.596935579114848291e-01
6.364253996079876075e-01
5.856441907191868301e-01
4.187522031426135216e-01
9.952959478592826592e-02
3.827929357725780024e-01
4.977885168683193751e-01
6.793219977937101639e-01
5.609202550028117296e-01
8.261635853190775203e-01
4.945731322264709240e-01
5.128755146739871762e-01
6.585929088362173500e-01
5.842847158338381197e-01
2.593484543211073134e-01
1.125739328143461337e-01
4.217434646115518770e-01
4.368726597429258840e-01
4.287501897373124926e-01
3.612225360440843858e-01
2.011493122580579884e-01
4.918246862245680973e-01
8.043362645969244218e-01
9.690285920819535770e-01
5.703981282746100057e-01
9.085892347322441776e-01
2.402633235149285174e-01
4.366437935502931467e-01
8.279790726765632325e-01
2.502399005766730022e-01
1.033224552838519217e-01
3.496870172670670796e-01
1.171149497068016965e-01
3.349723925663969926e-01
4.923341596335032988e-01
3.025589592524154936e-01
1.448908704991355156e-01
2.603261324586672032e-01
4.834682384932373345e-01
5.136106510152922411e-01
3.941593071283963079e-01
5.694835956177561886e-01
2.920190259094240792e-01
4.990932828320041592e-01
7.281498485669590792e-01
7.222616128439681704e-01
3.299665309941939850e-01
5.241966408729689109e-01
4.420641203864930091e-01
2.838641582981852318e-01
5.562583042049702442e-01
2.160480757370206173e-01
1.035491659215465043e-01
1.404982483193963905e-01
1.932947323039584386e-01
3.826262251788767887e-01
3.572429938351243672e-01
5.348849760099432249e-01
1.500112782168523395e-01
1.302328031150591370e-01
6.744576191534186194e-01
7.974264321794680699e-01
1.632026312310952409e-02
2.354054773945064571e-01
3.961667198320120153e-01
9.161852940843359105e-01
4.111277103266610666e-01
5.321252005464175427e-01
3.765231920247524844e-01
4.966280946004380525e-01
2.925133986321205581e-01
6.959553533349015497e-01
6.201886484458698501e-01
8.246299724605691273e-01
2.028940061203041711e-01
3.827379496374769818e-01
7.394073139343466661e-01
7.208067357386551688e-01
1.797870049326028008e-01
3.766585472842068905e-01
3.596935579114848291e-01
6.364253996079876075e-01
5.856441907191868301e-01
4.187522031426135216e-01
9.952959478592826592e-02
3.827929357725780024e-01
4.977885168683193751e-01
6.793219977937101639e-01
5.609202550028117296e-01
7.191449495530686242e-01
5.878347307985691828e-01
4.734804714880538334e-01
5.601276254018108247e-01
3.340331148442321485e-01
3.686111033261243453e-01
3.864882972344159118e-01
3.042500577353282054e-01
4.039921760072986423e-01
4.343501973047098064e-01
4.815389608222185869e-01
2.940110962792390481e-01
6.704360510410044549e-01
1.254442046483352780e-01
1.704007252544830209e-01
5.529812391146418094e-01
7.692041940367972952e-01
7.448915713413732931e-01
6.152341934510618948e-01
4.065754806960881762e-01
4.774200289697563271e-01
3.071023124148826167e-01
3.806032037266235957e-01
4.642390975132988373e-01
8.037078701307414086e-01
1.879092054366003905e-01
4.634292151978913754e-01
5.069558941566696397e-01
3.975596486291681497e-01
6.379336072737067376e-01
3.510479829311696776e-01
5.725763384849423820e-01
7.615729724598045980e-01
5.265285973618549775e-01
6.622357724082541530e-01
5.114747374996616580e-01
9.659019414488625443e-01
3.808226109964384376e-01
3.149651701577242946e-01
3.069443283174626558e-01
5.887112347573606463e-01
3.780481796108798864e-01
4.648556112385271444e-01
3.488862912072141498e-01
4.429559656812991353e-01
2.460296919403059945e-01
8.415427172336471529e-01
5.771220233515649278e-01
7.240613769199499838e-01
4.698373842235694653e-01
6.058435122789060934e-01
5.638879485198944330e-01
6.195872777269668674e-01
3.476965902502066053e-01
2.854544219759689305e-01
3.432672076049527732e-01
6.181945821500760552e-01
4.379174773606330229e-01
5.010963626773894397e-01
2.905555664913865854e-01
5.206738032154457629e-01
4.054429100207124215e-01
4.089514365982420685e-01
5.301040656189892619e-01
7.471812866933504882e-01
7.516286175299571326e-01
7.112316333303034810e-01
4.943049193119863904e-01
7.353327678452394878e-01
2.319830825960438325e-01
3.425154415302660293e-01
4.923262745385108552e-01
7.694625502457794752e-01
3.345615222730488059e-01
4.365212402471556619e-01
5.298046225403449938e-01
4.809210771757332914e-01
5.218089542844288609e-01
5.419729238814170458e-01
5.414647905673911632e-01
8.261635853190767431e-01
4.945731322264640406e-01
5.128755146739787385e-01
6.585929088362167949e-01
5.842847158338351221e-01
2.593484543211139748e-01
1.125739328143454676e-01
4.217434646115588714e-01
4.368726597429267722e-01
4.287501897372900661e-01
3.612225360440854960e-01
2.011493122580461090e-01
4.918246862245782558e-01
8.043362645969122093e-01
9.690285920819513565e-01
5.703981282746133363e-01
9.085892347322497287e-01
2.402633235149348456e-01
4.366437935503004741e-01
8.279790726765735576e-01
2.502399005766779982e-01
1.033224552838505894e-01
3.496870172670726307e-01
1.171149497068008083e-01
3.349723925663957158e-01
4.923341596335011339e-01
3.025589592524140503e-01
1.448908704991463958e-01
2.603261324586600978e-01
4.834682384932309507e-01
5.136106510153011229e-01
3.941593071283912009e-01
5.694835956177486391e-01
2.920190259094269658e-01
4.990932828319969983e-01
7.281498485669597454e-01
7.222616128439749428e-01
3.299665309941993141e-01
5.241966408729711313e-01
4.420641203865030011e-01
2.838641582981987765e-01
5.562583042049686899e-01
2.160480757370177862e-01
1.035491659215647120e-01
1.404982483193907283e-01
1.932947323039480025e-01
3.826262251788574709e-01
3.572429938351295853e-01
5.348849760099456674e-01
1.500112782168400161e-01
1.302328031150699061e-01
6.744576191534215059e-01
7.974264321794818366e-01
1.632026312311518623e-02
2.354054773945083445e-01
3.961667198320198979e-01
9.161852940843294713e-01
4.111277103266722799e-01
5.321252005464173207e-01
3.765231920247501529e-01
4.966280946004323349e-01
2.925133986321283297e-01
6.959553533349143173e-01
6.201886484458680737e-01
