1.826713505335421373e-01
2.527750333109155534e-01
3.491377927131303904e-01
1.702460042427518250e-01
3.403556676812155013e-01
0.000000000000000000e+00
9.293046034771759167e-01
1.506889169677416707e-01
3.530411635377828095e-02
3.957667634797692457e-01
1.165942076228803082e-01
1.530182087653629841e-01
2.314523496635458866e-01
6.345543757586101785e-01
4.196694491211058198e-01
1.018080932765920710e-01
1.855125171637589943e-01
3.623970609687892086e-01
3.931073866145626816e-01
4.036512687578235337e-01
4.400983441723279599e-01
5.201028326960044357e-01
7.583629448851643140e-01
3.222977115700410566e-01
8.765418380919473007e-01
9.595505193978894898e-01
8.100051038102181744e-01
9.999999999999998890e-01
4.499846460145584537e-02
3.587543517336910237e-01
6.288417840940889736e-01
6.205933221834984970e-01
7.042619759169415072e-01
6.091309894551374393e-01
0.000000000000000000e+00
7.804053154494878797e-01
0.000000000000000000e+00
9.041647064258198085e-01
9.210329036106729150e-01
5.486024115465135687e-01
2.878520767945692560e-01
5.471760985993281423e-01
2.792927615865878344e-01
2.900323956677145487e-01
7.569144925818893643e-02
9.725866558523676986e-01
4.480457688505490310e-01
6.678600962429014354e-01
1.189530021811509020e-01
0.000000000000000000e+00
3.166156667977253480e-01
3.505094166211952800e-02
3.887394972752441502e-01
6.813526066687713989e-01
1.000000000000000000e+00
4.481213277180235988e-01
5.201099768297200443e-01
4.668398748583537650e-01
1.167164729240429688e-01
7.413059669335151369e-01
1.144739456516739584e-01
7.947408817726330232e-01
5.773396690848339174e-01
1.959712127750957433e-01
1.554381500152864637e-01
2.861004350824143394e-01
5.336081583066845102e-01
8.633089525864706681e-02
4.862907090149515277e-01
4.856613854576297129e-02
1.000000000000000000e+00
1.424816531422157251e-01
2.011630649291291650e-01
4.767979918051603594e-01
2.498664933830652135e-01
5.968648977095680763e-02
7.225855435460706300e-01
2.185583320411792485e-01
1.799245353510250389e-01
4.680633981260927667e-01
5.894945964016973239e-01
2.202907392732604830e-01
4.662008819652850300e-01
7.827380360134700288e-01
9.999999999999998890e-01
9.406162372968546181e-01
6.932048351095065897e-02
2.096255347719634399e-01
7.835848526723359075e-01
9.999999999999998890e-01
1.434848819987815105e-01
8.661490372103912705e-01
7.731526957201331207e-01
0.000000000000000000e+00
1.005612168222965730e-01
4.229100072090266060e-01
1.173819654989720629e-01
9.551753146568300323e-01
8.312483273185515831e-01
3.792992712143128387e-01
2.697732983384713012e-01
1.994000475152002405e-01
7.043022026623635412e-02
1.909608044245802994e-01
1.514683273385903917e-01
7.279111562353609566e-01
1.000000000000000000e+00
3.972082879993446003e-01
6.161968297289233121e-01
8.596921816499109026e-01
4.833257398084108702e-01
7.298481486615522318e-01
5.579860542679027091e-02
9.729933411807942800e-01
4.150989076327573635e-01
3.722015797097931733e-01
1.826713505335421373e-01
2.527750333109155534e-01
3.491377927131303904e-01
1.702460042427518250e-01
3.403556676812155013e-01
0.000000000000000000e+00
9.293046034771759167e-01
1.506889169677416707e-01
3.530411635377828095e-02
3.957667634797692457e-01
1.165942076228803082e-01
1.530182087653629841e-01
2.314523496635458866e-01
6.345543757586101785e-01
4.196694491211058198e-01
1.018080932765920710e-01
1.855125171637589943e-01
3.623970609687892086e-01
3.931073866145626816e-01
4.036512687578235337e-01
4.400983441723279599e-01
5.201028326960044357e-01
7.583629448851643140e-01
3.222977115700410566e-01
8.765418380919473007e-01
9.595505193978894898e-01
8.100051038102181744e-01
9.999999999999998890e-01
4.499846460145584537e-02
3.587543517336910237e-01
6.288417840940889736e-01
6.205933221834984970e-01
7.042619759169415072e-01
6.091309894551374393e-01
0.000000000000000000e+00
7.804053154494878797e-01
0.000000000000000000e+00
9.041647064258198085e-01
9.210329036106729150e-01
5.486024115465135687e-01
2.878520767945692560e-01
5.471760985993281423e-01
2.792927615865878344e-01
2.900323956677145487e-01
7.569144925818893643e-02
9.725866558523676986e-01
4.480457688505490310e-01
6.678600962429014354e-01
1.189530021811509020e-01
0.000000000000000000e+00
3.166156667977253480e-01
3.505094166211952800e-02
3.887394972752441502e-01
6.813526066687713989e-01
1.000000000000000000e+00
4.481213277180235988e-01
5.201099768297200443e-01
4.668398748583537650e-01
1.167164729240429688e-01
7.413059669335151369e-01
1.144739456516739584e-01
7.947408817726330232e-01
5.773396690848339174e-01
1.959712127750957433e-01
2.697732983384713012e-01
1.994000475152002405e-01
7.043022026623635412e-02
1.909608044245802994e-01
1.514683273385903917e-01
7.279111562353609566e-01
1.000000000000000000e+00
3.972082879993446003e-01
6.161968297289233121e-01
8.596921816499109026e-01
4.833257398084108702e-01
7.298481486615522318e-01
5.579860542679027091e-02
9.729933411807942800e-01
4.150989076327573635e-01
3.722015797097931733e-01
8.314111661747747295e-02
1.450321738269835237e-01
3.106425426167502835e-01
9.583330635147557786e-02
2.062603221971990308e-01
8.288620038416307789e-01
8.597162481393525457e-01
6.879114883994308371e-01
5.992426879207157775e-02
1.000000000000000000e+00
6.020900633076325947e-01
7.350186695121267988e-01
1.455323927468076262e-01
5.372315617850291769e-01
6.604954030613465754e-01
2.013159275808236170e-01
1.272432159154816000e-01
1.657520775503864563e-01
1.541393683877982923e-01
4.076413247339938373e-02
0.000000000000000000e+00
9.309811695638952056e-01
9.862604843795239606e-01
8.202220046604256076e-01
2.989517461346613558e-01
8.808172014059213462e-01
7.493542720994323947e-01
4.141366347736243902e-01
8.005851063510549537e-02
6.988063432643785156e-01
4.989937901465699710e-01
4.081620601976035934e-01
1.039145706386830348e-01
2.470453473372149489e-01
1.709016740075348650e-01
7.582184010433123955e-02
2.535448689075536777e-01
1.000000000000000000e+00
8.945987521287737110e-01
8.123930829066754455e-01
3.032359580078272110e-01
8.159503035281541194e-01
8.467776476087798265e-01
7.825772484997965961e-01
7.746646473299911850e-02
9.235489558288167977e-01
7.660341488180693048e-01
3.109683759351803412e-01
9.607674992256720614e-02
1.739468932839258741e-01
3.493129254271498674e-01
7.721498146265937113e-02
3.391859045887635205e-02
9.553636726802284818e-01
8.708418652237868152e-01
9.890679752012454529e-01
2.227239006875669780e-01
9.479100406739763285e-01
7.534039196451480791e-01
6.375454117857239922e-01
7.063894260840164474e-02
7.939834560269876107e-01
1.000000000000000000e+00
2.721434892222476254e-01
1.454835645880390160e-01
0.000000000000000000e+00
2.224965798886011648e-01
9.923976304670589776e-02
1.645535595581835153e-01
8.356296162781562398e-01
7.789334032562413856e-01
9.757847220634379148e-01
1.475913116402800540e-01
9.500235464224374704e-01
7.820349070102723399e-01
3.761966213703562545e-01
8.801854764392635921e-02
8.108624374108823751e-01
6.127140969998219333e-01
3.894142064053823793e-01
1.826713505335388898e-01
2.527750333109097802e-01
3.491377927131238956e-01
1.702460042427484388e-01
3.403556676812264925e-01
0.000000000000000000e+00
9.293046034771834663e-01
1.506889169677400053e-01
3.530411635378394308e-02
3.957667634797572553e-01
1.165942076228733137e-01
1.530182087653582101e-01
2.314523496635480515e-01
6.345543757586064038e-01
4.196694491211129252e-01
1.018080932765971780e-01
1.855125171637648784e-01
3.623970609687733324e-01
3.931073866145786688e-01
4.036512687578223124e-01
4.400983441723345102e-01
5.201028326960094317e-01
7.583629448851678667e-01
3.222977115700382811e-01
8.765418380919465235e-01
9.595505193978886016e-01
8.100051038102153989e-01
1.000000000000000222e+00
4.499846460145590088e-02
3.587543517336850840e-01
6.288417840940849768e-01
6.205933221834926128e-01
7.042619759169432836e-01
6.091309894551425463e-01
0.000000000000000000e+00
7.804053154494972055e-01
0.000000000000000000e+00
9.041647064258189204e-01
9.210329036106699174e-01
5.486024115465131246e-01
2.878520767945701442e-01
5.471760985993225912e-01
2.792927615866039881e-01
2.900323956677220982e-01
7.569144925818749314e-02
9.725866558523634797e-01
4.480457688505350422e-01
6.678600962429055432e-01
1.189530021811478488e-01
0.000000000000000000e+00
3.166156667977208516e-01
3.505094166213518214e-02
3.887394972752492572e-01
6.813526066687720650e-01
1.000000000000000000e+00
4.481213277180350341e-01
5.201099768297324788e-01
4.668398748583689750e-01
1.167164729240449672e-01
7.413059669335188007e-01
1.144739456516854492e-01
7.947408817726352437e-01
5.773396690848402457e-01
1.959712127750989075e-01
