3.773259957197627745e-03
3.690254919728297445e-03
3.159043015273532706e-03
4.870185741076393793e-03
9.740876028875966597e-03
3.765756217440019427e-03
6.056877385609560349e-01
7.540004911732585136e-01
3.193890318458221245e-01
1.374448218058383908e-01
1.655504850976212694e-01
8.590409877281723894e-01
6.586526382177977368e-01
1.189747181787585983e-01
1.175182628417663633e-01
1.009866969674737547e-01
9.577802141584967899e-01
1.696361490594446852e-01
8.228686496199379974e-01
2.239203091612771424e-01
8.692517397139019053e-01
6.026804471456417289e-01
7.510332953541398737e-02
1.637453281253740123e-01
5.120753370791675252e-01
3.262623029648241690e-01
9.904939279465627688e-01
2.122015915119374041e-03
2.610490529383197034e-03
2.685164466323580745e-03
1.780303030303032052e-02
3.191489361702129490e-02
4.086876305367831419e-03
6.767676767676764626e-01
2.896860986547085126e-01
6.009615384615385469e-02
1.463414634146341653e-01
6.822429906542055722e-01
3.865889990662101372e-01
2.669735327963176363e-01
5.060220525869381092e-01
1.954751131221720284e-01
2.761194029850744247e-01
4.768547875713379236e-01
5.594405594405595927e-01
6.829995342338146536e-01
4.301125703564729896e-01
4.404761904761904656e-01
4.004449388209119221e-01
2.405911330049261831e-01
3.988269794721406303e-01
4.575827055355388140e-01
5.128205128205129970e-01
0.000000000000000000e+00
4.200000000000001510e-01
4.862385321100917146e-01
7.222222222222223209e-01
1.428571428571432378e-01
1.000000000000000000e+00
4.861593366573551123e-01
0.000000000000000000e+00
0.000000000000000000e+00
0.000000000000000000e+00
0.000000000000000000e+00
0.000000000000000000e+00
0.000000000000000000e+00
0.000000000000000000e+00
0.000000000000000000e+00
0.000000000000000000e+00
0.000000000000000000e+00
8.514851485148514643e-01
0.000000000000000000e+00
0.000000000000000000e+00
0.000000000000000000e+00
0.000000000000000000e+00
0.000000000000000000e+00
0.000000000000000000e+00
0.000000000000000000e+00
0.000000000000000000e+00
0.000000000000000000e+00
9.856801909307876253e-01
1.662630099459116995e-02
1.767361614522350299e-02
1.840569181029227952e-02
2.617787133536569888e-02
3.318624418226234773e-02
1.820314037054954204e-02
9.928468370374519125e-01
8.869998325542833850e-01
9.118631077075867175e-01
7.423320165966114104e-01
9.187158427934041249e-01
9.422119710639036416e-01
9.075186683304337087e-01
9.822258301613411291e-01
9.075645211190073169e-01
9.079718344750329351e-01
9.635180289416243049e-01
9.006153809264043630e-01
9.653768180961328493e-01
8.638402689288438019e-01
9.192217729699125872e-01
9.580161219368314995e-01
8.822768665390978704e-01
9.210020698128573713e-01
9.422111452734660553e-01
9.122901950454367359e-01
9.539722912455834702e-01
6.899420322768898273e-03
7.453112804949646453e-03
7.503049952562360070e-03
1.245180587768890401e-02
1.867358358601631241e-02
7.704582167021467587e-03
9.915479685822186084e-01
8.639336783621346383e-01
9.001976419230279802e-01
7.298443491549924111e-01
9.081563323579100455e-01
9.294000842274607876e-01
8.920543258868535164e-01
9.806133966860826057e-01
9.025179925322399654e-01
9.038992930162930151e-01
9.574881099020098318e-01
8.885571838478800721e-01
9.563687006091380338e-01
8.497734185090339842e-01
8.976352521117794137e-01
9.478421884802050723e-01
8.621822285071726322e-01
9.086040970818616280e-01
9.342170231117625789e-01
8.968519737654860879e-01
9.393671539030971074e-01
3.666361136571927304e-03
3.720065101139258257e-03
7.532956685499081484e-03
3.496503496503489128e-03
0.000000000000000000e+00
4.706793415853394169e-03
5.920362819339270999e-01
7.864238410596026130e-01
2.085953531746409517e-01
8.606227327334403654e-02
1.194663432383262780e-01
8.265306122448983217e-01
5.519713261648746538e-01
1.475519785378938131e-01
6.152584085315826457e-02
1.089181286549707472e-01
6.126335023290527815e-01
1.078708289443777169e-01
7.978366118550179742e-01
2.114942528735634930e-01
8.671875000000002220e-01
5.878623188405800448e-01
7.107142857142845216e-02
1.347885023019186335e-01
6.710526315789460128e-01
1.908560128060541317e-01
9.815457818930040101e-01
