3.707249912208498976e-03
3.598768437562016587e-03
3.307330578196099324e-03
4.740162703860073545e-03
1.106846976033282193e-02
3.733430515119207094e-03
6.596374635099131467e-01
7.875906220608186459e-01
3.088978166311564522e-01
1.339373375330237259e-01
1.402679561270741004e-01
9.062967411399176498e-01
6.748811319857326296e-01
8.491824957736171520e-02
1.361421286304373979e-01
1.168882355299736275e-01
9.143345161085232320e-01
1.376796744398915973e-01
8.332325420716788500e-01
2.151296876582922124e-01
8.693253987561853080e-01
6.196037491946739806e-01
5.216784845134769810e-02
1.380594244357098432e-01
5.376852289418909692e-01
3.152247360292221856e-01
9.881584105260623474e-01
7.506631299734747853e-02
5.846284604176782418e-02
4.497650481091966523e-02
6.704545454545454697e-02
1.063829787234041313e-02
6.432127586095692795e-02
4.854669140383425230e-01
3.572719362827116996e-01
1.153846153846155298e-01
2.774193548387096087e-01
2.482334169136084512e-01
2.802512974597104467e-01
2.025316455696202222e-01
3.223070398642913226e-02
2.557158712541621748e-01
3.283582089552239403e-01
2.426850258175559105e-01
6.129807692307691624e-01
1.499202551834128982e-01
3.994477680625865279e-01
4.092508798391152336e-01
4.371921182266009787e-01
6.588021778584389754e-01
4.311004784688994285e-01
2.026002166847236108e-01
5.128205128205129970e-01
0.000000000000000000e+00
5.200000000000002398e-01
4.587155963302751438e-01
7.222222222222223209e-01
1.428571428571432378e-01
1.000000000000000000e+00
5.662740393844476472e-01
0.000000000000000000e+00
0.000000000000000000e+00
0.000000000000000000e+00
0.000000000000000000e+00
0.000000000000000000e+00
0.000000000000000000e+00
0.000000000000000000e+00
0.000000000000000000e+00
0.000000000000000000e+00
0.000000000000000000e+00
8.486842105263157077e-01
0.000000000000000000e+00
0.000000000000000000e+00
0.000000000000000000e+00
0.000000000000000000e+00
0.000000000000000000e+00
0.000000000000000000e+00
0.000000000000000000e+00
0.000000000000000000e+00
0.000000000000000000e+00
8.178217821782178820e-01
2.195269606094940595e-02
2.295553314853021609e-02
2.384107692163667247e-02
3.162878599470042573e-02
3.959582835886854557e-02
2.355073734418994258e-02
9.506159456870362234e-01
9.232644763408697219e-01
8.691720325826430837e-01
7.697330020922334981e-01
8.963387137407416994e-01
9.704586880497323431e-01
9.281561791184760324e-01
8.523500662176761722e-01
9.096947802043624520e-01
9.011311880514334405e-01
9.209843782378244192e-01
8.243801732729494347e-01
9.910357535350582392e-01
8.278078163137378986e-01
9.050145297237193187e-01
9.887046140544981654e-01
8.974668213908065795e-01
8.864089847847100856e-01
9.322307746671723017e-01
8.823444955866310835e-01
9.397446881503299654e-01
9.179279196701278787e-03
9.751920625122756370e-03
9.796975201950997025e-03
1.513742526073864891e-02
2.239499120921847886e-02
1.004196464418899426e-02
9.420302274826752864e-01
9.069604393096927231e-01
8.526668230009448735e-01
7.581613736531944703e-01
8.832002248315369286e-01
9.637128885971022463e-01
9.158695627673086870e-01
8.407266875892180913e-01
9.047529810694605601e-01
8.967888892099553644e-01
9.085008149638134078e-01
8.048761178173386988e-01
9.886414825093045033e-01
8.107604342141607745e-01
8.800236950493547372e-01
9.858797265428300705e-01
8.796636937610397000e-01
8.692515447948234719e-01
9.229553369651690709e-01
8.623151601518939113e-01
9.209101165501930586e-01
5.499541704857890956e-03
4.882585445245279931e-03
7.532956685499081484e-03
3.496503496503489128e-03
0.000000000000000000e+00
4.976292433389484238e-03
6.428571428571423496e-01
8.024580872262992992e-01
2.159290788933576621e-01
9.856395086462987898e-02
1.015463917525774029e-01
8.265306122448983217e-01
5.519713261648746538e-01
1.091822251337482008e-01
8.324084350721427938e-02
1.135772576450548854e-01
6.126335023290527815e-01
8.283911792412457231e-02
8.041220893643803436e-01
2.288822031937054469e-01
8.596698113207550396e-01
5.878623188405800448e-01
7.107142857142845216e-02
1.238838621952647046e-01
7.846153846153836042e-01
1.337040749053404198e-01
9.815457818930040101e-01
