4.575481641175938030e-03
4.570989639853473285e-03
4.314694298287957697e-03
6.374094841516908527e-03
9.291909458849723080e-03
4.688145649991926067e-03
7.771373927762859068e-01
7.695843928245693633e-01
3.186964337161919403e-01
1.104761328866514791e-01
1.030889227445301870e-01
9.873994839786703892e-01
5.696495345602636817e-01
9.222872499885403919e-02
5.902408648504509081e-02
9.870400464930551010e-02
8.295500928839807386e-01
1.267706078265693481e-01
8.370883967178155416e-01
1.982302014880836794e-01
8.831478580524949606e-01
6.255481739963766330e-01
4.414124577897515778e-02
1.372339304412779626e-01
6.626071182301345175e-01
3.168010400156657802e-01
9.866274019319154487e-01
7.519893899204246890e-02
6.204468188440992460e-02
5.213694338778251947e-02
7.499999999999998335e-02
3.191489361702129490e-02
6.498719551464637867e-02
4.269972451790629009e-01
3.283890996895479919e-01
2.628205128205128860e-01
2.774193548387096087e-01
2.056074766355140415e-01
4.517208413001914113e-01
2.025316455696202222e-01
3.554088439584621728e-01
1.447963800904977782e-01
5.522388059701490715e-01
4.330262225372076834e-01
1.311188811188812586e-01
3.369946605644544846e-01
4.129325014180376119e-01
5.622549019607843146e-01
4.530874097834800551e-01
5.462068965517243857e-01
2.258741258741259195e-01
5.267605633802818765e-01
5.128205128205129970e-01
0.000000000000000000e+00
3.000000000000000444e-01
3.761467889908258755e-01
6.111111111111111605e-01
1.428571428571432378e-01
1.000000000000000000e+00
4.268715800377398395e-01
0.000000000000000000e+00
0.000000000000000000e+00
0.000000000000000000e+00
0.000000000000000000e+00
0.000000000000000000e+00
0.000000000000000000e+00
0.000000000000000000e+00
0.000000000000000000e+00
0.000000000000000000e+00
0.000000000000000000e+00
7.987616099071207509e-01
0.000000000000000000e+00
0.000000000000000000e+00
0.000000000000000000e+00
0.000000000000000000e+00
0.000000000000000000e+00
0.000000000000000000e+00
0.000000000000000000e+00
0.000000000000000000e+00
0.000000000000000000e+00
7.836812144212523812e-01
2.426620727869849281e-02
2.530278817458420093e-02
2.553735260739281587e-02
3.521208242528822696e-02
4.291751495281748152e-02
2.589153037253083545e-02
9.114337391375446629e-01
9.279453477924739513e-01
9.062584831846476341e-01
8.002083995287918583e-01
8.399301241756003122e-01
9.720648331294470257e-01
8.745998298251689285e-01
9.299211628129455676e-01
5.310160128015288805e-01
6.732787610464789907e-01
9.090091996681515241e-01
7.677560660143560867e-01
9.510198394815885248e-01
8.682943475391442512e-01
9.057132602241375618e-01
9.599358046151023061e-01
9.055243953377778432e-01
8.802706247075144930e-01
9.403760620737360298e-01
8.629524532100663059e-01
9.477152645949376009e-01
1.018004750464300556e-02
1.078404038586096292e-02
1.052016388805024349e-02
1.692031530389105642e-02
2.433818493373873793e-02
1.107567451726984564e-02
8.966706172770697592e-01
9.125582401820654388e-01
8.939274698600105928e-01
7.897707428993405721e-01
8.209189282964617362e-01
9.656752415901981301e-01
8.543915507744913596e-01
9.239023041158165306e-01
5.160349658782319437e-01
6.625575300250048372e-01
8.948206140628500727e-01
7.437350442672481243e-01
9.384659014783763853e-01
8.546174961774974932e-01
8.808871100755422123e-01
9.502076124908915844e-01
8.889730493466961869e-01
8.623112470157792142e-01
9.321441508666357123e-01
8.401346283377426616e-01
9.312335147333891117e-01
5.499541704857890956e-03
5.580097651708915141e-03
9.416195856873810222e-03
6.993006993007033767e-03
0.000000000000000000e+00
6.380341790697185989e-03
7.826086956521738358e-01
7.864238410596026130e-01
2.085953531746409517e-01
5.007259535903663128e-02
6.658779787054225352e-02
1.000000000000000000e+00
4.680851063829782888e-01
1.091822251337482008e-01
3.010839020473699001e-02
1.089181286549707472e-01
5.523367413935860171e-01
7.417675330870854289e-02
8.295154185022028948e-01
1.830238726790454074e-01
8.671875000000002220e-01
6.563584404980611353e-01
9.539789069990378678e-02
1.238838621952647046e-01
8.900523560209414597e-01
1.908560128060541317e-01
9.815457818930040101e-01
