4.113656359407691365e-03
4.183443339261350147e-03
3.924648849681355856e-03
6.336651479165844592e-03
9.845467705842159134e-03
4.377893846997660265e-03
6.894781029082253099e-01
7.719440932516787868e-01
3.193396877578766890e-01
1.398839880933757662e-01
1.095237844142356032e-01
8.972492470330726277e-01
6.138471338362041507e-01
7.671635343868898893e-02
8.846204599638141097e-02
9.409498401380300692e-02
8.728400922373396043e-01
1.372640015799742041e-01
8.532718369938883107e-01
2.317489440113087440e-01
8.824016570355475153e-01
6.470643591458307142e-01
7.640401336202584659e-02
1.541766651400853227e-01
5.491102232128790561e-01
2.697487603552701785e-01
9.854574427696305428e-01
8.620689655172403265e-03
7.770762506070894027e-03
8.726784515551588850e-03
2.121212121212120993e-02
1.063829787234041313e-02
1.260236726552035891e-02
6.121212121212118440e-01
1.524663677130044803e-01
2.136752136752136932e-01
2.742857142857142438e-01
7.881619937694701594e-01
2.802512974597104467e-01
1.243484735666418040e-01
5.060220525869381092e-01
1.081351689612015665e-01
2.336394948335245303e-01
2.664776754075124376e-01
1.214574898785425461e-01
7.978188715030820610e-01
3.414634146341466447e-01
4.140025575447567885e-01
3.348325837081458367e-01
3.046718576195774908e-01
2.119480519480518854e-01
4.830157415078706329e-01
3.560703560703561976e-01
0.000000000000000000e+00
4.000000000000001332e-01
3.853211009174311030e-01
7.222222222222223209e-01
1.428571428571432378e-01
1.000000000000000000e+00
5.575163490424044355e-01
0.000000000000000000e+00
0.000000000000000000e+00
0.000000000000000000e+00
0.000000000000000000e+00
0.000000000000000000e+00
0.000000000000000000e+00
0.000000000000000000e+00
0.000000000000000000e+00
0.000000000000000000e+00
0.000000000000000000e+00
6.753926701570680535e-01
0.000000000000000000e+00
0.000000000000000000e+00
0.000000000000000000e+00
0.000000000000000000e+00
0.000000000000000000e+00
0.000000000000000000e+00
0.000000000000000000e+00
0.000000000000000000e+00
0.000000000000000000e+00
1.000000000000000000e+00
1.993433819003370688e-02
2.087418899734022615e-02
2.112855159752397016e-02
3.126472720221634694e-02
3.871244374506421781e-02
2.170280714147754253e-02
9.347952674621806679e-01
8.982365000358030205e-01
9.026693269786960627e-01
6.703821147350579324e-01
8.812989755713696027e-01
9.761085650250895807e-01
8.599277833209506561e-01
8.677518644586443841e-01
5.704785187712095862e-01
7.191108904602447893e-01
9.301283069711510088e-01
8.640863315704025993e-01
9.884999568184407170e-01
8.807774056049333389e-01
9.228165316147605157e-01
9.626280078408555596e-01
8.850797729357142707e-01
9.556844495444085652e-01
9.293422670542890174e-01
9.082803714552922791e-01
9.419832268399315200e-01
8.311388550909959427e-03
8.842151739269901722e-03
8.647736291001503761e-03
1.495705945104278123e-02
2.187988956287806319e-02
9.230453336308799828e-03
9.236476921118714767e-01
8.772008808509735855e-01
8.899168920149711504e-01
6.559557847506813921e-01
8.665067199435663170e-01
9.706211607975558930e-01
8.377337722556638111e-01
8.571528314968928086e-01
5.557384090353814088e-01
7.092661756506650761e-01
9.189797804975556872e-01
8.482649607178589513e-01
9.854362561994248759e-01
8.682188563686255023e-01
9.021099843045248257e-01
9.535280733569699851e-01
8.654012556149562885e-01
9.484676436317573955e-01
9.197014499390872011e-01
8.922073203674854014e-01
9.238051779048851442e-01
8.249312557286891945e-03
7.440130202278572025e-03
9.416195856873810222e-03
6.993006993007033767e-03
0.000000000000000000e+00
9.146008933790250595e-03
7.058823529411775155e-01
7.957431734695311620e-01
2.085953531746409517e-01
9.290610711558855428e-02
6.658779787054225352e-02
8.606557377049171009e-01
5.803357314148680501e-01
9.065889590416054133e-02
6.152584085315826457e-02
9.274821039526948141e-02
6.126335023290527815e-01
7.130880826711827325e-02
8.707620415216492660e-01
2.114942528735634930e-01
8.671875000000002220e-01
6.650563607085349105e-01
1.076839826839828262e-01
1.301035458116523991e-01
7.083333333333330373e-01
1.059445622107078044e-01
9.635971588026381873e-01
