8.140062844667672604e-03
8.213256711139760302e-03
7.550049202922626268e-03
1.029085400099966074e-02
1.248367615682421938e-02
8.270575155373216525e-03
7.003954510350851592e-01
7.619097874130229542e-01
3.293655522142451275e-01
1.189318513909027875e-01
1.245646011794434571e-01
8.666012199250454628e-01
5.284706039089508423e-01
1.136301635132925814e-01
1.441839558736235372e-01
1.206872057641348306e-01
8.435276569338192587e-01
1.396603911179805646e-01
8.176322475180231031e-01
2.015260448132552007e-01
8.688222389544284496e-01
6.790846910590602192e-01
5.688432343261284885e-02
1.472060957959837602e-01
6.160945559725483633e-01
3.173897847843099029e-01
9.693617130787284264e-01
6.870026525198938416e-02
6.119475473530838761e-02
5.392705303199823996e-02
7.272727272727272374e-02
4.255319148936168028e-02
6.442178832998940452e-02
3.535353535353533694e-01
2.254555862990170745e-01
1.153846153846155298e-01
2.774193548387096087e-01
4.552736982643523778e-01
2.516730401529636563e-01
2.025316455696202222e-01
6.526717557251906499e-01
1.380392156862745301e-01
3.283582089552239403e-01
3.470656820831713452e-01
5.882352941176471894e-01
7.760577915376654090e-02
4.345898004434591844e-01
4.404761904761904656e-01
5.637657361795289646e-01
4.867816091954024760e-01
1.077134986225896096e-01
3.615023474178404861e-01
5.128205128205129970e-01
0.000000000000000000e+00
5.800000000000002931e-01
4.770642201834860430e-01
7.222222222222223209e-01
4.285714285714288252e-01
1.000000000000000000e+00
6.277992369896288061e-01
0.000000000000000000e+00
0.000000000000000000e+00
0.000000000000000000e+00
0.000000000000000000e+00
0.000000000000000000e+00
0.000000000000000000e+00
0.000000000000000000e+00
0.000000000000000000e+00
0.000000000000000000e+00
0.000000000000000000e+00
8.349514563106796849e-01
0.000000000000000000e+00
0.000000000000000000e+00
0.000000000000000000e+00
0.000000000000000000e+00
0.000000000000000000e+00
0.000000000000000000e+00
0.000000000000000000e+00
0.000000000000000000e+00
0.000000000000000000e+00
7.836812144212523812e-01
2.287829563470145100e-02
2.409882642995975210e-02
2.402481680377133166e-02
3.450193394761347232e-02
4.006155909914399516e-02
2.460665752980528698e-02
9.138189751851308884e-01
9.010115061196735109e-01
8.289427883944613384e-01
7.787554677357153565e-01
9.105270778236898011e-01
9.326266265465641414e-01
8.634588540946213087e-01
9.041231116308319216e-01
9.365745639390459232e-01
8.410669728656525734e-01
9.476618134278380623e-01
8.202898055184979498e-01
9.450924943023657487e-01
8.326581948309512704e-01
8.932726855961157231e-01
9.384453377394903484e-01
8.471827418330732939e-01
9.271077809929364477e-01
9.276258057584412242e-01
8.966780343928739683e-01
9.233782891825739192e-01
9.578906643962617484e-03
1.025383180482972167e-02
9.875142992814875398e-03
1.656587818685879843e-02
2.266684304895727475e-02
1.050746907747811265e-02
8.994158538373506762e-01
8.804862956333422419e-01
8.083611164479340694e-01
7.675069232686317910e-01
8.990073781150313970e-01
9.178415799168300193e-01
8.417354937416449134e-01
8.961169817519554215e-01
9.330011580170465280e-01
8.345519325565486923e-01
9.391534625197699437e-01
8.004305086056628937e-01
9.311070512884161987e-01
8.159939380417564614e-01
8.655568696779363247e-01
9.238335465620890474e-01
8.221353225571866874e-01
9.155922026198248798e-01
9.177690267564564408e-01
8.788030652910370222e-01
8.998450324787362620e-01
1.649862511457378389e-02
1.534526854219947500e-02
1.694915254237289171e-02
1.048951048951052289e-02
0.000000000000000000e+00
1.625133745203849456e-02
7.297297297297298257e-01
7.864238410596026130e-01
2.085953531746409517e-01
7.381836223033233502e-02
4.953482524515973040e-02
8.265306122448983217e-01
4.680851063829782888e-01
1.226791233161110828e-01
9.433962264150963506e-02
1.220080624842529993e-01
5.225605631538492446e-01
8.283911792412457231e-02
8.295154185022028948e-01
1.943366065311717961e-01
8.640000000000001013e-01
6.762845849802365805e-01
7.107142857142845216e-02
1.152276014920445846e-01
7.846153846153836042e-01
1.620026072639459969e-01
9.461336336336336750e-01
