5.037004520341337166e-03
4.802854254277733048e-03
4.339515329175813729e-03
6.057017870141900850e-03
1.037374685377490113e-02
4.965765638708319329e-03
5.609276389003401420e-01
7.787017262807856000e-01
2.763987998938226553e-01
1.323808404164374952e-01
1.557615256989164365e-01
8.366447546810595881e-01
7.053478800971912932e-01
1.150748835079682397e-01
1.325410084421032586e-01
9.669041626571406312e-02
8.190882738152254205e-01
1.327897531627375560e-01
8.148397925533372721e-01
2.221183465587706074e-01
8.491797059149299720e-01
6.683054900379765684e-01
8.838485030026133060e-02
1.423017106827431100e-01
4.576141220010248034e-01
3.558106641639029455e-01
9.799954558409698091e-01
6.458885941644562645e-02
5.712724623603687713e-02
5.571716267621390495e-02
6.704545454545454697e-02
3.191489361702129490e-02
6.232554717586608062e-02
4.545454545454545858e-01
6.098654708520179213e-01
2.417582417582416765e-01
1.463414634146341653e-01
6.526841990871552479e-01
3.717017208413000429e-01
1.729957805907171853e-01
2.486368593238821312e-01
1.634674922600619640e-01
2.563965884861405531e-01
2.917123037604965052e-01
1.648351648351646936e-01
2.807017543859644526e-01
4.129325014180376119e-01
3.136233660130718359e-01
2.744546094299789019e-01
5.462068965517243857e-01
2.421212121212121815e-01
3.948205361199454977e-01
3.025793650793653367e-01
0.000000000000000000e+00
4.600000000000001865e-01
4.220183486238533455e-01
7.777777777777776791e-01
1.428571428571432378e-01
1.000000000000000000e+00
5.508410897458415612e-01
0.000000000000000000e+00
0.000000000000000000e+00
0.000000000000000000e+00
0.000000000000000000e+00
0.000000000000000000e+00
0.000000000000000000e+00
0.000000000000000000e+00
0.000000000000000000e+00
0.000000000000000000e+00
0.000000000000000000e+00
8.865979381443298557e-01
0.000000000000000000e+00
0.000000000000000000e+00
0.000000000000000000e+00
0.000000000000000000e+00
0.000000000000000000e+00
0.000000000000000000e+00
0.000000000000000000e+00
0.000000000000000000e+00
0.000000000000000000e+00
7.836812144212523812e-01
2.075436541485986552e-02
2.134466236364629399e-02
2.144646862304416812e-02
3.129552917674677248e-02
3.433438838128088921e-02
2.214418945072105238e-02
9.483313170874168030e-01
9.227824883198441075e-01
8.613327811914559540e-01
8.267919981888862679e-01
9.049010007030151570e-01
9.331031265028275623e-01
9.010774424555991757e-01
9.362197170859420936e-01
6.920914446312318447e-01
6.521642018011633013e-01
8.987100864556119006e-01
8.644650285092607689e-01
9.610253297815265494e-01
8.664418820545010114e-01
9.112129418717878071e-01
9.435820015954119455e-01
8.910866685578073820e-01
9.714173865999615742e-01
8.349987105135152632e-01
9.392361186277127238e-01
9.348388620506489222e-01
8.663414334364807901e-03
9.047352510952844096e-03
8.781971523720163986e-03
1.497231415999926429e-02
1.933746423615703702e-02
9.423919951843079401e-03
9.393699910702695277e-01
9.063846079862724059e-01
8.439963585089587106e-01
8.174425303852550506e-01
8.927325948462994099e-01
9.184151469168766457e-01
8.846534298479048486e-01
9.307047191541713005e-01
6.792722196650258226e-01
6.411080598832485933e-01
8.830944691320534723e-01
8.486808262229290634e-01
9.509307677250508073e-01
8.526022524637908440e-01
8.876929277514795658e-01
9.301162423437285831e-01
8.723101759357870799e-01
9.666860683077707073e-01
8.147707732070066378e-01
9.282248742471619352e-01
9.145771589824999159e-01
8.249312557286891945e-03
6.975122064636130048e-03
9.416195856873810222e-03
6.993006993007033767e-03
0.000000000000000000e+00
7.868686938994118307e-03
5.744680851063836968e-01
7.864238410596026130e-01
1.832477186516965340e-01
8.606227327334403654e-02
1.015463917525774029e-01
7.702702702702719506e-01
6.089049338146805823e-01
1.329510989239268692e-01
1.010781671159031170e-01
1.089181286549707472e-01
6.126335023290527815e-01
4.870940133938539418e-02
8.295154185022028948e-01
2.114942528735634930e-01
8.391891891891893884e-01
6.650563607085349105e-01
1.129748142031381519e-01
1.023541881385376939e-01
7.083333333333330373e-01
1.620026072639459969e-01
9.635971588026381873e-01
