5.750874256814086927e-04
4.848134507303147878e-04
2.652822907733831670e-05
1.061000420679802936e-03
8.276013967425943640e-03
5.178445369277695498e-04
5.670799117769611541e-01
7.756857165492818673e-01
3.370284903806766152e-01
1.383051749259589513e-01
1.380346378388281892e-01
8.622395862400207278e-01
6.500631873227016300e-01
1.229528875243397490e-01
1.418935314716376350e-01
1.009238656753193020e-01
9.884756190899004480e-01
1.892797346846950557e-01
7.995361830083171917e-01
2.026966188771424093e-01
8.694454797308686089e-01
6.275285835190391737e-01
6.390142753259420161e-02
1.595675282457813537e-01
4.341350420305714053e-01
3.574111263266295246e-01
9.981167691115546692e-01
6.392572944297084114e-02
5.135988343856240368e-02
3.445961065115238364e-02
2.878787878787877896e-02
1.170212765957446555e-01
5.126541169760778782e-02
1.633986928104573799e-01
3.283890996895479919e-01
2.628205128205128860e-01
6.088888888888890349e-01
2.658717370286820536e-01
5.162523900573614544e-01
3.233601841196778182e-01
4.992011361619028698e-01
2.039215686274510331e-01
4.043176972281448123e-01
3.278376664552947739e-01
2.307692307692308376e-01
3.427588579291365178e-01
8.385939741750361165e-01
4.174990751017386703e-01
2.813067150635206737e-01
2.834845735027222702e-01
3.090909090909099710e-02
2.527798369162341796e-01
3.968253968253969699e-01
0.000000000000000000e+00
4.400000000000001688e-01
3.761467889908258755e-01
7.222222222222223209e-01
4.285714285714288252e-01
1.000000000000000000e+00
6.629035235252054292e-01
0.000000000000000000e+00
0.000000000000000000e+00
0.000000000000000000e+00
0.000000000000000000e+00
0.000000000000000000e+00
0.000000000000000000e+00
0.000000000000000000e+00
0.000000000000000000e+00
0.000000000000000000e+00
0.000000000000000000e+00
9.772727272727272929e-01
0.000000000000000000e+00
0.000000000000000000e+00
0.000000000000000000e+00
0.000000000000000000e+00
0.000000000000000000e+00
0.000000000000000000e+00
0.000000000000000000e+00
0.000000000000000000e+00
0.000000000000000000e+00
8.550724637681159646e-01
1.789512967064704752e-02
1.863281928141696797e-02
1.875272474163652836e-02
2.679936405184535353e-02
3.870988006919884317e-02
1.912685460416041483e-02
9.542268933876671966e-01
9.242722259758260339e-01
9.455405300917836264e-01
8.925746212748260078e-01
9.215818447672208258e-01
9.531497526890928551e-01
8.765178184315609577e-01
9.568920118024344390e-01
9.386327338205822102e-01
7.530359969995359393e-01
9.649933457468908848e-01
9.886382577973140684e-01
9.645639381846671245e-01
9.180152754470918275e-01
9.512001859500827106e-01
9.642238114671521920e-01
9.031792070296345010e-01
9.198120843590698037e-01
8.849581969033009088e-01
9.243140590862291006e-01
9.431245112099604366e-01
7.439454670019579607e-03
7.868138409498237618e-03
7.648444552007110930e-03
1.275639398198827323e-02
2.187839571060251620e-02
8.105928141870069603e-03
9.462387319184935031e-01
9.081647437789185373e-01
9.380662689968164436e-01
8.863146246105624293e-01
9.113628729146925345e-01
9.426422472870341629e-01
8.565749851485228161e-01
9.530822149938789067e-01
9.351676878199439713e-01
7.439719580019126255e-01
9.591984148015262335e-01
9.871250234720205796e-01
9.553520921583372738e-01
9.090141339512496366e-01
9.377056446715841265e-01
9.554980076237991060e-01
8.862609332696059772e-01
9.072436149095819413e-01
8.700110985542908182e-01
9.108166353526712111e-01
9.252824632483557243e-01
9.165902841429818260e-04
0.000000000000000000e+00
3.766478342749512986e-03
3.496503496503489128e-03
0.000000000000000000e+00
1.295499782053732840e-03
6.256684491978603546e-01
7.864238410596026130e-01
2.188741183552047609e-01
8.606227327334403654e-02
7.521954944635345086e-02
8.265306122448983217e-01
5.519713261648746538e-01
1.475519785378938131e-01
9.433962264150963506e-02
1.276605339105341130e-01
6.126335023290527815e-01
1.063768534998070781e-01
7.667789582793469449e-01
1.830238726790454074e-01
8.620129870129873417e-01
6.650563607085349105e-01
5.047686688311703307e-02
1.413767223663553452e-01
7.083333333333330373e-01
1.908560128060541317e-01
1.000000000000000000e+00
