4.216086277070152377e-03
4.247702672225461829e-03
4.062142085180853179e-03
5.481185264687826741e-03
9.975717829196928399e-03
4.329780736783084283e-03
6.993214723704603841e-01
7.713180994527433221e-01
3.431246997816410627e-01
1.419797109743390351e-01
9.722698354051484415e-02
8.984631609604774027e-01
7.633385732206585672e-01
9.626089356935585428e-02
1.206614610777185792e-01
1.094076383350284232e-01
7.982236101607895762e-01
1.400371661798283096e-01
8.492881114392702990e-01
2.352714058630427374e-01
8.578908271557477150e-01
6.397587279026710760e-01
5.717627818507464710e-02
1.288334396647794478e-01
5.062852645923952011e-01
2.632158531433410609e-01
9.888814378126626892e-01
6.485411140583555167e-02
5.354541039339483222e-02
3.334079212351756527e-02
3.409090909090908839e-02
8.510638297872338831e-02
5.201310384911606022e-02
5.620723362658845979e-01
3.811659192825112008e-01
8.684863523573205235e-02
2.774193548387096087e-01
2.427918075164048339e-01
4.072657743785852436e-01
3.144570286475680820e-01
3.193769758655253810e-01
1.328719723183391377e-01
5.522388059701490715e-01
3.470656820831713452e-01
1.923076923076922906e-01
2.427010923535251052e-01
3.414634146341466447e-01
6.688112745098038214e-01
1.157298063297118595e-01
5.462068965517243857e-01
2.119480519480518854e-01
3.239436619718309984e-01
6.984126984126985960e-01
0.000000000000000000e+00
5.400000000000002576e-01
5.045871559633026138e-01
7.222222222222223209e-01
2.857142857142855874e-01
1.000000000000000000e+00
6.169157200140054087e-01
0.000000000000000000e+00
0.000000000000000000e+00
0.000000000000000000e+00
0.000000000000000000e+00
0.000000000000000000e+00
0.000000000000000000e+00
0.000000000000000000e+00
0.000000000000000000e+00
0.000000000000000000e+00
0.000000000000000000e+00
6.632390745501285378e-01
0.000000000000000000e+00
0.000000000000000000e+00
0.000000000000000000e+00
0.000000000000000000e+00
0.000000000000000000e+00
0.000000000000000000e+00
0.000000000000000000e+00
0.000000000000000000e+00
0.000000000000000000e+00
8.550724637681159646e-01
2.236173244929595683e-02
2.344386701695660991e-02
2.334608353343792242e-02
3.229925392003379914e-02
4.532505331045966201e-02
2.384520649933902225e-02
9.528502786131247682e-01
9.204802783824821422e-01
9.090500223815856096e-01
8.254410782990690976e-01
9.002683193937874861e-01
9.483916073941360825e-01
9.203387724390537095e-01
8.025735665570765676e-01
6.413984426188212851e-01
8.312186085262496249e-01
8.884838920723634459e-01
8.381947316777198509e-01
9.943001025587230313e-01
8.786451586436343497e-01
9.194611982117131266e-01
9.889956815227813891e-01
8.867295959814112116e-01
8.981233799394239270e-01
9.519225905458155168e-01
8.524351392425133511e-01
9.495436244207882126e-01
9.355754880072314483e-03
9.966113224466222054e-03
9.586594705330256372e-03
1.546996895022378915e-02
2.575283899824745704e-02
1.017165021690832893e-02
9.446337458790265984e-01
9.036356317399397708e-01
8.970493636953911221e-01
8.160340856991719072e-01
8.875724695877504899e-01
9.368747330212510160e-01
9.068299799951132778e-01
7.879392892248731073e-01
6.275622498299755492e-01
8.243808746734861970e-01
8.714873527495106131e-01
8.199237692162713032e-01
9.927726957430219601e-01
8.658929512745277002e-01
8.979330535496938825e-01
9.862427775075959246e-01
8.672974333844060135e-01
8.825319880325221966e-01
9.452033351629061109e-01
8.281656629229301458e-01
9.336075444214305685e-01
4.582951420714909130e-03
3.720065101139258257e-03
7.532956685499081484e-03
3.496503496503489128e-03
0.000000000000000000e+00
4.610877291168435921e-03
6.923076923076934008e-01
8.024580872262992992e-01
2.085953531746409517e-01
8.606227327334403654e-02
4.953482524515973040e-02
8.265306122448983217e-01
6.376811594202891342e-01
1.329510989239268692e-01
9.433962264150963506e-02
1.089181286549707472e-01
5.523367413935860171e-01
8.283911792412457231e-02
8.295154185022028948e-01
2.114942528735634930e-01
8.411214953271028971e-01
6.650563607085349105e-01
9.539789069990378678e-02
1.023541881385376939e-01
6.834170854271350848e-01
1.337040749053404198e-01
9.815457818930040101e-01
