1.100759708992427033e-03
8.251007554410105804e-04
4.062153180686145504e-04
7.787924463751871862e-04
9.956867534245739115e-03
8.862396441273179271e-04
5.498449657778046173e-01
7.634196667508086342e-01
3.156983334904248650e-01
1.405032761461775248e-01
1.895642996325443974e-01
8.508383442258482532e-01
6.264215851433689863e-01
1.117788208360885882e-01
1.426315027608628938e-01
1.241032548681313408e-01
1.000000000000000000e+00
1.798244639482613483e-01
8.202669337442523023e-01
1.921940706407867516e-01
8.590149360635019882e-01
6.334640821449033510e-01
1.046412138403236547e-01
1.270622712345459426e-01
5.471462589837674528e-01
3.399604454363851502e-01
9.929050882938914580e-01
6.591511936339525257e-02
5.876639145216122628e-02
5.526963526515998870e-02
6.969696969696972944e-02
3.191489361702129490e-02
6.329066152329088091e-02
5.436720142602493588e-01
2.649415570094830752e-01
2.417582417582416765e-01
2.774193548387096087e-01
5.095489638358390305e-01
5.162523900573614544e-01
2.025316455696202222e-01
2.945736434108525703e-01
1.447963800904977782e-01
1.539896670493683395e-01
2.917123037604965052e-01
2.820512820512821595e-01
5.084795321637427534e-01
8.536585365853666119e-02
5.235071301247773423e-01
3.047313552526063063e-01
7.467672413793102759e-01
2.997245179063361409e-01
6.566063044936285564e-01
5.128205128205129970e-01
0.000000000000000000e+00
4.600000000000001865e-01
4.495412844036694722e-01
7.222222222222223209e-01
2.857142857142855874e-01
1.000000000000000000e+00
5.663762847205462414e-01
0.000000000000000000e+00
0.000000000000000000e+00
0.000000000000000000e+00
0.000000000000000000e+00
0.000000000000000000e+00
0.000000000000000000e+00
0.000000000000000000e+00
0.000000000000000000e+00
0.000000000000000000e+00
0.000000000000000000e+00
8.349514563106796849e-01
0.000000000000000000e+00
0.000000000000000000e+00
0.000000000000000000e+00
0.000000000000000000e+00
0.000000000000000000e+00
0.000000000000000000e+00
0.000000000000000000e+00
0.000000000000000000e+00
0.000000000000000000e+00
7.836812144212523812e-01
1.520111360405368428e-02
1.596377784317765114e-02
1.675388605865724134e-02
2.319136143492750435e-02
4.184438785611543921e-02
1.655615144538269412e-02
9.630718171231347213e-01
9.111858057852535442e-01
9.284436774251241253e-01
8.625206029479537406e-01
9.171727801232516519e-01
9.401522523498206940e-01
9.006151175176477786e-01
9.882435013925823242e-01
7.494898797991664807e-01
7.637031519824724057e-01
9.515050259750537087e-01
9.431995108592277077e-01
9.413304699356570548e-01
8.617270763989197668e-01
9.280486168214727716e-01
9.585386091238290440e-01
8.959771198947690252e-01
8.974991497543722829e-01
9.245056587424422823e-01
9.078796897083258877e-01
9.368554591045814561e-01
6.295121321959681882e-03
6.715990851709180420e-03
6.812993841944336992e-03
1.099394549194403214e-02
2.370931185453151180e-02
6.991466656230543864e-03
9.565675045205439542e-01
8.925622805516567615e-01
9.188005416436215711e-01
8.547790200147056261e-01
9.064308848840614274e-01
9.269127214964074657e-01
8.841228117844363021e-01
9.871704436483561551e-01
7.381953649518440130e-01
7.549077663859478093e-01
9.435894748376181251e-01
9.359821323338701760e-01
9.264462895494774974e-01
8.474768546070090558e-01
9.086362760084980561e-01
9.484858100891706556e-01
8.779453118433401260e-01
8.818231274859600344e-01
9.142585244090208896e-01
8.917435441926850892e-01
9.171784570860889163e-01
4.582951420714909130e-03
5.115089514066528675e-03
7.532956685499081484e-03
3.496503496503489128e-03
0.000000000000000000e+00
4.724676008293071661e-03
5.744680851063836968e-01
7.864238410596026130e-01
2.085953531746409517e-01
8.606227327334403654e-02
1.285397363956675143e-01
8.265306122448983217e-01
5.519713261648746538e-01
1.186063750926611426e-01
1.056040551957195817e-01
1.419047619047622000e-01
6.126335023290527815e-01
8.283911792412457231e-02
8.135972121770005394e-01
2.114942528735634930e-01
8.534482758620691722e-01
6.913351834720939948e-01
1.450437317784252222e-01
1.152276014920445846e-01
7.083333333333330373e-01
1.620026072639459969e-01
9.815457818930040101e-01
