2.851960451104695871e-03
2.691015580923772355e-03
2.544554199863990895e-03
3.914464647650606199e-03
8.990398535120847079e-03
2.914545520667721767e-03
6.132543526106477572e-01
7.699422467136751713e-01
3.000254626247169654e-01
1.516973239479102453e-01
1.576622784180745640e-01
8.726020855787002262e-01
5.972957856154073042e-01
8.220639584489264351e-02
1.219056687924888749e-01
1.041297287222011647e-01
9.309746837782242324e-01
1.601534769444812323e-01
8.157119784512603111e-01
2.475229881255267550e-01
8.649375119684603597e-01
6.305912900891579298e-01
1.001892641400314865e-01
1.537465553685191111e-01
5.020726990915056476e-01
3.390548262966661675e-01
9.989979762764871207e-01
3.196286472148543445e-02
2.974745021855268456e-02
2.506153501901992042e-02
4.318181818181818232e-02
5.319148936170212116e-02
2.926691683077903283e-02
6.121212121212118440e-01
3.811659192825112008e-01
4.554655870445345478e-02
2.774193548387096087e-01
5.095489638358390305e-01
3.340456641547633332e-01
1.450564488539172192e-01
5.060220525869381092e-01
1.490196078431372806e-01
2.070895522388058740e-01
3.470656820831713452e-01
0.000000000000000000e+00
1.794245614035085978e-01
4.129325014180376119e-01
4.998804399808702836e-01
4.004449388209119221e-01
3.773139745916516130e-01
3.477272727272726627e-01
4.830157415078706329e-01
6.984126984126985960e-01
0.000000000000000000e+00
3.000000000000000444e-01
3.853211009174311030e-01
7.222222222222223209e-01
2.857142857142855874e-01
1.000000000000000000e+00
4.422042838387221231e-01
0.000000000000000000e+00
0.000000000000000000e+00
0.000000000000000000e+00
0.000000000000000000e+00
0.000000000000000000e+00
0.000000000000000000e+00
0.000000000000000000e+00
0.000000000000000000e+00
0.000000000000000000e+00
0.000000000000000000e+00
0.000000000000000000e+00
0.000000000000000000e+00
0.000000000000000000e+00
0.000000000000000000e+00
0.000000000000000000e+00
0.000000000000000000e+00
0.000000000000000000e+00
0.000000000000000000e+00
0.000000000000000000e+00
0.000000000000000000e+00
8.900862068965517127e-01
2.519057303866861774e-02
2.644955644769303449e-02
2.677706037836369291e-02
3.778045402320623358e-02
4.786672783412115884e-02
2.718808943154066293e-02
9.954733326199720622e-01
9.388396207300744312e-01
8.838081509597173202e-01
9.146551429920206644e-01
9.262391513034486934e-01
9.615886272891287501e-01
8.962543166960288410e-01
9.582449820387699546e-01
8.604232226266921302e-01
7.914752214533571362e-01
9.301412982774808214e-01
8.579777901348348834e-01
9.870564316681711414e-01
9.267137221512755652e-01
9.303225552131040299e-01
9.433924725109235077e-01
8.926808400063106497e-01
1.000000000000000000e+00
9.089268956858824744e-01
9.513264183665004481e-01
9.642168163351314547e-01
1.058168608835804991e-02
1.129064870303173040e-02
1.105089625617204641e-02
1.820673070136590022e-02
2.725200047965140038e-02
1.165101405831626968e-02
9.946492077737183468e-01
9.256256255145222100e-01
8.689025884151408974e-01
9.095588145417274895e-01
9.165785154908503429e-01
9.528975073998571244e-01
8.791217231500326745e-01
9.545495403159556247e-01
8.531988219849866439e-01
7.834313084662261062e-01
9.189946889744107228e-01
8.415622131482596302e-01
9.836132003323111439e-01
9.185913478761467132e-01
9.114776568869904505e-01
9.298841905908621364e-01
8.741460802855905987e-01
1.000000000000000000e+00
8.967735024356198181e-01
9.423925618909241297e-01
9.527404551631178942e-01
3.666361136571927304e-03
2.790048825854485326e-03
5.649717514124297235e-03
3.496503496503489128e-03
0.000000000000000000e+00
4.273783449447121630e-03
6.428571428571423496e-01
7.864238410596026130e-01
1.916420651495549521e-01
9.353182906687962372e-02
1.015463917525774029e-01
8.265306122448983217e-01
5.874651630047322826e-01
9.065889590416054133e-02
7.775243624300243184e-02
1.089181286549707472e-01
6.126335023290527815e-01
8.283911792412457231e-02
8.135972121770005394e-01
1.999797922124071370e-01
8.534482758620691722e-01
6.913351834720939948e-01
1.342919435215947921e-01
1.048220163900990265e-01
7.083333333333330373e-01
1.620026072639459969e-01
9.815457818930040101e-01
