3.615329210400280990e-02
3.686697399043142864e-02
3.527777822678990205e-02
4.637639684241673388e-02
5.716048430293307892e-02
3.751703264220229705e-02
6.390751617834506959e-01
8.957531959802507160e-01
1.528923092814462592e-01
3.269103725735833521e-02
7.710394731258229939e-02
7.997928425346039205e-01
6.287048923858931104e-01
6.315342960546965756e-02
4.946376212554093321e-02
4.582366007761562443e-02
3.675005792232468593e-01
8.125872053648586224e-02
9.464136893951917706e-01
9.621308731887534549e-02
9.262858937173947815e-01
9.376543909061290094e-01
1.121579751276997605e-01
4.655925990940934511e-02
9.041343998343638333e-01
1.781292806989003275e-01
8.686935632886609859e-01
9.999999999999998890e-01
1.000000000000000000e+00
1.000000000000000000e+00
1.000000000000000000e+00
1.000000000000000000e+00
1.000000000000000000e+00
2.242424242424241321e-01
3.811659192825112008e-01
1.153846153846155298e-01
9.259259259259255970e-02
3.084112149532711733e-01
3.043171983496026911e-01
1.450564488539172192e-01
2.127226463104325838e-01
6.547314578005114516e-02
3.639755766621437516e-01
2.726461401160196196e-01
3.605769230769231282e-01
5.633286756714794841e-01
4.129325014180376119e-01
1.000000000000000222e+00
9.330628803245435421e-01
7.467672413793102759e-01
1.545454545454545414e-01
1.184755592377797484e-01
3.660511823777130580e-01
0.000000000000000000e+00
4.200000000000001510e-01
4.587155963302751438e-01
6.666666666666665186e-01
2.857142857142855874e-01
1.000000000000000000e+00
5.717182865513801282e-01
0.000000000000000000e+00
0.000000000000000000e+00
0.000000000000000000e+00
0.000000000000000000e+00
0.000000000000000000e+00
0.000000000000000000e+00
0.000000000000000000e+00
0.000000000000000000e+00
0.000000000000000000e+00
0.000000000000000000e+00
1.157469717362045736e-01
0.000000000000000000e+00
0.000000000000000000e+00
0.000000000000000000e+00
0.000000000000000000e+00
0.000000000000000000e+00
0.000000000000000000e+00
0.000000000000000000e+00
0.000000000000000000e+00
0.000000000000000000e+00
1.852848811126065476e-01
5.265660394320559323e-02
5.797272557173288599e-02
6.270037472975970028e-02
7.403725452673520779e-02
1.032125949644533414e-01
5.901516774012782740e-02
8.261265280989928961e-01
8.524186490511775904e-01
6.919576329264192083e-01
2.175513495254355334e-01
7.051982940932921551e-01
7.839822743422006912e-01
7.791866104319571384e-01
6.055872731889424543e-01
1.190835994527326136e-01
2.732742972215351784e-01
7.487198649816031448e-01
6.091617173956951348e-01
9.243292514424898965e-01
6.776580283492674717e-01
8.193838620060958089e-01
8.968732886113812697e-01
7.915604873694683796e-01
7.586246998917038908e-01
8.477732366932020369e-01
6.679504799428599426e-01
9.331850422822025592e-01
2.297962838420229692e-02
2.582292719502748968e-02
2.723568630838345273e-02
3.712454565181651234e-02
6.134593542837094016e-02
2.639336385498750048e-02
7.998562489223950411e-01
8.234680876359724566e-01
6.610187476564259867e-01
2.064381195531472812e-01
6.758016390396937023e-01
7.441328339033814743e-01
7.474844615410304316e-01
5.835271065295710713e-01
1.127731080248599582e-01
2.635950478478257253e-01
7.164460092016979864e-01
5.770876867963310453e-01
9.054786623942107093e-01
6.515338773720125154e-01
7.763597425790131901e-01
8.734776027399191456e-01
7.596394028227521078e-01
7.274218570658312899e-01
8.288258564196540057e-01
6.251584161730954214e-01
9.124458424942304413e-01
6.874427131072408104e-02
7.161125319693095737e-02
7.344632768361580855e-02
8.391608391608390560e-02
1.428571428571428492e-01
7.288570701624763615e-02
6.428571428571423496e-01
9.233316352521651060e-01
1.259748988751709931e-01
1.619995732204126959e-02
4.953482524515973040e-02
7.702702702702719506e-01
6.376811594202891342e-01
1.023407713548558640e-01
6.152584085315826457e-02
6.626299945265490265e-02
3.068169962671358775e-01
4.870940133938539418e-02
9.333359323223269222e-01
1.279199110122357652e-01
9.157162921348318552e-01
9.120772946859903030e-01
1.450437317784252222e-01
3.991813337403016249e-02
9.444444444444428655e-01
1.620026072639459969e-01
7.312734082397003288e-01
