1.640380990973722142e-02
1.595253257484730014e-02
1.317442365630439038e-02
1.861439003663234448e-02
1.589394177507807981e-02
1.590519249537852842e-02
5.006584325984668737e-01
8.121283712251523568e-01
2.744368446512268633e-02
7.465883737329548353e-02
3.978669187770740301e-01
5.180441632265067042e-01
1.774689117989476372e-01
1.697625823573993831e-01
2.373952043123292999e-01
8.885020287022449281e-02
4.895086825534917807e-01
2.601787208710069077e-01
6.877895718598310282e-01
7.111822121568378563e-02
9.081924770411209380e-01
9.432071837291609029e-01
7.957288061655765077e-02
7.115861905784548469e-02
4.523195010959168982e-01
5.093878347587454947e-01
9.104707132306815165e-01
9.137931034482757453e-02
8.778533268576976800e-02
6.936674871335868353e-02
9.924242424242427085e-02
4.255319148936168028e-02
8.538303667114749418e-02
1.415797317436662262e-01
3.975016015374757128e-01
3.681318681318680452e-01
3.189189189189189921e-01
6.028037383177571318e-01
2.377162168171105261e-01
1.000000000000000000e+00
3.777035623409668030e-01
1.540106951871658136e-01
5.522388059701490715e-01
4.501081248069199736e-01
3.605769230769231282e-01
2.267543859649121529e-01
3.414634146341466447e-01
4.092508798391152336e-01
8.472906403940885234e-01
6.457097032878909015e-01
3.477272727272726627e-01
2.877263581488933575e-01
2.194211017740430592e-01
0.000000000000000000e+00
5.400000000000002576e-01
5.412844036697248562e-01
7.777777777777776791e-01
4.285714285714288252e-01
1.000000000000000000e+00
6.793149638819953040e-01
0.000000000000000000e+00
0.000000000000000000e+00
0.000000000000000000e+00
0.000000000000000000e+00
0.000000000000000000e+00
0.000000000000000000e+00
0.000000000000000000e+00
0.000000000000000000e+00
0.000000000000000000e+00
0.000000000000000000e+00
5.341614906832298226e-01
0.000000000000000000e+00
0.000000000000000000e+00
0.000000000000000000e+00
0.000000000000000000e+00
0.000000000000000000e+00
0.000000000000000000e+00
0.000000000000000000e+00
0.000000000000000000e+00
0.000000000000000000e+00
7.309734513274336321e-01
3.845082151260170722e-03
3.876628533846071534e-03
3.674629175268173675e-03
8.805078371375618662e-03
7.978022790217420557e-03
4.154969830574561929e-03
8.490024264666731213e-01
8.683259283602244860e-01
7.684409020604063834e-01
2.167813253261794415e-01
9.205627498119981489e-01
7.921026600978631205e-01
7.342118220937869921e-01
9.089804339624647511e-01
5.583361522589855852e-01
5.690578155544230299e-01
8.941772743687539382e-01
7.323527036737171869e-01
8.068941295774456623e-01
6.535241301928009783e-01
8.456877707799510535e-01
9.084957202942476329e-01
7.930596439295478639e-01
8.637874353837307062e-01
7.843847962877079638e-01
8.231373180237060438e-01
9.009421297315178823e-01
1.566357412006183503e-03
1.603320036030253526e-03
1.465290590953197136e-03
4.105873364200221531e-03
4.398190512564431609e-03
1.724325924223238382e-03
8.255567000170915826e-01
8.420138229464740887e-01
7.426131250677316942e-01
2.056965326395752136e-01
9.102224228718620580e-01
7.533539723941506949e-01
6.982552030379031160e-01
9.013390781111212391e-01
5.435019521483051008e-01
5.571056177052744474e-01
8.779451294053179922e-01
7.059464378792625894e-01
7.649006143017199610e-01
6.264440865106122303e-01
8.077494217135408050e-01
8.874677276881459687e-01
7.613081236111792771e-01
8.437381724915047343e-01
7.595542082794157768e-01
7.950490728762131809e-01
8.712571736526243393e-01
6.049495875343718909e-02
6.138107416879795553e-02
6.026365348399248534e-02
6.643356643356645996e-02
1.428571428571428492e-01
6.236238063894811168e-02
4.736842105263150415e-01
8.523424086337992867e-01
4.134614462458774398e-03
7.381836223033233502e-02
3.384879725085907509e-01
3.461538461538467004e-01
2.268041237113394004e-01
2.086593635889408827e-01
2.416014726184998462e-01
9.965222043873733782e-02
3.489259816112895152e-01
2.141072586346610684e-01
6.771554436752675876e-01
7.513611615245041619e-02
8.881578947368422572e-01
9.120772946859903030e-01
1.200530888030888477e-01
3.991813337403016249e-02
1.722972972972964811e-01
3.765998109833752494e-01
7.811546840958605298e-01
