3.139650530345067247e-02
3.222461474733046005e-02
3.091595403363267547e-02
4.033888617446051983e-02
5.164811226236343256e-02
3.266278697562025046e-02
6.902947626830542305e-01
9.057542901478718989e-01
1.686848959691564787e-01
4.733719698225802297e-02
4.705700234554033301e-02
8.235829073138996037e-01
5.580831514275255145e-01
5.783579968032581675e-02
6.280093372455075595e-02
5.342523826128120490e-02
3.874762841596250951e-01
1.037395899678534850e-01
9.350290695975691513e-01
1.214217706559002075e-01
9.199112075434170421e-01
8.735952152528803083e-01
6.112295719405080874e-02
6.957622997180656910e-02
6.954597751602937805e-01
1.908649589314412864e-01
8.703552165130472584e-01
6.405835543766577600e-02
5.014570179698879526e-02
4.296263146117701437e-02
4.090909090909092272e-02
5.319148936170212116e-02
5.505531378532785292e-02
4.545454545454545858e-01
2.896860986547085126e-01
8.684863523573205235e-02
2.774193548387096087e-01
2.056074766355140415e-01
5.162523900573614544e-01
2.669735327963176363e-01
5.060220525869381092e-01
9.411764705882352811e-02
8.461723639865170732e-02
2.109614930309473557e-01
2.307692307692308376e-01
4.890502117362367507e-01
2.342597844583098610e-01
6.688112745098038214e-01
9.330628803245435421e-01
1.481956696070572121e-01
1.717171717171714906e-01
5.267605633802818765e-01
6.984126984126985960e-01
0.000000000000000000e+00
3.600000000000000977e-01
5.137614678899082854e-01
6.111111111111111605e-01
2.857142857142855874e-01
1.000000000000000000e+00
5.213550155189383695e-01
0.000000000000000000e+00
0.000000000000000000e+00
0.000000000000000000e+00
0.000000000000000000e+00
0.000000000000000000e+00
0.000000000000000000e+00
0.000000000000000000e+00
0.000000000000000000e+00
0.000000000000000000e+00
0.000000000000000000e+00
7.206703910614525865e-01
0.000000000000000000e+00
0.000000000000000000e+00
0.000000000000000000e+00
0.000000000000000000e+00
0.000000000000000000e+00
0.000000000000000000e+00
0.000000000000000000e+00
0.000000000000000000e+00
0.000000000000000000e+00
8.343434343434343869e-01
2.432995811805638287e-02
2.511319744722734226e-02
2.593614553767326081e-02
3.444437051865884003e-02
4.952537628826680915e-02
2.590557513269370338e-02
8.289866717002687402e-01
8.983035023510839157e-01
6.993727530905742285e-01
9.100679996427185614e-02
6.570547497108036872e-01
8.026671647864584980e-01
7.924979065355839403e-01
5.586717051767164932e-01
1.408636335117199323e-01
2.007690642192603292e-01
7.459266358980709555e-01
6.996378105861027485e-01
9.039536350050403346e-01
5.765217023879833924e-01
8.273049680049255894e-01
9.168354774058418144e-01
7.566082868806338624e-01
7.751794828117311020e-01
8.407249635098250629e-01
7.135687904372152168e-01
9.034668455468317649e-01
1.020771471859911739e-02
1.070043396080276599e-02
1.069068910459226862e-02
1.653717191091694239e-02
2.823347600202708030e-02
1.108189620578800549e-02
8.030590727005417762e-01
8.772801651909739595e-01
6.688550562870549943e-01
8.560601168950698892e-02
6.251920168515350262e-01
7.653969884290952042e-01
7.621979209275430156e-01
5.358997889277690163e-01
1.335835305484756041e-01
1.929484393814311360e-01
7.134157656608002274e-01
6.713276473228693142e-01
8.805546355612289267e-01
5.473231340269100187e-01
7.857700355117469559e-01
8.975485506102669486e-01
7.209803755027323069e-01
7.454824834238762410e-01
8.210651174827705567e-01
6.741346577978479804e-01
8.744574121510472198e-01
6.507791017415215373e-02
6.696117182050687067e-02
6.967984934086629556e-02
7.692307692307692735e-02
1.428571428571428492e-01
6.891752503445652822e-02
6.952917771883289078e-01
9.419404616472705216e-01
1.452655339299382398e-01
3.855589842645801291e-02
4.953482524515973040e-02
7.875000000000014211e-01
6.376811594202891342e-01
7.255655142979078320e-02
7.775243624300243184e-02
8.740510697032499721e-02
3.489259816112895152e-01
8.283911792412457231e-02
9.216837983357808461e-01
1.462522618956594300e-01
9.133077099109596642e-01
9.120772946859903030e-01
1.003024193548385234e-01
3.991813337403016249e-02
5.273722627737216229e-01
1.620026072639459969e-01
7.556406981694336888e-01
