3.510791919982242382e-02
3.589109554804265079e-02
3.423989750541589494e-02
4.592802601632595128e-02
5.395192598555254015e-02
3.654643644935767766e-02
7.007004636938027886e-01
8.791299162712524762e-01
1.303631005229730633e-01
1.991747710797775461e-02
7.023810339050262641e-02
8.132721252223467090e-01
5.494203863278297462e-01
5.299288485141584459e-02
6.976527287726530524e-02
2.661501068079008547e-02
3.867718513033917560e-01
9.714297915513192549e-02
9.399123777987350437e-01
1.320136326659988590e-01
9.335684404098230083e-01
8.982135023604511659e-01
9.533564188368481851e-02
5.692441395916780777e-02
8.440935069684183389e-01
2.241984870359123860e-01
8.673177993452800827e-01
6.956233421750662727e-01
6.993686255463817947e-01
6.997091071828149822e-01
7.151515151515152047e-01
6.063829787234042978e-01
7.005927069062543033e-01
4.545454545454545858e-01
5.560538116591926538e-01
1.153846153846155298e-01
1.212121212121212155e-01
2.482334169136084512e-01
1.583173996175908371e-01
1.542002301495970507e-01
3.674300254452900205e-02
0.000000000000000000e+00
2.070895522388058740e-01
3.470656820831713452e-01
2.307692307692308376e-01
1.499202551834128982e-01
3.414634146341466447e-01
7.753676470588233283e-01
7.417395779722077975e-01
4.997001499250377510e-01
2.258741258741259195e-01
5.722908881862602826e-01
6.984126984126985960e-01
0.000000000000000000e+00
4.200000000000001510e-01
4.495412844036694722e-01
7.222222222222223209e-01
2.857142857142855874e-01
1.000000000000000000e+00
4.861593366573551123e-01
0.000000000000000000e+00
0.000000000000000000e+00
0.000000000000000000e+00
0.000000000000000000e+00
0.000000000000000000e+00
0.000000000000000000e+00
0.000000000000000000e+00
0.000000000000000000e+00
0.000000000000000000e+00
0.000000000000000000e+00
1.540298507462686539e-01
0.000000000000000000e+00
0.000000000000000000e+00
0.000000000000000000e+00
0.000000000000000000e+00
0.000000000000000000e+00
0.000000000000000000e+00
0.000000000000000000e+00
0.000000000000000000e+00
0.000000000000000000e+00
2.465671641791044866e-01
4.506500505670679724e-02
4.885997913605699683e-02
5.141822976511972731e-02
6.622296906510422021e-02
7.827960005299261503e-02
4.999417967522640227e-02
7.816930647864097637e-01
8.934024864828222778e-01
6.775954940467245891e-01
1.492876322458291938e-01
6.533565447494651401e-01
8.157108784267117496e-01
7.212596784612261835e-01
4.781012230350274450e-01
1.134512325460788063e-01
9.693818200233828009e-02
8.141690874702112168e-01
5.757509543005872032e-01
8.985645415179412954e-01
6.314548055938593585e-01
8.327136300587330009e-01
8.502417678519647026e-01
8.017491342407638832e-01
7.720793254193005772e-01
8.839760688570175162e-01
7.978691633451870935e-01
9.131422229355805609e-01
1.946308164606003199e-02
2.150169911176486037e-02
2.198489543084737596e-02
3.292759235607924106e-02
4.564382650113574247e-02
2.209397326234223413e-02
7.504834372817275057e-01
8.714862086507663141e-01
6.458862186485894163e-01
1.409962058321658773e-01
6.213314869831896292e-01
7.803386395882907500e-01
6.842160715906412394e-01
4.550556631794928641e-01
1.074007727277455082e-01
9.267155454927955560e-02
7.882149912860463292e-01
5.428446294230180325e-01
8.739999655444318227e-01
6.036225909867387607e-01
7.922164984878086180e-01
8.180335523370876327e-01
7.709975797404499120e-01
7.420932241875972668e-01
8.689180949588797276e-01
7.667534069267403218e-01
8.867608335910516226e-01
6.691109074243811738e-02
6.975122064636130048e-02
7.156308851224107981e-02
8.041958041958041647e-02
1.428571428571428492e-01
7.121687773311086156e-02
7.518472906403950162e-01
8.891426744382621150e-01
8.110967221321807585e-02
1.619995732204126959e-02
4.953482524515973040e-02
7.702702702702719506e-01
6.376811594202891342e-01
1.091822251337482008e-01
8.324084350721427938e-02
4.548229548229576480e-02
2.652093083675550744e-01
8.283911792412457231e-02
9.179790898435435942e-01
1.483038968320720130e-01
9.150000000000002576e-01
8.499522693742953550e-01
1.333989983951799907e-01
5.633440025048619404e-02
8.632812499999991118e-01
1.151387957146621233e-01
7.433186026936027258e-01
