3.532889840684338978e-02
3.611436319731670119e-02
3.450534411168509896e-02
4.547306394700817433e-02
6.181686154520993348e-02
3.671545710606266555e-02
6.608705439009909810e-01
9.390146178020821743e-01
8.402435723338808060e-02
3.574861534124962326e-02
6.504883360442770268e-02
8.281131525773375301e-01
6.236099636510807898e-01
4.626869155904533848e-02
7.021662256974847693e-02
4.677074256724855772e-02
3.466839497664757630e-01
9.352447488992599034e-02
9.568348451971897539e-01
9.591520610823733861e-02
9.204279792323997178e-01
9.238946670247401016e-01
1.008921888614522366e-01
5.329963199869114376e-02
8.827993089472103705e-01
1.990906886759380434e-01
8.558976103472877295e-01
2.755968169761272568e-01
2.825400679941719173e-01
3.005146565227119759e-01
2.856060606060606410e-01
2.872340425531915153e-01
2.882061883039548911e-01
4.545454545454545858e-01
2.351288562321032227e-01
1.131221719457020658e-02
8.000000000000007105e-02
2.555407209612816644e-01
1.358558921203580905e-01
1.316455696202530889e-01
1.289228159457165290e-01
1.831478537360891057e-01
2.151162790697673799e-01
2.771084337349397630e-01
1.923076923076922906e-01
3.957894736842106909e-01
1.606886657101866955e-01
7.753676470588233283e-01
6.896551724137931494e-01
7.839080459770115805e-01
2.258741258741259195e-01
4.004783417486050823e-01
5.506964690638163074e-01
0.000000000000000000e+00
5.000000000000002220e-01
5.504587155963300837e-01
7.222222222222223209e-01
4.285714285714288252e-01
1.000000000000000000e+00
5.542299588732464422e-01
0.000000000000000000e+00
0.000000000000000000e+00
0.000000000000000000e+00
0.000000000000000000e+00
0.000000000000000000e+00
0.000000000000000000e+00
0.000000000000000000e+00
0.000000000000000000e+00
0.000000000000000000e+00
0.000000000000000000e+00
2.789189189189189011e-01
0.000000000000000000e+00
0.000000000000000000e+00
0.000000000000000000e+00
0.000000000000000000e+00
0.000000000000000000e+00
0.000000000000000000e+00
0.000000000000000000e+00
0.000000000000000000e+00
0.000000000000000000e+00
4.464864864864864780e-01
2.569800981948427987e-02
2.752693680581685953e-02
2.917523342259009667e-02
3.908725476415408906e-02
6.844668175836354784e-02
2.848024285296385516e-02
8.092092688072893836e-01
9.094104546543333445e-01
6.612851037904476925e-01
2.615341899096002010e-01
6.648583814817587978e-01
7.883917859801068406e-01
7.140889701131079015e-01
5.473230832797915113e-01
3.039542542126829616e-01
2.347648969818134645e-01
7.621493052252863443e-01
6.224102378551839010e-01
9.213809853849628251e-01
5.418206763506776547e-01
8.098729339439569852e-01
8.820117661157143019e-01
7.721156021265955793e-01
7.234090340147125708e-01
9.064667893665383502e-01
7.507374126916008805e-01
8.947479407615981373e-01
1.080260052092482659e-02
1.176801415600223222e-02
1.208284493176088603e-02
1.886399217253005578e-02
3.960595305752950823e-02
1.222636361335117938e-02
7.809732856138820178e-01
8.904516658542843688e-01
6.287735487675096824e-01
2.489251639631291368e-01
6.333508643052172538e-01
7.491362232597111870e-01
6.764701603311716882e-01
5.244400683842069810e-01
2.912273568433625393e-01
2.260090045771532274e-01
7.310523531967247912e-01
5.907495184651514464e-01
9.018584130700358914e-01
5.121309769869686335e-01
7.651089363277494559e-01
8.556880861461992893e-01
7.380739677629638562e-01
6.893135957635863065e-01
8.940188863669047414e-01
7.146329183492012849e-01
8.634236073820774626e-01
7.241063244729606385e-02
7.393629388514300071e-02
7.532956685499059279e-02
8.741258741258745024e-02
1.428571428571428492e-01
7.546679447507936844e-02
6.923076923076934008e-01
9.419404616472705216e-01
6.355055562668265878e-02
1.619995732204126959e-02
4.953482524515973040e-02
7.702702702702719506e-01
7.252747252747253626e-01
7.974789375522517432e-02
7.775243624300243184e-02
5.712752089563677416e-02
2.652093083675550744e-01
7.130880826711827325e-02
9.430649551332326297e-01
1.279199110122357652e-01
9.012217280278369547e-01
9.120772946859903030e-01
1.450437317784252222e-01
6.451415494792689387e-02
8.632812499999991118e-01
1.337040749053404198e-01
7.312734082397003288e-01
