3.580463154495711064e-02
3.636561122832798754e-02
3.470737651358146714e-02
4.534473689617357639e-02
6.519215742177753015e-02
3.704875292232978623e-02
6.973452897000687045e-01
9.479513047935217429e-01
1.138294977019089771e-01
2.435962982209827210e-02
6.998659355183667330e-02
8.142424492738378206e-01
5.778409244069138140e-01
4.302397441854610705e-02
4.981016691647988104e-02
4.949844024664251663e-02
4.575617946732446484e-01
5.429709698368334614e-02
9.419685137363482674e-01
1.340197982643105412e-01
9.193363108419556617e-01
8.924031959906368883e-01
8.547356665562455547e-02
6.604152890119507902e-02
1.000000000000000000e+00
1.920435870797296829e-01
8.595717810157954553e-01
3.713527851458889306e-02
3.035454103933948877e-02
4.050123070038039175e-02
4.280303030303031497e-02
2.127659574468085402e-02
3.570772975715214015e-02
5.282555282555283505e-01
3.152694383218057617e-01
2.259615384615385469e-01
8.000000000000007105e-02
9.637850467289710288e-02
5.162523900573614544e-01
2.338049143708116340e-01
2.127226463104325838e-01
1.227621483375959111e-01
3.283582089552239403e-01
3.185240963855421326e-01
2.343750000000000000e-01
1.499202551834128982e-01
6.245186136071887439e-01
2.613898500576701256e-01
6.062291434927700173e-01
3.168921868179852552e-02
5.457386363636362869e-01
1.864406779661018643e-01
3.660511823777130580e-01
0.000000000000000000e+00
3.800000000000001155e-01
4.954128440366973862e-01
6.666666666666665186e-01
5.714285714285711748e-01
1.000000000000000000e+00
5.839094810128098167e-01
0.000000000000000000e+00
0.000000000000000000e+00
0.000000000000000000e+00
0.000000000000000000e+00
0.000000000000000000e+00
0.000000000000000000e+00
0.000000000000000000e+00
0.000000000000000000e+00
0.000000000000000000e+00
0.000000000000000000e+00
8.012422360248446784e-01
0.000000000000000000e+00
0.000000000000000000e+00
0.000000000000000000e+00
0.000000000000000000e+00
0.000000000000000000e+00
0.000000000000000000e+00
0.000000000000000000e+00
0.000000000000000000e+00
0.000000000000000000e+00
8.550724637681159646e-01
2.567772973734522290e-02
2.629441129144372002e-02
2.695921757966768251e-02
3.582578618456483399e-02
6.330036822395879170e-02
2.725526371965969474e-02
7.735611047559918241e-01
8.814207410028516154e-01
5.951290619447853203e-01
1.442007896508670228e-01
6.639914530636183976e-01
8.118386452636714434e-01
7.986304049001913263e-01
5.194223373212265571e-01
2.934755943069511375e-02
3.229094050997041165e-01
8.293234513845089140e-01
5.288229260283885402e-01
8.987707970859621920e-01
5.644252072338962201e-01
7.850126518039577395e-01
9.204900817944845492e-01
7.309471384251926551e-01
7.885083559089327565e-01
9.040709185702913153e-01
7.359239684376444046e-01
9.121986610344841040e-01
1.079376563645759179e-02
1.122201959185675779e-02
1.112903603105958039e-02
1.722705404073494873e-02
3.648074334163053933e-02
1.168087602001398329e-02
7.415256829956697882e-01
8.573680006066911607e-01
5.601552904449318415e-01
1.361439968655724364e-01
6.324436235907160420e-01
7.758946170265543785e-01
7.689983647745964879e-01
4.963673263973977789e-01
2.763394830215437636e-02
3.122532668027933056e-01
8.050421958342461881e-01
4.952554825580262055e-01
8.742505428617507457e-01
5.350227329443191238e-01
7.359492573609038857e-01
9.019772036224491529e-01
6.928986797964359345e-01
7.600916409288747122e-01
8.913379038482873717e-01
6.984285640591527677e-01
8.855582391739337256e-01
7.149404216315308203e-02
7.347128574750061425e-02
7.532956685499059279e-02
8.741258741258745024e-02
1.428571428571428492e-01
7.519798693592261163e-02
6.428571428571423496e-01
9.482239614689945695e-01
1.100743586137635788e-01
5.347558727664125655e-03
4.953482524515973040e-02
7.702702702702719506e-01
6.376811594202891342e-01
9.065889590416054133e-02
6.152584085315826457e-02
5.643939393939412241e-02
3.207971794013948497e-01
4.870940133938539418e-02
9.628303964757711775e-01
1.606941627225606517e-01
9.150000000000002576e-01
8.270373010216207632e-01
1.450437317784252222e-01
6.038036980945671317e-02
9.444444444444428655e-01
1.243917783144889988e-01
7.312734082397003288e-01
