3.246370561956285483e-02
3.304140177670850109e-02
3.164279418418480816e-02
4.180497094094964838e-02
5.348309970292741689e-02
3.368484007650129897e-02
6.802895879920409783e-01
9.101950165995571496e-01
1.475789829376088491e-01
3.823484946763300307e-02
9.818987653194488630e-02
7.750442722749077973e-01
6.974517109319995356e-01
6.453577704939084114e-02
6.371247288110004625e-02
3.282615804213895316e-02
3.954540708174487662e-01
8.888456708321590405e-02
9.444558300988199484e-01
1.214867962233374676e-01
9.135882570250606349e-01
8.915204434316637006e-01
1.000053567682308575e-01
6.360456423784510704e-02
8.371860521780352116e-01
1.816608615032673235e-01
8.709630234851952757e-01
4.694960212201590433e-02
4.146430305973775043e-02
3.871112105616469901e-02
4.810606060606062440e-02
7.446808510638300294e-02
4.174815795282610376e-02
4.458874458874455549e-01
2.803108375344676162e-01
1.414027149321267496e-01
6.666666666666665186e-02
3.644859813084113664e-01
5.162523900573614544e-01
1.729957805907171853e-01
8.236735463198541218e-02
2.258823529411765341e-01
1.639458955223878078e-01
3.185240963855421326e-01
2.307692307692308376e-01
3.298245614035084650e-01
2.017738359201775022e-01
1.000000000000000222e+00
6.014434643143546921e-01
2.582228116710876265e-01
7.248917748917749204e-01
2.735990410548396756e-01
6.984126984126985960e-01
0.000000000000000000e+00
4.800000000000002043e-01
5.321100917431191846e-01
6.666666666666665186e-01
2.857142857142855874e-01
1.000000000000000000e+00
6.334016320917812415e-01
0.000000000000000000e+00
0.000000000000000000e+00
0.000000000000000000e+00
0.000000000000000000e+00
0.000000000000000000e+00
0.000000000000000000e+00
0.000000000000000000e+00
0.000000000000000000e+00
0.000000000000000000e+00
0.000000000000000000e+00
7.206703910614525865e-01
0.000000000000000000e+00
0.000000000000000000e+00
0.000000000000000000e+00
0.000000000000000000e+00
0.000000000000000000e+00
0.000000000000000000e+00
0.000000000000000000e+00
0.000000000000000000e+00
0.000000000000000000e+00
8.497942386831276451e-01
2.699502458269303906e-02
2.789456444240723254e-02
2.856879377997073588e-02
3.945122395600103582e-02
5.356417677106850572e-02
2.891235762833394007e-02
8.328227651430561984e-01
8.653069772803505533e-01
7.615846773716703488e-01
2.000580454168874311e-01
8.067436212367411486e-01
8.125072625529836667e-01
8.206770887747332210e-01
5.734860577509275359e-01
2.841300957935350979e-01
1.163813635574015848e-01
7.473043458000239170e-01
6.153588986886640022e-01
9.091453372377438225e-01
5.433904892125318575e-01
8.155261074795940868e-01
9.053203260385216389e-01
7.671843258571846569e-01
7.699787677201053171e-01
8.555657992184202421e-01
7.336290159037224257e-01
9.064988074258253370e-01
1.136865292916933168e-02
1.193121525859600074e-02
1.182123450220463889e-02
1.904737958556819433e-02
3.063377214718737696e-02
1.241920650719677277e-02
8.073594749560502049e-01
8.384851803042868701e-01
7.352294318209859902e-01
1.896099490343519101e-01
7.846978118209531061e-01
7.766614609961650650e-01
7.935608214984276598e-01
5.508949656736552569e-01
2.718944224323047720e-01
1.113692525556535529e-01
7.149100441329447886e-01
5.834723132648260702e-01
8.868840263418248382e-01
5.137167876070112271e-01
7.717899310389215728e-01
8.836386651285781380e-01
7.326281704064286915e-01
7.397986427775755658e-01
8.374230994378146775e-01
6.959257019832534308e-01
8.783062213110509608e-01
6.691109074243811738e-02
6.835619623343408557e-02
7.156308851224107981e-02
8.041958041958041647e-02
1.428571428571428492e-01
6.958338909103267689e-02
7.077129607029544189e-01
9.609141669912998340e-01
1.066976309776044296e-01
1.619995732204126959e-02
4.953482524515973040e-02
7.258064516129039134e-01
6.376811594202891342e-01
9.065889590416054133e-02
7.230409034568263671e-02
4.548229548229576480e-02
2.652093083675550744e-01
8.283911792412457231e-02
9.171745821012611266e-01
1.279199110122357652e-01
9.000000000000001332e-01
8.692058929213084539e-01
1.450437317784252222e-01
7.074099585271076407e-02
8.632812499999991118e-01
1.151387957146621233e-01
7.433186026936027258e-01
