3.503623367821290246e-02
3.592331660451325570e-02
3.404547695816495523e-02
4.524262895414554730e-02
5.607334928786067429e-02
3.634764449981098267e-02
7.305894152292768950e-01
8.847854191661479462e-01
1.109752129422698630e-01
2.414740321571207105e-02
6.087830521221349045e-02
8.104664283926910073e-01
6.030160142634537479e-01
6.629128829520003485e-02
5.742926107324963780e-02
6.115555933792071741e-02
4.256926870309776234e-01
7.563111389683108143e-02
9.460000963280754682e-01
1.175484593515241372e-01
9.227109740579617636e-01
8.697736183889608341e-01
1.455258163868209387e-01
1.938137174023868425e-02
8.443476796825164499e-01
1.946165104071910790e-01
8.640429551893473725e-01
1.100795755968173029e-02
1.414521612433219944e-02
1.633475050346833157e-02
2.992424242424243652e-02
1.063829787234041313e-02
1.472839703459918881e-02
3.535353535353533694e-01
1.953475336322869627e-01
6.009615384615385469e-02
4.000000000000001332e-01
6.862149532710282163e-01
3.135059968711975120e-01
3.462196373588779519e-01
2.945736434108525703e-01
1.634674922600619640e-01
2.850264805007221014e-01
2.624155157214221878e-01
4.615384615384616751e-01
7.760577915376654090e-02
2.201540436456996819e-01
1.000000000000000222e+00
4.827586206896552490e-01
2.787931034482757919e-01
1.944281524926685378e-01
3.615023474178404861e-01
3.025793650793653367e-01
0.000000000000000000e+00
5.400000000000002576e-01
5.229357798165139570e-01
7.777777777777776791e-01
4.285714285714288252e-01
1.000000000000000000e+00
6.639583681033665030e-01
0.000000000000000000e+00
0.000000000000000000e+00
0.000000000000000000e+00
0.000000000000000000e+00
0.000000000000000000e+00
0.000000000000000000e+00
0.000000000000000000e+00
0.000000000000000000e+00
0.000000000000000000e+00
0.000000000000000000e+00
8.835616438356164171e-01
0.000000000000000000e+00
0.000000000000000000e+00
0.000000000000000000e+00
0.000000000000000000e+00
0.000000000000000000e+00
0.000000000000000000e+00
0.000000000000000000e+00
0.000000000000000000e+00
0.000000000000000000e+00
0.000000000000000000e+00
2.721914404294273337e-02
2.885382490215376849e-02
2.894409689008986541e-02
4.151081312085441732e-02
5.566176921366583485e-02
2.948088519642066974e-02
7.819570139089493388e-01
8.627222369217164566e-01
6.076999780398617546e-01
6.771453841568408905e-02
6.584146309870835267e-01
7.958208559881867483e-01
7.757474250308145081e-01
6.552863355330789119e-01
2.323761321309190109e-01
5.734629710352301402e-02
7.679952462671786328e-01
6.162221088124630874e-01
8.933388511597997184e-01
6.493292587085615075e-01
8.589372568632527294e-01
8.615241041628176610e-01
7.546497637676461423e-01
7.227227944780696411e-01
8.904944955242370952e-01
6.971969702327838192e-01
9.128080315621882601e-01
1.146666755609358768e-02
1.235780949797120332e-02
1.198308319279307865e-02
2.008779988604195155e-02
3.188621267131308556e-02
1.267326148450588497e-02
7.507745955300473284e-01
8.354673896923535681e-01
5.730963003049149851e-01
6.359305546028481970e-02
6.266125598699190391e-01
7.575865430953381274e-01
7.436936195449773690e-01
6.344236246143211133e-01
2.216457170784233988e-01
5.471160463099433713e-02
7.374299396559023112e-01
5.843624538196672269e-01
8.676589896380356715e-01
6.220972772252197913e-01
8.237130033324111533e-01
8.313471683318292005e-01
7.188281288735630659e-01
6.885751871320491269e-01
8.761777058314659250e-01
6.564653377579878768e-01
8.863348301739358837e-01
6.874427131072408104e-02
7.161125319693095737e-02
7.344632768361580855e-02
8.041958041958041647e-02
1.428571428571428492e-01
7.267629680310477847e-02
7.297297297297298257e-01
9.233316352521651060e-01
1.100743586137635788e-01
1.619995732204126959e-02
4.953482524515973040e-02
7.702702702702719506e-01
6.376811594202891342e-01
9.065889590416054133e-02
6.797396391200449806e-02
9.274821039526948141e-02
3.489259816112895152e-01
6.560188732577176829e-02
9.398450554458457340e-01
1.279199110122357652e-01
9.095744680851065578e-01
8.438215102974826465e-01
1.908943329397874145e-01
1.580916173228930077e-02
7.335025380710655796e-01
1.337040749053404198e-01
7.312734082397003288e-01
