3.408440171577631350e-02
3.490528604762838105e-02
3.335837623514753547e-02
4.423540994753882849e-02
5.611527968635532382e-02
3.548208689538656646e-02
7.024360905210276229e-01
9.085446520079929478e-01
1.238843504887663372e-01
3.491309199586778433e-02
8.469378398946858510e-02
8.168588749374787739e-01
5.304675836361694152e-01
5.718946169007743663e-02
7.635784894361230535e-02
5.085127766157881979e-02
3.918217313398546509e-01
9.616807693442064320e-02
9.398572890725662710e-01
1.420011998023147370e-01
9.217070286650574928e-01
8.695530362355663456e-01
1.350720624542165460e-01
6.092594447381749490e-03
8.250830908146502551e-01
1.782422464831570075e-01
8.667557224435888941e-01
1.324933687002652627e-01
1.434555609519184149e-01
1.588722309241440978e-01
1.450757575757576079e-01
1.382978723404255372e-01
1.464245826521222704e-01
1.226551226551224616e-01
2.649415570094830752e-01
2.714932126696832926e-01
2.242424242424242431e-01
2.427918075164048339e-01
3.043171983496026911e-01
5.103264490339771697e-01
3.657484234981742688e-01
1.020552799433026570e-01
1.757123473541382097e-01
3.278376664552947739e-01
2.307692307692308376e-01
3.957894736842106909e-01
3.414634146341466447e-01
4.092508798391152336e-01
6.772846760476265437e-01
2.331370899915898853e-01
4.409090909090909172e-01
6.197183098591549921e-01
2.364066193853429088e-01
0.000000000000000000e+00
5.400000000000002576e-01
4.587155963302751438e-01
7.222222222222223209e-01
4.285714285714288252e-01
1.000000000000000000e+00
6.201999121607046916e-01
0.000000000000000000e+00
0.000000000000000000e+00
0.000000000000000000e+00
0.000000000000000000e+00
0.000000000000000000e+00
0.000000000000000000e+00
0.000000000000000000e+00
0.000000000000000000e+00
0.000000000000000000e+00
0.000000000000000000e+00
3.856502242152466398e-01
0.000000000000000000e+00
0.000000000000000000e+00
0.000000000000000000e+00
0.000000000000000000e+00
0.000000000000000000e+00
0.000000000000000000e+00
0.000000000000000000e+00
0.000000000000000000e+00
0.000000000000000000e+00
6.173393124065770232e-01
2.755006374596935537e-02
2.928135824146271826e-02
3.019002011805865804e-02
4.199070275145028175e-02
6.137489634487713897e-02
3.019477911949125515e-02
8.084800493304444835e-01
8.699795919572406167e-01
6.742741296976899612e-01
2.624719739234935290e-01
6.575542816481823039e-01
8.495900768908792866e-01
7.358279214750473862e-01
5.952069083500379776e-01
3.291227450705642710e-01
2.479062225829125055e-01
8.000602845005384545e-01
5.718258311410058248e-01
8.980739775131099112e-01
6.116497322246225998e-01
8.451166527881388557e-01
9.075354362834988642e-01
7.657258854029107553e-01
7.702972832976424655e-01
8.376107511687127527e-01
6.981630865568062561e-01
9.104695603419137306e-01
1.161149862517937836e-02
1.254828756506820575e-02
1.252160395035283036e-02
2.033087669381718199e-02
3.531761811009889729e-02
1.299281338055680024e-02
7.801616877765034097e-01
8.439484538885998477e-01
6.423952202608669282e-01
2.498338054754816184e-01
6.257137711968911997e-01
8.195215248407297093e-01
7.000112690344849620e-01
5.729542354241972113e-01
3.158403162592877678e-01
2.388189868179351194e-01
7.726195884478592735e-01
5.388414702320061256e-01
8.734040775797692335e-01
5.832417009122301543e-01
8.070636075336869997e-01
8.863092271052066540e-01
7.310193616740870981e-01
7.401464821890890722e-01
8.176407554449864890e-01
6.575051491323211650e-01
8.833559920873638172e-01
6.691109074243811738e-02
6.975122064636130048e-02
7.156308851224107981e-02
8.041958041958041647e-02
1.428571428571428492e-01
7.077382870701359741e-02
7.590361445783138095e-01
9.419404616472705216e-01
1.100743586137635788e-01
1.619995732204126959e-02
4.953482524515973040e-02
8.023255813953493742e-01
6.376811594202891342e-01
9.986702488534260347e-02
9.433962264150963506e-02
8.314732142857161890e-02
2.652093083675550744e-01
8.283911792412457231e-02
9.284708660702123417e-01
1.483038968320720130e-01
9.095744680851065578e-01
8.334797247840732837e-01
1.703767123287667218e-01
0.000000000000000000e+00
7.846153846153836042e-01
1.337040749053404198e-01
7.433186026936027258e-01
