3.056935783066461187e-02
3.053376940734037204e-02
2.965816455327863199e-02
3.693376669520265221e-02
6.004425319704931319e-02
3.144153315278358507e-02
4.849817627196788550e-01
9.469765646793848468e-01
1.738820771572404666e-01
7.605766522387513717e-02
1.757890397926469284e-01
6.685768044600877147e-01
6.797310781066876473e-01
6.933435797779985421e-02
8.866106915587756987e-02
5.704597315587900397e-02
5.643996081660009878e-01
1.370615026951675919e-01
9.005971423313936519e-01
1.431839418091529481e-01
8.696296209514686737e-01
9.259226060649501377e-01
1.854868369717874721e-01
6.885933626696960630e-02
7.601013821183064678e-01
2.935943687789808187e-01
8.807667080989873831e-01
1.011936339522546413e-01
1.042982030111704872e-01
1.150145446408592509e-01
1.106060606060606244e-01
1.063829787234042701e-01
1.107075091627709451e-01
1.048951048951050069e-01
3.525784753363228052e-01
2.259615384615385469e-01
2.242424242424242431e-01
5.363673303535154702e-02
5.162523900573614544e-01
1.316455696202530889e-01
2.527180198935923272e-01
2.003795066413662784e-01
6.275440976933488457e-02
3.185240963855421326e-01
1.214574898785425461e-01
2.807017543859644526e-01
2.017738359201775022e-01
6.688112745098038214e-01
6.650246305418718862e-01
3.046718576195774908e-01
3.125252525252524283e-01
2.522109400589589434e-02
5.853174603174604584e-01
0.000000000000000000e+00
4.800000000000002043e-01
4.311926605504585730e-01
7.777777777777776791e-01
0.000000000000000000e+00
1.000000000000000000e+00
4.949357617407184051e-01
0.000000000000000000e+00
0.000000000000000000e+00
0.000000000000000000e+00
0.000000000000000000e+00
0.000000000000000000e+00
0.000000000000000000e+00
0.000000000000000000e+00
0.000000000000000000e+00
0.000000000000000000e+00
0.000000000000000000e+00
6.954177897574124190e-01
0.000000000000000000e+00
0.000000000000000000e+00
0.000000000000000000e+00
0.000000000000000000e+00
0.000000000000000000e+00
0.000000000000000000e+00
0.000000000000000000e+00
0.000000000000000000e+00
0.000000000000000000e+00
6.952861952861952854e-01
2.668955977334880325e-02
2.757106699182815257e-02
2.811034728977734876e-02
3.886413413275824347e-02
7.433060915094757970e-02
2.864432902118435598e-02
7.843539171139251032e-01
9.378060450597385245e-01
6.595486285871574594e-01
4.062345533111946239e-01
8.089831950064607646e-01
7.897760246605984857e-01
8.009983536091898060e-01
6.330279471410085179e-01
2.547680798230933519e-01
2.002302664514878927e-01
8.547733568605706544e-01
7.490787783430934432e-01
9.273473649594452528e-01
6.732312495292140930e-01
8.490373498592449497e-01
9.335736326069152824e-01
8.046735777167777215e-01
7.532253814325313712e-01
8.592009647710252551e-01
7.642704937003870214e-01
9.120925189631572394e-01
1.123515961254363538e-02
1.178759648516565506e-02
1.162376106056690894e-02
1.875164243137490694e-02
4.320845077673632351e-02
1.229956566399585671e-02
7.534197492935967855e-01
9.243835340609450890e-01
6.269562080569348606e-01
3.904869503859567104e-01
7.871323745905640656e-01
7.507087797888907232e-01
7.716279368687540829e-01
6.115725279306198914e-01
2.433468467396457946e-01
1.924253714957711026e-01
8.334787014363389535e-01
7.237573192472064321e-01
9.091895322245348021e-01
6.469213298013798408e-01
8.117755061977303122e-01
9.178872572309932920e-01
7.742651322655206281e-01
7.215516089095608265e-01
8.414397407971803133e-01
7.295107033274210728e-01
8.854229953771187711e-01
6.141154903758017092e-02
6.184608230644034199e-02
6.591337099811678257e-02
6.993006993006994909e-02
1.428571428571428492e-01
6.489870132881625509e-02
4.736842105263150415e-01
9.609141669912998340e-01
1.340008858642627310e-01
3.855589842645801291e-02
1.562252180808880730e-01
6.136363636363633134e-01
7.252747252747253626e-01
9.920604532976295964e-02
9.433962264150963506e-02
5.983087679516296831e-02
3.489259816112895152e-01
9.452737702848756918e-02
8.948125505708892646e-01
1.551724137931036474e-01
8.534482758620691722e-01
9.120772946859903030e-01
1.831737849779084826e-01
8.961213614578111830e-02
7.083333333333330373e-01
1.908560128060541317e-01
7.556406981694336888e-01
