7.651768158876859349e-03
7.689831386863632545e-03
7.009348269547299726e-03
1.045600965094073409e-02
1.204569155951928927e-02
7.840023877278279318e-03
7.658449162297884527e-01
7.739344231410187902e-01
3.409803977112231266e-01
1.072800214454712187e-01
1.032893048655427748e-01
9.430807975284398736e-01
5.912520716809162025e-01
8.501483633952933161e-02
1.161956987078123227e-01
8.067522838210861025e-02
7.484177009522667845e-01
1.164004587060591955e-01
8.574037905127496195e-01
2.052430294453242432e-01
8.898766273159837148e-01
6.428296039720944322e-01
3.927285103519428944e-02
1.230284834474062450e-01
5.599595135559560788e-01
3.289896424978016043e-01
9.811232150882256420e-01
1.870026525198939527e-02
1.845556095191838719e-02
1.387334974267173671e-02
3.636363636363634799e-02
4.255319148936168028e-02
2.099872745834030496e-02
4.545454545454545858e-01
2.896860986547085126e-01
2.714932126696832926e-01
8.000000000000007105e-02
2.056074766355140415e-01
1.156405353728489072e-01
2.025316455696202222e-01
5.060220525869381092e-01
1.328719723183391377e-01
3.639755766621437516e-01
4.044750430292598509e-01
2.714932126696834036e-01
4.572567783094099170e-01
4.129325014180376119e-01
4.912173202614378287e-01
3.612479474548440095e-01
1.896551724137931494e-01
1.077134986225896096e-01
2.527798369162341796e-01
2.597402597402598268e-01
0.000000000000000000e+00
4.200000000000001510e-01
4.954128440366973862e-01
7.222222222222223209e-01
4.285714285714288252e-01
1.000000000000000000e+00
5.618342413176917738e-01
0.000000000000000000e+00
0.000000000000000000e+00
0.000000000000000000e+00
0.000000000000000000e+00
0.000000000000000000e+00
0.000000000000000000e+00
0.000000000000000000e+00
0.000000000000000000e+00
0.000000000000000000e+00
0.000000000000000000e+00
7.049180327868852514e-01
0.000000000000000000e+00
0.000000000000000000e+00
0.000000000000000000e+00
0.000000000000000000e+00
0.000000000000000000e+00
0.000000000000000000e+00
0.000000000000000000e+00
0.000000000000000000e+00
0.000000000000000000e+00
0.000000000000000000e+00
2.637257684863264506e-02
2.718567386003795106e-02
2.660217904584843973e-02
3.698899474750871885e-02
4.224882878506575068e-02
2.770957468703039162e-02
9.724903896399963443e-01
9.053206841821948014e-01
9.027636669241769773e-01
5.945965331424138967e-01
8.666372008234581870e-01
9.248391162220668260e-01
8.802821319610347750e-01
8.227811910832985021e-01
8.327500604610458268e-01
7.299229095889092633e-01
9.167689551284148308e-01
8.156574204691384722e-01
9.339628645399582485e-01
9.193843644481529687e-01
9.185449040751156868e-01
9.564455083985152761e-01
8.589698956571063526e-01
9.145277739437185360e-01
9.067984276853926495e-01
8.933591108759606492e-01
9.590045361138417324e-01
1.109675006470045577e-02
1.161665955869868594e-02
1.097591528232519376e-02
1.780955677121025260e-02
2.394619967549735384e-02
1.188297664476523074e-02
9.675976224536728676e-01
8.855950888279967570e-01
8.900222610520280853e-01
5.788591504814086797e-01
8.502943167243595113e-01
9.084828314675545968e-01
8.608642133348932690e-01
8.093140534768252792e-01
8.243717360064435340e-01
7.203148184627679029e-01
9.036795898891738510e-01
7.954012523702398418e-01
9.173406825331774650e-01
9.105203361282105945e-01
8.967935306663148420e-01
9.459082724744205528e-01
8.355328291299538579e-01
9.012080178459331847e-01
8.943901228779318480e-01
8.749782462180715203e-01
9.459275701052191065e-01
1.099908340971583742e-02
1.023017902813300184e-02
1.129943502824859447e-02
1.048951048951052289e-02
0.000000000000000000e+00
1.047354653974752470e-02
7.826086956521738358e-01
7.864238410596026130e-01
2.188741183552047609e-01
7.685561148131192510e-02
4.953482524515973040e-02
8.606557377049171009e-01
4.680851063829782888e-01
1.045111247193304393e-01
6.152584085315826457e-02
9.274821039526948141e-02
4.346845249341395601e-01
4.870940133938539418e-02
8.295154185022028948e-01
1.900826446280992066e-01
8.731343283582089221e-01
6.913351834720939948e-01
7.107142857142845216e-02
1.023541881385376939e-01
7.846153846153836042e-01
1.620026072639459969e-01
9.635971588026381873e-01
