6.422557100844050737e-03
6.595459328653130449e-03
6.415549415655197318e-03
9.108325265903050028e-03
1.602107714088496504e-02
6.820751140557246295e-03
6.597419942217310762e-01
7.893045922955241878e-01
3.525909536998392824e-01
1.145619232258052733e-01
8.391423895692495805e-02
9.332300780636906268e-01
6.679854987817810397e-01
8.803484658150573239e-02
8.071614422058726035e-02
8.441317956583027637e-02
8.381668570095417437e-01
1.205702669861301590e-01
8.757084790748193015e-01
2.164679810641820801e-01
8.887954391057006909e-01
6.497739859672657659e-01
8.041673261857740229e-02
1.555744795208360287e-01
5.121946377046731058e-01
2.616751512089403597e-01
9.778750267843234756e-01
4.137931034482758563e-02
4.668528411850414450e-02
4.251510405012307037e-02
5.568181818181819343e-02
5.319148936170212116e-02
4.311400356422212532e-02
6.767676767676764626e-01
5.560538116591926538e-01
2.628205128205128860e-01
9.743589743589742280e-02
4.552736982643523778e-01
6.460529909860694975e-01
2.669735327963176363e-01
2.915195017280010070e-01
2.039215686274510331e-01
9.999999999999997780e-01
1.887550200803213007e-01
1.923076923076922906e-01
3.369946605644544846e-01
4.129325014180376119e-01
4.404761904761904656e-01
3.592880978865404806e-01
3.773139745916516130e-01
8.136363636363634910e-01
1.549295774647889701e-01
3.968253968253969699e-01
0.000000000000000000e+00
5.200000000000002398e-01
3.669724770642202039e-01
7.222222222222223209e-01
1.428571428571432378e-01
1.000000000000000000e+00
5.740879730278698467e-01
0.000000000000000000e+00
0.000000000000000000e+00
0.000000000000000000e+00
0.000000000000000000e+00
0.000000000000000000e+00
0.000000000000000000e+00
0.000000000000000000e+00
0.000000000000000000e+00
0.000000000000000000e+00
0.000000000000000000e+00
6.807387862796833167e-01
0.000000000000000000e+00
0.000000000000000000e+00
0.000000000000000000e+00
0.000000000000000000e+00
0.000000000000000000e+00
0.000000000000000000e+00
0.000000000000000000e+00
0.000000000000000000e+00
0.000000000000000000e+00
8.326612903225806273e-01
2.102613771630340578e-02
2.198075038287328198e-02
2.263566223389706922e-02
3.115756883729048354e-02
4.873064990917486128e-02
2.270075793515397011e-02
9.301069870879299373e-01
9.162173218949043463e-01
8.721422701850207737e-01
7.441380464836377939e-01
8.283706977844369490e-01
9.824044240297211683e-01
8.963152012653003986e-01
8.318051009310396537e-01
6.417596515970194204e-01
6.448624911578004770e-01
8.841318499309194223e-01
8.394951558202210506e-01
9.634075430165391918e-01
8.667839214072512455e-01
9.025950035667313909e-01
9.809193160897811126e-01
8.707507001807859304e-01
8.989880920471242653e-01
8.712063193519918869e-01
8.345095099094166358e-01
9.387015236714206790e-01
8.780258763614851025e-03
9.325201821423531601e-03
9.285170504473139186e-03
1.490399712270985833e-02
2.776290034301218124e-02
9.668201230505005239e-03
9.182178191182392979e-01
8.985518475802157790e-01
8.559566617117888576e-01
7.317077383266528123e-01
8.082671440149287179e-01
9.783369911805517294e-01
8.791914990429584575e-01
8.188835236546956331e-01
6.279296114842285448e-01
6.337006449846178668e-01
8.665585043203567484e-01
8.213429177275601845e-01
9.539064884612801221e-01
8.529742854137660757e-01
8.770361015918162195e-01
9.761849618855384936e-01
8.489768357976473778e-01
8.835141533683434911e-01
8.547325103134921775e-01
8.078642205272075216e-01
9.195621495935147882e-01
7.332722273143910119e-03
6.975122064636130048e-03
1.224105461393598659e-02
1.048951048951052289e-02
0.000000000000000000e+00
8.694796408532823317e-03
6.774193548387099639e-01
8.078672305114497076e-01
2.608114802919057063e-01
5.886396706329488637e-02
4.953482524515973040e-02
8.265306122448983217e-01
6.376811594202891342e-01
1.186063750926611426e-01
6.152584085315826457e-02
9.965222043873733782e-02
5.463667650633423634e-01
6.560188732577176829e-02
8.423650549333903115e-01
2.114942528735634930e-01
8.785714285714287808e-01
6.650563607085349105e-01
1.003024193548385234e-01
1.347885023019186335e-01
8.500344073834185110e-01
1.337040749053404198e-01
9.635971588026381873e-01
