3.227890025723323397e-03
3.066796222392254023e-03
2.685720849646744401e-03
4.919421034738580278e-03
8.488731850038622184e-03
3.313447189451368402e-03
6.496892821648412308e-01
7.612229798001108882e-01
3.434946198632777836e-01
1.503376146011761172e-01
1.228647285692483493e-01
9.063149113377750865e-01
7.476552236492279846e-01
9.716903602932069894e-02
1.261365191945291730e-01
8.733472049769108736e-02
8.897980055280712008e-01
1.374304136760746697e-01
8.235225818026741251e-01
1.963368501307218850e-01
8.834047464609571243e-01
6.370407103140243166e-01
5.507854807344392256e-02
1.141227972123788348e-01
5.724131767214952760e-01
3.417704790560818218e-01
9.913587418464866463e-01
7.599469496021218906e-02
5.991986401165610987e-02
4.542403222197360924e-02
6.931818181818180657e-02
1.063829787234041313e-02
6.551493050164197696e-02
6.767676767676764626e-01
3.204905280497847286e-01
2.628205128205128860e-01
2.774193548387096087e-01
2.056074766355140415e-01
3.426038588562489995e-01
2.970464135021095853e-01
5.232749588384968398e-01
2.946291560102302087e-01
7.593283582089547235e-01
3.185240963855421326e-01
1.559251559251559893e-01
5.084795321637427534e-01
3.414634146341466447e-01
5.392156862745098866e-01
2.937420178799485804e-01
4.124999999999998668e-01
3.477272727272726627e-01
3.615023474178404861e-01
5.128205128205129970e-01
0.000000000000000000e+00
3.600000000000000977e-01
4.220183486238533455e-01
7.777777777777776791e-01
2.857142857142855874e-01
1.000000000000000000e+00
4.280705958045247783e-01
0.000000000000000000e+00
0.000000000000000000e+00
0.000000000000000000e+00
0.000000000000000000e+00
0.000000000000000000e+00
0.000000000000000000e+00
0.000000000000000000e+00
0.000000000000000000e+00
0.000000000000000000e+00
0.000000000000000000e+00
8.459016393442623238e-01
0.000000000000000000e+00
0.000000000000000000e+00
0.000000000000000000e+00
0.000000000000000000e+00
0.000000000000000000e+00
0.000000000000000000e+00
0.000000000000000000e+00
0.000000000000000000e+00
0.000000000000000000e+00
8.178217821782178820e-01
2.284530954473801279e-02
2.365023347675010434e-02
2.379916597419695634e-02
3.346232931016818180e-02
4.332577884247557076e-02
2.437416417595938967e-02
9.806626316572151225e-01
9.157068584488985419e-01
9.357192702291223796e-01
9.597147913632371186e-01
8.749777865216428197e-01
9.432864052013834044e-01
8.877733836300882864e-01
8.954525843766543147e-01
8.730440863412747277e-01
9.063499993007457789e-01
9.242406679297028305e-01
8.750748502154674924e-01
9.715736751134083082e-01
9.213249335975803866e-01
9.239438467605147753e-01
9.821250633282496700e-01
9.079747172694170310e-01
9.260717736314991733e-01
8.830994114277079809e-01
9.024114098402589157e-01
9.404809802705902388e-01
9.564647388878647072e-03
1.005671390829705747e-02
9.779150886821935673e-03
1.604798800544457449e-02
2.457770897304950575e-02
1.040486147800065431e-02
9.771944503727711950e-01
8.979436556953163118e-01
9.269887308066184772e-01
9.571906685645612534e-01
8.595095472213820642e-01
9.306983874695944348e-01
8.694156186607086001e-01
8.868061504876081358e-01
8.663765461459860262e-01
9.022130890784598733e-01
9.122292424138080946e-01
8.603476930454765359e-01
9.641303557559167681e-01
9.126560198527675638e-01
9.035148064248312849e-01
9.776844308691972074e-01
8.918090216133122139e-01
9.144055769939509748e-01
8.679427081349238016e-01
8.854203789026295901e-01
9.218619818414525158e-01
4.582951420714909130e-03
4.650081376424086699e-03
7.532956685499081484e-03
6.993006993007033767e-03
0.000000000000000000e+00
4.738433573115041764e-03
6.428571428571423496e-01
7.864238410596026130e-01
2.188741183552047609e-01
1.049140093236955451e-01
4.953482524515973040e-02
9.000000000000003553e-01
6.376811594202891342e-01
1.222257118927971842e-01
7.230409034568263671e-02
9.274821039526948141e-02
6.126335023290527815e-01
8.283911792412457231e-02
8.295154185022028948e-01
1.690220463538727458e-01
8.747159090909091272e-01
6.080817550456538712e-01
7.107142857142845216e-02
1.023541881385376939e-01
7.846153846153836042e-01
1.908560128060541317e-01
9.815457818930040101e-01
