9.717338055189927992e-03
9.854060574469414302e-03
9.303665081280498850e-03
1.265082984903603824e-02
1.916643891901048669e-02
1.002911918016413662e-02
7.416082459350725742e-01
7.582664021246521280e-01
3.185689785734409085e-01
1.160765289268654854e-01
9.888953014007162423e-02
9.014624679235216931e-01
5.555085584002847909e-01
8.950058235876068302e-02
7.451972439356691069e-02
1.019141452776430867e-01
8.775648236896174126e-01
1.212867188440356347e-01
8.811457698170372943e-01
2.431069318286329661e-01
8.932934825913938504e-01
6.353242981287596791e-01
5.266884993536047332e-02
1.346053142011198744e-01
5.787928857786148740e-01
2.681722907461234762e-01
9.690219492839577953e-01
6.180371352785143935e-02
5.658086449732879775e-02
4.922801521593200835e-02
5.757575757575758568e-02
5.319148936170212116e-02
5.866856897331373943e-02
6.121212121212118440e-01
2.178090967328634164e-01
1.983173076923077094e-01
2.742857142857142438e-01
4.552736982643523778e-01
5.162523900573614544e-01
2.338049143708116340e-01
5.232749588384968398e-01
1.129411764705883225e-01
3.639755766621437516e-01
2.664776754075124376e-01
1.559251559251559893e-01
4.753353973168210622e-01
3.414634146341466447e-01
5.235071301247773423e-01
3.047313552526063063e-01
5.462068965517243857e-01
4.917355371900824501e-01
3.615023474178404861e-01
6.984126984126985960e-01
0.000000000000000000e+00
4.400000000000001688e-01
3.853211009174311030e-01
7.222222222222223209e-01
1.428571428571432378e-01
1.000000000000000000e+00
5.894605845370044506e-01
0.000000000000000000e+00
0.000000000000000000e+00
0.000000000000000000e+00
0.000000000000000000e+00
0.000000000000000000e+00
0.000000000000000000e+00
0.000000000000000000e+00
0.000000000000000000e+00
0.000000000000000000e+00
0.000000000000000000e+00
0.000000000000000000e+00
0.000000000000000000e+00
0.000000000000000000e+00
0.000000000000000000e+00
0.000000000000000000e+00
0.000000000000000000e+00
0.000000000000000000e+00
0.000000000000000000e+00
0.000000000000000000e+00
0.000000000000000000e+00
8.129921259842519676e-01
2.542556296648368352e-02
2.621522934219716605e-02
2.669612169482266095e-02
3.537277674947286732e-02
5.795201616648060217e-02
2.701306183343005207e-02
9.420982742847137104e-01
8.890794510563615471e-01
8.935179001759157025e-01
6.891975420867826330e-01
8.335848490095321139e-01
9.513547077749786585e-01
8.266225708087810986e-01
8.695202030710360575e-01
4.115724015901252031e-01
6.370952744388951317e-01
9.210238898602782776e-01
7.331524293742606169e-01
9.529633508714920875e-01
8.995498230400253981e-01
8.944989597075101440e-01
9.412630347542645382e-01
8.759056627257351124e-01
9.131851646700095415e-01
8.782519807778448317e-01
8.787937777699408315e-01
9.413945807070212002e-01
1.068395171271256661e-02
1.118700404714294272e-02
1.101618892828476470e-02
1.700059364444948817e-02
3.325822974518397035e-02
1.157323140131159833e-02
9.321219051583353732e-01
8.663847143358739400e-01
8.797078718358553040e-01
6.752129166539302396e-01
8.139693506367575715e-01
9.404651590382553383e-01
8.002154146031840165e-01
8.590415833763174192e-01
3.970038689580972502e-01
6.258266895788660023e-01
9.085460336741557619e-01
7.067963157080994208e-01
9.408829103172279273e-01
8.887431834478523029e-01
8.670639818317560366e-01
9.272782421323813029e-01
8.548764613274028035e-01
8.996760418139260196e-01
8.625534323147996396e-01
8.582430125576092639e-01
9.230435695291155929e-01
1.741521539871676572e-02
1.674029295512674542e-02
1.883239171374767595e-02
1.748251748251750115e-02
0.000000000000000000e+00
1.744656500411195799e-02
7.005988023952092192e-01
7.864238410596026130e-01
2.085953531746409517e-01
7.381836223033233502e-02
4.953482524515973040e-02
8.265306122448983217e-01
4.680851063829782888e-01
1.045111247193304393e-01
6.152584085315826457e-02
1.089181286549707472e-01
6.126335023290527815e-01
8.283911792412457231e-02
8.815407757601807504e-01
2.114942528735634930e-01
8.881578947368422572e-01
6.650563607085349105e-01
7.107142857142845216e-02
1.152276014920445846e-01
8.236434108527124209e-01
1.337040749053404198e-01
9.461336336336336750e-01
