3.786052005463169667e-03
3.906780870964188246e-03
3.393162052918896610e-03
5.953955735123694915e-03
1.112068877600247419e-02
3.990750071228732487e-03
6.323394945852633953e-01
7.730889194037358081e-01
3.358383295513300837e-01
9.979761030417311218e-02
1.201265716442652121e-01
9.190454662843690059e-01
6.594917605166639163e-01
8.587366931455520103e-02
9.208097726460762189e-02
1.002753525520798661e-01
8.730792579779027562e-01
1.536487433260005364e-01
8.609712289776583205e-01
2.215867822097385975e-01
8.852969137302681979e-01
6.488198276770056339e-01
6.936168650001262037e-02
1.385897522668573245e-01
4.479805474741009874e-01
3.351869852207216560e-01
9.850024780013990622e-01
7.705570291777188996e-02
6.143759106362312039e-02
4.855672409935107847e-02
7.045454545454546413e-02
3.191489361702129490e-02
6.726685910405505453e-02
4.545454545454545858e-01
1.778774289985050050e-01
2.136752136752136932e-01
2.774193548387096087e-01
8.082500805671932742e-01
5.162523900573614544e-01
2.025316455696202222e-01
4.526948878093914885e-01
7.286527514231500025e-02
9.999999999999997780e-01
2.426850258175559105e-01
1.025641025641026438e-01
3.298245614035084650e-01
2.682926829268292845e-01
5.392156862745098866e-01
2.210433244916005791e-01
6.588021778584389754e-01
3.477272727272726627e-01
4.084507042253520126e-01
6.984126984126985960e-01
0.000000000000000000e+00
4.400000000000001688e-01
5.137614678899082854e-01
7.222222222222223209e-01
1.428571428571432378e-01
0.000000000000000000e+00
5.487689775602846431e-01
0.000000000000000000e+00
0.000000000000000000e+00
0.000000000000000000e+00
0.000000000000000000e+00
0.000000000000000000e+00
0.000000000000000000e+00
0.000000000000000000e+00
0.000000000000000000e+00
0.000000000000000000e+00
0.000000000000000000e+00
0.000000000000000000e+00
0.000000000000000000e+00
0.000000000000000000e+00
0.000000000000000000e+00
0.000000000000000000e+00
0.000000000000000000e+00
0.000000000000000000e+00
0.000000000000000000e+00
0.000000000000000000e+00
0.000000000000000000e+00
8.098039215686274606e-01
1.822866452727028852e-02
1.917812120534134745e-02
1.954303593054418364e-02
2.787735465261687029e-02
4.079515258936161626e-02
1.973169038274513731e-02
9.100573180262405693e-01
8.995376509867158976e-01
9.410327247473322387e-01
7.056834487242218401e-01
9.293163651759153154e-01
9.633529635752016151e-01
9.001977366740785413e-01
8.643599860048523098e-01
6.300843918633338703e-01
6.098490057122774033e-01
9.041427018136820593e-01
8.612835845607733631e-01
9.658204954630742467e-01
9.189408823844593677e-01
9.024217241705627668e-01
9.771741410623162594e-01
8.848984728821571721e-01
9.254596506976371373e-01
8.990303450559924414e-01
9.487660276643055113e-01
9.385840549734090210e-01
7.581730541205131124e-03
8.104561248530803286e-03
7.980099581760935479e-03
1.328569410191043909e-02
2.309544709922389805e-02
8.369267240050992651e-03
8.950874016776797504e-01
8.787409120326427070e-01
9.329783748454389958e-01
6.921238358251815548e-01
9.200280032285590437e-01
9.550458357678344168e-01
8.836438444634947542e-01
8.535316029888764255e-01
6.160634267042803813e-01
5.982524929435797389e-01
8.892752853764216425e-01
8.451883293196482683e-01
9.569237251471910399e-01
9.100323905953713322e-01
8.768222694873999412e-01
9.715321470895903477e-01
8.651929477202972008e-01
9.137046334629381761e-01
8.857029988758204908e-01
9.393875302284679929e-01
9.194104030376232251e-01
8.249312557286891945e-03
6.975122064636130048e-03
9.416195856873810222e-03
6.993006993007033767e-03
0.000000000000000000e+00
8.092798328870609570e-03
6.000000000000014211e-01
8.024580872262992992e-01
2.085953531746409517e-01
6.182432692289197007e-02
6.229839984820673138e-02
8.265306122448983217e-01
4.680851063829782888e-01
1.122333393690797543e-01
6.152584085315826457e-02
1.089181286549707472e-01
6.126335023290527815e-01
8.283911792412457231e-02
8.618342010412498588e-01
2.114942528735634930e-01
8.881578947368422572e-01
6.390541571319605652e-01
7.107142857142845216e-02
1.238838621952647046e-01
7.083333333333330373e-01
1.337040749053404198e-01
9.815457818930040101e-01
