2.967001604585406405e-03
2.874843059483045415e-03
2.785710232148241872e-03
4.340827505422362176e-03
8.346414447315875229e-03
3.086655810707272796e-03
7.098534579138267020e-01
7.491488570439384098e-01
3.381560837413291054e-01
1.338577581213780121e-01
9.968472978539777429e-02
9.431583667631695533e-01
6.876984440614171135e-01
6.617568936291018389e-02
8.454836110970664897e-02
9.475213987054154074e-02
9.869458907101869016e-01
1.279734841033770554e-01
8.465177160708994286e-01
2.205805458728340440e-01
8.811302641594345175e-01
6.463426769057498689e-01
3.345889017374448215e-02
1.368015814619547577e-01
5.052921782679575813e-01
3.458681361161692891e-01
9.889784762907227744e-01
4.986737400530502629e-02
5.530597377367652001e-02
4.788543298277020410e-02
6.553030303030302206e-02
3.191489361702129490e-02
5.132868228847770053e-02
3.535353535353533694e-01
3.860318671882452257e-01
4.015837104072398356e-01
2.774193548387096087e-01
5.551401869158880675e-01
2.436711281070746971e-01
1.729957805907171853e-01
5.274115197779316588e-02
1.129411764705883225e-01
2.761194029850744247e-01
2.917123037604965052e-01
5.594405594405595927e-01
6.708296164139158080e-01
6.126255380200862355e-01
5.441176470588231506e-01
1.637931034482758008e-01
1.321468298109009787e-01
8.136363636363634910e-01
4.575827055355388140e-01
5.128205128205129970e-01
0.000000000000000000e+00
3.600000000000000977e-01
4.495412844036694722e-01
7.777777777777776791e-01
2.857142857142855874e-01
1.000000000000000000e+00
4.883221194629427941e-01
0.000000000000000000e+00
0.000000000000000000e+00
0.000000000000000000e+00
0.000000000000000000e+00
0.000000000000000000e+00
0.000000000000000000e+00
0.000000000000000000e+00
0.000000000000000000e+00
0.000000000000000000e+00
0.000000000000000000e+00
8.805460750853242313e-01
0.000000000000000000e+00
0.000000000000000000e+00
0.000000000000000000e+00
0.000000000000000000e+00
0.000000000000000000e+00
0.000000000000000000e+00
0.000000000000000000e+00
0.000000000000000000e+00
0.000000000000000000e+00
8.145956607495069557e-01
1.873289248839671295e-02
1.962139222463260557e-02
2.007815714163552201e-02
2.731133701047089302e-02
3.199413750045010385e-02
1.997935093119496130e-02
9.530928944094454458e-01
8.996113555035301079e-01
9.178892376711003109e-01
8.614526169994300986e-01
9.241019553970999389e-01
9.423671907748210064e-01
8.973978526745134410e-01
7.494064097122201673e-01
5.246719773888726124e-01
8.724268103912500294e-01
9.978086426142356302e-01
8.179180368035394721e-01
9.593249430159167535e-01
9.910188810517523983e-01
8.798112270053370931e-01
9.545215879552442217e-01
8.859796131339896519e-01
9.382261909845341918e-01
9.310039043328552921e-01
9.051074366886306954e-01
9.430944964654530693e-01
7.797070231196037704e-03
8.297005213509497934e-03
8.205091847368881086e-03
1.300761987296590594e-02
1.798554481809494510e-02
8.477220047848579854e-03
9.449165597103448277e-01
8.788281713906339609e-01
9.069495463578070016e-01
8.536605550694749134e-01
9.141843426295599428e-01
9.295876119454558051e-01
8.804324843796286215e-01
7.320616418799748004e-01
5.096696782763059375e-01
8.670022969494572962e-01
9.974335540578163073e-01
7.978548205993654108e-01
9.488086154516158777e-01
9.899544265175488356e-01
8.490699833233303906e-01
9.435410259077148254e-01
8.664353311017966019e-01
9.283500725037741041e-01
9.215729753645840461e-01
8.885364480132647014e-01
9.252436008883672125e-01
5.499541704857890956e-03
4.650081376424086699e-03
7.532956685499081484e-03
6.993006993007033767e-03
0.000000000000000000e+00
5.806372252589730998e-03
7.058823529411775155e-01
7.864238410596026130e-01
2.142958037332944876e-01
8.606227327334403654e-02
2.446901006086221741e-02
1.000000000000000000e+00
5.519713261648746538e-01
9.986702488534260347e-02
7.775243624300243184e-02
9.274821039526948141e-02
6.126335023290527815e-01
8.283911792412457231e-02
8.423650549333903115e-01
1.943366065311717961e-01
8.620129870129873417e-01
6.913351834720939948e-01
7.107142857142845216e-02
1.115359608980242001e-01
7.083333333333330373e-01
1.908560128060541317e-01
9.815457818930040101e-01
