7.352717678903497589e-03
7.646660641590530272e-03
7.161327403654493828e-03
1.014809054725324122e-02
1.645299826192991866e-02
7.699264564686725265e-03
7.102041273973043189e-01
7.863025155742704442e-01
2.617528950812104682e-01
1.203027312105364732e-01
8.896780524391312284e-02
9.437525124968857426e-01
6.223537047678213696e-01
8.467597334200904768e-02
1.051598647923257523e-01
1.023782008613198791e-01
8.279004496498192367e-01
1.539642610887972385e-01
8.129164312342074261e-01
2.351673525363660033e-01
8.837035598672229320e-01
6.657085233966650861e-01
7.242516745492499908e-02
1.364239557934516789e-01
5.238372620548945591e-01
3.121547201191487986e-01
9.764988101551255184e-01
6.989389920424401992e-02
6.113404565322971829e-02
5.258447079883643571e-02
7.462121212121211600e-02
1.276595744680850963e-01
6.502347175615091901e-02
6.121212121212118440e-01
1.524663677130044803e-01
3.496503496503500230e-02
2.774193548387096087e-01
7.049399198931907140e-01
5.162523900573614544e-01
2.669735327963176363e-01
6.526717557251906499e-01
2.258823529411765341e-01
5.522388059701490715e-01
2.954426401257203016e-01
1.384615384615386358e-01
2.495969653864391624e-01
3.414634146341466447e-01
3.297682709447411487e-01
3.232758620689653029e-01
4.940285954583687467e-01
1.944281524926685378e-01
6.566063044936285564e-01
5.128205128205129970e-01
0.000000000000000000e+00
4.400000000000001688e-01
3.853211009174311030e-01
7.222222222222223209e-01
1.428571428571432378e-01
1.000000000000000000e+00
5.575163490424044355e-01
0.000000000000000000e+00
0.000000000000000000e+00
0.000000000000000000e+00
0.000000000000000000e+00
0.000000000000000000e+00
0.000000000000000000e+00
0.000000000000000000e+00
0.000000000000000000e+00
0.000000000000000000e+00
0.000000000000000000e+00
7.987616099071207509e-01
0.000000000000000000e+00
0.000000000000000000e+00
0.000000000000000000e+00
0.000000000000000000e+00
0.000000000000000000e+00
0.000000000000000000e+00
0.000000000000000000e+00
0.000000000000000000e+00
0.000000000000000000e+00
0.000000000000000000e+00
2.710435775546349291e-02
2.844251203784098347e-02
2.826449480479265031e-02
3.819426212312487801e-02
5.578713665747203621e-02
2.877486739835199980e-02
9.175417174382798358e-01
9.042926366193160259e-01
8.693111141143194942e-01
7.676935967927720483e-01
8.645682669492789074e-01
9.415308854880393152e-01
8.763870117328336207e-01
7.567775545946391347e-01
6.005622782303374763e-01
5.936996524371043193e-01
8.986191830121321722e-01
8.312984804307541609e-01
9.341419693152339665e-01
9.490206425008991253e-01
9.149585335702850042e-01
9.327919482234614534e-01
8.941653676170084886e-01
9.224181014714640803e-01
8.821336815053100189e-01
9.260917348955510775e-01
9.368741749615348002e-01
1.141646036543716991e-02
1.217476122314058162e-02
1.169013099466541250e-02
1.841465843131294411e-02
3.196119371974359691e-02
1.235782398129182946e-02
9.037046232224166253e-01
8.843754995292320009e-01
8.528208127171272857e-01
7.560504124658851133e-01
8.480114671248433211e-01
9.285773689977077083e-01
8.564260319911042307e-01
7.397773940516576552e-01
5.861317024883652138e-01
5.819429274067715596e-01
8.829911322462753454e-01
8.124055284107987163e-01
9.175616907350413465e-01
9.432345582137409146e-01
8.923381385400008803e-01
9.169342693820037304e-01
8.758565991428014508e-01
9.102236413413327121e-01
8.668684786750455729e-01
9.128859832576299294e-01
9.172026121716382319e-01
1.374885426214483841e-02
1.348523599162987363e-02
1.318267419962337872e-02
1.398601398601401202e-02
0.000000000000000000e+00
1.303116142779009445e-02
7.005988023952092192e-01
8.187838651414810487e-01
1.782371397343704977e-01
7.381836223033233502e-02
4.953482524515973040e-02
9.413793103448284683e-01
4.680851063829782888e-01
1.186063750926611426e-01
8.600020848535394613e-02
1.170831368851175114e-01
4.930284519488647987e-01
8.283911792412457231e-02
8.135972121770005394e-01
2.114942528735634930e-01
8.715659340659343002e-01
6.913351834720939948e-01
7.107142857142845216e-02
1.094897372544814118e-01
7.846153846153836042e-01
1.620026072639459969e-01
9.461336336336336750e-01
