5.544176408266376921e-03
5.607570759551872008e-03
5.176231874783332465e-03
7.291588481329824845e-03
1.532067149708937759e-02
5.726517936037622825e-03
6.361948825806358343e-01
7.973481853317245793e-01
2.977988926914187928e-01
1.307283678946207228e-01
1.251637430889611657e-01
8.631809788299777964e-01
5.933238383631467272e-01
9.202400668330112943e-02
1.178330722318967627e-01
1.042742690961158125e-01
8.606033855955725898e-01
1.442228301712595862e-01
8.491324203373253887e-01
2.112776614650209162e-01
8.768129908177990650e-01
6.506783104189910460e-01
8.858138317959030061e-02
1.364768747575308971e-01
5.066117131136325114e-01
3.240734965397846779e-01
9.760623129730490177e-01
2.904509283819631249e-02
2.622632345798930897e-02
3.155068247930187253e-02
2.499999999999999445e-02
2.127659574468085402e-02
2.968809633704883044e-02
4.710743801652892415e-01
3.005452140529727423e-01
1.153846153846155298e-01
1.677419354838709520e-01
3.895720609936055290e-01
3.097514340344169614e-01
2.338049143708116340e-01
3.916849959028763095e-01
2.557158712541621748e-01
2.563965884861405531e-01
4.954819277108434283e-01
1.000000000000000000e+00
2.070991432068538529e-01
2.017738359201775022e-01
6.688112745098038214e-01
3.612479474548440095e-01
2.945233265720084148e-01
2.258741258741259195e-01
2.026002166847236108e-01
1.814058956916100307e-01
0.000000000000000000e+00
5.000000000000002220e-01
4.403669724770642446e-01
8.333333333333334814e-01
2.857142857142855874e-01
1.000000000000000000e+00
6.255362050559645226e-01
0.000000000000000000e+00
0.000000000000000000e+00
0.000000000000000000e+00
0.000000000000000000e+00
0.000000000000000000e+00
0.000000000000000000e+00
0.000000000000000000e+00
0.000000000000000000e+00
0.000000000000000000e+00
0.000000000000000000e+00
9.626865671641791078e-01
0.000000000000000000e+00
0.000000000000000000e+00
0.000000000000000000e+00
0.000000000000000000e+00
0.000000000000000000e+00
0.000000000000000000e+00
0.000000000000000000e+00
0.000000000000000000e+00
0.000000000000000000e+00
8.805970149253731227e-01
1.917724862510244987e-02
2.027073965848857906e-02
2.102017364860708781e-02
2.889316558092075438e-02
4.681734206074250615e-02
2.088149699091562672e-02
9.296323958058141379e-01
9.209401574281586011e-01
8.863563761093615767e-01
6.837632281602106232e-01
8.620956014973946147e-01
9.326323167257741797e-01
8.704784803374701063e-01
7.844254160442334367e-01
7.513075536111690766e-01
6.722345601263768344e-01
9.641844792061027292e-01
8.587816293403855994e-01
9.900289165980178385e-01
8.820318408700393853e-01
9.086589864279666084e-01
9.792051749124968119e-01
8.806527019012202473e-01
9.345266139530354899e-01
8.628744257676990159e-01
8.801113818820667234e-01
9.280763031844687649e-01
7.987091338073765145e-03
8.579333928549315313e-03
8.602003365805896418e-03
1.378560881193559295e-02
2.663233063047201754e-02
8.871066025964741142e-03
9.176686050652136384e-01
9.041845598258640981e-01
8.717356765459292056e-01
6.696462811863450604e-01
8.452847303795900658e-01
9.178484286029697792e-01
8.497044009771036466e-01
7.688072389618940683e-01
7.400677976463834185e-01
6.614957449605594064e-01
9.582606197254162073e-01
8.424436710661540317e-01
9.873684339728928672e-01
8.695877319218170420e-01
8.845302385792528366e-01
9.740545195121346200e-01
8.603183307812151126e-01
9.241002991465399052e-01
8.455026380959700383e-01
8.597535416906818551e-01
9.058735815547372949e-01
9.165902841429873771e-03
9.300162752848173398e-03
1.129943502824859447e-02
1.048951048951052289e-02
0.000000000000000000e+00
1.034560377966192712e-02
6.644295302013425442e-01
8.187838651414810487e-01
2.085953531746409517e-01
8.606227327334403654e-02
1.015463917525774029e-01
8.487544483985764998e-01
4.680851063829782888e-01
1.475519785378938131e-01
6.689536878216140181e-02
1.089181286549707472e-01
5.225605631538492446e-01
8.283911792412457231e-02
8.340927568017244553e-01
1.830238726790454074e-01
8.671875000000002220e-01
6.650563607085349105e-01
1.450437317784252222e-01
1.023541881385376939e-01
7.083333333333330373e-01
1.620026072639459969e-01
9.635971588026381873e-01
