8.613284961085709845e-03
8.680077180309109242e-03
8.227992980819553992e-03
1.205679820363653176e-02
1.381878465211627827e-02
8.962231628718397847e-03
7.808329605160970743e-01
7.731107537622445847e-01
3.571621623615728325e-01
1.057628614890977481e-01
1.144795142660699483e-01
9.542666918208926319e-01
6.735311012936637809e-01
5.820632354502208727e-02
6.767127511191084466e-02
6.965081239888348819e-02
8.061307860920337021e-01
1.214134892312401792e-01
8.748697745531295311e-01
2.027528787725443316e-01
8.982272905793702300e-01
6.346402564883879549e-01
3.805603702571724867e-02
1.442729957953199360e-01
6.001243947692156411e-01
2.716856090074117880e-01
9.715595201184441532e-01
3.368700265251992065e-02
2.847255949490040683e-02
2.327142537480419993e-02
2.424242424242425975e-02
4.255319148936168028e-02
2.897345306274728971e-02
5.436720142602493588e-01
5.560538116591926538e-01
2.714932126696832926e-01
2.774193548387096087e-01
2.555407209612816644e-01
1.786397159246106980e-01
1.778039446570502946e-01
1.782168338073140124e-01
1.764705882352941568e-01
3.451492537313429754e-01
4.044750430292598509e-01
0.000000000000000000e+00
3.369946605644544846e-01
3.414634146341466447e-01
4.998804399808702836e-01
3.612479474548440095e-01
5.462068965517243857e-01
1.717171717171714906e-01
3.165952235150029104e-01
3.968253968253969699e-01
0.000000000000000000e+00
5.000000000000002220e-01
4.954128440366973862e-01
7.222222222222223209e-01
2.857142857142855874e-01
1.000000000000000000e+00
5.608433949493156767e-01
0.000000000000000000e+00
0.000000000000000000e+00
0.000000000000000000e+00
0.000000000000000000e+00
0.000000000000000000e+00
0.000000000000000000e+00
0.000000000000000000e+00
0.000000000000000000e+00
0.000000000000000000e+00
0.000000000000000000e+00
9.148936170212765839e-01
0.000000000000000000e+00
0.000000000000000000e+00
0.000000000000000000e+00
0.000000000000000000e+00
0.000000000000000000e+00
0.000000000000000000e+00
0.000000000000000000e+00
0.000000000000000000e+00
0.000000000000000000e+00
0.000000000000000000e+00
2.568338495235689134e-02
2.680167187628895720e-02
2.648153608925768454e-02
3.728086505163713538e-02
3.910012862446943238e-02
2.728747777530698970e-02
9.313104073115656689e-01
8.960861998814546592e-01
9.089333664241761035e-01
7.086254926638213547e-01
8.008034100932559518e-01
9.593501541402609245e-01
8.600382338906573665e-01
7.168398782189182583e-01
5.559341092657126282e-01
6.655793689109206213e-01
9.046341044497183681e-01
7.268918486187061490e-01
9.380545236607298332e-01
8.801840508238654159e-01
8.886127606702773907e-01
9.437877543556560944e-01
8.395598258842191797e-01
8.706050058731373831e-01
8.773167826979046957e-01
8.246830437611021303e-01
9.391777390450657403e-01
1.079622924449734345e-02
1.144651359057607953e-02
1.092421071409518940e-02
1.795594603022021563e-02
2.210586172551171069e-02
1.169519848273289919e-02
9.196108294771396796e-01
8.746575118485996336e-01
8.969188572169097817e-01
6.951454583355194394e-01
7.782472855338418150e-01
9.501739588562618799e-01
8.378588749894785304e-01
6.980927229165097003e-01
5.410833975029127885e-01
6.547309790014663733e-01
8.898348652674570314e-01
7.001477292613689229e-01
9.223939423934267579e-01
8.675715018256400235e-01
8.598377152171625681e-01
9.303681782821024981e-01
8.134995952075397829e-01
8.514089063355967379e-01
8.615144918905937033e-01
7.967879968428535076e-01
9.201774206462264294e-01
1.374885426214483841e-02
1.302022785398743165e-02
1.694915254237289171e-02
1.748251748251750115e-02
0.000000000000000000e+00
1.571101578817329925e-02
8.019801980198018043e-01
7.864238410596026130e-01
2.085953531746409517e-01
6.779059063992654011e-02
8.830121021963233119e-02
9.220183486238546777e-01
6.376811594202891342e-01
1.017214397496086775e-01
3.010839020473699001e-02
7.678829107400542142e-02
4.695764812860829807e-01
8.283911792412457231e-02
8.758858456234439593e-01
1.900826446280992066e-01
8.881578947368422572e-01
6.721956940604840725e-01
1.200530888030888477e-01
1.413767223663553452e-01
8.632812499999991118e-01
1.525089060855755463e-01
9.461336336336336750e-01
