8.938595249169623003e-03
9.091021517499298099e-03
8.640523176847492159e-03
1.196147712988093748e-02
1.395116391975037562e-02
9.285125565709595463e-03
6.722806738199125220e-01
7.608496729843636786e-01
2.900158622668795871e-01
1.330687254849134415e-01
1.058117236551026075e-01
8.998418247531034808e-01
6.596733978417193001e-01
8.042300692861914513e-02
8.626080414631798199e-02
1.012764629833924346e-01
8.506608677585152378e-01
1.310980753526191922e-01
8.595706758314403118e-01
2.490011808857959252e-01
8.900236513993995402e-01
6.619682057687326093e-01
9.505328707630367191e-02
1.182573394796495592e-01
4.826960772480592965e-01
3.040879839358407999e-01
9.735329580132014993e-01
7.188328912466843135e-02
6.307673627974746955e-02
5.347952562094426820e-02
7.689393939393937560e-02
5.319148936170212116e-02
6.643081784025317571e-02
1.739618406285070584e-01
3.204905280497847286e-01
2.714932126696832926e-01
1.771428571428571574e-01
4.815543531726513837e-01
2.116634799235184161e-01
3.797468354430377779e-01
2.578456318914332801e-01
1.328719723183391377e-01
3.283582089552239403e-01
4.768547875713379236e-01
7.307692307692308376e-01
3.427588579291365178e-01
4.345898004434591844e-01
6.688112745098038214e-01
2.701149425287354688e-01
5.462068965517243857e-01
3.929870129870127737e-01
6.566063044936285564e-01
3.025793650793653367e-01
0.000000000000000000e+00
3.600000000000000977e-01
4.036697247706420022e-01
8.333333333333334814e-01
4.285714285714288252e-01
1.000000000000000000e+00
5.529952493715053485e-01
0.000000000000000000e+00
0.000000000000000000e+00
0.000000000000000000e+00
0.000000000000000000e+00
0.000000000000000000e+00
0.000000000000000000e+00
0.000000000000000000e+00
0.000000000000000000e+00
0.000000000000000000e+00
0.000000000000000000e+00
0.000000000000000000e+00
0.000000000000000000e+00
0.000000000000000000e+00
0.000000000000000000e+00
0.000000000000000000e+00
0.000000000000000000e+00
0.000000000000000000e+00
0.000000000000000000e+00
0.000000000000000000e+00
0.000000000000000000e+00
7.836812144212523812e-01
3.025674342226830627e-02
3.126394817703470608e-02
3.110100084733724568e-02
4.200987883127210720e-02
4.207160102744345043e-02
3.191024329299868567e-02
9.056097291248539349e-01
8.975646665836525262e-01
8.614517318323757777e-01
7.152699545470015963e-01
8.845773202505902155e-01
9.525946078801614814e-01
8.764661808494174089e-01
8.262727869014012683e-01
5.394182125908519865e-01
7.279410566610362565e-01
9.272801016982521460e-01
8.255125562709064724e-01
9.663214609921315645e-01
9.225141099984841553e-01
9.155976112319696991e-01
9.735654118429644122e-01
8.799270852641529750e-01
8.934409970830046177e-01
8.471484041864019154e-01
8.683753021397464522e-01
9.378321289540731964e-01
1.280100152919490253e-02
1.343439982151244105e-02
1.291653949368112841e-02
2.034059503900106924e-02
2.384237619745294134e-02
1.376313445808004243e-02
8.899763411592183093e-01
8.764060095407469886e-01
8.441277884529050368e-01
7.019738030747375568e-01
8.701400985951739386e-01
9.419687878299658479e-01
8.565161832713429346e-01
8.130149573344813696e-01
5.244727659365207018e-01
7.182887392701831075e-01
9.157126539987696656e-01
8.061076430854359209e-01
9.575505426695319899e-01
9.139652071383079779e-01
8.931315249916285115e-01
9.670555584516811187e-01
8.594859401488549322e-01
8.772180264101181457e-01
8.281372742477119964e-01
8.463226432798636178e-01
9.184392792993948396e-01
8.249312557286891945e-03
8.370146477563344956e-03
1.129943502824859447e-02
1.048951048951052289e-02
0.000000000000000000e+00
9.023627540863832230e-03
6.000000000000014211e-01
7.758924722755594638e-01
1.832477186516965340e-01
8.606227327334403654e-02
7.521954944635345086e-02
8.265306122448983217e-01
6.376811594202891342e-01
9.986702488534260347e-02
6.152584085315826457e-02
1.089181286549707472e-01
6.126335023290527815e-01
8.283911792412457231e-02
8.353433956813751671e-01
2.114942528735634930e-01
8.881578947368422572e-01
6.913351834720939948e-01
1.450437317784252222e-01
1.023541881385376939e-01
7.083333333333330373e-01
1.337040749053404198e-01
9.635971588026381873e-01
