4.559982070537149657e-03
4.308273145392671477e-03
3.943242606398833505e-03
5.514861505448553913e-03
8.619453083067551979e-03
4.499680839695485712e-03
6.117673244415886558e-01
7.701731555566282417e-01
3.410730739693406122e-01
1.208659601895938351e-01
1.333038646922668491e-01
8.985265359321674694e-01
5.332290077607195755e-01
9.702373390346430426e-02
1.152144761584774635e-01
1.125405044948708522e-01
8.777569236997226909e-01
1.495983298008984885e-01
8.235258047368194667e-01
2.189911061682687787e-01
8.751545586170115243e-01
6.338531972929715153e-01
5.943582862853125093e-02
1.434786392374802766e-01
6.888825083741476618e-01
3.339684357847629848e-01
9.842077928022825439e-01
6.127320954907164441e-02
5.700582807187953849e-02
5.079436115462071522e-02
5.795454545454545303e-02
5.319148936170212116e-02
5.895101635665811468e-02
5.282555282555283505e-01
3.152694383218057617e-01
1.983173076923077094e-01
8.000000000000007105e-02
2.555407209612816644e-01
5.223259475874482138e-01
1.729957805907171853e-01
1.175985145450793024e-01
2.461538461538461675e-01
2.996905715325808295e-01
3.470656820831713452e-01
1.559251559251559893e-01
3.427588579291365178e-01
4.345898004434591844e-01
6.055998670654705318e-01
3.701825557809330647e-01
2.128078817733991546e-01
2.258741258741259195e-01
6.566063044936285564e-01
3.481822836661547793e-01
0.000000000000000000e+00
4.800000000000002043e-01
4.220183486238533455e-01
6.111111111111111605e-01
2.857142857142855874e-01
1.000000000000000000e+00
6.090313641001521283e-01
0.000000000000000000e+00
0.000000000000000000e+00
0.000000000000000000e+00
0.000000000000000000e+00
0.000000000000000000e+00
0.000000000000000000e+00
0.000000000000000000e+00
0.000000000000000000e+00
0.000000000000000000e+00
0.000000000000000000e+00
7.127071823204419454e-01
0.000000000000000000e+00
0.000000000000000000e+00
0.000000000000000000e+00
0.000000000000000000e+00
0.000000000000000000e+00
0.000000000000000000e+00
0.000000000000000000e+00
0.000000000000000000e+00
0.000000000000000000e+00
8.129921259842519676e-01
2.225071815666407327e-02
2.299527790671795913e-02
2.385250959219736844e-02
3.153769835532849175e-02
3.741688119843311622e-02
2.370431940915240787e-02
9.385686801559196546e-01
8.884996270807359320e-01
8.916128083506400515e-01
6.373615698644075067e-01
8.572311698810142211e-01
9.685787978729261116e-01
8.589979400372320661e-01
8.843574075948108515e-01
9.010863866559111202e-01
7.903986113812031533e-01
9.366837198440847168e-01
8.376891373588026823e-01
9.732721944788249591e-01
9.256987235902713884e-01
9.167262487833804929e-01
9.720967596933256516e-01
8.782915071103372107e-01
8.898865810252738484e-01
9.671392414039869934e-01
8.778494381524284407e-01
9.279458901835211382e-01
9.307838912952906552e-03
9.769342942339817593e-03
9.801837772701160745e-03
1.509228428322648141e-02
2.112572381076732730e-02
1.010959018242567342e-02
9.280238230809010336e-01
8.657011343407371440e-01
8.775856736319811446e-01
6.222718084252458759e-01
8.399255155036469134e-01
9.614176218437631150e-01
8.366807559497418945e-01
8.749118681478225135e-01
8.957247296514054824e-01
7.823241660858366586e-01
9.265099547621244991e-01
8.193721388415964313e-01
9.662613906157392352e-01
9.174728756225563053e-01
8.945332582498410900e-01
9.652355979417304166e-01
8.576104349457566167e-01
8.731891651744423388e-01
9.624732380580733881e-01
8.571608138329642745e-01
9.057060358612653017e-01
3.666361136571927304e-03
1.162520344106021675e-03
5.649717514124297235e-03
0.000000000000000000e+00
0.000000000000000000e+00
1.428951187091132002e-03
6.204810600604915294e-01
7.864238410596026130e-01
2.188741183552047609e-01
8.606227327334403654e-02
1.015463917525774029e-01
8.265306122448983217e-01
4.680851063829782888e-01
1.281413974040319648e-01
6.152584085315826457e-02
1.024246969128861373e-01
6.126335023290527815e-01
8.283911792412457231e-02
8.041220893643803436e-01
2.114942528735634930e-01
8.596698113207550396e-01
6.650563607085349105e-01
7.107142857142845216e-02
1.238838621952647046e-01
8.236434108527124209e-01
1.620026072639459969e-01
1.000000000000000000e+00
