2.428985351995760489e-03
2.361600489742432529e-03
1.860624351384621011e-03
3.208991304492425645e-03
9.955701260357052718e-03
2.389266237749376742e-03
6.361675565521203168e-01
7.636268176608731473e-01
2.881882786102814009e-01
1.415478202167030908e-01
1.547373449640172538e-01
8.847205600109697698e-01
6.550407108353661911e-01
1.074186427202854510e-01
1.376305677344813461e-01
1.153369044113761177e-01
9.340970641271901798e-01
1.529947010270180652e-01
8.191464444020222224e-01
2.384618590094085278e-01
8.643000797076827446e-01
6.408375392292819939e-01
3.293382290535218360e-02
1.426560162970065271e-01
5.311392855727854467e-01
3.077143434585640769e-01
9.895814493726593497e-01
6.498673740053048653e-02
5.858426420592521833e-02
5.661221749832179295e-02
6.553030303030302206e-02
4.255319148936168028e-02
6.251819156927840293e-02
4.545454545454545858e-01
2.600896860986545711e-01
1.000000000000000000e+00
8.000000000000007105e-02
4.744787922358015830e-01
2.516730401529636563e-01
2.025316455696202222e-01
2.644813650651096637e-01
1.129411764705883225e-01
2.563965884861405531e-01
4.330262225372076834e-01
4.615384615384616751e-01
3.957894736842106909e-01
4.129325014180376119e-01
3.728213507625273149e-01
3.612479474548440095e-01
5.462068965517243857e-01
2.545454545454544082e-01
5.492957746478874803e-01
5.128205128205129970e-01
0.000000000000000000e+00
4.200000000000001510e-01
3.669724770642202039e-01
7.222222222222223209e-01
2.857142857142855874e-01
1.000000000000000000e+00
4.861593366573551123e-01
0.000000000000000000e+00
0.000000000000000000e+00
0.000000000000000000e+00
0.000000000000000000e+00
0.000000000000000000e+00
0.000000000000000000e+00
0.000000000000000000e+00
0.000000000000000000e+00
0.000000000000000000e+00
0.000000000000000000e+00
8.242811501597443469e-01
0.000000000000000000e+00
0.000000000000000000e+00
0.000000000000000000e+00
0.000000000000000000e+00
0.000000000000000000e+00
0.000000000000000000e+00
0.000000000000000000e+00
0.000000000000000000e+00
0.000000000000000000e+00
7.836812144212523812e-01
2.065796146714654613e-02
2.196244315702727823e-02
2.255512616677746163e-02
3.202450659394528998e-02
4.561337037689805474e-02
2.262441587246349917e-02
9.614612830553914691e-01
9.014840884029016177e-01
9.325431013386213941e-01
8.018770287335170721e-01
9.452396677782530787e-01
9.151441060138687522e-01
9.042067576180232713e-01
9.503493324724425761e-01
8.581200566885991421e-01
8.854158627675179360e-01
9.295344079086973466e-01
8.715383256568127734e-01
9.573626424665404588e-01
9.301151223479764418e-01
9.494356783073583106e-01
9.481713393320916339e-01
8.763584484163238209e-01
8.986326526740802123e-01
8.890223986995153815e-01
8.852231874592022542e-01
9.284092158909031944e-01
8.621988017308859775e-03
9.317198392591152789e-03
9.251038348512249931e-03
1.533363917907595853e-02
2.592260382434399824e-02
9.634672700498794762e-03
9.546846519353564542e-01
8.810461534795853700e-01
9.234122769552759458e-01
7.915049625571541903e-01
9.379204497534558982e-01
8.968716007816421865e-01
8.882470681191524386e-01
9.459913097024235107e-01
8.507961029686974541e-01
8.804711146954131706e-01
9.182982995936990189e-01
8.564554584097385792e-01
9.463615210834955827e-01
9.223412992468338345e-01
9.354791382652740683e-01
9.357407896726024354e-01
8.553951456681311294e-01
8.831104040736748040e-01
8.745371321063770687e-01
8.656201644313012977e-01
9.063013363093700425e-01
2.749770852428945478e-03
3.255056963496871791e-03
3.766478342749512986e-03
3.496503496503489128e-03
0.000000000000000000e+00
3.078117956250014942e-03
6.774193548387099639e-01
7.864238410596026130e-01
1.832477186516965340e-01
8.606227327334403654e-02
7.521954944635345086e-02
8.454545454545456806e-01
4.680851063829782888e-01
1.281413974040319648e-01
9.433962264150963506e-02
1.089181286549707472e-01
6.126335023290527815e-01
8.283911792412457231e-02
8.041220893643803436e-01
2.114942528735634930e-01
8.534482758620691722e-01
6.494221243808482313e-01
3.518387553041035787e-02
1.152276014920445846e-01
7.271863117870713822e-01
1.337040749053404198e-01
9.815457818930040101e-01
