7.999037168389844243e-03
8.210464525476690589e-03
7.489955709960638419e-03
1.066718073266531563e-02
1.614481123676891894e-02
8.233293427591992231e-03
7.154650501206809565e-01
7.649887495296914253e-01
3.037374169313098449e-01
1.314003926343498829e-01
9.096974962676096510e-02
9.534029250174906878e-01
6.089066441599371160e-01
9.797025017890925724e-02
9.108057648532641437e-02
1.049427874723756204e-01
8.574629310760926160e-01
9.720116019418822972e-02
8.490202847233110361e-01
1.916765901075447864e-01
8.814949368961575438e-01
6.232260524549477765e-01
6.830253373594130650e-02
1.415978964481459101e-01
6.346020429297212218e-01
2.698234660044045441e-01
9.766287344589514863e-01
3.554376657824934171e-02
3.363283147158813158e-02
3.289326471246364902e-02
4.848484848484849175e-02
4.255319148936168028e-02
3.865944207158450441e-02
6.121212121212118440e-01
2.254555862990170745e-01
1.000000000000000000e+00
1.677419354838709520e-01
4.240654205607476968e-01
2.568024709516105730e-01
1.450564488539172192e-01
3.507458963229057591e-01
1.831478537360891057e-01
2.761194029850744247e-01
2.917123037604965052e-01
1.214574898785425461e-01
8.465497076023393852e-01
3.675072343943781572e-01
4.404761904761904656e-01
5.637657361795289646e-01
1.481956696070572121e-01
6.272727272727272041e-01
9.495683780099950511e-02
3.617571059431528013e-01
0.000000000000000000e+00
4.600000000000001865e-01
3.853211009174311030e-01
6.666666666666665186e-01
1.428571428571432378e-01
1.000000000000000000e+00
5.740879730278698467e-01
0.000000000000000000e+00
0.000000000000000000e+00
0.000000000000000000e+00
0.000000000000000000e+00
0.000000000000000000e+00
0.000000000000000000e+00
0.000000000000000000e+00
0.000000000000000000e+00
0.000000000000000000e+00
0.000000000000000000e+00
9.347826086956522174e-01
0.000000000000000000e+00
0.000000000000000000e+00
0.000000000000000000e+00
0.000000000000000000e+00
0.000000000000000000e+00
0.000000000000000000e+00
0.000000000000000000e+00
0.000000000000000000e+00
0.000000000000000000e+00
8.750000000000000000e-01
2.495228877665073286e-02
2.621616033645779442e-02
2.621393658992565712e-02
3.563100416829334538e-02
4.706405921330059083e-02
2.670175316784412223e-02
9.004197019207360597e-01
8.666278451829645402e-01
9.580044600791377540e-01
7.012653089419798036e-01
8.251116901013992866e-01
9.716857443416444529e-01
8.588066582415709860e-01
9.023852681494499706e-01
6.620331046000318409e-01
9.503219602104842068e-01
9.459725341606119997e-01
7.639486376655382216e-01
9.390024353414310188e-01
9.175198939616069360e-01
8.725716493822031072e-01
9.503721838285557055e-01
8.755306001391907067e-01
9.433362818519310800e-01
9.517869110420051904e-01
8.115722385146724172e-01
9.509272674395978786e-01
1.047805388919377523e-02
1.118741570504701299e-02
1.080958692502231866e-02
1.712965500740261382e-02
2.677792931015610112e-02
1.143497407083689243e-02
8.840212366354218698e-01
8.400285350646775617e-01
9.521648290728248476e-01
6.875883139488307982e-01
8.047069911337398906e-01
9.652119697314165414e-01
8.364641752509501815e-01
8.942496886825384017e-01
6.485735589068406526e-01
9.480210080539643869e-01
9.372052220840112469e-01
7.396548902078357024e-01
9.235659148689777664e-01
9.084692508647749243e-01
8.402468980557817879e-01
9.384418552601676566e-01
8.544468720206016554e-01
9.342278006818904856e-01
9.450496536261980829e-01
7.820677438683276694e-01
9.354056108343052900e-01
1.008249312557285560e-02
9.765170890490615374e-03
1.318267419962337872e-02
1.048951048951052289e-02
0.000000000000000000e+00
1.067889231246116344e-02
7.297297297297298257e-01
8.187838651414810487e-01
1.832477186516965340e-01
8.606227327334403654e-02
4.953482524515973040e-02
8.606557377049171009e-01
5.689655172413790041e-01
1.186063750926611426e-01
6.152584085315826457e-02
1.039201539201539681e-01
5.673173031166829361e-01
4.870940133938539418e-02
8.295154185022028948e-01
1.690220463538727458e-01
8.785714285714287808e-01
6.913351834720939948e-01
1.003024193548385234e-01
1.152276014920445846e-01
7.846153846153836042e-01
1.562990270986457375e-01
9.635971588026381873e-01
