6.318192951236201171e-03
6.642510953296598686e-03
5.918227833264233517e-03
9.739585298078834441e-03
1.080353883141316196e-02
6.694356643399623774e-03
7.230858657186516325e-01
7.695723887568339805e-01
3.221397309978870638e-01
1.128566446865368889e-01
7.438441921078853269e-02
9.193034793025285367e-01
7.080062785931904301e-01
8.977304208927638918e-02
7.818007917013281016e-02
9.728052772003259463e-02
8.822081348703409986e-01
1.146735158813416700e-01
8.341716585321785615e-01
2.210916655951349341e-01
9.056020321600519729e-01
6.318935425166207764e-01
5.515909493181903045e-02
1.415077117324852196e-01
4.881060992060461956e-01
2.958161697192771555e-01
9.804490687520344139e-01
7.785145888594166563e-02
6.186255463817386113e-02
4.900425151040499472e-02
7.083333333333333148e-02
2.127659574468085402e-02
6.776240806769073810e-02
6.121212121212118440e-01
3.784753363228698930e-01
2.295285359801488845e-01
2.774193548387096087e-01
3.803738317757008325e-01
5.162523900573614544e-01
2.025316455696202222e-01
4.082555838281025640e-01
2.003795066413662784e-01
3.451492537313429754e-01
2.917123037604965052e-01
2.307692307692308376e-01
4.436578171091443146e-01
3.414634146341466447e-01
4.140025575447567885e-01
4.205214465937765489e-01
5.462068965517243857e-01
2.997245179063361409e-01
4.484803558191252648e-01
3.968253968253969699e-01
0.000000000000000000e+00
4.400000000000001688e-01
3.853211009174311030e-01
6.111111111111111605e-01
1.428571428571432378e-01
1.000000000000000000e+00
6.123670342838027914e-01
0.000000000000000000e+00
0.000000000000000000e+00
0.000000000000000000e+00
0.000000000000000000e+00
0.000000000000000000e+00
0.000000000000000000e+00
0.000000000000000000e+00
0.000000000000000000e+00
0.000000000000000000e+00
0.000000000000000000e+00
9.485294117647058432e-01
0.000000000000000000e+00
0.000000000000000000e+00
0.000000000000000000e+00
0.000000000000000000e+00
0.000000000000000000e+00
0.000000000000000000e+00
0.000000000000000000e+00
0.000000000000000000e+00
0.000000000000000000e+00
8.098039215686274606e-01
2.229416664128125447e-02
2.341923534187972944e-02
2.312383907919735027e-02
3.365098668097549206e-02
3.395024338121388485e-02
2.383838180619185509e-02
9.140492567106601740e-01
9.011952279021906431e-01
9.083903386341352082e-01
7.419749097806738192e-01
7.695540797456650317e-01
9.306058574561266727e-01
8.541741258234516465e-01
8.785020028620129651e-01
5.801265093338914269e-01
7.447657698125507153e-01
9.565453122569622657e-01
7.583405932061557664e-01
9.799188650196446471e-01
8.659900929981128037e-01
8.970733733028855017e-01
9.584721454624847148e-01
8.978590306520835007e-01
9.175816277687283140e-01
9.050138701741543557e-01
8.844889476200035183e-01
9.485801352174649814e-01
9.326590392856035083e-03
9.955302575477248395e-03
9.492233275332911946e-03
1.614188325594836937e-02
1.911521092630441565e-02
1.016864343741102905e-02
8.996810016023837342e-01
8.807039345789481333e-01
8.963114079233673870e-01
7.294759511028225951e-01
7.444776998955764391e-01
9.154103506194610773e-01
8.312230622269892732e-01
8.686439077484329196e-01
5.654738079383152538e-01
7.355010775429198233e-01
9.494148855119302066e-01
7.336522554896638404e-01
9.746155359893787784e-01
8.521108886973567387e-01
8.702308253132107208e-01
9.484039296996849000e-01
8.801162529044309624e-01
9.046948867621378287e-01
8.923928667671141568e-01
8.647768854595609955e-01
9.323562268691457655e-01
9.165902841429873771e-03
9.300162752848173398e-03
1.318267419962337872e-02
1.048951048951052289e-02
0.000000000000000000e+00
1.120675398883874685e-02
7.297297297297298257e-01
7.864238410596026130e-01
2.085953531746409517e-01
7.868550699277165883e-02
4.953482524515973040e-02
8.265306122448983217e-01
6.376811594202891342e-01
1.186063750926611426e-01
3.010839020473699001e-02
9.274821039526948141e-02
6.126335023290527815e-01
6.560188732577176829e-02
8.375343645457253849e-01
1.924442190669375385e-01
8.881578947368422572e-01
6.316751534142834856e-01
4.706717123935666436e-02
1.081893334436321297e-01
6.343283582089540573e-01
1.337040749053404198e-01
9.635971588026381873e-01
