5.979847790707315536e-03
5.975051511555584671e-03
5.816541356638060822e-03
8.164590170019303539e-03
1.168962701498010848e-02
6.200921001034809255e-03
7.140255480923212161e-01
7.753881349022098135e-01
3.932548321652653556e-01
9.918811252008308266e-02
9.629767064347483085e-02
9.868211316392425658e-01
6.282968940160245097e-01
5.793836668964558179e-02
9.880630415868596472e-02
1.118200144726029244e-01
8.076483843489050685e-01
1.059309002390265153e-01
8.560123432043220681e-01
1.697794995751484848e-01
8.855666110526652091e-01
6.852239106784017153e-01
1.096022627480808254e-02
1.319054700553357051e-01
5.624397419535736020e-01
3.069770021343423139e-01
9.798574187022683901e-01
1.830238726790453518e-02
1.226323457989314525e-02
1.722980532557619182e-02
2.272727272727273484e-02
2.127659574468085402e-02
1.589223481036253216e-02
2.661752661752663229e-01
1.953475336322869627e-01
2.417582417582416765e-01
2.774193548387096087e-01
1.895738660721941748e-01
5.162523900573614544e-01
8.941556692701302378e-02
4.641221374045798598e-01
4.235294117647059320e-01
7.593283582089547235e-01
6.316033364226135705e-01
2.820512820512821595e-01
5.084795321637427534e-01
4.129325014180376119e-01
3.917647058823530148e-01
5.637657361795289646e-01
2.405911330049261831e-01
2.643540669856458969e-01
3.239436619718309984e-01
5.128205128205129970e-01
0.000000000000000000e+00
4.400000000000001688e-01
3.669724770642202039e-01
5.555555555555553582e-01
2.857142857142855874e-01
1.000000000000000000e+00
5.772068528268263776e-01
0.000000000000000000e+00
0.000000000000000000e+00
0.000000000000000000e+00
0.000000000000000000e+00
0.000000000000000000e+00
0.000000000000000000e+00
0.000000000000000000e+00
0.000000000000000000e+00
0.000000000000000000e+00
0.000000000000000000e+00
8.865979381443298557e-01
0.000000000000000000e+00
0.000000000000000000e+00
0.000000000000000000e+00
0.000000000000000000e+00
0.000000000000000000e+00
0.000000000000000000e+00
0.000000000000000000e+00
0.000000000000000000e+00
0.000000000000000000e+00
9.301801801801802272e-01
2.102749734739778331e-02
2.146217491428592528e-02
2.216664475995572259e-02
2.998008734909735074e-02
4.276160385485372473e-02
2.232470492144178476e-02
9.350498790184600395e-01
9.293400083795890776e-01
9.437122264778143865e-01
5.470944683400080777e-01
8.338831786693625681e-01
9.501433993282104584e-01
8.801498957242102072e-01
8.482718992125155566e-01
7.552951227742363827e-01
7.628867406472235047e-01
9.395947422476940147e-01
8.012181886693383603e-01
9.505005220095383844e-01
8.173839974387875351e-01
8.912926081293164327e-01
9.823160154545869105e-01
8.409107263309221203e-01
8.970579445579249800e-01
8.832272471801654312e-01
9.228617636410469949e-01
9.438863557740837518e-01
8.780843537562643686e-03
9.098647238673332471e-03
9.086505198801331229e-03
1.432175015008731178e-02
2.424675335366080486e-02
9.503109407979826173e-03
9.239428083149741067e-01
9.142280488572155361e-01
9.360019782936230825e-01
5.309176680951797067e-01
8.142958371144368712e-01
9.389969020484256745e-01
8.607134489207816097e-01
8.363846263599703512e-01
7.441768880630306171e-01
7.540704016789927522e-01
9.298585607552305454e-01
7.797620640008520176e-01
9.378204074492196840e-01
7.995322924203462911e-01
8.631251658259060378e-01
9.779219666678422573e-01
8.150283424983656433e-01
8.813221857464417219e-01
8.680849267297858773e-01
9.091269596277080645e-01
9.262690816923292436e-01
8.249312557286891945e-03
7.440130202278572025e-03
9.416195856873810222e-03
1.048951048951052289e-02
0.000000000000000000e+00
8.365679453303187518e-03
7.297297297297298257e-01
7.864238410596026130e-01
2.608114802919057063e-01
6.779059063992654011e-02
4.953482524515973040e-02
1.000000000000000000e+00
5.519713261648746538e-01
9.065889590416054133e-02
6.152584085315826457e-02
1.170831368851175114e-01
4.930284519488647987e-01
4.870940133938539418e-02
8.618342010412498588e-01
1.690220463538727458e-01
8.881578947368422572e-01
7.045797101449275956e-01
2.337875939849620721e-02
1.115359608980242001e-01
8.367875647668387984e-01
1.337040749053404198e-01
9.635971588026381873e-01
