6.051058898186412183e-03
6.019248301997071060e-03
5.413177429034854438e-03
7.924868443465404866e-03
1.262367338302927688e-02
6.160763529318880050e-03
5.970639702136466553e-01
7.646220981853106835e-01
3.068206687037493552e-01
1.397266866735347168e-01
1.225013555394678377e-01
8.853396061815477225e-01
7.006881172872061470e-01
1.092254936686520850e-01
1.217707298459069776e-01
1.097987387247529867e-01
9.107919043557046734e-01
1.469968445972493765e-01
8.208066845800527922e-01
1.984338284110274131e-01
8.823432787979839098e-01
6.575611781235357611e-01
8.259352364783589806e-02
1.483833101395477527e-01
5.125450068005985571e-01
3.068686797673776390e-01
9.837087646538862362e-01
7.029177718832893551e-02
6.161971830985912835e-02
5.303199820989035196e-02
7.462121212121211600e-02
6.382978723404256205e-02
6.508793816286922995e-02
5.436720142602493588e-01
3.525784753363228052e-01
9.081196581196593343e-02
1.437500000000000444e-01
4.088241686589870749e-01
2.377162168171105261e-01
1.542002301495970507e-01
4.451485909069086144e-01
3.604505632040050367e-01
7.593283582089547235e-01
1.000000000000000000e+00
1.214574898785425461e-01
4.753353973168210622e-01
3.039857227840572218e-01
6.688112745098038214e-01
4.827586206896552490e-01
5.462068965517243857e-01
4.917355371900824501e-01
2.026002166847236108e-01
2.545672356993111674e-01
0.000000000000000000e+00
4.600000000000001865e-01
4.311926605504585730e-01
7.222222222222223209e-01
4.285714285714288252e-01
1.000000000000000000e+00
5.080808409144323967e-01
0.000000000000000000e+00
0.000000000000000000e+00
0.000000000000000000e+00
0.000000000000000000e+00
0.000000000000000000e+00
0.000000000000000000e+00
0.000000000000000000e+00
0.000000000000000000e+00
0.000000000000000000e+00
0.000000000000000000e+00
9.347826086956522174e-01
0.000000000000000000e+00
0.000000000000000000e+00
0.000000000000000000e+00
0.000000000000000000e+00
0.000000000000000000e+00
0.000000000000000000e+00
0.000000000000000000e+00
0.000000000000000000e+00
0.000000000000000000e+00
7.836812144212523812e-01
2.656452034614009694e-02
2.750360006085905695e-02
2.749439561057120951e-02
3.846365338180790516e-02
4.573344173620996767e-02
2.829769323793968061e-02
8.808418663921875336e-01
8.893404457714233491e-01
9.005091761934043149e-01
8.148988358651694242e-01
8.777717282776453800e-01
9.051773400391314173e-01
8.791293538137874286e-01
8.292001326720761512e-01
7.737219445656622341e-01
7.469195823979752902e-01
9.723106639890688463e-01
8.032554988553686215e-01
9.510023442451396303e-01
8.899611184513012141e-01
8.843160589825413975e-01
9.680949384057404572e-01
9.246713616309016892e-01
9.290039285644930978e-01
9.357709834365453005e-01
9.095307604541349455e-01
9.380195365528052331e-01
1.118054728095177475e-02
1.175765963544846138e-02
1.135884243313831088e-02
1.855011957931289313e-02
2.599332557702846436e-02
1.214496182978393179e-02
8.616460567588744013e-01
8.666924629901097132e-01
8.875049092675904028e-01
8.050511197263374719e-01
8.626008777055478305e-01
8.849810126544996880e-01
8.595501313453700609e-01
8.161195219520203104e-01
7.631901134866074798e-01
7.377065041325865380e-01
9.676922705050432505e-01
7.819652787755213552e-01
9.384441531258739255e-01
8.782490948261498787e-01
8.545755347432688609e-01
9.602820600961026187e-01
9.111953614984872329e-01
9.177649659572963969e-01
9.269467029777453959e-01
8.936550035448176388e-01
9.186812838358860978e-01
6.416131989000928293e-03
5.115089514066528675e-03
7.532956685499081484e-03
6.993006993007033767e-03
0.000000000000000000e+00
6.380654470131419398e-03
6.428571428571423496e-01
8.187838651414810487e-01
1.983968908470501447e-01
8.606227327334403654e-02
7.521954944635345086e-02
8.408150382268360090e-01
6.376811594202891342e-01
1.358505643791829698e-01
9.433962264150963506e-02
1.220080624842529993e-01
5.598270222551340325e-01
9.452737702848756918e-02
8.203998644527281670e-01
1.830238726790454074e-01
8.706521739130435034e-01
6.913351834720939948e-01
7.107142857142845216e-02
1.238838621952647046e-01
6.343283582089540573e-01
1.620026072639459969e-01
9.815457818930040101e-01
