4.729840457411427224e-03
4.519037047656493389e-03
4.171679141004691616e-03
5.578212750929567587e-03
1.141270337832733794e-02
4.662613198035292505e-03
6.449461273866905486e-01
7.755660739526226699e-01
3.509305398293127709e-01
1.193464272416102645e-01
1.540142689966135237e-01
9.233392475996415882e-01
7.123147177114690365e-01
1.103880110736537024e-01
1.345851306177807682e-01
1.058282726655650485e-01
7.878899759412405501e-01
1.241695540566196687e-01
8.331554221270875971e-01
1.984890553288400916e-01
8.535989989781573861e-01
6.486326148106762446e-01
4.985794154807487999e-02
1.199549783572200212e-01
5.673276331256484895e-01
3.360743997469683997e-01
9.835678982590354558e-01
6.538461538461540212e-02
5.828071879553181622e-02
5.504587155963303058e-02
7.045454545454546413e-02
9.574468085106382920e-02
6.305612521997666642e-02
5.282555282555283505e-01
2.896860986547085126e-01
6.009615384615385469e-02
2.774193548387096087e-01
2.555407209612816644e-01
5.162523900573614544e-01
6.278481012658228000e-01
4.992011361619028698e-01
2.737967914438503847e-01
3.283582089552239403e-01
4.768547875713379236e-01
1.923076923076922906e-01
9.894736842105262831e-01
4.129325014180376119e-01
6.688112745098038214e-01
3.383214053350687145e-01
2.405911330049261831e-01
1.717171717171714906e-01
4.688128772635815622e-01
3.560703560703561976e-01
0.000000000000000000e+00
5.200000000000002398e-01
5.504587155963300837e-01
8.333333333333334814e-01
2.857142857142855874e-01
1.000000000000000000e+00
5.816895079442443439e-01
0.000000000000000000e+00
0.000000000000000000e+00
0.000000000000000000e+00
0.000000000000000000e+00
0.000000000000000000e+00
0.000000000000000000e+00
0.000000000000000000e+00
0.000000000000000000e+00
0.000000000000000000e+00
0.000000000000000000e+00
8.349514563106796849e-01
0.000000000000000000e+00
0.000000000000000000e+00
0.000000000000000000e+00
0.000000000000000000e+00
0.000000000000000000e+00
0.000000000000000000e+00
0.000000000000000000e+00
0.000000000000000000e+00
0.000000000000000000e+00
0.000000000000000000e+00
2.032704727093981312e-02
2.102830820007539625e-02
2.094170493931435395e-02
2.916164849335595166e-02
4.603378548340963938e-02
2.157800619428751343e-02
9.321217367126859443e-01
9.228013378777675246e-01
8.755746465427050040e-01
7.291628800514020625e-01
8.629679325246417676e-01
9.785703126543647823e-01
9.296774430039209669e-01
8.862944193118122982e-01
9.116183745305486141e-01
6.898480657306667041e-01
9.136167145276603563e-01
7.731220679028854015e-01
9.889739491585649578e-01
8.634540212838008877e-01
8.919362167454696344e-01
9.373657847153173961e-01
8.844839030418487624e-01
9.302650915681005550e-01
9.020288559294473707e-01
9.222812015307892963e-01
9.444435434495077608e-01
8.479873023739856186e-03
8.909343375999120851e-03
8.568900278372398871e-03
1.391792393748828016e-02
2.617028446292901656e-02
9.175792115721309594e-03
9.205502768989695106e-01
9.064071255532802907e-01
8.597615556846727181e-01
7.162698376009655199e-01
8.462464977542509814e-01
9.736359113626293915e-01
9.176312792294391008e-01
8.769867504406216874e-01
9.067716137261268017e-01
6.794200826633600698e-01
9.000783221958497116e-01
7.494920437509504652e-01
9.860351152568737065e-01
8.493535746172873324e-01
8.639153219859736499e-01
9.225148338611874888e-01
8.647166681821000234e-01
9.192107897701009556e-01
8.890541636541220427e-01
9.084517313100266556e-01
9.269909059378377281e-01
8.249312557286891945e-03
7.905138339920958490e-03
9.416195856873810222e-03
6.993006993007033767e-03
0.000000000000000000e+00
8.163142531534828272e-03
6.428571428571423496e-01
7.864238410596026130e-01
2.085953531746409517e-01
7.381836223033233502e-02
1.015463917525774029e-01
8.265306122448983217e-01
6.376811594202891342e-01
1.674302845183550659e-01
9.433962264150963506e-02
1.089181286549707472e-01
4.783529856445474238e-01
7.561558675330304347e-02
8.423650549333903115e-01
1.830238726790454074e-01
8.534482758620691722e-01
6.913351834720939948e-01
7.107142857142845216e-02
1.023541881385376939e-01
7.717719780219773895e-01
1.908560128060541317e-01
9.635971588026381873e-01
