3.363086298078937775e-02
3.397493855893446435e-02
3.268031080617256334e-02
4.198588235223310594e-02
5.793082599466192750e-02
3.475132020029281232e-02
5.835389525816108147e-01
9.052323690441057558e-01
1.368813724520290265e-01
5.983232015525752345e-02
1.380791209046381418e-01
7.175744239629606724e-01
6.254142327003080482e-01
5.873718798636762273e-02
7.598895487436108098e-02
4.787826120264382368e-02
4.656270539991673729e-01
7.983386927866242821e-02
8.910296984476020477e-01
1.905615034225682791e-01
9.014460499638095037e-01
9.181844358758368685e-01
1.643897226151138646e-01
6.939582328593774108e-02
7.878632930583515659e-01
2.798022004591125267e-01
8.702977426470608346e-01
8.435013262599469486e-02
6.908693540553667578e-02
6.959051241888564165e-02
6.628787878787881227e-02
4.255319148936168028e-02
7.545522760091016856e-02
5.436720142602493588e-01
1.865582263320610945e-01
1.871101871101872316e-01
1.463414634146341653e-01
2.056074766355140415e-01
6.517686424474187223e-01
1.658664338716717701e-01
2.527180198935923272e-01
1.634674922600619640e-01
2.070895522388058740e-01
3.278376664552947739e-01
2.343750000000000000e-01
2.427010923535251052e-01
4.129325014180376119e-01
4.140025575447567885e-01
3.004926108374386118e-01
5.462068965517243857e-01
9.760765550239214328e-02
6.197183098591549921e-01
3.660511823777130580e-01
0.000000000000000000e+00
3.600000000000000977e-01
4.128440366972476738e-01
7.222222222222223209e-01
2.857142857142855874e-01
1.000000000000000000e+00
4.861593366573551123e-01
0.000000000000000000e+00
0.000000000000000000e+00
0.000000000000000000e+00
0.000000000000000000e+00
0.000000000000000000e+00
0.000000000000000000e+00
0.000000000000000000e+00
0.000000000000000000e+00
0.000000000000000000e+00
0.000000000000000000e+00
0.000000000000000000e+00
0.000000000000000000e+00
0.000000000000000000e+00
0.000000000000000000e+00
0.000000000000000000e+00
0.000000000000000000e+00
0.000000000000000000e+00
0.000000000000000000e+00
0.000000000000000000e+00
0.000000000000000000e+00
7.734082397003745335e-01
2.638840808827919160e-02
2.730281956006813671e-02
2.819528822149830471e-02
3.779832851900472024e-02
6.472626999422259608e-02
2.833533793885439911e-02
7.901322202128513439e-01
9.007774080709982645e-01
7.223790560201326372e-01
2.184311132666056920e-01
8.126000258634507034e-01
8.096164482629613079e-01
7.585143084762870913e-01
5.956092668908468113e-01
2.309832442700932020e-01
2.885209444945111557e-01
7.677021232404785955e-01
6.776897874034886193e-01
9.087515244844655005e-01
6.645070400701551527e-01
8.493028827147373061e-01
8.979312284286615764e-01
8.219426655235193557e-01
6.864848714293860787e-01
8.632822403011619627e-01
7.536217611071585054e-01
9.190395775662445477e-01
1.110365988689107630e-02
1.166859975896590573e-02
1.166032977991873776e-02
1.821570835670284494e-02
3.734425336436503207e-02
1.216174499764378913e-02
7.598051585895675419e-01
8.802090028901538021e-01
6.932697348213481270e-01
2.072854880439480851e-01
7.910671007810021749e-01
7.733474682582621718e-01
7.247640582788311692e-01
5.733636849985574990e-01
2.202977943867323596e-01
2.785160655666434337e-01
7.371098800283157892e-01
6.482639488315053988e-01
8.864034058351705214e-01
6.378447323326241758e-01
8.120949470708243023e-01
8.747482363484366807e-01
7.936277758131616844e-01
6.498104027053743792e-01
8.459539308221533105e-01
7.177979417791229277e-01
8.942905859678923486e-01
6.507791017415215373e-02
6.603115554522204222e-02
7.156308851224107981e-02
7.692307692307692735e-02
1.428571428571428492e-01
6.866048674755592662e-02
6.000000000000014211e-01
9.233316352521651060e-01
9.437257510562391261e-02
3.855589842645801291e-02
8.611192401583966927e-02
6.136363636363633134e-01
7.341498442820020287e-01
1.091822251337482008e-01
8.104064500041574526e-02
6.466458491850080037e-02
4.346845249341395601e-01
4.870940133938539418e-02
9.115554049474758891e-01
2.114942528735634930e-01
8.881578947368422572e-01
8.438215102974826465e-01
1.640109890109888724e-01
8.118942381158600341e-02
7.083333333333330373e-01
1.620026072639459969e-01
7.433186026936027258e-01
