1.335559265442400056e-02
2.762179389892237269e-02
6.677796327212000282e-02
9.181969949916499174e-02
7.345575959933199617e-02
1.480244852531994171e-01
6.055547123994520220e-02
1.321042316904983034e-02
5.855913702324371667e-02
9.849749582637701284e-02
5.822203672787965717e-02
0.000000000000000000e+00
3.450194769059532901e-02
1.391713461830319243e-01
4.173622704507500003e-02
7.512520868113500838e-02
5.964486264987082370e-02
1.931791080372048941e-01
1.237061769616023404e-01
1.502504173622700168e-01
1.419031719532549973e-01
2.337228714524200099e-02
2.715637173066221544e-01
1.332220367278794393e-01
2.263030977555179415e-02
2.862346334800424663e-01
1.522537562604336647e-01
7.345575959933202392e-02
0.000000000000000000e+00
5.709515859766262080e-02
1.332220367278794393e-01
7.038045865916858768e-02
9.181969949916499174e-02
8.903728436282667968e-02
9.759856170540618867e-03
3.338898163606000141e-02
8.093489148580945702e-02
2.378964941569281233e-01
9.506039477560615514e-02
5.623956594323856195e-02
7.512520868113500838e-02
1.308848080133552527e-01
1.502504173622700064e-02
6.331981874552808365e-02
4.325390802853228828e-02
5.286588759042835234e-02
5.008347245409000559e-02
7.345575959933202392e-02
2.642084633809966068e-02
6.894824707846390621e-02
1.969949916527540326e-02
1.194298189289838899e-02
1.659175548991905225e-01
1.001669449081800112e-01
8.161751066592447257e-02
4.052208225830919441e-02
5.843071786310500421e-02
5.164162493043947255e-02
8.347245409015000006e-02
4.006677796327200169e-02
3.422370617696150752e-02
1.273551156689717856e-01
4.073455759599319687e-02
1.669449081803000071e-02
3.005008347245400127e-02
8.977083017149770083e-02
1.173007644319476461e-01
1.430956355831147220e-01
1.135225375626039979e-01
1.969949916527544698e-01
6.920625284565165569e-02
1.321042316904983034e-02
8.104416451661838883e-02
1.365818030050079401e-01
1.903171953255426152e-01
2.717028380634382845e-02
1.502504173622700168e-01
1.919866444073455025e-01
8.146911519198639373e-02
2.170283806343905053e-01
2.569282136894823765e-01
2.253756260434054970e-01
3.839732888146910050e-02
2.420701168614357857e-01
1.020218883324055803e-01
2.394293519502198597e-01
1.321042316904983034e-02
6.661101836393971964e-02
2.051832419111215833e-01
1.374513077351137147e-01
9.515859766277127985e-02
3.646076794657764908e-01
1.752921535893154914e-01
1.038093792684774974e-01
3.992765720645508748e-02
2.003338898163604942e-01
2.063227953410980975e-01
3.444259567387686904e-01
2.412645590682195862e-01
2.079866888519134871e-01
4.833333333333329762e-02
2.600000000000000089e-01
1.085897435897434093e-01
1.972839506172836821e-01
2.879687500000000511e-01
1.166666666666665991e-01
3.749999999999998335e-01
1.449999999999999067e-01
1.905882352941176971e-01
3.605555555555553515e-01
6.833333333333330151e-02
1.666666666666664076e-01
8.123456790123444182e-02
2.687499999999998224e-01
1.268181818181816356e-01
6.166666666666659885e-02
1.335559265442400056e-02
2.762179389892237269e-02
6.677796327212000282e-02
9.181969949916499174e-02
7.345575959933199617e-02
1.480244852531994171e-01
6.055547123994520220e-02
1.321042316904983034e-02
5.855913702324371667e-02
9.849749582637701284e-02
5.822203672787965717e-02
0.000000000000000000e+00
3.450194769059532901e-02
1.391713461830319243e-01
4.173622704507500003e-02
7.512520868113500838e-02
5.964486264987082370e-02
1.931791080372048941e-01
1.237061769616023404e-01
1.502504173622700168e-01
1.419031719532549973e-01
2.337228714524200099e-02
2.715637173066221544e-01
1.332220367278794393e-01
2.263030977555179415e-02
2.862346334800424663e-01
1.522537562604336647e-01
7.345575959933202392e-02
0.000000000000000000e+00
5.709515859766262080e-02
1.332220367278794393e-01
7.038045865916858768e-02
9.181969949916499174e-02
8.903728436282667968e-02
9.759856170540618867e-03
3.338898163606000141e-02
8.093489148580945702e-02
2.378964941569281233e-01
9.506039477560615514e-02
5.623956594323856195e-02
7.512520868113500838e-02
1.308848080133552527e-01
1.502504173622700064e-02
6.331981874552808365e-02
4.325390802853228828e-02
5.286588759042835234e-02
5.008347245409000559e-02
7.345575959933202392e-02
2.642084633809966068e-02
6.894824707846390621e-02
1.969949916527540326e-02
1.194298189289838899e-02
1.659175548991905225e-01
1.001669449081800112e-01
8.161751066592447257e-02
4.052208225830919441e-02
5.843071786310500421e-02
5.164162493043947255e-02
8.347245409015000006e-02
4.006677796327200169e-02
3.422370617696150752e-02
1.273551156689717856e-01
4.073455759599319687e-02
1.669449081803000071e-02
4.833333333333329762e-02
2.600000000000000089e-01
1.085897435897434093e-01
1.972839506172836821e-01
2.879687500000000511e-01
1.166666666666665991e-01
3.749999999999998335e-01
1.449999999999999067e-01
1.905882352941176971e-01
3.605555555555553515e-01
6.833333333333330151e-02
1.666666666666664076e-01
8.123456790123444182e-02
2.687499999999998224e-01
1.268181818181816356e-01
6.166666666666659885e-02
5.175292153589310107e-02
2.316559344939978504e-01
2.003338898163604942e-01
1.001669449081803026e-01
1.271499009977869188e-01
1.051752921535892976e-01
4.054674457429048307e-01
3.242583793501989109e-01
1.544240400667777346e-01
4.419487023827589067e-01
4.507512520868110079e-02
1.428213689482469573e-01
1.768224819143014437e-01
1.878130217028380067e-01
1.547506714088697499e-01
3.839732888146910050e-02
4.849498327759189931e-02
1.729249011857705021e-01
1.321070234113711772e-01
1.915475828519303536e-01
2.072800808897873881e-01
1.404682274247490981e-01
4.028132992327363993e-01
1.444920568561870733e-01
2.209492635024550011e-01
3.283672848890239471e-01
6.856187290969889547e-02
1.774335504312618828e-01
1.867588932806324431e-01
3.283672848890241136e-01
1.254180602006687850e-01
4.180602006688959732e-02
3.852596314907869718e-02
2.259022384650524184e-01
1.507537688442210089e-01
1.713111009593420719e-01
2.367392518146285985e-01
1.206030150753767960e-01
2.984924623115576270e-01
1.959798994974872866e-01
2.964824120603012925e-01
3.117587939698490684e-01
5.695142378559459734e-02
1.264386448370885818e-01
1.310902337775834980e-01
2.010050251256280118e-01
1.617345989205284940e-01
5.025125628140700296e-02
3.859060402684560270e-02
2.423564504101416439e-01
2.465324384787469791e-01
1.325503355704696629e-01
2.349755948749235879e-01
1.040268456375838951e-01
3.635346756152125214e-01
2.859806114839671953e-01
1.610738255033555832e-01
2.941484899328858371e-01
5.369127516778519904e-02
1.367050175775006149e-01
2.013422818791943958e-01
2.126457082303072899e-01
1.867754728492982130e-01
3.523489932885900261e-02
4.369747899159660137e-02
3.272509003601437594e-01
1.760672268907563509e-01
1.435966386554621277e-01
2.326203208556149593e-01
1.142857142857141989e-01
4.201680672268904293e-01
2.528211284513804391e-01
3.033613445378148255e-01
4.089635854341734933e-01
4.873949579831930029e-02
1.791242812914639881e-01
1.120448179271706646e-01
2.801120448179271194e-01
1.071293033342368556e-01
5.714285714285709944e-02
1.335559265442380975e-02
2.762179389892202228e-02
6.677796327211867056e-02
9.181969949916471418e-02
7.345575959933160759e-02
1.480244852531987232e-01
6.055547123994500097e-02
1.321042316904921972e-02
5.855913702324251624e-02
9.849749582637674916e-02
5.822203672787907430e-02
0.000000000000000000e+00
3.450194769059500982e-02
1.391713461830315912e-01
4.173622704507497921e-02
7.512520868113485573e-02
5.964486264987010206e-02
1.931791080372039227e-01
1.237061769616020629e-01
1.502504173622693784e-01
1.419031719532550806e-01
2.337228714524203915e-02
2.715637173066209886e-01
1.332220367278786344e-01
2.263030977555172477e-02
2.862346334800420222e-01
1.522537562604331096e-01
7.345575959933176025e-02
0.000000000000000000e+00
5.709515859766228080e-02
1.332220367278789397e-01
7.038045865916825461e-02
9.181969949916417295e-02
8.903728436282637437e-02
9.759856170540192125e-03
3.338898163605998060e-02
8.093489148580919335e-02
2.378964941569267910e-01
9.506039477560614126e-02
5.623956594323761826e-02
7.512520868113510553e-02
1.308848080133545033e-01
1.502504173622704574e-02
6.331981874552815304e-02
4.325390802853228134e-02
5.286588759042798458e-02
5.008347245408890230e-02
7.345575959933192678e-02
2.642084633809939354e-02
6.894824707846304579e-02
1.969949916527541367e-02
1.194298189289695437e-02
1.659175548991911608e-01
1.001669449081793312e-01
8.161751066592468074e-02
4.052208225830903482e-02
5.843071786310496951e-02
5.164162493043954194e-02
8.347245409014929229e-02
4.006677796327157842e-02
3.422370617696086914e-02
1.273551156689711195e-01
4.073455759599280829e-02
1.669449081802996254e-02
