1.333333333333329949e-02
5.515151515151502787e-02
1.066666666666666735e-01
2.666666666666650184e-02
1.066666666666639916e-02
3.733333333333335030e-02
1.105454545454544191e-01
6.330434782608697353e-02
7.794871794871778559e-02
1.258666666666664880e-01
9.300000000000004097e-02
9.440000000000001168e-02
2.755555555555555536e-02
6.351515151515112201e-02
8.000000000000000167e-02
2.666666666666650184e-02
1.587878787878748213e-02
6.171428571428533988e-02
1.824000000000000621e-01
4.000000000000000083e-02
8.000000000000000167e-02
1.066666666666660039e-02
1.265185185185181416e-01
4.560000000000001552e-02
1.084444444444445099e-01
1.590303030303028275e-01
1.671999999999998765e-01
1.303703703703700811e-01
2.110144927536219267e-02
7.599999999999983158e-02
1.824000000000000621e-01
6.245614035087704297e-02
1.333333333333329984e-01
7.111111111111066696e-02
7.794871794871778559e-02
6.666666666666649921e-02
6.464000000000001689e-02
1.215999999999998610e-01
1.518431372549018665e-01
1.539999999999999980e-01
1.066666666666665070e-01
1.941333333333330469e-01
2.400000000000000050e-02
5.619047619047606162e-02
6.909090909090893906e-02
1.182222222222218400e-01
9.333333333333299064e-02
6.518518518518504057e-02
1.055072463768089858e-02
7.866666666666646823e-02
3.146666666666647627e-02
9.538461538461516509e-02
1.091282051282047721e-01
6.666666666666649921e-02
1.466666666666666952e-01
3.236363636363637220e-02
6.666666666666649921e-02
8.248888888888877835e-02
1.199999999999999956e-01
4.266666666666640156e-02
5.466666666666668284e-02
9.041269841269831964e-02
1.084444444444417240e-02
1.333333333333329949e-02
2.666666666666659899e-02
1.103030303030300557e-01
1.374035087719296944e-01
4.571428571428543669e-02
5.333333333333319798e-02
8.990476190476179297e-02
1.243636363636363845e-01
1.266086956521739471e-01
8.630303030303020095e-02
2.566666666666665431e-01
1.368000000000000604e-01
4.959999999999992887e-02
1.199999999999999956e-01
1.199999999999999956e-01
2.168888888888875419e-02
1.466666666666665009e-01
3.648000000000001242e-01
2.000000000000000111e-01
3.466666666666660263e-02
1.740000000000000435e-01
2.444444444444444919e-01
2.137212121212119231e-01
4.220289855072438534e-02
1.519999999999996632e-01
2.034285714285715141e-01
1.857777777777776529e-01
1.063999999999999113e-01
3.136000000000001564e-01
1.733333333333330062e-01
1.381818181818178781e-01
3.644444444444422393e-02
1.600000000000000033e-01
2.015915119363395069e-01
2.625994694960211984e-01
3.209549071618036931e-01
2.148541114058354906e-01
4.787234042553190072e-02
1.914893617021276029e-01
1.969108019639933260e-01
1.388888888888888673e-01
1.612367021276595036e-01
5.319148936170210035e-02
4.188829787234041868e-01
1.914893617021275196e-01
3.041301627033790589e-01
3.870567375886523331e-01
9.308510638297870510e-02
2.659574468085104115e-01
1.203703703703700723e-01
2.393617021276594481e-01
1.697292069632493627e-01
4.521276595744679744e-02
1.333333333333329949e-02
5.515151515151502787e-02
1.066666666666666735e-01
2.666666666666650184e-02
1.066666666666639916e-02
3.733333333333335030e-02
1.105454545454544191e-01
6.330434782608697353e-02
7.794871794871778559e-02
1.258666666666664880e-01
9.300000000000004097e-02
9.440000000000001168e-02
2.755555555555555536e-02
6.351515151515112201e-02
8.000000000000000167e-02
2.666666666666650184e-02
1.587878787878748213e-02
6.171428571428533988e-02
1.824000000000000621e-01
4.000000000000000083e-02
8.000000000000000167e-02
1.066666666666660039e-02
1.265185185185181416e-01
4.560000000000001552e-02
1.084444444444445099e-01
1.590303030303028275e-01
1.671999999999998765e-01
1.303703703703700811e-01
2.110144927536219267e-02
7.599999999999983158e-02
1.824000000000000621e-01
6.245614035087704297e-02
1.333333333333329984e-01
7.111111111111066696e-02
7.794871794871778559e-02
6.666666666666649921e-02
6.464000000000001689e-02
1.215999999999998610e-01
1.518431372549018665e-01
1.539999999999999980e-01
1.066666666666665070e-01
1.941333333333330469e-01
2.400000000000000050e-02
5.619047619047606162e-02
6.909090909090893906e-02
1.182222222222218400e-01
9.333333333333299064e-02
6.518518518518504057e-02
1.055072463768089858e-02
7.866666666666646823e-02
3.146666666666647627e-02
9.538461538461516509e-02
1.091282051282047721e-01
6.666666666666649921e-02
1.466666666666666952e-01
3.236363636363637220e-02
6.666666666666649921e-02
8.248888888888877835e-02
1.199999999999999956e-01
4.266666666666640156e-02
5.466666666666668284e-02
9.041269841269831964e-02
1.084444444444417240e-02
1.333333333333329949e-02
4.787234042553190072e-02
1.914893617021276029e-01
1.969108019639933260e-01
1.388888888888888673e-01
1.612367021276595036e-01
5.319148936170210035e-02
4.188829787234041868e-01
1.914893617021275196e-01
3.041301627033790589e-01
3.870567375886523331e-01
9.308510638297870510e-02
2.659574468085104115e-01
1.203703703703700723e-01
2.393617021276594481e-01
1.697292069632493627e-01
4.521276595744679744e-02
3.733333333333330173e-02
1.574603174603173839e-01
3.466666666666665120e-01
1.163636363636362248e-01
1.218604651162790709e-01
5.600000000000000117e-02
4.060000000000000830e-01
2.175384615384615972e-01
1.933333333333332460e-01
4.344242424242423239e-01
8.533333333333330273e-02
2.124000000000000055e-01
1.457777777777775619e-01
1.733333333333332560e-01
1.996521739130434625e-01
4.533333333333330190e-02
4.278074866310160179e-02
1.421973748176956764e-01
1.650233957219250092e-01
1.859504132231403206e-01
1.455042905111304796e-01
7.754010695187160684e-02
4.436929852154762877e-01
1.386196524064169933e-01
3.401979747411537081e-01
3.806514341273697366e-01
9.893048128342239733e-02
2.127779341401630497e-01
1.548371414681575520e-01
2.406417112299465422e-01
2.245989304812834042e-01
4.278074866310160179e-02
3.217158176943699793e-02
1.886424567389715368e-01
2.171581769436995990e-01
1.425786010236409218e-01
1.736669645516830118e-01
6.166219839142089709e-02
3.291152815013402289e-01
1.769436997319033811e-01
3.882524981720689161e-01
3.291152815013402289e-01
9.115281501340480319e-02
1.821326645334254701e-01
1.363795314139174264e-01
1.455381080045957121e-01
2.274848575116671934e-01
5.093833780160850200e-02
3.225806451612899667e-02
1.863799283154120023e-01
2.996415770609317519e-01
1.737536656891494335e-01
2.316715542521992077e-01
6.720430107526879915e-02
3.378136200716845838e-01
1.762246117084824981e-01
2.016129032258063836e-01
2.679771505376343232e-01
1.048387096774193034e-01
1.888120839733742617e-01
1.397849462365587936e-01
1.505376344086021279e-01
2.992424242424241987e-01
4.569892473118279674e-02
3.504043126684629889e-02
3.015017327685789450e-01
1.568733153638811051e-01
1.919137466307275774e-01
2.451604998774807032e-01
4.851752021563340150e-02
3.706199460916442256e-01
2.495186753946862512e-01
2.688679245283017161e-01
4.066486972147345669e-01
1.132075471698112956e-01
2.553553695559654391e-01
1.221922731356693270e-01
2.358490566037733382e-01
1.982436309886095316e-01
3.234501347708890195e-02
1.333333333333333419e-02
5.515151515151443806e-02
1.066666666666666735e-01
2.666666666666666838e-02
1.066666666666632110e-02
3.733333333333335030e-02
1.105454545454540582e-01
6.330434782608698741e-02
7.794871794871677251e-02
1.258666666666661826e-01
9.300000000000006872e-02
9.440000000000012270e-02
2.755555555555557617e-02
6.351515151515106650e-02
8.000000000000000167e-02
2.666666666666666838e-02
1.587878787878737111e-02
6.171428571428480558e-02
1.824000000000002286e-01
4.000000000000000083e-02
8.000000000000000167e-02
1.066666666666666631e-02
1.265185185185185301e-01
4.560000000000005022e-02
1.084444444444445377e-01
1.590303030303031884e-01
1.672000000000000985e-01
1.303703703703694983e-01
2.110144927536165491e-02
7.599999999999960953e-02
1.824000000000002564e-01
6.245614035087641847e-02
1.333333333333328596e-01
7.111111111110980654e-02
7.794871794871739701e-02
6.666666666666569430e-02
6.464000000000000301e-02
1.216000000000000136e-01
1.518431372549020608e-01
1.540000000000000813e-01
1.066666666666661045e-01
1.941333333333333799e-01
2.399999999999999703e-02
5.619047619047574937e-02
6.909090909090812027e-02
1.182222222222211183e-01
9.333333333333219961e-02
6.518518518518424953e-02
1.055072463768116399e-02
7.866666666666577434e-02
3.146666666666554646e-02
9.538461538461545652e-02
1.091282051282047860e-01
6.666666666666624941e-02
1.466666666666668895e-01
3.236363636363638607e-02
6.666666666666569430e-02
8.248888888888852855e-02
1.199999999999999817e-01
4.266666666666628360e-02
5.466666666666668978e-02
9.041269841269769514e-02
1.084444444444406484e-02
1.333333333333333245e-02
