2.282157676348539957e-02
1.029800075443226132e-01
1.106500691562926769e-01
6.224066390041450153e-02
5.809128630705359675e-02
1.258644536652832602e-01
3.225198038475998730e-02
7.387696193397047528e-02
1.334184487711454759e-01
1.224066390041489150e-01
1.085321576763481344e-01
9.792531120331901540e-02
1.429230059935420946e-02
8.647680120709115570e-02
4.149377593360949884e-02
9.336099585062200557e-02
1.358921161825721591e-01
1.080320094842911888e-01
1.537344398340245444e-01
5.186721991701200019e-02
6.224066390041450153e-02
1.452282157676339919e-02
7.030889810972743015e-02
1.300829875518668133e-01
7.030889810972743015e-02
1.082610335722362788e-01
1.182572614107828442e-02
2.028584601198662671e-02
4.925130795598018502e-02
1.182572614107879616e-01
1.064315352697091238e-01
1.069010701026421595e-01
7.261410788381700288e-02
6.915629322268267154e-02
1.455473986594314761e-01
6.224066390041450153e-02
8.381742738589180453e-02
4.730290456431484464e-02
5.369782767878891749e-02
9.984439834024858018e-02
4.149377593360949884e-02
2.323651452282104665e-02
6.224066390041399673e-03
6.994665085951359829e-02
7.525462089777400221e-02
1.313969571230920452e-02
1.037344398340245000e-01
7.100046104195441299e-02
6.566841060797370955e-02
7.344398340248911583e-02
6.120331950207416605e-02
7.421002234280181520e-02
1.819342483242894770e-01
5.186721991701200019e-02
3.803596127247522996e-02
5.035835533760810862e-02
1.037344398340245000e-01
8.022130013831228756e-02
4.149377593360949884e-02
5.809128630705359675e-02
1.275933609958501136e-01
9.672001580715244851e-02
6.749654218533852890e-02
4.564315352697090322e-02
6.846473029045639647e-02
1.630516786118443584e-01
1.846473029045640479e-01
1.333728512151745871e-01
1.161825726141075960e-01
1.836099585062238582e-01
2.687665032063349738e-02
1.395453725419445734e-01
1.426820067898904032e-01
1.996887966804976600e-01
2.365145228215765061e-01
3.376556016597490745e-02
1.348547717842319971e-01
9.336099585062200557e-02
1.603042876901795422e-01
1.970954356846469913e-01
2.601659751037342372e-01
1.037344398340245000e-01
2.074688796680489861e-02
4.512448132780052384e-02
1.014292300599349689e-01
1.050169747265180115e-01
9.029406458596399287e-02
2.601659751037342372e-01
1.582691167753406403e-01
7.883817427385839127e-02
1.182572614107882253e-01
6.970954356846427447e-02
9.336099585062200557e-02
1.397585816672950454e-01
1.205048409405253818e-01
2.593360995850619855e-01
2.665289256198347112e-01
2.458677685950413083e-01
2.107438016528924984e-01
2.768595041322314265e-01
7.660455486542440406e-02
2.650103519668736141e-01
2.329988851727981813e-01
1.585767962579555934e-01
2.384834368530020232e-01
6.004140786749480319e-02
1.490683229813664079e-01
2.236024844720496119e-01
2.959444647424186448e-01
2.361628709454795805e-01
3.519668737060040187e-02
2.070393374741200110e-01
1.729928686450424857e-01
2.251552795031055709e-01
1.575381140598531293e-01
1.035196687370600055e-01
2.282157676348539957e-02
1.029800075443226132e-01
1.106500691562926769e-01
6.224066390041450153e-02
5.809128630705359675e-02
1.258644536652832602e-01
3.225198038475998730e-02
7.387696193397047528e-02
1.334184487711454759e-01
1.224066390041489150e-01
1.085321576763481344e-01
9.792531120331901540e-02
1.429230059935420946e-02
8.647680120709115570e-02
4.149377593360949884e-02
9.336099585062200557e-02
1.358921161825721591e-01
1.080320094842911888e-01
1.537344398340245444e-01
5.186721991701200019e-02
6.224066390041450153e-02
1.452282157676339919e-02
7.030889810972743015e-02
1.300829875518668133e-01
7.030889810972743015e-02
1.082610335722362788e-01
1.182572614107828442e-02
2.028584601198662671e-02
4.925130795598018502e-02
1.182572614107879616e-01
1.064315352697091238e-01
1.069010701026421595e-01
7.261410788381700288e-02
6.915629322268267154e-02
1.455473986594314761e-01
6.224066390041450153e-02
8.381742738589180453e-02
4.730290456431484464e-02
5.369782767878891749e-02
9.984439834024858018e-02
4.149377593360949884e-02
2.323651452282104665e-02
6.224066390041399673e-03
6.994665085951359829e-02
7.525462089777400221e-02
1.313969571230920452e-02
1.037344398340245000e-01
7.100046104195441299e-02
6.566841060797370955e-02
7.344398340248911583e-02
6.120331950207416605e-02
7.421002234280181520e-02
1.819342483242894770e-01
5.186721991701200019e-02
3.803596127247522996e-02
5.035835533760810862e-02
1.037344398340245000e-01
8.022130013831228756e-02
4.149377593360949884e-02
5.809128630705359675e-02
1.275933609958501136e-01
9.672001580715244851e-02
6.749654218533852890e-02
4.564315352697090322e-02
7.660455486542440406e-02
2.650103519668736141e-01
2.329988851727981813e-01
1.585767962579555934e-01
2.384834368530020232e-01
6.004140786749480319e-02
1.490683229813664079e-01
2.236024844720496119e-01
2.959444647424186448e-01
2.361628709454795805e-01
3.519668737060040187e-02
2.070393374741200110e-01
1.729928686450424857e-01
2.251552795031055709e-01
1.575381140598531293e-01
1.035196687370600055e-01
6.431535269709540148e-02
2.572614107883817169e-01
2.489626556016594772e-01
1.810637495284797838e-01
1.769757792145130459e-01
6.846473029045639647e-02
2.105809128630704574e-01
2.337216725183529076e-01
1.452282157676347552e-01
1.267446246699355239e-01
6.224066390041489705e-02
1.897302904564314441e-01
2.977178423236513938e-01
1.659751037344397717e-01
1.479343315893918154e-01
8.298755186721989974e-02
5.197505197505190161e-02
1.904176904176902718e-01
1.231808731808731877e-01
4.082404082404083590e-01
2.262727844123192111e-01
6.652806652806650400e-02
2.114467408585055941e-01
1.591086278586277269e-01
2.238244791436279080e-01
3.061803061803058390e-01
5.821205821205820141e-02
1.286792865740232217e-01
3.869778869778868757e-01
2.211302211302209608e-01
1.933471933471931914e-01
6.652806652806650400e-02
6.041666666666659774e-02
1.832386363636364091e-01
1.687500000000000111e-01
3.579545454545455252e-01
2.085648148148147862e-01
6.458333333333329818e-02
2.144999999999997464e-01
1.687500000000000111e-01
2.905303030303026390e-01
1.732500000000000151e-01
4.583333333333330234e-02
1.677419354838707855e-01
3.179347826086957318e-01
2.202380952380951218e-01
1.584876543209874922e-01
6.458333333333329818e-02
5.845511482254690111e-02
2.171189979123172575e-01
2.644398051496172908e-01
2.923704687796546686e-01
2.249003605997342836e-01
6.471816283924840263e-02
2.080723729993038673e-01
2.258176757132913104e-01
1.941544885177451940e-01
1.507045929018788200e-01
5.010438413361160276e-02
1.466348543592802256e-01
3.256784968684759973e-01
1.907482694209426399e-01
2.174036819130761855e-01
7.098121085594989721e-02
6.276150627615059707e-02
2.600119545726238823e-01
2.597489539748951692e-01
2.681171548117152748e-01
3.061049828832252961e-01
5.648535564853549712e-02
1.917712691771266686e-01
2.420800956365809220e-01
2.583682008368199390e-01
3.461645746164574433e-01
3.138075313807529854e-02
2.147104162078835865e-01
1.952580195258018514e-01
2.353556485355645933e-01
1.641247131866647169e-01
8.158995815899580673e-02
2.282157676348545161e-02
1.029800075443221968e-01
1.106500691562918443e-01
6.224066390041375213e-02
5.809128630705388124e-02
1.258644536652834822e-01
3.225198038475997342e-02
7.387696193396996180e-02
1.334184487711446154e-01
1.224066390041481239e-01
1.085321576763476209e-01
9.792531120331790517e-02
1.429230059935398048e-02
8.647680120709125284e-02
4.149377593360923516e-02
9.336099585062213047e-02
1.358921161825712154e-01
1.080320094842910916e-01
1.537344398340249607e-01
5.186721991701143120e-02
6.224066390041371050e-02
1.452282157676343041e-02
7.030889810972783260e-02
1.300829875518670908e-01
7.030889810972629217e-02
1.082610335722358902e-01
1.182572614107724185e-02
2.028584601198622078e-02
4.925130795597997685e-02
1.182572614107885167e-01
1.064315352697091793e-01
1.069010701026416044e-01
7.261410788381690573e-02
6.915629322268153356e-02
1.455473986594306990e-01
6.224066390041458480e-02
8.381742738589122166e-02
4.730290456431394258e-02
5.369782767878911872e-02
9.984439834024882998e-02
4.149377593360899230e-02
2.323651452282033195e-02
6.224066390041356304e-03
6.994665085951337624e-02
7.525462089777354424e-02
1.313969571230835277e-02
1.037344398340244306e-01
7.100046104195358032e-02
6.566841060797347362e-02
7.344398340248889379e-02
6.120331950207325705e-02
7.421002234280105192e-02
1.819342483242894770e-01
5.186721991701245121e-02
3.803596127247507730e-02
5.035835533760770616e-02
1.037344398340238200e-01
8.022130013831245410e-02
4.149377593360874944e-02
5.809128630705292368e-02
1.275933609958503079e-01
9.672001580715192115e-02
6.749654218533859829e-02
4.564315352697078526e-02
