2.217453505007150119e-02
6.213421771361683082e-02
7.629947544110600444e-02
5.364806866952749609e-02
3.719599427753920301e-02
1.168335717691940528e-01
1.149044088958250942e-01
4.245194999066959768e-02
4.181798173214472392e-02
1.012875536480685179e-01
7.899678111587947471e-02
3.376251788268911508e-02
2.956604673342848322e-02
6.388997268825548359e-02
9.656652360515000089e-02
4.649499284692400203e-02
4.685264663805382285e-02
1.200183936235433430e-01
1.100858369098710321e-01
5.364806866952749609e-02
9.656652360515000089e-02
2.503576537911299943e-02
2.618025751072957097e-01
6.115879828326136608e-02
1.212048958830075629e-01
2.079594225516972483e-01
1.875536480686695318e-01
9.442060085836891103e-02
2.264103999502365544e-02
5.708154506437766035e-02
1.753218884120166798e-01
3.350651306377522981e-02
1.180257510729609965e-01
1.287553648068666678e-01
6.690877077143143892e-02
7.868383404864050246e-02
6.068669527896992932e-02
1.753218884120166798e-01
1.555162837667255216e-01
1.067149499284690967e-01
1.287553648068665013e-01
1.802575107296136014e-01
1.216022889842630073e-02
5.124667892908228023e-02
4.447912602419008127e-02
6.342393896041963186e-02
9.656652360515000089e-02
4.196471149260818517e-02
2.264103999502365544e-02
7.174535050071517706e-02
8.440629470672129583e-03
7.675800594255474674e-02
8.781776163750409925e-02
6.437768240343300086e-02
4.371324113813372658e-02
4.051242034074650777e-02
9.298998569384800406e-02
8.297567954220293196e-02
1.180257510729609965e-01
3.719599427753920301e-02
4.887935145445862495e-02
6.063083316302186193e-02
1.454458750596065303e-02
7.868383404863999592e-03
3.004291845493560140e-02
9.763948497854049724e-02
8.711693396581551840e-02
8.583690987124459326e-02
7.439198855507840602e-02
1.567545473124870858e-01
1.074912212251266236e-01
6.509298998569365557e-02
6.944986344127966615e-02
1.893329756795419094e-01
1.386266094420598727e-01
4.490343347639474958e-02
1.323319027181684981e-01
1.502145922746780105e-01
4.654268001907465452e-02
2.002861230329039954e-01
2.854077253218882948e-01
2.145922746781114832e-01
3.719599427753930015e-02
2.592989985693849309e-01
1.529963439834683692e-01
2.444010924697619658e-01
2.830129999377986247e-02
1.223175965665233150e-01
1.606717078820083244e-01
1.857415355269430024e-01
1.039699570815448698e-01
3.525035765379113117e-01
1.931330472103000018e-01
1.074912212251263738e-01
4.399141630901255012e-02
1.680972818311869954e-01
2.178571428571428048e-01
3.042857142857142150e-01
2.971428571428570975e-01
1.807142857142856884e-01
5.932809149392419962e-02
2.687634024303072189e-01
1.291306977511409160e-01
1.667328515076903495e-01
1.776715511079342558e-01
9.363831308077190385e-02
4.406719085060755159e-01
1.608291636883487918e-01
3.337678173485260635e-01
3.879914224446029958e-01
8.220157255182269918e-02
1.858470335954252040e-01
1.045191009451192365e-01
1.688706218727660524e-01
1.789589966859443382e-01
3.288062902072900334e-02
2.217453505007150119e-02
6.213421771361683082e-02
7.629947544110600444e-02
5.364806866952749609e-02
3.719599427753920301e-02
1.168335717691940528e-01
1.149044088958250942e-01
4.245194999066959768e-02
4.181798173214472392e-02
1.012875536480685179e-01
7.899678111587947471e-02
3.376251788268911508e-02
2.956604673342848322e-02
6.388997268825548359e-02
9.656652360515000089e-02
4.649499284692400203e-02
4.685264663805382285e-02
1.200183936235433430e-01
1.100858369098710321e-01
5.364806866952749609e-02
9.656652360515000089e-02
2.503576537911299943e-02
2.618025751072957097e-01
6.115879828326136608e-02
1.212048958830075629e-01
2.079594225516972483e-01
1.875536480686695318e-01
9.442060085836891103e-02
2.264103999502365544e-02
5.708154506437766035e-02
1.753218884120166798e-01
3.350651306377522981e-02
1.180257510729609965e-01
1.287553648068666678e-01
6.690877077143143892e-02
7.868383404864050246e-02
6.068669527896992932e-02
1.753218884120166798e-01
1.555162837667255216e-01
1.067149499284690967e-01
1.287553648068665013e-01
1.802575107296136014e-01
1.216022889842630073e-02
5.124667892908228023e-02
4.447912602419008127e-02
6.342393896041963186e-02
9.656652360515000089e-02
4.196471149260818517e-02
2.264103999502365544e-02
7.174535050071517706e-02
8.440629470672129583e-03
7.675800594255474674e-02
8.781776163750409925e-02
6.437768240343300086e-02
4.371324113813372658e-02
4.051242034074650777e-02
9.298998569384800406e-02
8.297567954220293196e-02
1.180257510729609965e-01
3.719599427753920301e-02
4.887935145445862495e-02
6.063083316302186193e-02
1.454458750596065303e-02
7.868383404863999592e-03
5.932809149392419962e-02
2.687634024303072189e-01
1.291306977511409160e-01
1.667328515076903495e-01
1.776715511079342558e-01
9.363831308077190385e-02
4.406719085060755159e-01
1.608291636883487918e-01
3.337678173485260635e-01
3.879914224446029958e-01
8.220157255182269918e-02
1.858470335954252040e-01
1.045191009451192365e-01
1.688706218727660524e-01
1.789589966859443382e-01
3.288062902072900334e-02
4.721030042918449715e-02
2.006267456911232927e-01
3.326180257510724658e-01
9.949278189621521551e-02
1.547226935489236788e-01
8.369098712446350341e-02
4.408082975679541993e-01
1.861725541983052512e-01
1.824034334763947607e-01
4.697619976589930690e-01
7.296137339055790150e-02
1.730329041487839725e-01
1.588578922269906768e-01
1.520028612303289950e-01
1.275113516203271735e-01
3.791130185979969813e-02
5.010737294201859926e-02
2.051473937658617741e-01
1.519774516821759680e-01
1.522743541354849572e-01
1.709643588420366733e-01
1.002147458840371985e-01
4.904627563265821499e-01
1.378400143163920621e-01
3.643064926361961331e-01
3.373462614693822914e-01
1.009305654974946009e-01
1.561240251667104784e-01
1.510054011843559585e-01
2.723368256653868613e-01
1.288475304223334894e-01
3.435934144595560041e-02
4.011461318051569996e-02
1.911142224537640266e-01
2.148997134670485032e-01
1.699661370148474460e-01
2.235752944921998719e-01
9.957020057306589789e-02
3.375644699140398219e-01
1.289398280802290797e-01
3.842146392289654822e-01
3.489111747851000866e-01
7.879656160458449465e-02
1.477955448747572398e-01
1.177276691167309930e-01
1.494064674580431462e-01
1.781545155470656283e-01
3.724928366762170207e-02
4.731182795698919696e-02
2.070888092393466939e-01
3.523058542413379235e-01
1.081133919843596386e-01
2.496904529162591591e-01
8.673835125448020600e-02
3.665471923536437471e-01
2.044205495818396945e-01
1.956989247311826108e-01
2.981630824372756838e-01
8.172043010752680359e-02
1.792456050520565003e-01
1.433691756272399975e-01
1.753631390303714288e-01
2.188009123492992702e-01
2.437275985663079833e-02
6.671449067431850510e-02
2.555851608936253738e-01
1.948350071736008604e-01
1.430129124820658792e-01
2.184361549497847721e-01
8.536585365853649465e-02
4.513390722142512912e-01
2.075220332035250803e-01
2.760043041606883296e-01
4.608321377331419666e-01
9.325681492109029469e-02
2.038812957789020164e-01
1.013868962219031944e-01
2.600430416068862383e-01
1.107974267598462181e-01
3.515064562410329801e-02
2.217453505007142833e-02
6.213421771361606061e-02
7.629947544110443625e-02
5.364806866952789161e-02
3.719599427753885607e-02
1.168335717691937892e-01
1.149044088958242615e-01
4.245194999066946584e-02
4.181798173214311409e-02
1.012875536480672689e-01
7.899678111587792040e-02
3.376251788268924692e-02
2.956604673342800790e-02
6.388997268825531706e-02
9.656652360514994538e-02
4.649499284692366202e-02
4.685264663805377428e-02
1.200183936235438148e-01
1.100858369098708378e-01
5.364806866952731568e-02
9.656652360514975109e-02
2.503576537911293351e-02
2.618025751072952656e-01
6.115879828326058892e-02
1.212048958830062445e-01
2.079594225516961381e-01
1.875536480686688101e-01
9.442060085836832817e-02
2.264103999502344727e-02
5.708154506437702197e-02
1.753218884120170129e-01
3.350651306377424449e-02
1.180257510729600112e-01
1.287553648068663070e-01
6.690877077143057849e-02
7.868383404864010000e-02
6.068669527896952687e-02
1.753218884120167909e-01
1.555162837667239950e-01
1.067149499284692910e-01
1.287553648068663070e-01
1.802575107296122414e-01
1.216022889842597286e-02
5.124667892908185696e-02
4.447912602418997025e-02
6.342393896041793877e-02
9.656652360514929312e-02
4.196471149260759537e-02
2.264103999502306216e-02
7.174535050071452480e-02
8.440629470672311729e-03
7.675800594255366427e-02
8.781776163750300290e-02
6.437768240343337556e-02
4.371324113813294943e-02
4.051242034074626491e-02
9.298998569384739343e-02
8.297567954220244624e-02
1.180257510729606218e-01
3.719599427753855075e-02
4.887935145445769514e-02
6.063083316302111947e-02
1.454458750596060099e-02
7.868383404863919794e-03
