0.000000000000000000e+00
4.837852206273244443e-02
3.898635477582799991e-02
5.847953216374249252e-02
0.000000000000000000e+00
0.000000000000000000e+00
1.515151515151513251e-01
4.627510806000494775e-02
3.418803418803379596e-02
3.450292397660778554e-02
1.359649122807013721e-01
0.000000000000000000e+00
2.014294996751113398e-02
2.089314194577351624e-01
1.169590643274849850e-01
0.000000000000000000e+00
0.000000000000000000e+00
6.766917293233061514e-02
9.999999999999999167e-02
5.847953216374249252e-02
0.000000000000000000e+00
0.000000000000000000e+00
1.585445094217019790e-01
1.666666666666664631e-01
0.000000000000000000e+00
2.179691653375861182e-01
2.666666666666664409e-01
1.715399610136451869e-01
4.627510806000494775e-02
6.666666666666647145e-02
1.666666666666664631e-01
1.095721760541701756e-01
1.169590643274849850e-01
3.898635477582799991e-02
0.000000000000000000e+00
1.461988304093564950e-01
9.450292397660789434e-02
1.666666666666664631e-01
1.816305469556243335e-01
5.628654970760215565e-02
1.169590643274849850e-01
1.637426900584793288e-01
0.000000000000000000e+00
4.928989139515440460e-02
6.060606060606042039e-02
1.851851851851849529e-01
1.169590643274849850e-01
5.717998700454823141e-02
2.313755403000227612e-02
6.900584795321615394e-02
6.900584795321615394e-02
8.367071524966236684e-02
1.025641025641025605e-01
1.169590643274849850e-01
1.429499675113705681e-01
9.463051568314698181e-02
1.461988304093564950e-01
1.356725146198830001e-01
0.000000000000000000e+00
9.356725146198799359e-02
7.992202729044808884e-02
4.956836535783890052e-02
4.756335282651055762e-02
0.000000000000000000e+00
0.000000000000000000e+00
9.675704412546488886e-02
1.369652200677129450e-01
5.012531328320786461e-02
9.356725146198799359e-02
4.928989139515440460e-02
1.666666666666665464e-01
4.627510806000494775e-02
1.182881446039339285e-01
8.442982456140346592e-02
2.999999999999999889e-01
4.078947368421051434e-02
3.216374269005844999e-01
1.754385964912280049e-01
4.756335282651055762e-02
1.754385964912280049e-01
2.666666666666664409e-01
0.000000000000000000e+00
0.000000000000000000e+00
2.543859649122806599e-01
1.429499675113705681e-01
2.713450292397659447e-01
9.255021612000989550e-02
6.666666666666647145e-02
1.487050960735171179e-01
2.222222222222222099e-01
1.666666666666664076e-01
3.274853801169586576e-01
2.339181286549704974e-01
1.212121212121208408e-01
5.994152046783623317e-02
2.339181286549704974e-01
1.676300578034682076e-01
2.774566473988439030e-01
3.063583815028901869e-01
2.485549132947975914e-01
2.906976744186039879e-02
1.627906976744183942e-01
1.033094812164578186e-01
2.226528854435829985e-01
1.233648255813952072e-01
5.232558139534879832e-02
4.970930232558136708e-01
2.267441860465116144e-01
2.770177838577290719e-01
3.887596899224802782e-01
6.976744186046510143e-02
3.023255813953488191e-01
1.416881998277345067e-01
3.270348837209303139e-01
2.140591966173361615e-01
3.488372093023250214e-02
0.000000000000000000e+00
4.837852206273244443e-02
3.898635477582799991e-02
5.847953216374249252e-02
0.000000000000000000e+00
0.000000000000000000e+00
1.515151515151513251e-01
4.627510806000494775e-02
3.418803418803379596e-02
3.450292397660778554e-02
1.359649122807013721e-01
0.000000000000000000e+00
2.014294996751113398e-02
2.089314194577351624e-01
1.169590643274849850e-01
0.000000000000000000e+00
0.000000000000000000e+00
6.766917293233061514e-02
9.999999999999999167e-02
5.847953216374249252e-02
0.000000000000000000e+00
0.000000000000000000e+00
1.585445094217019790e-01
1.666666666666664631e-01
0.000000000000000000e+00
2.179691653375861182e-01
2.666666666666664409e-01
1.715399610136451869e-01
4.627510806000494775e-02
6.666666666666647145e-02
1.666666666666664631e-01
1.095721760541701756e-01
1.169590643274849850e-01
3.898635477582799991e-02
0.000000000000000000e+00
1.461988304093564950e-01
9.450292397660789434e-02
1.666666666666664631e-01
1.816305469556243335e-01
5.628654970760215565e-02
1.169590643274849850e-01
1.637426900584793288e-01
0.000000000000000000e+00
4.928989139515440460e-02
6.060606060606042039e-02
1.851851851851849529e-01
1.169590643274849850e-01
5.717998700454823141e-02
2.313755403000227612e-02
6.900584795321615394e-02
6.900584795321615394e-02
8.367071524966236684e-02
1.025641025641025605e-01
1.169590643274849850e-01
1.429499675113705681e-01
9.463051568314698181e-02
1.461988304093564950e-01
1.356725146198830001e-01
0.000000000000000000e+00
9.356725146198799359e-02
7.992202729044808884e-02
4.956836535783890052e-02
4.756335282651055762e-02
0.000000000000000000e+00
2.906976744186039879e-02
1.627906976744183942e-01
1.033094812164578186e-01
2.226528854435829985e-01
1.233648255813952072e-01
5.232558139534879832e-02
4.970930232558136708e-01
2.267441860465116144e-01
2.770177838577290719e-01
3.887596899224802782e-01
6.976744186046510143e-02
3.023255813953488191e-01
1.416881998277345067e-01
3.270348837209303139e-01
2.140591966173361615e-01
3.488372093023250214e-02
1.169590643274849920e-02
1.553884711779447980e-01
4.093567251461985301e-01
6.379585326953728097e-02
3.563171494628031288e-02
5.263157894736839731e-02
4.239766081871343406e-01
3.861898335582544250e-01
2.046783625730992651e-01
4.763423710792132337e-01
5.847953216374259661e-02
1.897660818713448605e-01
2.197855750487327509e-01
2.046783625730992651e-01
1.667937960844137479e-01
5.847953216374259661e-02
2.352941176470579876e-02
2.259358288770052792e-01
1.306985294117646301e-01
4.812834224598914329e-02
2.311901504787961525e-01
7.647058823529409577e-02
3.778546712802766105e-01
1.452205882352941013e-01
1.727158948685856565e-01
4.331550802139034206e-01
7.647058823529409577e-02
2.947368421052631304e-01
1.459893048128341753e-01
1.443850267379678531e-01
3.176470588235291714e-01
7.647058823529409577e-02
2.366863905325439915e-02
1.734803657880578664e-01
1.597633136094672168e-01
1.210328133405054879e-01
2.090729783037475475e-01
4.733727810650879830e-02
2.811834319526627102e-01
2.840236686390530951e-01
9.521247982786429365e-02
3.983431952662719877e-01
9.467455621301769375e-02
2.233250620347393411e-01
2.315410342166192015e-01
2.028740490278951591e-01
2.423843962305500255e-01
3.550295857988160220e-02
1.785714285714280064e-02
1.375661375661375307e-01
2.714285714285711859e-01
1.709956709956709786e-01
2.351190476190473944e-01
8.333333333333330095e-02
2.321428571428569010e-01
2.731481481481480289e-01
2.499999999999998890e-01
2.455357142857141906e-01
9.523809523809520505e-02
1.337868480725623310e-01
2.380952380952360004e-02
2.105263157894735893e-01
3.633658008658006144e-01
7.142857142857139685e-02
0.000000000000000000e+00
2.728828058169375237e-01
1.626347305389219677e-01
2.131736526946104715e-01
2.841589548176374769e-01
7.185628742514969802e-02
2.994011976047904477e-01
2.771599657827203411e-01
2.844311377245505867e-01
2.331337325349298328e-01
1.077844311377244985e-01
3.309171131421367873e-01
9.580838323353280117e-02
3.742514970059879209e-01
2.055244350009658161e-01
3.592814371257480044e-02
0.000000000000000000e+00
4.837852206273220851e-02
3.898635477582682030e-02
5.847953216374189578e-02
0.000000000000000000e+00
0.000000000000000000e+00
1.515151515151503259e-01
4.627510806000460775e-02
3.418803418803274818e-02
3.450292397660689042e-02
1.359649122807006505e-01
0.000000000000000000e+00
2.014294996751066560e-02
2.089314194577346628e-01
1.169590643274845687e-01
0.000000000000000000e+00
0.000000000000000000e+00
6.766917293233054576e-02
9.999999999999965861e-02
5.847953216374205537e-02
0.000000000000000000e+00
0.000000000000000000e+00
1.585445094217008688e-01
1.666666666666662133e-01
0.000000000000000000e+00
2.179691653375855076e-01
2.666666666666653862e-01
1.715399610136439101e-01
4.627510806000460775e-02
6.666666666666619390e-02
1.666666666666666574e-01
1.095721760541701895e-01
1.169590643274849850e-01
3.898635477582697295e-02
0.000000000000000000e+00
1.461988304093560787e-01
9.450292397660814414e-02
1.666666666666658525e-01
1.816305469556243612e-01
5.628654970760144788e-02
1.169590643274843467e-01
1.637426900584791623e-01
0.000000000000000000e+00
4.928989139515323192e-02
6.060606060605945589e-02
1.851851851851850639e-01
1.169590643274838609e-01
5.717998700454711425e-02
2.313755403000172101e-02
6.900584795321572373e-02
6.900584795321509923e-02
8.367071524966131213e-02
1.025641025641023385e-01
1.169590643274844299e-01
1.429499675113706791e-01
9.463051568314705120e-02
1.461988304093560787e-01
1.356725146198819731e-01
0.000000000000000000e+00
9.356725146198734133e-02
7.992202729044706189e-02
4.956836535783836623e-02
4.756335282650969026e-02
0.000000000000000000e+00
