5.464480874316899987e-03
6.780923994038741409e-02
1.457194899817846889e-01
8.196721311475399507e-02
4.371584699453519990e-02
1.020036429872493156e-01
5.663189269746607413e-02
0.000000000000000000e+00
9.583858764186625745e-02
0.000000000000000000e+00
1.270491803278685772e-01
1.289617486338794361e-01
0.000000000000000000e+00
0.000000000000000000e+00
1.092896174863385028e-01
1.639344262295079901e-01
3.253849975161426933e-02
3.161592505854778079e-02
1.557377049180328488e-01
0.000000000000000000e+00
5.464480874316900161e-02
2.185792349726770056e-02
7.407407407407358424e-02
1.245901639344259293e-01
2.222222222222220989e-01
8.147044212617926551e-02
1.245901639344259293e-01
0.000000000000000000e+00
0.000000000000000000e+00
1.245901639344259293e-01
6.229508196721268015e-02
1.279838941616336101e-01
1.912568306010924979e-01
7.285974499089199752e-02
6.389239176124378305e-02
1.912568306010924979e-01
4.415300546448056029e-02
6.229508196721268015e-02
0.000000000000000000e+00
1.314890710382513594e-01
1.366120218579234824e-01
1.224043715846991759e-01
3.825136612021849680e-02
9.211553473848532736e-02
5.663189269746607413e-02
1.384335154826955017e-01
5.464480874316900161e-02
0.000000000000000000e+00
4.324067474459461491e-02
6.448087431693942662e-02
0.000000000000000000e+00
0.000000000000000000e+00
3.194619588062189153e-02
5.464480874316900161e-02
2.671523982999391977e-01
4.421261798310947844e-02
1.092896174863385028e-01
6.338797814207643155e-02
1.366120218579234824e-01
0.000000000000000000e+00
7.468123861566432209e-02
1.157949518605256717e-01
8.888888888888864248e-02
3.278688524590159942e-02
3.825136612021849680e-02
6.780923994038741409e-02
2.303710094909402484e-01
2.107728337236531857e-01
4.371584699453519990e-02
1.842310694769710711e-01
2.831594634873303012e-02
8.648134948918961840e-02
1.105315449577744941e-01
1.314890710382513594e-01
2.491803278688524137e-01
0.000000000000000000e+00
1.912568306010924979e-01
1.092896174863385028e-01
1.111111111111111049e-01
8.196721311475399507e-02
2.180327868852454942e-01
1.912568306010924979e-01
6.010928961748630145e-02
1.188524590163933248e-01
4.675166970248935128e-01
4.610034773969168276e-02
0.000000000000000000e+00
1.868852459016391854e-01
2.779078844652612679e-01
2.076502732240435301e-01
7.786885245901639663e-02
1.836065573770490345e-01
1.912568306010924979e-01
1.132637853949326617e-01
7.468123861566465516e-02
1.366120218579234824e-01
2.162162162162162005e-01
2.270270270270270119e-01
3.081081081081081252e-01
2.486486486486486069e-01
5.978260869565209940e-02
1.739130434782608092e-01
1.770484949832774046e-01
1.892109500805151945e-01
1.153192934782606843e-01
6.521739130434779652e-02
2.934782608695650774e-01
1.793478260869562912e-01
4.661125319693093516e-01
1.923913043478258367e-01
1.141304347826086057e-01
1.739130434782608092e-01
7.568438003220608057e-02
2.649456521739128045e-01
1.600790513833991457e-01
9.239130434782599766e-02
5.464480874316899987e-03
6.780923994038741409e-02
1.457194899817846889e-01
8.196721311475399507e-02
4.371584699453519990e-02
1.020036429872493156e-01
5.663189269746607413e-02
0.000000000000000000e+00
9.583858764186625745e-02
0.000000000000000000e+00
1.270491803278685772e-01
1.289617486338794361e-01
0.000000000000000000e+00
0.000000000000000000e+00
1.092896174863385028e-01
1.639344262295079901e-01
3.253849975161426933e-02
3.161592505854778079e-02
1.557377049180328488e-01
0.000000000000000000e+00
5.464480874316900161e-02
2.185792349726770056e-02
7.407407407407358424e-02
1.245901639344259293e-01
2.222222222222220989e-01
8.147044212617926551e-02
1.245901639344259293e-01
0.000000000000000000e+00
0.000000000000000000e+00
1.245901639344259293e-01
6.229508196721268015e-02
1.279838941616336101e-01
1.912568306010924979e-01
7.285974499089199752e-02
6.389239176124378305e-02
1.912568306010924979e-01
4.415300546448056029e-02
6.229508196721268015e-02
0.000000000000000000e+00
1.314890710382513594e-01
1.366120218579234824e-01
1.224043715846991759e-01
3.825136612021849680e-02
9.211553473848532736e-02
5.663189269746607413e-02
1.384335154826955017e-01
5.464480874316900161e-02
0.000000000000000000e+00
4.324067474459461491e-02
6.448087431693942662e-02
0.000000000000000000e+00
0.000000000000000000e+00
3.194619588062189153e-02
5.464480874316900161e-02
2.671523982999391977e-01
4.421261798310947844e-02
1.092896174863385028e-01
6.338797814207643155e-02
1.366120218579234824e-01
0.000000000000000000e+00
7.468123861566432209e-02
1.157949518605256717e-01
8.888888888888864248e-02
3.278688524590159942e-02
5.978260869565209940e-02
1.739130434782608092e-01
1.770484949832774046e-01
1.892109500805151945e-01
1.153192934782606843e-01
6.521739130434779652e-02
2.934782608695650774e-01
1.793478260869562912e-01
4.661125319693093516e-01
1.923913043478258367e-01
1.141304347826086057e-01
1.739130434782608092e-01
7.568438003220608057e-02
2.649456521739128045e-01
1.600790513833991457e-01
9.239130434782599766e-02
3.278688524590159942e-02
1.129326047358831936e-01
3.825136612021855509e-01
1.937406855439642306e-01
1.498284407167363996e-01
6.010928961748630145e-02
2.575136612021857729e-01
1.910466582597728502e-01
2.185792349726775052e-01
3.338301043219072395e-01
6.010928961748630145e-02
2.579234972677594828e-01
1.680327868852457274e-01
1.639344262295079901e-01
3.311950582086003458e-01
4.371584699453549827e-02
2.747252747252739921e-02
1.948051948051947035e-01
1.220810439560438276e-01
3.146853146853146321e-01
1.328903654485048269e-01
7.142857142857139685e-02
1.764705882352937683e-01
1.899038461538460898e-01
3.495440729483281772e-01
2.427572427572425029e-01
1.263736263736263132e-01
1.619433198380565431e-01
3.181818181818181768e-01
1.798201798201796153e-01
2.637362637362636875e-01
4.395604395604389703e-02
3.314917127071820291e-02
1.619789050728275004e-01
1.160220994475135992e-01
3.842290306378702280e-01
9.760589318600361441e-02
6.629834254143640582e-02
2.625414364640881737e-01
1.823204419889501993e-01
3.852335509794073132e-01
2.187845303867400060e-01
1.104972375690606995e-01
1.668151844590980426e-01
3.026663463848185409e-01
1.578531965272294280e-01
2.424800491098831612e-01
3.314917127071820291e-02
5.555555555555549696e-02
1.123456790123454341e-01
2.814814814814813326e-01
2.593434343434343203e-01
1.196969696969695934e-01
4.444444444444439757e-02
3.611111111111111049e-01
2.003086419753085934e-01
1.999999999999997891e-01
3.246527777777776236e-01
7.222222222222220156e-02
2.029100529100528738e-01
2.222222222222219878e-01
1.637426900584793565e-01
3.191919191919189158e-01
5.000000000000000278e-02
7.262569832402229753e-02
1.620111731843573155e-01
2.167597765363125373e-01
1.988826815642454338e-01
1.988318943626204705e-01
5.586592178770939665e-02
3.026070763500929295e-01
1.723862729449322229e-01
2.388268156424579736e-01
2.446927374301673952e-01
1.117318435754189043e-01
3.528374007644811128e-01
1.042830540037242570e-01
3.724394785847300327e-01
1.369616147053520916e-01
6.703910614525139533e-02
5.464480874316931212e-03
6.780923994038730307e-02
1.457194899817839395e-01
8.196721311475356486e-02
4.371584699453470724e-02
1.020036429872484413e-01
5.663189269746496390e-02
0.000000000000000000e+00
9.583858764186557744e-02
0.000000000000000000e+00
1.270491803278689658e-01
1.289617486338787977e-01
0.000000000000000000e+00
0.000000000000000000e+00
1.092896174863378367e-01
1.639344262295076293e-01
3.253849975161391544e-02
3.161592505854695506e-02
1.557377049180321549e-01
0.000000000000000000e+00
5.464480874316878650e-02
2.185792349726766240e-02
7.407407407407270994e-02
1.245901639344262901e-01
2.222222222222204613e-01
8.147044212617840508e-02
1.245901639344254852e-01
0.000000000000000000e+00
0.000000000000000000e+00
1.245901639344262901e-01
6.229508196721232627e-02
1.279838941616328329e-01
1.912568306010929420e-01
7.285974499089058198e-02
6.389239176124329733e-02
1.912568306010923314e-01
4.415300546447969987e-02
6.229508196721197238e-02
0.000000000000000000e+00
1.314890710382509431e-01
1.366120218579230661e-01
1.224043715846986763e-01
3.825136612021836496e-02
9.211553473848548002e-02
5.663189269746524840e-02
1.384335154826958070e-01
5.464480874316932080e-02
0.000000000000000000e+00
4.324067474459430266e-02
6.448087431693950988e-02
0.000000000000000000e+00
0.000000000000000000e+00
3.194619588062191928e-02
5.464480874316936243e-02
2.671523982999394198e-01
4.421261798310895802e-02
1.092896174863378367e-01
6.338797814207562664e-02
1.366120218579233159e-01
0.000000000000000000e+00
7.468123861566461352e-02
1.157949518605249500e-01
8.888888888888811513e-02
3.278688524590162023e-02
