3.030303030303030040e-02
2.089072543617977867e-02
6.734006734006733885e-02
2.020202020202019888e-01
6.060606060606039958e-02
7.070707070707049624e-02
5.234159779614325908e-02
1.998243302591109008e-02
2.952602952602923977e-02
1.489898989898987003e-01
8.806818181818155955e-02
2.979797979797950067e-02
3.479236812570145332e-02
1.202938475665748380e-01
7.575757575757549600e-02
1.515151515151514916e-01
1.503673094582182457e-01
1.461038961038958195e-01
8.636363636363610097e-02
7.575757575757549600e-02
1.262626262626259932e-01
1.515151515151509989e-02
1.369248035914703288e-01
2.878787878787850835e-02
1.369248035914703288e-01
3.764921946740092118e-02
1.151515151515151852e-01
1.234567901234565612e-01
1.998243302591109008e-02
8.636363636363610097e-02
5.757575757575759262e-02
0.000000000000000000e+00
1.010101010101009944e-01
0.000000000000000000e+00
5.905205905205906936e-02
7.575757575757549600e-02
8.161616161616162823e-02
8.636363636363610097e-02
2.614379084967295014e-02
4.861111111111110494e-02
2.525252525252499880e-02
1.131313131313131659e-01
2.020202020202020027e-02
1.277056277056277389e-01
1.308539944903578944e-01
9.595959595959567545e-02
2.525252525252499880e-02
1.481481481481481677e-01
3.996486605182258262e-02
8.939393939393909527e-02
8.939393939393909527e-02
3.613053613053578139e-02
1.476301476301473681e-01
1.010101010101009944e-01
2.160493827160490932e-01
4.086317722681360315e-02
7.575757575757549600e-02
0.000000000000000000e+00
7.575757575757549600e-02
6.060606060606039958e-02
3.451178451178417428e-02
1.712361712361712973e-01
6.161616161616140230e-02
5.050505050504999760e-03
3.535353535353529669e-02
1.462350780532596928e-01
4.731525784157363662e-02
3.030303030303030942e-01
1.212121212121212016e-01
1.915584415584413724e-01
9.159779614325055941e-02
3.996486605182258262e-02
6.129476584022019309e-02
1.701388888888886175e-01
1.151515151515151852e-01
3.522727272727260717e-02
1.767676767676764904e-01
1.515151515151514916e-01
1.643097643097642946e-01
1.515151515151514916e-01
1.439393939393937005e-01
2.020202020202019888e-01
3.535353535353529669e-02
1.464646464646464918e-01
3.395061728395059042e-01
4.260789715335171202e-02
7.992973210364516523e-02
1.439393939393937005e-01
2.568542568542569460e-01
9.595959595959567545e-02
5.757575757575757180e-02
1.979797979797977558e-01
1.262626262626259932e-01
2.093663911845730363e-01
5.176767676767659448e-02
2.020202020202019888e-01
2.600000000000000089e-01
2.500000000000000000e-01
2.449999999999999956e-01
2.449999999999999956e-01
8.542713567839189948e-02
1.809045226130651940e-01
1.488210282180130739e-01
2.624232272473476235e-01
2.589510050251254691e-01
6.532663316582909552e-02
3.165829145728641381e-01
9.045226130653259700e-02
2.154892107596806383e-01
1.976549413735342320e-01
7.537688442211050444e-02
3.015075376884420177e-01
1.574539363484085686e-01
3.391959798994973463e-01
1.110095934216536462e-01
6.532663316582909552e-02
3.030303030303030040e-02
2.089072543617977867e-02
6.734006734006733885e-02
2.020202020202019888e-01
6.060606060606039958e-02
7.070707070707049624e-02
5.234159779614325908e-02
1.998243302591109008e-02
2.952602952602923977e-02
1.489898989898987003e-01
8.806818181818155955e-02
2.979797979797950067e-02
3.479236812570145332e-02
1.202938475665748380e-01
7.575757575757549600e-02
1.515151515151514916e-01
1.503673094582182457e-01
1.461038961038958195e-01
8.636363636363610097e-02
7.575757575757549600e-02
1.262626262626259932e-01
1.515151515151509989e-02
1.369248035914703288e-01
2.878787878787850835e-02
1.369248035914703288e-01
3.764921946740092118e-02
1.151515151515151852e-01
1.234567901234565612e-01
1.998243302591109008e-02
8.636363636363610097e-02
5.757575757575759262e-02
0.000000000000000000e+00
1.010101010101009944e-01
0.000000000000000000e+00
5.905205905205906936e-02
7.575757575757549600e-02
8.161616161616162823e-02
8.636363636363610097e-02
2.614379084967295014e-02
4.861111111111110494e-02
2.525252525252499880e-02
1.131313131313131659e-01
2.020202020202020027e-02
1.277056277056277389e-01
1.308539944903578944e-01
9.595959595959567545e-02
2.525252525252499880e-02
1.481481481481481677e-01
3.996486605182258262e-02
8.939393939393909527e-02
8.939393939393909527e-02
3.613053613053578139e-02
1.476301476301473681e-01
1.010101010101009944e-01
2.160493827160490932e-01
4.086317722681360315e-02
7.575757575757549600e-02
0.000000000000000000e+00
7.575757575757549600e-02
6.060606060606039958e-02
3.451178451178417428e-02
1.712361712361712973e-01
6.161616161616140230e-02
5.050505050504999760e-03
8.542713567839189948e-02
1.809045226130651940e-01
1.488210282180130739e-01
2.624232272473476235e-01
2.589510050251254691e-01
6.532663316582909552e-02
3.165829145728641381e-01
9.045226130653259700e-02
2.154892107596806383e-01
1.976549413735342320e-01
7.537688442211050444e-02
3.015075376884420177e-01
1.574539363484085686e-01
3.391959798994973463e-01
1.110095934216536462e-01
6.532663316582909552e-02
6.060606060606060080e-02
1.938431938431936785e-01
2.525252525252524860e-01
2.203856749311295105e-01
2.307963354474980855e-01
6.060606060606060080e-02
2.380050505050503307e-01
1.765734265734263952e-01
1.767676767676767680e-01
2.571166207529844150e-01
4.040404040404040054e-02
2.532828282828281097e-01
1.898148148148146308e-01
1.893939393939392535e-01
2.880983750548967715e-01
3.535353535353529669e-02
5.076142131979689831e-02
2.549607752653437198e-01
1.127855329949237206e-01
3.114905399169357603e-01
3.376224766851612102e-01
6.091370558375629879e-02
2.173783218871301604e-01
7.519035532994905457e-02
3.229290420131762374e-01
2.242731887401935298e-01
5.583756345177660202e-02
2.393801763291476814e-01
1.469773880941391275e-01
2.284263959390861465e-01
2.893401015228426187e-01
6.091370558375629879e-02
6.122448979591829654e-02
2.542903525046382174e-01
1.377551020408160909e-01
2.713358070500928587e-01
1.802721088435372543e-01
5.102040816326530032e-02
2.424489795918364776e-01
2.142857142857141906e-01
3.557513914656771914e-01
3.434693877551019958e-01
4.591836734693870159e-02
1.155365371955231896e-01
2.994676131322092649e-01
7.288629737609314541e-02
2.537792894935751997e-01
6.122448979591829654e-02
6.666666666666659635e-02
1.629629629629629484e-01
3.637606837606834898e-01
2.209790209790208904e-01
2.209790209790208904e-01
6.153846153846150024e-02
1.777777777777777291e-01
2.689458689458687490e-01
1.538461538461535771e-01
2.644230769230768163e-01
7.179487179487170634e-02
1.296703296703295427e-01
3.282051282051279828e-01
1.662618083670714675e-01
2.025641025641025661e-01
5.641025641025639720e-02
6.701030927835049944e-02
1.921944035346093427e-01
2.399999999999997691e-01
2.936082474226803241e-01
2.038425492033739128e-01
7.216494845360819921e-02
2.147766323024054569e-01
2.584683357879234422e-01
2.938144329896904550e-01
3.261168384879724602e-01
7.216494845360819921e-02
1.831253391209980430e-01
2.199312714776631705e-01
2.577319587628862929e-01
1.390089790488858446e-01
5.154639175257730299e-02
3.030303030303015815e-02
2.089072543617945255e-02
6.734006734006614536e-02
2.020202020202010451e-01
6.060606060606010120e-02
7.070707070706991337e-02
5.234159779614264152e-02
1.998243302591092008e-02
2.952602952602811914e-02
1.489898989898990611e-01
8.806818181818085178e-02
2.979797979797865759e-02
3.479236812570064841e-02
1.202938475665741996e-01
7.575757575757571805e-02
1.515151515151514083e-01
1.503673094582178571e-01
1.461038961038955419e-01
8.636363636363546259e-02
7.575757575757559314e-02
1.262626262626256601e-01
1.515151515151492469e-02
1.369248035914694406e-01
2.878787878787771731e-02
1.369248035914687744e-01
3.764921946740002606e-02
1.151515151515139918e-01
1.234567901234562698e-01
1.998243302591092008e-02
8.636363636363598995e-02
5.757575757575739139e-02
0.000000000000000000e+00
1.010101010101007307e-01
0.000000000000000000e+00
5.905205905205912487e-02
7.575757575757571805e-02
8.161616161616065679e-02
8.636363636363503238e-02
2.614379084967162481e-02
4.861111111111091065e-02
2.525252525252437777e-02
1.131313131313119585e-01
2.020202020201984985e-02
1.277056277056273503e-01
1.308539944903576169e-01
9.595959595959560606e-02
2.525252525252459634e-02
1.481481481481476958e-01
3.996486605182161811e-02
8.939393939393933119e-02
8.939393939393944222e-02
3.613053613053461566e-02
1.476301476301465354e-01
1.010101010101008695e-01
2.160493827160487323e-01
4.086317722681311049e-02
7.575757575757571805e-02
0.000000000000000000e+00
7.575757575757549600e-02
6.060606060605983753e-02
3.451178451178305018e-02
1.712361712361712140e-01
6.161616161616089576e-02
5.050505050504868788e-03
