3.200000000000000067e-02
1.323636363636364055e-01
1.066666666666666735e-01
8.000000000000000167e-02
6.400000000000000133e-02
7.466666666666670060e-02
4.145454545454546613e-02
9.495652173913046723e-02
2.806153846153847109e-01
9.440000000000001168e-02
0.000000000000000000e+00
1.416000000000000036e-01
0.000000000000000000e+00
4.763636363636364335e-02
4.000000000000000083e-02
1.600000000000000033e-01
1.905454545454545734e-01
1.388571428571428734e-01
1.824000000000000621e-01
4.000000000000000083e-02
4.000000000000000083e-02
8.000000000000000167e-03
5.422222222222225496e-02
4.560000000000001552e-02
1.626666666666667649e-01
5.963636363636365401e-02
0.000000000000000000e+00
0.000000000000000000e+00
0.000000000000000000e+00
9.120000000000003104e-02
0.000000000000000000e+00
1.498947368421053028e-01
1.199999999999999956e-01
5.333333333333333676e-02
1.870769230769231684e-01
1.199999999999999956e-01
3.232000000000000844e-02
0.000000000000000000e+00
4.141176470588237013e-02
7.699999999999999900e-02
0.000000000000000000e+00
0.000000000000000000e+00
0.000000000000000000e+00
0.000000000000000000e+00
0.000000000000000000e+00
5.066666666666668623e-02
4.000000000000000083e-02
1.564444444444444970e-01
6.330434782608697353e-02
0.000000000000000000e+00
4.720000000000000584e-02
0.000000000000000000e+00
3.741538461538463367e-01
4.000000000000000083e-02
4.888888888888889839e-02
0.000000000000000000e+00
8.000000000000000167e-02
3.093333333333333698e-02
0.000000000000000000e+00
9.600000000000000200e-02
1.640000000000000346e-01
2.034285714285715141e-01
1.301333333333333231e-01
7.199999999999999456e-02
1.039999999999999952e-01
2.647272727272728110e-01
2.248421052631579264e-01
2.057142857142857661e-01
1.600000000000000033e-01
6.742857142857144881e-02
2.072727272727272960e-02
1.899130434782609345e-01
1.941818181818182609e-01
1.539999999999999980e-01
4.560000000000001552e-02
0.000000000000000000e+00
1.600000000000000033e-01
8.000000000000000167e-02
2.602666666666666462e-01
1.600000000000000033e-01
1.824000000000000621e-01
4.000000000000000083e-02
8.000000000000000167e-03
2.900000000000000841e-02
1.955555555555555935e-01
6.749090909090911528e-02
3.165217391304348676e-02
2.736000000000001209e-01
3.051428571428572711e-01
1.013333333333333725e-01
4.560000000000000164e-02
0.000000000000000000e+00
4.000000000000000083e-02
0.000000000000000000e+00
1.366666666666666863e-01
4.000000000000000222e-01
3.070866141732283006e-01
2.047244094488188948e-01
1.653543307086614012e-01
3.228346456692913202e-01
1.031746031746030995e-01
2.539682539682536211e-01
2.585470085470085722e-01
1.657848324514990257e-01
2.886904761904761085e-01
3.174603174603170264e-02
1.428571428571426549e-01
1.428571428571427937e-01
4.159663865546219252e-01
1.248677248677247109e-01
0.000000000000000000e+00
1.904761904761904101e-01
8.289241622574951285e-02
2.976190476190474499e-01
1.168831168831168388e-01
1.746031746031745935e-01
3.200000000000000067e-02
1.323636363636364055e-01
1.066666666666666735e-01
8.000000000000000167e-02
6.400000000000000133e-02
7.466666666666670060e-02
4.145454545454546613e-02
9.495652173913046723e-02
2.806153846153847109e-01
9.440000000000001168e-02
0.000000000000000000e+00
1.416000000000000036e-01
0.000000000000000000e+00
4.763636363636364335e-02
4.000000000000000083e-02
1.600000000000000033e-01
1.905454545454545734e-01
1.388571428571428734e-01
1.824000000000000621e-01
4.000000000000000083e-02
4.000000000000000083e-02
8.000000000000000167e-03
5.422222222222225496e-02
4.560000000000001552e-02
1.626666666666667649e-01
5.963636363636365401e-02
0.000000000000000000e+00
0.000000000000000000e+00
0.000000000000000000e+00
9.120000000000003104e-02
0.000000000000000000e+00
1.498947368421053028e-01
1.199999999999999956e-01
5.333333333333333676e-02
1.870769230769231684e-01
1.199999999999999956e-01
3.232000000000000844e-02
0.000000000000000000e+00
4.141176470588237013e-02
7.699999999999999900e-02
0.000000000000000000e+00
0.000000000000000000e+00
0.000000000000000000e+00
0.000000000000000000e+00
0.000000000000000000e+00
5.066666666666668623e-02
4.000000000000000083e-02
1.564444444444444970e-01
6.330434782608697353e-02
0.000000000000000000e+00
4.720000000000000584e-02
0.000000000000000000e+00
3.741538461538463367e-01
4.000000000000000083e-02
4.888888888888889839e-02
0.000000000000000000e+00
8.000000000000000167e-02
3.093333333333333698e-02
0.000000000000000000e+00
9.600000000000000200e-02
1.640000000000000346e-01
2.034285714285715141e-01
1.301333333333333231e-01
7.199999999999999456e-02
1.031746031746030995e-01
2.539682539682536211e-01
2.585470085470085722e-01
1.657848324514990257e-01
2.886904761904761085e-01
3.174603174603170264e-02
1.428571428571426549e-01
1.428571428571427937e-01
4.159663865546219252e-01
1.248677248677247109e-01
0.000000000000000000e+00
1.904761904761904101e-01
8.289241622574951285e-02
2.976190476190474499e-01
1.168831168831168388e-01
1.746031746031745935e-01
9.600000000000000200e-02
2.125714285714285778e-01
1.600000000000000033e-01
2.618181818181818943e-01
1.949767441860465189e-01
5.600000000000000117e-02
1.450000000000000455e-01
1.864615384615385119e-01
8.000000000000000167e-02
8.145454545454547390e-02
4.800000000000000100e-02
2.124000000000000055e-01
4.100000000000000311e-01
1.600000000000000033e-01
1.711304347826086980e-01
9.600000000000000200e-02
6.451612903225799334e-02
1.667888563049853279e-01
1.194556451612902026e-01
4.948680351906156738e-01
2.681920480120029149e-01
4.032258064516119900e-02
1.726755218216317056e-01
1.194556451612902026e-01
1.973232669869590949e-01
1.583577712609968990e-01
3.225806451612899667e-02
1.901528013582340637e-01
4.670087976539590291e-01
3.299120234604102642e-01
1.693548387096773800e-01
8.064516129032249514e-02
5.691056910569099875e-02
1.430155210643014596e-01
1.463414634146339988e-01
5.654101995565410377e-01
2.393857271906050521e-01
4.065040650406499811e-02
1.287804878048779411e-01
1.463414634146339988e-01
3.488543976348850717e-01
2.253658536585363692e-01
1.626016260162600063e-02
8.182533438237600543e-02
4.135737009544009357e-01
1.858304297328685906e-01
1.903041252634747049e-01
9.756097560975610095e-02
4.918032786885240260e-02
2.841530054644808567e-01
2.491803278688523027e-01
3.532041728763040678e-01
2.354694485842024620e-01
4.098360655737699754e-02
1.065573770491802380e-01
2.418032786885243035e-01
2.459016393442619852e-01
0.000000000000000000e+00
2.459016393442620130e-02
1.612021857923495449e-01
4.590163934426227943e-01
2.174288179465053428e-01
2.354694485842024620e-01
8.196721311475399507e-02
1.074380165289255951e-01
2.396694214876028961e-01
1.923966942148759574e-01
2.647933884297520302e-01
2.614575507137489319e-01
3.305785123966940159e-02
1.033057851239666813e-01
3.187721369539550098e-01
1.570247933884297287e-01
3.217630853994488671e-01
1.652892561983470079e-02
1.957372770769899017e-01
2.865013774104682165e-01
2.066115702479337513e-01
1.823513729672087968e-01
1.074380165289255951e-01
3.200000000000000067e-02
1.323636363636363777e-01
1.066666666666666735e-01
8.000000000000000167e-02
6.400000000000000133e-02
7.466666666666670060e-02
4.145454545454545919e-02
9.495652173913046723e-02
2.806153846153845999e-01
9.440000000000005331e-02
0.000000000000000000e+00
1.416000000000001702e-01
0.000000000000000000e+00
4.763636363636367804e-02
4.000000000000000083e-02
1.600000000000000033e-01
1.905454545454546289e-01
1.388571428571430122e-01
1.824000000000002286e-01
4.000000000000000083e-02
4.000000000000000083e-02
8.000000000000000167e-03
5.422222222222222721e-02
4.560000000000005022e-02
1.626666666666668204e-01
5.963636363636369564e-02
0.000000000000000000e+00
0.000000000000000000e+00
0.000000000000000000e+00
9.120000000000010043e-02
0.000000000000000000e+00
1.498947368421052473e-01
1.200000000000000233e-01
5.333333333333332982e-02
1.870769230769233904e-01
1.199999999999999956e-01
3.232000000000000151e-02
0.000000000000000000e+00
4.141176470588237707e-02
7.700000000000004063e-02
0.000000000000000000e+00
0.000000000000000000e+00
0.000000000000000000e+00
0.000000000000000000e+00
0.000000000000000000e+00
5.066666666666671398e-02
4.000000000000000083e-02
1.564444444444444415e-01
6.330434782608697353e-02
0.000000000000000000e+00
4.720000000000006135e-02
0.000000000000000000e+00
3.741538461538467253e-01
4.000000000000000083e-02
4.888888888888896778e-02
0.000000000000000000e+00
8.000000000000000167e-02
3.093333333333334045e-02
0.000000000000000000e+00
9.599999999999998812e-02
1.640000000000000624e-01
2.034285714285714308e-01
1.301333333333334619e-01
7.199999999999999456e-02
