2.331423188633329965e-02
7.390190467355069182e-02
8.399403406860800336e-02
8.909647539053300314e-02
5.246879660883879692e-02
7.978648245545136297e-02
8.318406611051239186e-02
4.497247412089527829e-02
6.470740971094164629e-02
1.065695894497208362e-01
5.539190674307239298e-02
6.067195227254841561e-02
4.612781397458343841e-02
1.138183388163757775e-01
8.057932333778149159e-02
8.332679174189450144e-02
1.033479864981549645e-01
9.433180446996267121e-02
1.323541879268385901e-01
8.269879896381150675e-02
1.007928408823294958e-01
1.171991522097490072e-02
1.357790163190897847e-01
6.751942852657157046e-02
9.869517056109369801e-02
2.024120631703640594e-01
1.111900463144673973e-01
7.571848479298011469e-02
2.375962893817992402e-02
5.794410864275060385e-02
1.290430960043958408e-01
6.490016154287893413e-02
8.124656566449450779e-02
7.965041735353332875e-02
4.497394433810115305e-02
9.207944108642750203e-02
8.572195619750366813e-02
1.231368239265243775e-01
1.311692209657233932e-01
8.413091686945571579e-02
5.812858152131249873e-02
1.083601538582304458e-01
8.831148441792899609e-03
6.460868200015698615e-02
5.690685011667784982e-02
7.333124002407262476e-02
6.535049846926750672e-02
8.301017871627802691e-02
5.807909295999603289e-02
6.798963811916160227e-02
3.204961142946856356e-02
8.951433212364205694e-02
1.106450814277169931e-01
6.668498312269399708e-02
9.340084255697679583e-02
4.842859079847824239e-02
8.525001962477400663e-02
8.149776277572795546e-02
8.634900698641950756e-02
4.603187063348759822e-02
9.403276028992281488e-02
7.907961677488296870e-02
6.132401810712474061e-02
2.421697150482760019e-02
4.753120339116100046e-02
1.441346901783355228e-01
1.239170223226640360e-01
1.477913718277950039e-01
9.850066724232639515e-02
1.366607605441109152e-01
8.171970113252766121e-02
8.565889753137399809e-02
9.320518950395680069e-02
1.710573828400971108e-01
1.218392338488103049e-01
6.022843237302748925e-02
1.876520920009419890e-01
1.632781223015934979e-01
1.319056964178243752e-01
1.468718109741735112e-01
2.613972839312344587e-01
1.871418478687494891e-01
2.055106366276780033e-02
1.433324829264461531e-01
1.823882914235372688e-01
2.214222609167267597e-01
4.525199916722664334e-02
1.017937043723992352e-01
1.479457533857406470e-01
1.489991365099299636e-01
1.205416437710964683e-01
2.293366826281497128e-01
1.248135646440065027e-01
1.166203997744931359e-01
9.717076170290701864e-02
1.798806813721640085e-01
2.434689776438080933e-01
2.665551996985682237e-01
2.476921627731724918e-01
2.422836598844511080e-01
7.159846456971050155e-02
2.305657385529588099e-01
1.449489548531080474e-01
2.272961314494860718e-01
2.225532514070851231e-01
6.375646631237680273e-02
3.451892205885813136e-01
1.579938928181738866e-01
2.587485402745692276e-01
3.368579151326753784e-01
5.513733309260460125e-02
2.104387280106128078e-01
1.536988629640385351e-01
2.231908062578989160e-01
1.642195359883421302e-01
7.171621229129210295e-02
2.331423188633329965e-02
7.390190467355069182e-02
8.399403406860800336e-02
8.909647539053300314e-02
5.246879660883879692e-02
7.978648245545136297e-02
8.318406611051239186e-02
4.497247412089527829e-02
6.470740971094164629e-02
1.065695894497208362e-01
5.539190674307239298e-02
6.067195227254841561e-02
4.612781397458343841e-02
1.138183388163757775e-01
8.057932333778149159e-02
8.332679174189450144e-02
1.033479864981549645e-01
9.433180446996267121e-02
1.323541879268385901e-01
8.269879896381150675e-02
1.007928408823294958e-01
1.171991522097490072e-02
1.357790163190897847e-01
6.751942852657157046e-02
9.869517056109369801e-02
2.024120631703640594e-01
1.111900463144673973e-01
7.571848479298011469e-02
2.375962893817992402e-02
5.794410864275060385e-02
1.290430960043958408e-01
6.490016154287893413e-02
8.124656566449450779e-02
7.965041735353332875e-02
4.497394433810115305e-02
9.207944108642750203e-02
8.572195619750366813e-02
1.231368239265243775e-01
1.311692209657233932e-01
8.413091686945571579e-02
5.812858152131249873e-02
1.083601538582304458e-01
8.831148441792899609e-03
6.460868200015698615e-02
5.690685011667784982e-02
7.333124002407262476e-02
6.535049846926750672e-02
8.301017871627802691e-02
5.807909295999603289e-02
6.798963811916160227e-02
3.204961142946856356e-02
8.951433212364205694e-02
1.106450814277169931e-01
6.668498312269399708e-02
9.340084255697679583e-02
4.842859079847824239e-02
8.525001962477400663e-02
8.149776277572795546e-02
8.634900698641950756e-02
4.603187063348759822e-02
9.403276028992281488e-02
7.907961677488296870e-02
6.132401810712474061e-02
2.421697150482760019e-02
7.159846456971050155e-02
2.305657385529588099e-01
1.449489548531080474e-01
2.272961314494860718e-01
2.225532514070851231e-01
6.375646631237680273e-02
3.451892205885813136e-01
1.579938928181738866e-01
2.587485402745692276e-01
3.368579151326753784e-01
5.513733309260460125e-02
2.104387280106128078e-01
1.536988629640385351e-01
2.231908062578989160e-01
1.642195359883421302e-01
7.171621229129210295e-02
6.089174974487789743e-02
2.129867411286675283e-01
2.714891278750289905e-01
1.530946485024513026e-01
1.769459104708665798e-01
6.534264855954149964e-02
3.095719836721876894e-01
2.242519941789898330e-01
1.501883978334247471e-01
3.282575341292662818e-01
5.493366826281489979e-02
2.012132035481589698e-01
2.200892273072191097e-01
1.614922678389197341e-01
1.891896504059764894e-01
6.020880759871260340e-02
6.552371083845540123e-02
1.773112278140183962e-01
1.547268602469599186e-01
2.260470612918625000e-01
1.667918098145450556e-01
8.172605169991120633e-02
3.414160332432432665e-01
1.626143642700703107e-01
3.276394317756481933e-01
2.721813429017345132e-01
6.953504619708129886e-02
1.643635263889180187e-01
2.308640891642561310e-01
2.838192822414376537e-01
1.551232838000138892e-01
6.539026132554609516e-02
5.933054918830649865e-02
1.959716128535012869e-01
1.748830345087449001e-01
2.413671046509301699e-01
2.046281177714279476e-01
7.101924828084270336e-02
2.534141363393724866e-01
1.861164316890129011e-01
3.515744311580650261e-01
2.372804345778249391e-01
5.993500172700719913e-02
1.567494583477249681e-01
1.920766545480357690e-01
1.964975395753802978e-01
1.915812176040768700e-01
5.894589757276980091e-02
5.567287085809379671e-02
1.987957954893355139e-01
3.123835242214669794e-01
2.058359030499044839e-01
2.386196821853520111e-01
6.991294245095650006e-02
2.780896009796918755e-01
2.163708489353962372e-01
1.877664125852714916e-01
2.122616515029003281e-01
6.039077770887130159e-02
1.769254319514549922e-01
2.350004317552024102e-01
1.947682837999248073e-01
2.207478713754861543e-01
5.597902454724570237e-02
6.227528927825660282e-02
2.571520530401411597e-01
2.257896472139792887e-01
2.168652756189846931e-01
2.404652716225416653e-01
7.587961000423899816e-02
2.837504383003887631e-01
2.382365409071638684e-01
2.883872639065513943e-01
3.176670382407272841e-01
6.441838192580029432e-02
2.261774614577988507e-01
1.591174331035853373e-01
2.638960848654220981e-01
1.396841603599524029e-01
6.230668990312900057e-02
2.331423188633306720e-02
7.390190467355023385e-02
8.399403406860693477e-02
8.909647539053176801e-02
5.246879660883833896e-02
7.978648245545096052e-02
8.318406611051133714e-02
4.497247412089520197e-02
6.470740971094203486e-02
1.065695894497204477e-01
5.539190674307164358e-02
6.067195227254888051e-02
4.612781397458352167e-02
1.138183388163750698e-01
8.057932333778153322e-02
8.332679174189440430e-02
1.033479864981544649e-01
9.433180446996285162e-02
1.323541879268379795e-01
8.269879896381066020e-02
1.007928408823286909e-01
1.171991522097487644e-02
1.357790163190884247e-01
6.751942852657180638e-02
9.869517056109335107e-02
2.024120631703630324e-01
1.111900463144663148e-01
7.571848479297983714e-02
2.375962893817976790e-02
5.794410864274937567e-02
1.290430960043959518e-01
6.490016154287803207e-02
8.124656566449339756e-02
7.965041735353296792e-02
4.497394433809982078e-02
9.207944108642604486e-02
8.572195619750290485e-02
1.231368239265237668e-01
1.311692209657233099e-01
8.413091686945532721e-02
5.812858152131093747e-02
1.083601538582301127e-01
8.831148441792804199e-03
6.460868200015697227e-02
5.690685011667702409e-02
7.333124002407179209e-02
6.535049846926704875e-02
8.301017871627706934e-02
5.807909295999606758e-02
6.798963811916104716e-02
3.204961142946689823e-02
8.951433212364053038e-02
1.106450814277163130e-01
6.668498312269365014e-02
9.340084255697626847e-02
4.842859079847777748e-02
8.525001962477359030e-02
8.149776277572733096e-02
8.634900698641838346e-02
4.603187063348676555e-02
9.403276028992271773e-02
7.907961677488258012e-02
6.132401810712487938e-02
2.421697150482746488e-02
