2.597426403196829992e-02
7.426711481867821762e-02
9.299654165291866559e-02
9.779301242805250871e-02
5.048209113905480216e-02
6.920360254671176214e-02
7.503824400843836506e-02
4.213694926925200257e-02
6.601222218775461281e-02
1.007955420317483419e-01
6.520603438794575490e-02
6.872914909997404620e-02
4.931097831710046231e-02
1.065299769702742205e-01
9.004839241852100051e-02
1.013674524324520154e-01
1.021639943075579454e-01
7.630643818182768212e-02
1.253803570773910914e-01
8.124977086923000635e-02
8.858195549363900856e-02
8.276203394801399243e-03
1.185247644535684097e-01
5.704806247021262239e-02
1.046720273083141944e-01
1.725146393731648575e-01
1.110138578289396744e-01
7.299189793599002163e-02
2.382441968149603961e-02
4.654745756498122888e-02
1.199472082707038478e-01
5.812975265453996371e-02
8.995674011071549958e-02
7.356625239823533224e-02
5.588534719304217441e-02
9.609744473365799955e-02
8.453385636250308754e-02
1.090286688418810879e-01
1.340754654319841477e-01
7.979078069435743825e-02
6.282765700040300605e-02
1.206144370715250963e-01
1.144737324485830057e-02
6.960207186588381056e-02
5.798841514829294885e-02
7.261612347398893608e-02
8.184551086996350033e-02
8.302884399962486006e-02
6.454713399248582228e-02
6.137496792169200993e-02
3.385086336473941415e-02
1.105453735325053199e-01
1.013759126454803761e-01
5.627451699233750049e-02
9.241607703681957442e-02
4.208299033151455953e-02
9.252300472925899244e-02
8.030453006806695382e-02
9.962605858415499172e-02
5.165524067895999744e-02
1.119181605992835560e-01
7.034489199866619802e-02
6.787220002199642610e-02
2.331634710562010063e-02
4.929061113758839707e-02
1.445156925415017335e-01
1.234720595527749321e-01
1.707089698804329092e-01
1.021373318180148065e-01
1.320971619208229086e-01
7.620181171616428883e-02
8.822650393467308672e-02
8.776250054158159231e-02
1.620074834109322959e-01
1.209920445796819899e-01
6.921215676210727696e-02
1.855500971514459918e-01
1.712981632877514926e-01
1.376452689078710157e-01
1.477893463357405068e-01
2.453275653480955221e-01
1.882080140777939725e-01
1.972357663965969982e-02
1.339922370495286730e-01
1.867924951016929902e-01
2.068729232420253028e-01
4.652470388334781909e-02
1.010356710781973449e-01
1.465939383782255134e-01
1.425040632523125184e-01
1.188240092385523944e-01
2.277303222495140889e-01
1.191021739927410061e-01
1.118924701796716603e-01
1.116989588297832431e-01
1.792260879128934892e-01
2.517551095225001867e-01
2.427183576207496973e-01
2.584089451012738792e-01
2.471175877554760980e-01
7.743632514274710610e-02
2.103217883034395885e-01
1.517561478747080361e-01
2.454066490763734398e-01
2.079471560549542020e-01
5.348779660706259875e-02
3.284605302953926276e-01
1.429212988846013943e-01
2.754218258805412600e-01
3.246264438924987838e-01
6.206637399297949831e-02
2.240328478860587891e-01
1.667846255002217448e-01
2.029507190057648069e-01
1.770006473926406254e-01
7.298206380775179580e-02
2.597426403196829992e-02
7.426711481867821762e-02
9.299654165291866559e-02
9.779301242805250871e-02
5.048209113905480216e-02
6.920360254671176214e-02
7.503824400843836506e-02
4.213694926925200257e-02
6.601222218775461281e-02
1.007955420317483419e-01
6.520603438794575490e-02
6.872914909997404620e-02
4.931097831710046231e-02
1.065299769702742205e-01
9.004839241852100051e-02
1.013674524324520154e-01
1.021639943075579454e-01
7.630643818182768212e-02
1.253803570773910914e-01
8.124977086923000635e-02
8.858195549363900856e-02
8.276203394801399243e-03
1.185247644535684097e-01
5.704806247021262239e-02
1.046720273083141944e-01
1.725146393731648575e-01
1.110138578289396744e-01
7.299189793599002163e-02
2.382441968149603961e-02
4.654745756498122888e-02
1.199472082707038478e-01
5.812975265453996371e-02
8.995674011071549958e-02
7.356625239823533224e-02
5.588534719304217441e-02
9.609744473365799955e-02
8.453385636250308754e-02
1.090286688418810879e-01
1.340754654319841477e-01
7.979078069435743825e-02
6.282765700040300605e-02
1.206144370715250963e-01
1.144737324485830057e-02
6.960207186588381056e-02
5.798841514829294885e-02
7.261612347398893608e-02
8.184551086996350033e-02
8.302884399962486006e-02
6.454713399248582228e-02
6.137496792169200993e-02
3.385086336473941415e-02
1.105453735325053199e-01
1.013759126454803761e-01
5.627451699233750049e-02
9.241607703681957442e-02
4.208299033151455953e-02
9.252300472925899244e-02
8.030453006806695382e-02
9.962605858415499172e-02
5.165524067895999744e-02
1.119181605992835560e-01
7.034489199866619802e-02
6.787220002199642610e-02
2.331634710562010063e-02
7.743632514274710610e-02
2.103217883034395885e-01
1.517561478747080361e-01
2.454066490763734398e-01
2.079471560549542020e-01
5.348779660706259875e-02
3.284605302953926276e-01
1.429212988846013943e-01
2.754218258805412600e-01
3.246264438924987838e-01
6.206637399297949831e-02
2.240328478860587891e-01
1.667846255002217448e-01
2.029507190057648069e-01
1.770006473926406254e-01
7.298206380775179580e-02
6.420244161747989953e-02
2.000490558066537472e-01
2.882923342009749978e-01
1.694484530756847629e-01
1.716364242470228563e-01
5.277339883418259714e-02
2.900119606261682970e-01
2.082086626941265228e-01
1.566796201928362386e-01
3.215762863817998585e-01
6.327675330864830638e-02
2.044300142977597823e-01
2.341701189035938213e-01
1.475602155662277537e-01
2.049114479311283932e-01
6.208527330718179721e-02
7.014215403228020451e-02
1.645069852196801019e-01
1.648141274162059355e-01
2.420268010468454023e-01
1.535360743592644184e-01
6.796997442877170115e-02
3.311153271559111877e-01
1.533196770143068766e-01
3.552690517155810412e-01
2.540325302017949483e-01
7.664036221324020681e-02
1.692669629475266058e-01
2.408490580972637851e-01
2.754343734299190549e-01
1.594489812752619140e-01
6.841907485312580250e-02
6.374534856011579431e-02
1.861105047135146462e-01
1.855993254266493087e-01
2.563145431548635722e-01
1.951700385150422767e-01
5.714626143383490231e-02
2.441563250417022879e-01
1.728960827085584961e-01
3.713536294145972638e-01
2.264806701739589256e-01
6.635748721426859564e-02
1.651190940091994408e-01
2.053965868054916655e-01
1.854552977314328499e-01
2.004859698112129718e-01
6.120653309625499749e-02
6.092296411713479798e-02
1.884708410348847896e-01
3.309203672303436816e-01
2.164320441942914897e-01
2.218955051639162068e-01
5.767838320883549724e-02
2.701556604494141922e-01
1.996318531078622727e-01
1.996242152055356933e-01
1.999077723294073183e-01
6.497410751111309946e-02
1.931040653280696462e-01
2.499977086293020123e-01
1.817235449193074226e-01
2.361794934820916625e-01
5.720177810366160187e-02
6.716527350051319789e-02
2.444234072863633589e-01
2.415042528229943419e-01
2.255019064378938065e-01
2.281663700355955060e-01
6.271997360316759751e-02
2.679782592755533543e-01
2.236424486204511564e-01
3.040585129784422747e-01
2.961376301510483255e-01
7.225216307376440550e-02
2.419347836154395193e-01
1.676932101481154735e-01
2.506782519431000056e-01
1.460802123100066185e-01
6.449809356210579880e-02
2.597426403196825828e-02
7.426711481867771802e-02
9.299654165291841579e-02
9.779301242805187033e-02
5.048209113905387929e-02
6.920360254671154010e-02
7.503824400843774056e-02
4.213694926925180828e-02
6.601222218775457118e-02
1.007955420317482725e-01
6.520603438794521367e-02
6.872914909997354660e-02
4.931097831710062884e-02
1.065299769702746507e-01
9.004839241852101439e-02
1.013674524324516407e-01
1.021639943075578622e-01
7.630643818182734905e-02
1.253803570773904530e-01
8.124977086922999248e-02
8.858195549363832855e-02
8.276203394801243118e-03
1.185247644535673966e-01
5.704806247021299709e-02
1.046720273083128205e-01
1.725146393731642747e-01
1.110138578289385780e-01
7.299189793598981346e-02
2.382441968149595982e-02
4.654745756498022274e-02
1.199472082707031123e-01
5.812975265453911022e-02
8.995674011071558285e-02
7.356625239823448570e-02
5.588534719304090459e-02
9.609744473365774975e-02
8.453385636250282387e-02
1.090286688418814209e-01
1.340754654319827044e-01
7.979078069435684151e-02
6.282765700040215950e-02
1.206144370715249575e-01
1.144737324485814618e-02
6.960207186588353301e-02
5.798841514829257415e-02
7.261612347398790912e-02
8.184551086996266767e-02
8.302884399962447148e-02
6.454713399248530881e-02
6.137496792169089277e-02
3.385086336473899782e-02
1.105453735325044873e-01
1.013759126454799459e-01
5.627451699233748661e-02
9.241607703681938013e-02
4.208299033151377544e-02
9.252300472925903407e-02
8.030453006806707872e-02
9.962605858415506110e-02
5.165524067895971988e-02
1.119181605992824041e-01
7.034489199866610087e-02
6.787220002199574609e-02
2.331634710561997226e-02
