2.428351381628079952e-02
7.795261473962898646e-02
8.355115758028333617e-02
9.982963032113501001e-02
5.456497386109000064e-02
7.672859098829963587e-02
8.453348835630350444e-02
4.339911355002109422e-02
6.726460619291051157e-02
9.872806198655699472e-02
5.751727035100778762e-02
6.113704256908109730e-02
5.104607501452159551e-02
1.133987371851448434e-01
7.940860716952949372e-02
9.802091112770699999e-02
1.038098733790479566e-01
9.276478982182857769e-02
1.273746732636294732e-01
8.926904406273300507e-02
1.024551904406269948e-01
1.164581777445850008e-02
1.246473321716038279e-01
6.471830657206840975e-02
1.070891419799182287e-01
1.918091010930813578e-01
9.345243651979091848e-02
7.587544602107704206e-02
2.133020261713764951e-02
5.234666728902145905e-02
1.253792475728151556e-01
6.843530128532669676e-02
8.886062359970101077e-02
8.005041075429400466e-02
4.666226230826644311e-02
8.886062359970101077e-02
8.254807692307691847e-02
1.177966299477219703e-01
1.217765672363043811e-01
7.929483289768472776e-02
5.041075429424900223e-02
9.945855115758020504e-02
7.678304705003699895e-03
6.196321882001458448e-02
5.556958211691204186e-02
7.597398556136419900e-02
6.365524645257650271e-02
8.369118745332304599e-02
6.380593077247759259e-02
6.182552277819226838e-02
3.325359410007429350e-02
9.842215057160909331e-02
1.116756190038485919e-01
6.569734876773700161e-02
9.299020828146990769e-02
5.008667000475232334e-02
9.072768857356200423e-02
8.072099825740595980e-02
8.127567214339050106e-02
4.793689320388320324e-02
1.029433501369176190e-01
8.313384633166155668e-02
6.771766865820262604e-02
2.512369305451829862e-02
4.940720687079910162e-02
1.487615842894967344e-01
1.271409830588420276e-01
1.695861783847217585e-01
1.025018670649736063e-01
1.312538341512855811e-01
8.247759522031344881e-02
8.439742507387062997e-02
9.663281196958373176e-02
1.598251376960415915e-01
1.211223394324121017e-01
6.644329957057502900e-02
1.840809372666165067e-01
1.686776512322624710e-01
1.386147933781427533e-01
1.438223487677370016e-01
2.527539208364452117e-01
1.837308625840175236e-01
1.932412247946220171e-02
1.260983593166540850e-01
1.895459920338557758e-01
2.077686876230562252e-01
4.362995989869118685e-02
9.784237303958180643e-02
1.584538034780752502e-01
1.520218757779435159e-01
1.177301157580283170e-01
2.151885735623597085e-01
1.161081030619865034e-01
1.098693478851245769e-01
1.065714852501865872e-01
1.862397311426434998e-01
2.508343251884523895e-01
2.601927699596255916e-01
2.394221568764731967e-01
2.495507479754486002e-01
7.562691809514909824e-02
2.294596076875499990e-01
1.436240923970948102e-01
2.414372083555367254e-01
2.233016470821615196e-01
6.189248165046609684e-02
3.305016511663185219e-01
1.535409640944254972e-01
2.645977723154561700e-01
3.189921078528611953e-01
5.022346173144909970e-02
2.102757389406859911e-01
1.601456293685892263e-01
2.243952530426966963e-01
1.650932938142525563e-01
7.645541850939939488e-02
2.428351381628079952e-02
7.795261473962898646e-02
8.355115758028333617e-02
9.982963032113501001e-02
5.456497386109000064e-02
7.672859098829963587e-02
8.453348835630350444e-02
4.339911355002109422e-02
6.726460619291051157e-02
9.872806198655699472e-02
5.751727035100778762e-02
6.113704256908109730e-02
5.104607501452159551e-02
1.133987371851448434e-01
7.940860716952949372e-02
9.802091112770699999e-02
1.038098733790479566e-01
9.276478982182857769e-02
1.273746732636294732e-01
8.926904406273300507e-02
1.024551904406269948e-01
1.164581777445850008e-02
1.246473321716038279e-01
6.471830657206840975e-02
1.070891419799182287e-01
1.918091010930813578e-01
9.345243651979091848e-02
7.587544602107704206e-02
2.133020261713764951e-02
5.234666728902145905e-02
1.253792475728151556e-01
6.843530128532669676e-02
8.886062359970101077e-02
8.005041075429400466e-02
4.666226230826644311e-02
8.886062359970101077e-02
8.254807692307691847e-02
1.177966299477219703e-01
1.217765672363043811e-01
7.929483289768472776e-02
5.041075429424900223e-02
9.945855115758020504e-02
7.678304705003699895e-03
6.196321882001458448e-02
5.556958211691204186e-02
7.597398556136419900e-02
6.365524645257650271e-02
8.369118745332304599e-02
6.380593077247759259e-02
6.182552277819226838e-02
3.325359410007429350e-02
9.842215057160909331e-02
1.116756190038485919e-01
6.569734876773700161e-02
9.299020828146990769e-02
5.008667000475232334e-02
9.072768857356200423e-02
8.072099825740595980e-02
8.127567214339050106e-02
4.793689320388320324e-02
1.029433501369176190e-01
8.313384633166155668e-02
6.771766865820262604e-02
2.512369305451829862e-02
7.562691809514909824e-02
2.294596076875499990e-01
1.436240923970948102e-01
2.414372083555367254e-01
2.233016470821615196e-01
6.189248165046609684e-02
3.305016511663185219e-01
1.535409640944254972e-01
2.645977723154561700e-01
3.189921078528611953e-01
5.022346173144909970e-02
2.102757389406859911e-01
1.601456293685892263e-01
2.243952530426966963e-01
1.650932938142525563e-01
7.645541850939939488e-02
6.425037341299469351e-02
2.098114264376398919e-01
2.731165982076174670e-01
1.660945244076311444e-01
1.800974130295080744e-01
6.259335324869300110e-02
2.868409844100073824e-01
2.305039818751074554e-01
1.475273058252424829e-01
3.178253785049901525e-01
5.191607542942489745e-02
1.949087471994024323e-01
2.338353015309929672e-01
1.602758588498877368e-01
1.916653813683148466e-01
6.324682598954439738e-02
6.965400548456729402e-02
1.775933675986186289e-01
1.532615671859501594e-01
2.413633976735674591e-01
1.686701213199325033e-01
7.713402182157649833e-02
3.223195807291931447e-01
1.655052074216697422e-01
3.262982397989903083e-01
2.575561319478698596e-01
6.425112316937969803e-02
1.651585641857135078e-01
2.427902338632250412e-01
2.883853412472350830e-01
1.586206896551723977e-01
6.748351712468629582e-02
6.459028636777369714e-02
1.973727342743842594e-01
1.715405979415128013e-01
2.526325169684097705e-01
2.043731831348233885e-01
6.700585805307250620e-02
2.421453077228275241e-01
1.878194506033092070e-01
3.520093694901733072e-01
2.218587065605524544e-01
5.544145447755959716e-02
1.568506697122617755e-01
2.003234968507762448e-01
1.995805674009514252e-01
1.920934868165710407e-01
6.285154153149570544e-02
5.960813602044499893e-02
2.007891218911953823e-01
3.105877959693324475e-01
2.169807017227457224e-01
2.369271702472779684e-01
6.700663998226219498e-02
2.630553254058089485e-01
2.179116147176546614e-01
1.894670509843275064e-01
1.963586582334612696e-01
5.545377101980319967e-02
1.789783351754572205e-01
2.483283348698260007e-01
1.961862634484052570e-01
2.225120753471959145e-01
5.894297083775799917e-02
6.584045185081449647e-02
2.599075759697518362e-01
2.277052700368761562e-01
2.262909023012647791e-01
2.412174892744838872e-01
7.094011109555149741e-02
2.691324744433550298e-01
2.454938283953826406e-01
2.904588526350181388e-01
2.992399134886178369e-01
5.843019184988090114e-02
2.304151711023813554e-01
1.675457841260949154e-01
2.709801770682596089e-01
1.415030273462496158e-01
6.397329972459500635e-02
2.428351381628068850e-02
7.795261473962923626e-02
8.355115758028262840e-02
9.982963032113488511e-02
5.456497386109015330e-02
7.672859098829969138e-02
8.453348835630387914e-02
4.339911355002070564e-02
6.726460619291002585e-02
9.872806198655639798e-02
5.751727035100628882e-02
6.113704256908025075e-02
5.104607501452131796e-02
1.133987371851441495e-01
7.940860716952807818e-02
9.802091112770611181e-02
1.038098733790469158e-01
9.276478982182798094e-02
1.273746732636295009e-01
8.926904406273315773e-02
1.024551904406268976e-01
1.164581777445845498e-02
1.246473321716027594e-01
6.471830657206820159e-02
1.070891419799187422e-01
1.918091010930803308e-01
9.345243651978968336e-02
7.587544602107583469e-02
2.133020261713800339e-02
5.234666728902080679e-02
1.253792475728146005e-01
6.843530128532594736e-02
8.886062359970084423e-02
8.005041075429240871e-02
4.666226230826545085e-02
8.886062359970009483e-02
8.254807692307693234e-02
1.177966299477216094e-01
1.217765672363045337e-01
7.929483289768450571e-02
5.041075429424791282e-02
9.945855115757860909e-02
7.678304705003721579e-03
6.196321882001355752e-02
5.556958211691166022e-02
7.597398556136394920e-02
6.365524645257550351e-02
8.369118745332207454e-02
6.380593077247732892e-02
6.182552277819159531e-02
3.325359410007366207e-02
9.842215057160752512e-02
1.116756190038490776e-01
6.569734876773598853e-02
9.299020828147018525e-02
5.008667000475197639e-02
9.072768857356218464e-02
8.072099825740558510e-02
8.127567214338987656e-02
4.793689320388262037e-02
1.029433501369167864e-01
8.313384633166122362e-02
6.771766865820195991e-02
2.512369305451810086e-02
