2.223246652557460054e-02
7.081300611673801981e-02
9.038269457773666360e-02
8.392179871340849084e-02
4.727280347002479899e-02
7.040630304046269217e-02
8.024146923629339734e-02
4.078973860931140588e-02
6.204716642031983531e-02
1.003258386941302954e-01
6.424771598600204081e-02
5.717892839930398263e-02
4.009364224564425372e-02
1.071176848213074850e-01
8.502189719841549143e-02
9.151771682417250697e-02
9.139627738102264198e-02
7.589332487180469600e-02
1.205142174632772567e-01
7.407329799048649466e-02
8.098820275338899921e-02
8.633153825199500059e-03
1.325787472613951246e-01
6.204869769293606258e-02
1.112752527898264454e-01
1.923657927471602580e-01
1.095855247993629683e-01
8.292763563806873628e-02
2.333803133845741354e-02
5.661421117700015521e-02
1.376537518596901155e-01
6.085557333603880403e-02
9.246065838274999948e-02
7.557501973192466693e-02
5.255327619805931494e-02
9.785637952350001445e-02
8.122666219642483976e-02
1.142436560987361988e-01
1.433419081439333276e-01
8.899338369339686305e-02
6.480103933114000903e-02
1.234457179976110042e-01
1.140959285878920086e-02
7.444299095075447570e-02
5.961105089407992691e-02
7.365421285334111667e-02
8.538859669341800074e-02
8.559115450970530836e-02
5.388888230904954890e-02
6.564759130817381105e-02
2.750770068939491220e-02
9.848661909513055368e-02
9.530640765055997665e-02
5.757182071537799567e-02
9.584826324134358699e-02
5.374385897404120732e-02
9.198918760346148915e-02
8.304870467768835085e-02
1.119481172600209906e-01
5.360098904092359950e-02
9.657991604327730017e-02
7.304304702833691598e-02
7.089802960138008592e-02
2.227437503928919940e-02
4.450684156486389709e-02
1.432294891161684514e-01
1.243613087367116815e-01
1.503767276036408751e-01
1.008737925109483985e-01
1.380241931862743743e-01
8.406895474451989148e-02
7.913375102151969098e-02
9.667960750771947831e-02
1.708269597468722589e-01
1.250529094985644296e-01
5.907135972172729982e-02
1.878025270833769689e-01
1.590951951889024996e-01
1.333172684030759503e-01
1.509754206567059942e-01
2.581679693229679273e-01
1.929363200134104894e-01
2.004274668398879980e-02
1.406004442302453694e-01
1.961784091993843682e-01
2.256567730825424500e-01
4.178461028270937655e-02
1.078536554701085420e-01
1.514144622289540498e-01
1.454504815986695787e-01
1.185136097898286250e-01
2.356850994279489075e-01
1.223728600465179978e-01
1.172676411031083055e-01
9.482587012551567385e-02
1.735012467782829915e-01
2.356885424524348127e-01
2.510895985248511875e-01
2.665220853239460008e-01
2.466997736987678880e-01
6.969312812346109554e-02
2.107976154305528094e-01
1.432256806233987712e-01
2.260754368625752520e-01
1.952827878298949715e-01
5.527675044789250036e-02
3.528921810009739701e-01
1.589154190283610102e-01
2.782036720101516147e-01
3.395671594357775325e-01
6.407744612193150280e-02
2.308715831822895914e-01
1.503157268974946725e-01
2.129454042557648030e-01
1.857232524094761528e-01
7.107609458652440482e-02
2.223246652557460054e-02
7.081300611673801981e-02
9.038269457773666360e-02
8.392179871340849084e-02
4.727280347002479899e-02
7.040630304046269217e-02
8.024146923629339734e-02
4.078973860931140588e-02
6.204716642031983531e-02
1.003258386941302954e-01
6.424771598600204081e-02
5.717892839930398263e-02
4.009364224564425372e-02
1.071176848213074850e-01
8.502189719841549143e-02
9.151771682417250697e-02
9.139627738102264198e-02
7.589332487180469600e-02
1.205142174632772567e-01
7.407329799048649466e-02
8.098820275338899921e-02
8.633153825199500059e-03
1.325787472613951246e-01
6.204869769293606258e-02
1.112752527898264454e-01
1.923657927471602580e-01
1.095855247993629683e-01
8.292763563806873628e-02
2.333803133845741354e-02
5.661421117700015521e-02
1.376537518596901155e-01
6.085557333603880403e-02
9.246065838274999948e-02
7.557501973192466693e-02
5.255327619805931494e-02
9.785637952350001445e-02
8.122666219642483976e-02
1.142436560987361988e-01
1.433419081439333276e-01
8.899338369339686305e-02
6.480103933114000903e-02
1.234457179976110042e-01
1.140959285878920086e-02
7.444299095075447570e-02
5.961105089407992691e-02
7.365421285334111667e-02
8.538859669341800074e-02
8.559115450970530836e-02
5.388888230904954890e-02
6.564759130817381105e-02
2.750770068939491220e-02
9.848661909513055368e-02
9.530640765055997665e-02
5.757182071537799567e-02
9.584826324134358699e-02
5.374385897404120732e-02
9.198918760346148915e-02
8.304870467768835085e-02
1.119481172600209906e-01
5.360098904092359950e-02
9.657991604327730017e-02
7.304304702833691598e-02
7.089802960138008592e-02
2.227437503928919940e-02
6.969312812346109554e-02
2.107976154305528094e-01
1.432256806233987712e-01
2.260754368625752520e-01
1.952827878298949715e-01
5.527675044789250036e-02
3.528921810009739701e-01
1.589154190283610102e-01
2.782036720101516147e-01
3.395671594357775325e-01
6.407744612193150280e-02
2.308715831822895914e-01
1.503157268974946725e-01
2.129454042557648030e-01
1.857232524094761528e-01
7.107609458652440482e-02
5.630408817551280087e-02
1.984008908552628569e-01
2.855017496804475030e-01
1.502420216667014197e-01
1.640940037201113477e-01
5.748800368794920040e-02
3.047862141944135406e-01
2.161963510579480163e-01
1.576545900299644865e-01
3.311763148319940564e-01
6.516773882614250446e-02
2.160436267627767470e-01
2.133850554240094011e-01
1.533851601952934962e-01
2.145196601037326067e-01
6.272656790226929790e-02
6.182618261826180323e-02
1.650546006981648828e-01
1.557631358373930408e-01
2.246367493892246492e-01
1.556527745797833262e-01
7.108806118707100552e-02
3.481136348929009250e-01
1.567201660642252581e-01
3.341882313864614762e-01
2.755304101838753628e-01
8.244538739588240517e-02
1.758014397931019768e-01
2.236656999033234394e-01
2.782563970682782051e-01
1.678453559641676918e-01
6.866781916286859855e-02
5.550898956456139927e-02
1.843982287567006439e-01
1.777796404174172840e-01
2.373690807746378639e-01
1.869508123437127189e-01
6.287456519005900357e-02
2.603101295000206927e-01
1.769624072754701904e-01
3.774169336802921104e-01
2.352499895226519977e-01
6.932861154184649655e-02
1.696154204931518139e-01
1.811715679396796452e-01
1.883527812868577289e-01
2.112501105942286572e-01
6.228783370353289939e-02
5.315214316398259725e-02
1.792786153923165704e-01
3.304059316380807965e-01
1.984644809419805755e-01
2.187059768181481845e-01
6.185891055394310278e-02
2.833104575505798750e-01
2.062970685237378032e-01
1.888456984797207139e-01
2.174661840051130002e-01
6.927695064069649966e-02
1.995511656670671263e-01
2.346531437611976134e-01
1.884045423639458816e-01
2.393237086771445032e-01
5.747933321458879863e-02
5.969070220657569925e-02
2.340508970294595259e-01
2.339171433959891799e-01
2.107830933970366305e-01
2.218791612611941411e-01
6.633348001927870385e-02
2.836801408185075091e-01
2.335898840582313341e-01
2.953259571257937366e-01
3.211912295774741466e-01
7.604618511766300659e-02
2.459195388987963637e-01
1.538665716700544084e-01
2.594944224415525191e-01
1.522464918738013484e-01
6.463611407975519696e-02
2.223246652557460401e-02
7.081300611673796430e-02
9.038269457773502602e-02
8.392179871340856023e-02
4.727280347002486838e-02
7.040630304046213706e-02
8.024146923629307815e-02
4.078973860931123935e-02
6.204716642031962021e-02
1.003258386941292407e-01
6.424771598600079181e-02
5.717892839930410059e-02
4.009364224564392759e-02
1.071176848213078459e-01
8.502189719841517224e-02
9.151771682417175757e-02
9.139627738102130972e-02
7.589332487180484865e-02
1.205142174632767293e-01
7.407329799048666119e-02
8.098820275338833308e-02
8.633153825199501794e-03
1.325787472613948470e-01
6.204869769293588216e-02
1.112752527898250854e-01
1.923657927471600915e-01
1.095855247993628712e-01
8.292763563806777871e-02
2.333803133845690353e-02
5.661421117700039113e-02
1.376537518596902820e-01
6.085557333603792973e-02
9.246065838274955540e-02
7.557501973192405631e-02
5.255327619805955086e-02
9.785637952349897362e-02
8.122666219642435403e-02
1.142436560987362265e-01
1.433419081439323006e-01
8.899338369339615529e-02
6.480103933113857961e-02
1.234457179976108654e-01
1.140959285878908117e-02
7.444299095075440631e-02
5.961105089407926771e-02
7.365421285334038115e-02
8.538859669341702929e-02
8.559115450970464223e-02
5.388888230904902155e-02
6.564759130817304777e-02
2.750770068939423912e-02
9.848661909512902712e-02
9.530640765055987951e-02
5.757182071537733647e-02
9.584826324134267106e-02
5.374385897404087425e-02
9.198918760346075363e-02
8.304870467768811493e-02
1.119481172600203522e-01
5.360098904092289868e-02
9.657991604327678670e-02
7.304304702833695762e-02
7.089802960137932264e-02
2.227437503928914042e-02
