2.539446654136980064e-02
7.502910569041079669e-02
8.625085595232866165e-02
1.110188382359365011e-01
5.612133397438680282e-02
7.383772600783836126e-02
7.383507702577578324e-02
4.288724993681311548e-02
6.388122127446399512e-02
1.000568206652388131e-01
5.360538047991585120e-02
7.323746667249395048e-02
5.841358645239930203e-02
1.223233691873054779e-01
8.151580051575650632e-02
1.114559202762355067e-01
1.085294573427795922e-01
8.901487952145741012e-02
1.263123388259972113e-01
1.064294768127974911e-01
1.081778049739934994e-01
1.031513615105550050e-02
1.143503746764378548e-01
5.954368634992766168e-02
9.450199357975015702e-02
1.710580166806399682e-01
8.495563617290925740e-02
6.987484884246095151e-02
2.369174694090078054e-02
4.609030114952557267e-02
1.200839197517370449e-01
6.613051269723309311e-02
8.326412867695251463e-02
6.468814196424667318e-02
4.906077793878829696e-02
9.091306438218449415e-02
8.475894925477482633e-02
1.128589536255951431e-01
1.029456758445321807e-01
7.277962323528097688e-02
5.682066523886499659e-02
8.615761178373163021e-02
7.605227501201900289e-03
5.802264084968720981e-02
5.639550361784723825e-02
7.474102889112269055e-02
6.119148564185449696e-02
8.953382772168513859e-02
7.280456541692843786e-02
6.911141221207198204e-02
3.584509812491804698e-02
1.031849832059630601e-01
1.193301213406986194e-01
6.665501114559199691e-02
9.215146349636457734e-02
5.198494848392117701e-02
8.348266969710199659e-02
7.926337106808276078e-02
8.195288255605551186e-02
5.105118230691880338e-02
1.146903273744480506e-01
9.002641224329215042e-02
6.789923802030961575e-02
2.565671576554909988e-02
5.105118230691899767e-02
1.507813834838617473e-01
1.267330878005798189e-01
1.906926501532907325e-01
1.071725162813060017e-01
1.247026281118677610e-01
7.394832100894414839e-02
9.200006841284075199e-02
9.618983665052095733e-02
1.543937672101050040e-01
1.121115433366838415e-01
7.296429039730752131e-02
1.936273438524410140e-01
1.879452773285544831e-01
1.420196104142079363e-01
1.381179247344724859e-01
2.463962585777348391e-01
1.901306875300489974e-01
1.792036365225749966e-02
1.151875081952879604e-01
1.773581790190907059e-01
1.806817685134042284e-01
4.772935880064685388e-02
9.392455963984415457e-02
1.606026736932805177e-01
1.361947637571570557e-01
1.182153940294590755e-01
1.970365837667730491e-01
1.234756763844570004e-01
1.170942785960922966e-01
1.202157728338942300e-01
1.855413261069099873e-01
2.592544032166426149e-01
2.516498404790000198e-01
2.301035793890127135e-01
2.589921769153445963e-01
7.867132867132860252e-02
2.197552447552444110e-01
1.467825443786980599e-01
2.649151774151772276e-01
2.335705310314685479e-01
5.926573426573419900e-02
2.973776223776219974e-01
1.477709790209790208e-01
2.521878856437676508e-01
2.980944055944052540e-01
4.812062937062930312e-02
2.129370629370627988e-01
1.762043512043511284e-01
2.312609265734265618e-01
1.628496503496502379e-01
8.037587412587410274e-02
2.539446654136980064e-02
7.502910569041079669e-02
8.625085595232866165e-02
1.110188382359365011e-01
5.612133397438680282e-02
7.383772600783836126e-02
7.383507702577578324e-02
4.288724993681311548e-02
6.388122127446399512e-02
1.000568206652388131e-01
5.360538047991585120e-02
7.323746667249395048e-02
5.841358645239930203e-02
1.223233691873054779e-01
8.151580051575650632e-02
1.114559202762355067e-01
1.085294573427795922e-01
8.901487952145741012e-02
1.263123388259972113e-01
1.064294768127974911e-01
1.081778049739934994e-01
1.031513615105550050e-02
1.143503746764378548e-01
5.954368634992766168e-02
9.450199357975015702e-02
1.710580166806399682e-01
8.495563617290925740e-02
6.987484884246095151e-02
2.369174694090078054e-02
4.609030114952557267e-02
1.200839197517370449e-01
6.613051269723309311e-02
8.326412867695251463e-02
6.468814196424667318e-02
4.906077793878829696e-02
9.091306438218449415e-02
8.475894925477482633e-02
1.128589536255951431e-01
1.029456758445321807e-01
7.277962323528097688e-02
5.682066523886499659e-02
8.615761178373163021e-02
7.605227501201900289e-03
5.802264084968720981e-02
5.639550361784723825e-02
7.474102889112269055e-02
6.119148564185449696e-02
8.953382772168513859e-02
7.280456541692843786e-02
6.911141221207198204e-02
3.584509812491804698e-02
1.031849832059630601e-01
1.193301213406986194e-01
6.665501114559199691e-02
9.215146349636457734e-02
5.198494848392117701e-02
8.348266969710199659e-02
7.926337106808276078e-02
8.195288255605551186e-02
5.105118230691880338e-02
1.146903273744480506e-01
9.002641224329215042e-02
6.789923802030961575e-02
2.565671576554909988e-02
7.867132867132860252e-02
2.197552447552444110e-01
1.467825443786980599e-01
2.649151774151772276e-01
2.335705310314685479e-01
5.926573426573419900e-02
2.973776223776219974e-01
1.477709790209790208e-01
2.521878856437676508e-01
2.980944055944052540e-01
4.812062937062930312e-02
2.129370629370627988e-01
1.762043512043511284e-01
2.312609265734265618e-01
1.628496503496502379e-01
8.037587412587410274e-02
6.731063420604040115e-02
2.109857448814570213e-01
2.635604703002749627e-01
1.847664988536529829e-01
1.821595308788294121e-01
5.673324883080550080e-02
2.718868831679705500e-01
2.336304370484184045e-01
1.497005988023950018e-01
2.886012977363122123e-01
4.812273263691590336e-02
1.928930460247387513e-01
2.470023456736160916e-01
1.669653393942042707e-01
1.933840981952310578e-01
6.569343065693429573e-02
7.430719468485000312e-02
1.756351874369181665e-01
1.593821028936094342e-01
2.490880480652311879e-01
1.657121597472537289e-01
7.094151586677149846e-02
3.083825714917488026e-01
1.686623065827430601e-01
3.460911067586993628e-01
2.334596953007651021e-01
5.573039601363750234e-02
1.652886477930991527e-01
2.458892624116855163e-01
3.016593948930689217e-01
1.565696302124310046e-01
7.365154296704250203e-02
6.858416750448040333e-02
1.951811466061584843e-01
1.741487083096560085e-01
2.700211009866996248e-01
2.070905761730607031e-01
6.298902828168019552e-02
2.168938234908423246e-01
1.908029899025219800e-01
3.498074683981924338e-01
2.054692485902869792e-01
5.184246186125800182e-02
1.537591636620523339e-01
2.158613834665915332e-01
2.005757498173460218e-01
1.914635271718803378e-01
6.823447130305540509e-02
6.600804336422450014e-02
2.002875405568183276e-01
3.032115171650054952e-01
2.299651083310814137e-01
2.444066031887329737e-01
6.071865710788589693e-02
2.496648598239783745e-01
2.140671446057001159e-01
1.813691204756076036e-01
1.851285189718480384e-01
5.123273299527889707e-02
1.812754477556013655e-01
2.591362126245844166e-01
1.995748244540358485e-01
2.205467421195694000e-01
6.509005070816570315e-02
6.802185792349720039e-02
2.511975019516000107e-01
2.371252459016391922e-01
2.472935519125681603e-01
2.504977645305511702e-01
6.662295081967209431e-02
2.393442622950816834e-01
2.478688524590163811e-01
2.888415300546449127e-01
2.787030965391619763e-01
5.385792349726770123e-02
2.295081967213113416e-01
1.790601092896172974e-01
2.795992714025500314e-01
1.413629472942005139e-01
6.710382513661200532e-02
2.539446654136957859e-02
7.502910569041075506e-02
8.625085595232712121e-02
1.110188382359364456e-01
5.612133397438652527e-02
7.383772600783759799e-02
7.383507702577492282e-02
4.288724993681284486e-02
6.388122127446245468e-02
1.000568206652372866e-01
5.360538047991413035e-02
7.323746667249370068e-02
5.841358645239914937e-02
1.223233691873042428e-01
8.151580051575565977e-02
1.114559202762353679e-01
1.085294573427783155e-01
8.901487952145661908e-02
1.263123388259971558e-01
1.064294768127966861e-01
1.081778049739923891e-01
1.031513615105547101e-02
1.143503746764369250e-01
5.954368634992773801e-02
9.450199357974882475e-02
1.710580166806382474e-01
8.495563617290838310e-02
6.987484884246011885e-02
2.369174694090081176e-02
4.609030114952537838e-02
1.200839197517368367e-01
6.613051269723241310e-02
8.326412867695129338e-02
6.468814196424545193e-02
4.906077793878720755e-02
9.091306438218318964e-02
8.475894925477507613e-02
1.128589536255952680e-01
1.029456758445313896e-01
7.277962323528128219e-02
5.682066523886490639e-02
8.615761178373090856e-02
7.605227501201819625e-03
5.802264084968610652e-02
5.639550361784614885e-02
7.474102889112158032e-02
6.119148564185442063e-02
8.953382772168495818e-02
7.280456541692822969e-02
6.911141221207206531e-02
3.584509812491774167e-02
1.031849832059620192e-01
1.193301213406974121e-01
6.665501114559153895e-02
9.215146349636341161e-02
5.198494848392130885e-02
8.348266969710085861e-02
7.926337106808220567e-02
8.195288255605530370e-02
5.105118230691829684e-02
1.146903273744477592e-01
9.002641224329137326e-02
6.789923802030932432e-02
2.565671576554906172e-02
