3.611327617563000331e-02
8.355476038640477499e-02
1.130163678877626615e-01
1.159392049883085085e-01
6.677058976357480580e-02
7.517104009699483724e-02
8.178629632253942017e-02
4.882691156370341096e-02
8.239902472170572423e-02
1.065341647181085177e-01
5.776256819953221044e-02
6.016497791634163594e-02
5.660200340636811073e-02
1.233762016108074649e-01
1.022992985190954995e-01
8.865939204988300404e-02
1.299511089066814895e-01
8.530508852020909916e-02
1.136593920498829291e-01
8.606131462717549196e-02
8.833463237204450258e-02
1.201610808002069944e-02
1.122585953061396719e-01
6.293842556508137676e-02
1.030137698103404109e-01
1.491296440633930187e-01
8.404130943102083862e-02
6.604890159060064492e-02
3.263693562415967420e-02
5.516367887763053146e-02
1.136593920498829291e-01
5.598173141349084558e-02
1.113925694985709869e-01
8.357149043041466052e-02
6.417251234086775169e-02
9.223174850610499353e-02
8.344505066250970660e-02
9.477786438035823435e-02
8.977121635871791738e-02
7.001818654195894609e-02
6.949857105741749641e-02
8.183943881527626363e-02
9.547934528448900199e-03
5.802991500575272604e-02
6.125557996173718739e-02
6.376115008227192793e-02
6.105481943361899810e-02
7.112958632833926709e-02
6.424593626803092039e-02
7.932579890880724072e-02
2.605871654975298185e-02
1.180226632292097205e-01
1.093590742850290287e-01
6.267861782281099192e-02
8.414884096879396425e-02
4.808509884503640169e-02
1.052221356196409996e-01
6.379146098553699351e-02
8.800987269420600112e-02
4.494673941283439805e-02
9.631289512427443356e-02
6.936866718628201256e-02
5.599722871741560914e-02
1.870615744349179987e-02
5.481943361912180318e-02
1.437356810505678317e-01
1.353906004293662091e-01
1.753702260327355822e-01
1.117173291764091969e-01
1.259139665219164150e-01
7.589633671083388655e-02
8.917335954002723886e-02
1.051040411913363587e-01
1.569157573395686123e-01
1.195830085736554610e-01
7.656371784879185960e-02
1.958300857365544712e-01
1.883606131462714772e-01
1.447475534770932271e-01
1.347752663029355147e-01
2.273187840997658582e-01
1.763445050662509894e-01
2.156404260846970025e-02
1.134872694206287003e-01
1.770301088305762660e-01
1.575379673586998486e-01
5.011183028906403270e-02
1.177318784099765925e-01
1.637871308564994022e-01
1.431540659911665070e-01
1.058846453624317785e-01
1.749545336451024669e-01
1.321771888802285022e-01
1.309253879401965637e-01
1.036362258595305424e-01
1.987529228371004986e-01
2.849720742953629760e-01
2.442525003247174864e-01
2.339264839589557110e-01
2.368489414209636879e-01
9.644735987530030086e-02
2.436838345132167905e-01
1.548378555263013323e-01
2.622925581943569839e-01
2.234505910242253479e-01
5.728388647139050216e-02
2.855426381762679044e-01
1.494446970188997026e-01
3.060527451871827842e-01
2.720659868805609394e-01
5.182827823602000061e-02
1.948431512632327889e-01
1.761430196839689766e-01
2.133532506332400380e-01
1.629243004835651820e-01
6.293433785802429736e-02
3.611327617563000331e-02
8.355476038640477499e-02
1.130163678877626615e-01
1.159392049883085085e-01
6.677058976357480580e-02
7.517104009699483724e-02
8.178629632253942017e-02
4.882691156370341096e-02
8.239902472170572423e-02
1.065341647181085177e-01
5.776256819953221044e-02
6.016497791634163594e-02
5.660200340636811073e-02
1.233762016108074649e-01
1.022992985190954995e-01
8.865939204988300404e-02
1.299511089066814895e-01
8.530508852020909916e-02
1.136593920498829291e-01
8.606131462717549196e-02
8.833463237204450258e-02
1.201610808002069944e-02
1.122585953061396719e-01
6.293842556508137676e-02
1.030137698103404109e-01
1.491296440633930187e-01
8.404130943102083862e-02
6.604890159060064492e-02
3.263693562415967420e-02
5.516367887763053146e-02
1.136593920498829291e-01
5.598173141349084558e-02
1.113925694985709869e-01
8.357149043041466052e-02
6.417251234086775169e-02
9.223174850610499353e-02
8.344505066250970660e-02
9.477786438035823435e-02
8.977121635871791738e-02
7.001818654195894609e-02
6.949857105741749641e-02
8.183943881527626363e-02
9.547934528448900199e-03
5.802991500575272604e-02
6.125557996173718739e-02
6.376115008227192793e-02
6.105481943361899810e-02
7.112958632833926709e-02
6.424593626803092039e-02
7.932579890880724072e-02
2.605871654975298185e-02
1.180226632292097205e-01
1.093590742850290287e-01
6.267861782281099192e-02
8.414884096879396425e-02
4.808509884503640169e-02
1.052221356196409996e-01
6.379146098553699351e-02
8.800987269420600112e-02
4.494673941283439805e-02
9.631289512427443356e-02
6.936866718628201256e-02
5.599722871741560914e-02
1.870615744349179987e-02
9.644735987530030086e-02
2.436838345132167905e-01
1.548378555263013323e-01
2.622925581943569839e-01
2.234505910242253479e-01
5.728388647139050216e-02
2.855426381762679044e-01
1.494446970188997026e-01
3.060527451871827842e-01
2.720659868805609394e-01
5.182827823602000061e-02
1.948431512632327889e-01
1.761430196839689766e-01
2.133532506332400380e-01
1.629243004835651820e-01
6.293433785802429736e-02
8.333333333333330095e-02
2.216778631431785829e-01
3.156664068589239980e-01
1.730673846807905814e-01
1.917426453261794339e-01
5.644323200831379700e-02
2.580540400103920051e-01
2.086630893139073961e-01
1.716354897375940158e-01
2.741207869812700149e-01
5.007794232268120149e-02
1.808781501688749294e-01
2.394507231315492479e-01
1.471161340607949897e-01
1.766862087272806636e-01
5.832683813977650178e-02
8.301396557323799386e-02
2.034308659836428224e-01
1.728686261773300925e-01
2.580235613688031671e-01
1.849890858554195383e-01
6.664501461513469560e-02
3.000706875800008278e-01
1.491352711919452234e-01
3.754051121875712771e-01
2.324603619829340162e-01
5.813575836310490297e-02
1.523939761713473118e-01
2.651894062416959574e-01
2.511145885618117357e-01
1.492692432607989061e-01
6.157843455667420113e-02
8.243471482395729744e-02
2.142585068562721795e-01
1.944913602702351141e-01
2.644182503218489577e-01
2.184328670622029955e-01
5.748993114200329907e-02
2.204573210341690681e-01
1.707158633233724909e-01
3.776914264117066655e-01
1.973054436793553745e-01
5.450175393010259911e-02
1.489017505773090888e-01
2.269941422688681321e-01
1.824458508881008634e-01
1.723928033529174286e-01
5.606080291022470102e-02
7.730786721236919401e-02
2.043786136555577615e-01
3.505489508218018746e-01
2.430797942394119782e-01
2.596428128488156295e-01
5.976742675241990266e-02
2.381602026895338620e-01
1.875997026065235607e-01
2.046384720327419915e-01
1.889251607873705385e-01
5.314103813421679895e-02
1.618948625380118855e-01
2.689534203858895967e-01
1.732845073119360368e-01
2.031885804054971989e-01
5.424543623725069930e-02
8.367983367983360121e-02
2.828835016335014552e-01
2.558601871101872094e-01
2.384589397089395546e-01
2.610328860328860467e-01
6.224012474012469848e-02
2.474229036729033437e-01
2.185179685179683695e-01
3.292781964656962268e-01
2.741294178794175251e-01
5.509355509355509661e-02
2.100373399715503020e-01
1.761954261954261081e-01
2.393018018018016890e-01
1.309268325397357768e-01
5.996621621621620046e-02
3.611327617562989922e-02
8.355476038640494152e-02
1.130163678877610933e-01
1.159392049883073844e-01
6.677058976357409803e-02
7.517104009699446254e-02
8.178629632253826831e-02
4.882691156370285585e-02
8.239902472170516912e-02
1.065341647181070189e-01
5.776256819953110022e-02
6.016497791634082409e-02
5.660200340636756255e-02
1.233762016108069931e-01
1.022992985190958465e-01
8.865939204988294853e-02
1.299511089066816283e-01
8.530508852020859956e-02
1.136593920498816246e-01
8.606131462717533931e-02
8.833463237204441931e-02
1.201610808002064566e-02
1.122585953061387420e-01
6.293842556508059960e-02
1.030137698103401195e-01
1.491296440633929909e-01
8.404130943101996432e-02
6.604890159060004817e-02
3.263693562415967420e-02
5.516367887763062167e-02
1.136593920498819577e-01
5.598173141348974924e-02
1.113925694985703763e-01
8.357149043041299519e-02
6.417251234086651657e-02
9.223174850610407760e-02
8.344505066250897107e-02
9.477786438035748495e-02
8.977121635871772309e-02
7.001818654195897385e-02
6.949857105741644170e-02
8.183943881527670772e-02
9.547934528448718053e-03
5.802991500575151868e-02
6.125557996173645880e-02
6.376115008227152547e-02
6.105481943361892871e-02
7.112958632833896178e-02
6.424593626803071222e-02
7.932579890880633866e-02
2.605871654975286736e-02
1.180226632292096511e-01
1.093590742850287928e-01
6.267861782281070049e-02
8.414884096879277076e-02
4.808509884503597148e-02
1.052221356196412771e-01
6.379146098553646616e-02
8.800987269420597336e-02
4.494673941283429397e-02
9.631289512427454458e-02
6.936866718628117989e-02
5.599722871741566466e-02
1.870615744349163334e-02
