2.163077212451799958e-02
7.274522712310697858e-02
8.464215179159199909e-02
1.034515188563900068e-01
6.884228345716160435e-02
6.144393241167396547e-02
6.773937057017984098e-02
4.986117869307596373e-02
8.961939969181527410e-02
9.321922317313995066e-02
6.614431486880438527e-02
7.768268597761633643e-02
6.187236799481680982e-02
1.108812188469852911e-01
1.048622213862500097e-01
8.370168343835200642e-02
1.086411942238142553e-01
8.161921779903534568e-02
1.404495438728485257e-01
9.874917709019050138e-02
1.029812846797704962e-01
1.363679112197870025e-02
8.923999707409790982e-02
7.719364243393181391e-02
6.501771215398594039e-02
1.051614613168267015e-01
8.148217812470565091e-02
5.839263508782930462e-02
1.748862237742185299e-02
6.647230320699694384e-02
1.458102134863159816e-01
6.740188192667281863e-02
8.934449355779150448e-02
7.461048935703266938e-02
7.367484391842500646e-02
8.699332267469200852e-02
7.447004608294931216e-02
1.050691244239631561e-01
6.766946409900317927e-02
7.558426596445003143e-02
6.912442396313349391e-02
9.111257406188283392e-02
1.062729239161100056e-02
5.112789026077809579e-02
6.773937057017984098e-02
7.385811467444106104e-02
6.818395560989350124e-02
8.551992225461571562e-02
5.879153905601500196e-02
7.768268597761633643e-02
3.384745603310405915e-02
1.177394034536885931e-01
1.198590744344529418e-01
7.852910749553250469e-02
6.494456461540057401e-02
5.744979181450508843e-02
1.011003479732905108e-01
7.527508699332265130e-02
8.276121508511199987e-02
7.486128091789680250e-02
1.008965798300884564e-01
8.091162732374039546e-02
6.004576945985750508e-02
2.943665945640919906e-02
5.106743158092730273e-02
1.451014423364651029e-01
1.268741306855024065e-01
1.604170305383507411e-01
1.437035643750584069e-01
1.066155231019330629e-01
6.481536896283415783e-02
1.019549474768868813e-01
1.194651299983752607e-01
1.516211323238972897e-01
1.420577447568889262e-01
8.002915451895037391e-02
1.800996896454429841e-01
2.036113984764409968e-01
1.342424527414650126e-01
1.387190821028869980e-01
2.862597573591645350e-01
1.857424997648824960e-01
2.426408351358970081e-02
9.954857519044460479e-02
1.235670919673550888e-01
1.146482220873268065e-01
4.018662163322527653e-02
1.383052760274613435e-01
1.566417218632022157e-01
1.447380795636227513e-01
1.080174927113702332e-01
1.943383805134957787e-01
1.476535314586659986e-01
1.359660747415845361e-01
1.012179065174454301e-01
2.036113984764409968e-01
2.585801598495532927e-01
2.436295251527972883e-01
2.334743770568875887e-01
2.643159379407615805e-01
7.259732932104570602e-02
2.241865713748351918e-01
1.648702999088554055e-01
2.586393050940725136e-01
2.326029716005265924e-01
6.093661839383109763e-02
2.247037803272519951e-01
1.681399285311263869e-01
2.813837967009260033e-01
2.581781706476081184e-01
5.284935113785969862e-02
2.238104194094412136e-01
1.748270745825755701e-01
2.288649614444235592e-01
1.839639578025885625e-01
7.805153281925890363e-02
2.163077212451799958e-02
7.274522712310697858e-02
8.464215179159199909e-02
1.034515188563900068e-01
6.884228345716160435e-02
6.144393241167396547e-02
6.773937057017984098e-02
4.986117869307596373e-02
8.961939969181527410e-02
9.321922317313995066e-02
6.614431486880438527e-02
7.768268597761633643e-02
6.187236799481680982e-02
1.108812188469852911e-01
1.048622213862500097e-01
8.370168343835200642e-02
1.086411942238142553e-01
8.161921779903534568e-02
1.404495438728485257e-01
9.874917709019050138e-02
1.029812846797704962e-01
1.363679112197870025e-02
8.923999707409790982e-02
7.719364243393181391e-02
6.501771215398594039e-02
1.051614613168267015e-01
8.148217812470565091e-02
5.839263508782930462e-02
1.748862237742185299e-02
6.647230320699694384e-02
1.458102134863159816e-01
6.740188192667281863e-02
8.934449355779150448e-02
7.461048935703266938e-02
7.367484391842500646e-02
8.699332267469200852e-02
7.447004608294931216e-02
1.050691244239631561e-01
6.766946409900317927e-02
7.558426596445003143e-02
6.912442396313349391e-02
9.111257406188283392e-02
1.062729239161100056e-02
5.112789026077809579e-02
6.773937057017984098e-02
7.385811467444106104e-02
6.818395560989350124e-02
8.551992225461571562e-02
5.879153905601500196e-02
7.768268597761633643e-02
3.384745603310405915e-02
1.177394034536885931e-01
1.198590744344529418e-01
7.852910749553250469e-02
6.494456461540057401e-02
5.744979181450508843e-02
1.011003479732905108e-01
7.527508699332265130e-02
8.276121508511199987e-02
7.486128091789680250e-02
1.008965798300884564e-01
8.091162732374039546e-02
6.004576945985750508e-02
2.943665945640919906e-02
7.259732932104570602e-02
2.241865713748351918e-01
1.648702999088554055e-01
2.586393050940725136e-01
2.326029716005265924e-01
6.093661839383109763e-02
2.247037803272519951e-01
1.681399285311263869e-01
2.813837967009260033e-01
2.581781706476081184e-01
5.284935113785969862e-02
2.238104194094412136e-01
1.748270745825755701e-01
2.288649614444235592e-01
1.839639578025885625e-01
7.805153281925890363e-02
7.213392269350130115e-02
1.924198250728862969e-01
2.906047211511330053e-01
1.723622000119694186e-01
1.610213048889043430e-01
5.351264929935099779e-02
2.815997366688609560e-01
2.316228866590946955e-01
1.579986833443052796e-01
2.930157400203483031e-01
4.993886955703939756e-02
1.850512555252514790e-01
2.403523621430138091e-01
1.685789523182544825e-01
1.699957883373745815e-01
7.881124800150469956e-02
7.326937547027839726e-02
1.850759285860865966e-01
1.506977755831450105e-01
2.520264723989326661e-01
1.762997182704253984e-01
6.282919488337089520e-02
3.030916655601288978e-01
1.627721736267869201e-01
3.286345516545793322e-01
2.373281346193309438e-01
5.906696764484570261e-02
1.735376816759729712e-01
2.470457965661124189e-01
2.858865175456597463e-01
1.701467268623024776e-01
7.797215951843490533e-02
6.791458940833410007e-02
1.916671654937103508e-01
1.721380867274949211e-01
2.778324112159122894e-01
1.985858965917284558e-01
6.038942714702279918e-02
2.193998683096602675e-01
1.811682814410683906e-01
3.410608768524295842e-01
2.063625246919383871e-01
5.192361960304760216e-02
1.656749433337075250e-01
2.329937467537512297e-01
1.878603007377345757e-01
2.011900904761406428e-01
7.026620261499380571e-02
6.359360301034799878e-02
1.907808090310439963e-01
3.193477579178427006e-01
2.368040708115965731e-01
2.378174976481653713e-01
5.747883349012229692e-02
2.396989651928504439e-01
2.118375666353087272e-01
1.845719661335841200e-01
1.810912511759171506e-01
5.286923800564440057e-02
1.863324821932535735e-01
2.686735653809971813e-01
1.988018022478585112e-01
2.232917129906781262e-01
6.754468485418620161e-02
7.159657540690560207e-02
2.603658454632203911e-01
2.212136607394860899e-01
2.391419700818514515e-01
2.414620378210553531e-01
6.087120143004980111e-02
2.426537460407058311e-01
2.449498004112736771e-01
2.770721610687739700e-01
2.678521027377928632e-01
5.767240568256649935e-02
2.458517165054889819e-01
1.801361056229810464e-01
2.704864051180729256e-01
1.483100100455539416e-01
7.140841095117130000e-02
2.163077212451798917e-02
7.274522712310685368e-02
8.464215179159151337e-02
1.034515188563904092e-01
6.884228345716164599e-02
6.144393241167363240e-02
6.773937057017952179e-02
4.986117869307573475e-02
8.961939969181570431e-02
9.321922317313952044e-02
6.614431486880294198e-02
7.768268597761653071e-02
6.187236799481662247e-02
1.108812188469853049e-01
1.048622213862496350e-01
8.370168343835114599e-02
1.086411942238133671e-01
8.161921779903412444e-02
1.404495438728475265e-01
9.874917709019058465e-02
1.029812846797703157e-01
1.363679112197860484e-02
8.923999707409702165e-02
7.719364243393099512e-02
6.501771215398512160e-02
1.051614613168266321e-01
8.148217812470573418e-02
5.839263508782881196e-02
1.748862237742164136e-02
6.647230320699669404e-02
1.458102134863157595e-01
6.740188192667269373e-02
8.934449355779165713e-02
7.461048935703268326e-02
7.367484391842447911e-02
8.699332267469127300e-02
7.447004608294829908e-02
1.050691244239630867e-01
6.766946409900242987e-02
7.558426596444905998e-02
6.912442396313196735e-02
9.111257406188266739e-02
1.062729239161083576e-02
5.112789026077772109e-02
6.773937057017982710e-02
7.385811467443959000e-02
6.818395560989309878e-02
8.551992225461603481e-02
5.879153905601421787e-02
7.768268597761571193e-02
3.384745603310353873e-02
1.177394034536891620e-01
1.198590744344524006e-01
7.852910749553175529e-02
6.494456461539908909e-02
5.744979181450548394e-02
1.011003479732902194e-01
7.527508699332216557e-02
8.276121508511197211e-02
7.486128091789642780e-02
1.008965798300871936e-01
8.091162732373984035e-02
6.004576945985720671e-02
2.943665945640923723e-02
