3.323699421965310014e-02
9.563846558066174675e-02
7.707129094412266956e-02
8.670520231213849072e-02
6.936416184971079535e-02
2.697495183044294406e-02
1.123226484498156819e-01
5.145765267655186964e-02
1.267229879946638604e-01
8.526011560693629032e-02
8.399566473988430426e-02
7.673410404624271541e-02
2.488760436737294177e-02
4.302417235943211543e-02
1.011560693641615077e-01
8.670520231213849072e-02
6.023384130320496438e-02
5.016515276630842401e-02
1.565028901734102917e-01
4.335260115606900250e-02
4.335260115606900250e-02
1.011560693641610012e-02
1.371226718047523496e-01
5.765895953757178838e-02
3.917790622992904648e-02
2.154492905937990255e-01
1.070809248554910331e-01
9.184328837508001775e-02
1.143503392812255000e-02
1.647398843930622525e-02
2.059248554913295226e-01
3.384545177973808522e-02
1.878612716763004842e-01
8.670520231213867113e-02
1.351711871943080678e-01
9.393063583815000617e-02
8.173410404624251169e-02
9.884393063583792050e-02
1.196871812308734073e-01
7.649927745664723833e-02
1.156069364161844970e-01
1.052023121387280491e-01
2.312138728323689940e-02
4.872006606110612648e-02
5.241723594324707719e-02
1.006743737957609131e-01
1.372832369942194874e-01
4.945407835581205891e-02
2.287006785624510000e-02
7.673410404624271541e-02
8.526011560693569705e-03
5.168963983992843486e-02
5.068919519786532074e-02
7.947976878612700302e-02
4.415542710340362303e-02
4.092222806095605764e-02
2.095375722543350028e-01
5.028901734104043036e-02
1.011560693641615077e-01
8.092485549132920342e-02
4.937379576107859408e-02
6.736856592347910400e-02
4.701348747591482108e-02
7.225433526011499838e-03
4.046242774566469885e-02
1.374802942722014865e-01
8.799817462731948647e-02
1.486374896779517341e-01
1.502890173410403873e-01
7.308009909165960605e-02
1.048344718864949177e-01
1.029153053531037393e-01
1.286127167630055634e-01
1.460440751445084007e-01
1.400289017341040665e-01
3.359826589595370921e-02
1.300578034682079998e-01
1.445086705202310029e-01
8.815028901734069111e-02
1.806358381502889965e-01
3.624277456647398421e-01
1.445086705202310029e-01
3.323699421965310014e-02
1.414378612716762351e-01
7.947976878612712792e-02
2.194429847609037365e-01
1.715255089218382933e-02
1.482658959537571652e-01
2.266033581062481816e-01
1.830443159922926777e-01
9.472543352601134337e-02
2.023121387283237649e-01
1.950867052023119996e-01
1.198108250131366959e-01
4.443641618497106566e-02
2.528901734104044841e-01
2.608069164265129913e-01
2.247838616714696869e-01
3.083573487031699978e-01
2.060518731988472130e-01
8.658008658008649328e-02
2.308802308802307968e-01
1.880341880341878102e-01
1.808561808561806594e-01
1.662157287157286223e-01
4.906204906204900129e-02
3.246753246753244504e-01
1.471861471861470039e-01
4.400305576776163408e-01
3.008177008177004841e-01
7.647907647907639661e-02
2.539682539682536211e-01
9.545187322965092980e-02
1.569264069264067751e-01
2.337662337662336776e-01
4.184704184704179930e-02
3.323699421965310014e-02
9.563846558066174675e-02
7.707129094412266956e-02
8.670520231213849072e-02
6.936416184971079535e-02
2.697495183044294406e-02
1.123226484498156819e-01
5.145765267655186964e-02
1.267229879946638604e-01
8.526011560693629032e-02
8.399566473988430426e-02
7.673410404624271541e-02
2.488760436737294177e-02
4.302417235943211543e-02
1.011560693641615077e-01
8.670520231213849072e-02
6.023384130320496438e-02
5.016515276630842401e-02
1.565028901734102917e-01
4.335260115606900250e-02
4.335260115606900250e-02
1.011560693641610012e-02
1.371226718047523496e-01
5.765895953757178838e-02
3.917790622992904648e-02
2.154492905937990255e-01
1.070809248554910331e-01
9.184328837508001775e-02
1.143503392812255000e-02
1.647398843930622525e-02
2.059248554913295226e-01
3.384545177973808522e-02
1.878612716763004842e-01
8.670520231213867113e-02
1.351711871943080678e-01
9.393063583815000617e-02
8.173410404624251169e-02
9.884393063583792050e-02
1.196871812308734073e-01
7.649927745664723833e-02
1.156069364161844970e-01
1.052023121387280491e-01
2.312138728323689940e-02
4.872006606110612648e-02
5.241723594324707719e-02
1.006743737957609131e-01
1.372832369942194874e-01
4.945407835581205891e-02
2.287006785624510000e-02
7.673410404624271541e-02
8.526011560693569705e-03
5.168963983992843486e-02
5.068919519786532074e-02
7.947976878612700302e-02
4.415542710340362303e-02
4.092222806095605764e-02
2.095375722543350028e-01
5.028901734104043036e-02
1.011560693641615077e-01
8.092485549132920342e-02
4.937379576107859408e-02
6.736856592347910400e-02
4.701348747591482108e-02
7.225433526011499838e-03
8.658008658008649328e-02
2.308802308802307968e-01
1.880341880341878102e-01
1.808561808561806594e-01
1.662157287157286223e-01
4.906204906204900129e-02
3.246753246753244504e-01
1.471861471861470039e-01
4.400305576776163408e-01
3.008177008177004841e-01
7.647907647907639661e-02
2.539682539682536211e-01
9.545187322965092980e-02
1.569264069264067751e-01
2.337662337662336776e-01
4.184704184704179930e-02
7.947976878612710017e-02
1.493256262042388649e-01
3.395953757225429470e-01
1.655281135049921359e-01
8.364699556391978763e-02
5.057803468208089959e-02
3.719291907514449269e-01
1.740217874610935633e-01
2.276011560693640134e-01
3.310562270099840498e-01
9.682080924855490656e-02
1.662572254335258071e-01
2.172447013487475154e-01
1.445086705202310029e-01
1.442573510932393666e-01
4.479768786127159841e-02
8.248914616497829422e-02
1.539271148533087330e-01
1.929269175108537793e-01
1.894487567425335306e-01
1.312556793322785798e-01
5.354558610709109906e-02
3.331063250191538261e-01
1.643451519536901217e-01
3.682606152046063452e-01
3.054861202473358461e-01
1.157742402315484059e-01
1.620839363241677877e-01
2.514142875937375177e-01
2.308906722799628775e-01
1.519536903039072073e-01
3.907380607814760209e-02
5.652173913043469916e-02
1.402173913043477382e-01
2.695652173913042904e-01
2.608695652173910196e-01
1.578904991948470449e-01
5.507246376811589933e-02
2.926956521739128014e-01
1.304347826086956208e-01
5.830039525691697033e-01
2.754782608695650059e-01
6.811594202898549333e-02
1.568022440392705663e-01
1.701323251417769244e-01
1.449275362318840077e-01
2.205045625335480541e-01
3.768115942028980175e-02
6.821480406386060125e-02
1.928721174004190686e-01
3.970972423802614504e-01
1.615648502440953649e-01
2.032590051457974223e-01
4.644412191582000110e-02
3.081761006289308047e-01
1.665054023544587647e-01
2.830188679245281835e-01
2.195210449927429419e-01
8.272859216255440407e-02
1.916511161794179074e-01
1.683599419448476020e-01
1.368879382782063059e-01
2.710120068610633592e-01
4.354136429608120029e-02
6.395348837209299808e-02
2.288205980066441436e-01
2.763372093023255260e-01
2.380232558139531995e-01
2.701506342494711665e-01
4.505813953488369689e-02
2.725290697674416784e-01
1.794019933554815982e-01
3.935319767441861072e-01
3.395348837209302140e-01
1.017441860465116005e-01
2.180232558139532095e-01
1.240310077519378718e-01
2.240794573643408727e-01
1.674793698424604238e-01
3.924418604651160047e-02
3.323699421965317646e-02
9.563846558066126102e-02
7.707129094412307202e-02
8.670520231213747764e-02
6.936416184971087862e-02
2.697495183044265263e-02
1.123226484498159039e-01
5.145765267655103004e-02
1.267229879946636661e-01
8.526011560693516622e-02
8.399566473988363813e-02
7.673410404624186887e-02
2.488760436737266768e-02
4.302417235943176849e-02
1.011560693641605363e-01
8.670520231213867113e-02
6.023384130320475621e-02
5.016515276630792441e-02
1.565028901734098754e-01
4.335260115606861392e-02
4.335260115606853759e-02
1.011560693641616951e-02
1.371226718047514892e-01
5.765895953757092796e-02
3.917790622992878974e-02
2.154492905937990255e-01
1.070809248554895898e-01
9.184328837508000387e-02
1.143503392812245285e-02
1.647398843930557299e-02
2.059248554913294393e-01
3.384545177973794644e-02
1.878612716763003732e-01
8.670520231213739437e-02
1.351711871943074850e-01
9.393063583814906248e-02
8.173410404624271985e-02
9.884393063583796213e-02
1.196871812308728383e-01
7.649927745664641954e-02
1.156069364161838586e-01
1.052023121387265919e-01
2.312138728323697226e-02
4.872006606110553667e-02
5.241723594324685515e-02
1.006743737957598306e-01
1.372832369942195152e-01
4.945407835581153155e-02
2.287006785624462468e-02
7.673410404624156356e-02
8.526011560693541949e-03
5.168963983992810179e-02
5.068919519786491135e-02
7.947976878612701690e-02
4.415542710340362303e-02
4.092222806095550947e-02
2.095375722543340313e-01
5.028901734104020832e-02
1.011560693641618408e-01
8.092485549132910627e-02
4.937379576107826101e-02
6.736856592347817418e-02
4.701348747591421740e-02
7.225433526011485093e-03
