2.909796314258000088e-02
7.622784586897068948e-02
9.699321047526666961e-02
1.018428709990299996e-01
6.595538312318119378e-02
7.242159715486549965e-02
5.528612997090184833e-02
3.453801712141018471e-02
7.371483996120230253e-02
9.728419010669227263e-02
1.014791464597478016e-01
8.011639185257006524e-02
2.672701799762891919e-02
8.085706727801755811e-02
1.357904946653729905e-01
8.244422890397648529e-02
8.085706727801755811e-02
6.172925038104452866e-02
1.105722599418038493e-01
4.849660523763299480e-02
1.939864209505300086e-02
1.163918525703199966e-02
1.183317167798254160e-01
8.292919495635303617e-02
7.231382692100418730e-02
8.676483555242038570e-02
9.398642095053323653e-02
7.587024463843050626e-02
1.918778728967219030e-02
4.422890397672142593e-02
1.492725509214354596e-01
5.452039409872885128e-02
1.115421920465564931e-01
9.052699644358200293e-02
1.077370737894497027e-01
7.759456838021300262e-02
7.053346265761394063e-02
6.081474296799203177e-02
1.004165002567465326e-01
7.935257032007737854e-02
8.244422890397648529e-02
1.194956353055282167e-01
1.551891367604259914e-02
8.175142025772463850e-02
9.046821267965785007e-02
4.914322664080158359e-02
9.699321047526648920e-02
1.232891475374499474e-01
6.907603424282036941e-02
5.150339476236660829e-02
4.578079534432567127e-02
1.387749011415351785e-01
9.072595687532600262e-02
4.849660523763299480e-02
4.149154003664145413e-02
4.316197866149354412e-02
1.551891367604265048e-01
5.625606207565467254e-02
1.115421920465564931e-01
8.535402521823440281e-02
1.590688651794373576e-01
5.754930488199143379e-02
6.705463950856754840e-02
2.036857419980599854e-02
4.946653734238599942e-02
1.805396349528259614e-01
1.226708867221399102e-01
1.579603713454341696e-01
1.513094083414160129e-01
1.471525564639046268e-01
6.785115950974336674e-02
8.826382153249255624e-02
9.417158980689530057e-02
1.587051406401547571e-01
1.824442289039766851e-01
6.314258001939844489e-02
1.454898157129000114e-01
1.842870999030064849e-01
1.222761073391525621e-01
1.503394762366629944e-01
2.598448108632392950e-01
1.309408341416100074e-01
2.715809893307459880e-02
1.230601357904945042e-01
1.066925315227933713e-01
1.309231990124325729e-01
4.988824695314778013e-02
1.492725509214354596e-01
1.520945914738346116e-01
1.351438732622045336e-01
9.122211445198830093e-02
1.792434529582928870e-01
1.309408341416100074e-01
1.357023190194867612e-01
1.391852570320076810e-01
2.327837051406400071e-01
2.594385285575991906e-01
2.052274927395933979e-01
2.768635043562439058e-01
2.584704743465633947e-01
8.236434108527129760e-02
2.054263565891472076e-01
1.779218843172330200e-01
2.260264140109099762e-01
1.615491763565890249e-01
4.748062015503869832e-02
2.441860465116275913e-01
1.511627906976744096e-01
3.370383036935704069e-01
2.515503875968991276e-01
7.267441860465109760e-02
2.790697674418604057e-01
1.855440712029857164e-01
1.598837209302322870e-01
2.188160676532769078e-01
7.364341085271310094e-02
2.909796314258000088e-02
7.622784586897068948e-02
9.699321047526666961e-02
1.018428709990299996e-01
6.595538312318119378e-02
7.242159715486549965e-02
5.528612997090184833e-02
3.453801712141018471e-02
7.371483996120230253e-02
9.728419010669227263e-02
1.014791464597478016e-01
8.011639185257006524e-02
2.672701799762891919e-02
8.085706727801755811e-02
1.357904946653729905e-01
8.244422890397648529e-02
8.085706727801755811e-02
6.172925038104452866e-02
1.105722599418038493e-01
4.849660523763299480e-02
1.939864209505300086e-02
1.163918525703199966e-02
1.183317167798254160e-01
8.292919495635303617e-02
7.231382692100418730e-02
8.676483555242038570e-02
9.398642095053323653e-02
7.587024463843050626e-02
1.918778728967219030e-02
4.422890397672142593e-02
1.492725509214354596e-01
5.452039409872885128e-02
1.115421920465564931e-01
9.052699644358200293e-02
1.077370737894497027e-01
7.759456838021300262e-02
7.053346265761394063e-02
6.081474296799203177e-02
1.004165002567465326e-01
7.935257032007737854e-02
8.244422890397648529e-02
1.194956353055282167e-01
1.551891367604259914e-02
8.175142025772463850e-02
9.046821267965785007e-02
4.914322664080158359e-02
9.699321047526648920e-02
1.232891475374499474e-01
6.907603424282036941e-02
5.150339476236660829e-02
4.578079534432567127e-02
1.387749011415351785e-01
9.072595687532600262e-02
4.849660523763299480e-02
4.149154003664145413e-02
4.316197866149354412e-02
1.551891367604265048e-01
5.625606207565467254e-02
1.115421920465564931e-01
8.535402521823440281e-02
1.590688651794373576e-01
5.754930488199143379e-02
6.705463950856754840e-02
2.036857419980599854e-02
8.236434108527129760e-02
2.054263565891472076e-01
1.779218843172330200e-01
2.260264140109099762e-01
1.615491763565890249e-01
4.748062015503869832e-02
2.441860465116275913e-01
1.511627906976744096e-01
3.370383036935704069e-01
2.515503875968991276e-01
7.267441860465109760e-02
2.790697674418604057e-01
1.855440712029857164e-01
1.598837209302322870e-01
2.188160676532769078e-01
7.364341085271310094e-02
6.595538312318130481e-02
1.889981986975196315e-01
3.491755577109600384e-01
1.613614319724892276e-01
1.004669208039155465e-01
4.170708050436459924e-02
2.883123181377303945e-01
1.996940983361931710e-01
1.842870999030067625e-01
2.715809893307468692e-01
7.274490785645000568e-02
2.260426770126091056e-01
2.982541222114450385e-01
1.163918525703200035e-01
1.901910344536751896e-01
7.177497575169730637e-02
7.281553398058250581e-02
1.434245366284199741e-01
1.629854368932037723e-01
2.939099735216237907e-01
1.438247911492434028e-01
4.854368932038830020e-02
3.274129069103368650e-01
1.198422330097086153e-01
3.563313365007229616e-01
2.430714916151808513e-01
8.058252427184460498e-02
2.174757281553395538e-01
2.770962047661076899e-01
2.422771403353924657e-01
2.009708737864077110e-01
6.504854368932029562e-02
5.928085519922249996e-02
1.908958388550225371e-01
2.099125364431485008e-01
2.663662867744500673e-01
2.031638052046214060e-01
3.304178814382890267e-02
1.808746355685131313e-01
1.749271137026237877e-01
3.544482728156196361e-01
2.078134110787169253e-01
8.066083576287649826e-02
1.956174174739019056e-01
2.585879072125744638e-01
1.582673885880882814e-01
2.274772342799552816e-01
5.830903790087459820e-02
7.295719844357970163e-02
1.826632079550367660e-01
2.957198443579767133e-01
2.340378493102229229e-01
2.060930314821365350e-01
3.793774319066139933e-02
2.571335927367056073e-01
1.689904885430175974e-01
2.071984435797663004e-01
1.939445525291828010e-01
6.906614785992210015e-02
2.323049842505094664e-01
2.412451361867704036e-01
1.433544951873846895e-01
3.143792005659710176e-01
6.031128404669260090e-02
7.205452775073019345e-02
2.460703853108915373e-01
2.644595910418693352e-01
2.149172346640699227e-01
1.886784101973972561e-01
4.673807205452770036e-02
2.109704641350208520e-01
2.328557518430935114e-01
3.653846153846154188e-01
2.369360597208698405e-01
7.984420642648490385e-02
2.844257674370929134e-01
1.687763713080168149e-01
2.150275884453096142e-01
1.861984483462638118e-01
6.621226874391429595e-02
2.909796314257989333e-02
7.622784586897032866e-02
9.699321047526558714e-02
1.018428709990298331e-01
6.595538312318134644e-02
7.242159715486569393e-02
5.528612997090138342e-02
3.453801712140949776e-02
7.371483996120124782e-02
9.728419010669095424e-02
1.014791464597460946e-01
8.011639185256953788e-02
2.672701799762884287e-02
8.085706727801721116e-02
1.357904946653734068e-01
8.244422890397583303e-02
8.085706727801761362e-02
6.172925038104393886e-02
1.105722599418030444e-01
4.849660523763277969e-02
1.939864209505330270e-02
1.163918525703183833e-02
1.183317167798247083e-01
8.292919495635259208e-02
7.231382692100361831e-02
8.676483555241927548e-02
9.398642095053186263e-02
7.587024463843011768e-02
1.918778728967160743e-02
4.422890397672072510e-02
1.492725509214341550e-01
5.452039409872846965e-02
1.115421920465559380e-01
9.052699644358190578e-02
1.077370737894491753e-01
7.759456838021316916e-02
7.053346265761334388e-02
6.081474296799097012e-02
1.004165002567459497e-01
7.935257032007682343e-02
8.244422890397631876e-02
1.194956353055282167e-01
1.551891367604259567e-02
8.175142025772456911e-02
9.046821267965673985e-02
4.914322664080134767e-02
9.699321047526636430e-02
1.232891475374500861e-01
6.907603424281981430e-02
5.150339476236563685e-02
4.578079534432495656e-02
1.387749011415344014e-01
9.072595687532516995e-02
4.849660523763262704e-02
4.149154003664150964e-02
4.316197866149357187e-02
1.551891367604263383e-01
5.625606207565413130e-02
1.115421920465558131e-01
8.535402521823359789e-02
1.590688651794364972e-01
5.754930488199080929e-02
6.705463950856707656e-02
2.036857419980599160e-02
