9.756097560975599339e-03
4.035476718403544633e-02
8.130081300813001011e-02
4.878048780487799496e-02
1.951219512195119868e-02
9.105691056910562853e-02
3.791574279379154866e-02
5.790031813361607577e-02
4.277673545966226287e-02
8.634146341463407037e-02
1.417682926829267470e-02
4.317073170731703519e-02
4.200542005420049990e-02
1.161862527716185089e-01
1.097560975609754991e-01
7.317073170731699938e-02
5.809312638580925447e-02
4.233449477351912404e-02
5.560975609756093480e-02
3.658536585365849969e-02
4.878048780487799496e-02
7.317073170731699938e-03
1.818428184281841997e-01
4.170731707317070630e-02
6.612466124661244005e-02
1.818181818181817122e-01
1.807317073170730259e-01
4.769647696476960602e-02
9.650053022269344805e-03
5.560975609756093480e-02
3.058536585365851379e-01
9.139922978177142388e-02
4.878048780487799496e-02
8.130081300813001011e-02
5.703564727954967689e-02
1.341463414634145035e-01
5.912195121951215049e-02
8.341463414634141260e-02
1.262553802008607728e-01
1.995426829268290847e-01
4.878048780487799496e-02
1.229268292682926117e-01
7.317073170731699938e-03
1.130662020905922466e-01
7.583148558758309732e-02
6.178861788617882184e-02
1.097560975609754991e-01
4.769647696476960602e-02
3.860021208907737922e-02
1.007317073170730798e-01
0.000000000000000000e+00
1.744840525328329173e-01
2.851782363977483845e-02
4.878048780487799496e-02
1.043360433604335336e-01
8.880266075388019986e-02
1.585365853658534940e-01
1.320325203252031565e-01
1.219512195121950082e-01
5.853658536585359951e-02
1.499999999999998834e-01
6.202090592334490865e-02
2.975609756097557720e-02
3.658536585365849969e-02
4.634146341463409730e-02
8.070953436807089265e-02
1.485237483953785464e-01
1.045296167247385943e-01
7.804878048780479471e-02
1.952961672473866039e-01
4.423503325942346881e-02
8.685047720042411712e-02
1.184035476718402757e-01
2.699695121951216636e-01
5.560975609756093480e-02
8.506097560975602045e-02
2.317073170731704934e-01
1.463414634146339988e-01
6.943089430894301695e-02
1.463414634146339988e-01
3.614634146341460519e-01
1.707317073170730171e-01
1.463414634146339988e-02
2.121951219512193398e-01
1.639566395663955289e-01
2.057649667405763716e-01
9.650053022269344805e-03
1.112195121951218696e-01
1.033681765389081880e-01
1.390243902439023405e-01
1.390243902439023127e-01
2.048780487804876815e-01
9.756097560975598992e-02
1.643015521064300211e-01
1.083333333333332260e-01
1.829268292682925123e-01
1.868932038834950904e-01
2.451456310679611117e-01
2.766990291262135804e-01
2.912621359223300788e-01
4.136253041362530219e-02
1.849148418491483870e-01
9.367396593673966987e-02
2.371812201495899497e-01
1.032542579075425987e-01
5.109489051094889822e-02
3.394160583941605580e-01
2.554744525547444911e-01
2.782310004293688244e-01
3.732360097323600967e-01
6.569343065693429573e-02
2.335766423357663879e-01
1.778859151121924276e-01
2.007299270072993025e-01
2.568015925680158795e-01
8.029197080291969324e-02
9.756097560975599339e-03
4.035476718403544633e-02
8.130081300813001011e-02
4.878048780487799496e-02
1.951219512195119868e-02
9.105691056910562853e-02
3.791574279379154866e-02
5.790031813361607577e-02
4.277673545966226287e-02
8.634146341463407037e-02
1.417682926829267470e-02
4.317073170731703519e-02
4.200542005420049990e-02
1.161862527716185089e-01
1.097560975609754991e-01
7.317073170731699938e-02
5.809312638580925447e-02
4.233449477351912404e-02
5.560975609756093480e-02
3.658536585365849969e-02
4.878048780487799496e-02
7.317073170731699938e-03
1.818428184281841997e-01
4.170731707317070630e-02
6.612466124661244005e-02
1.818181818181817122e-01
1.807317073170730259e-01
4.769647696476960602e-02
9.650053022269344805e-03
5.560975609756093480e-02
3.058536585365851379e-01
9.139922978177142388e-02
4.878048780487799496e-02
8.130081300813001011e-02
5.703564727954967689e-02
1.341463414634145035e-01
5.912195121951215049e-02
8.341463414634141260e-02
1.262553802008607728e-01
1.995426829268290847e-01
4.878048780487799496e-02
1.229268292682926117e-01
7.317073170731699938e-03
1.130662020905922466e-01
7.583148558758309732e-02
6.178861788617882184e-02
1.097560975609754991e-01
4.769647696476960602e-02
3.860021208907737922e-02
1.007317073170730798e-01
0.000000000000000000e+00
1.744840525328329173e-01
2.851782363977483845e-02
4.878048780487799496e-02
1.043360433604335336e-01
8.880266075388019986e-02
1.585365853658534940e-01
1.320325203252031565e-01
1.219512195121950082e-01
5.853658536585359951e-02
1.499999999999998834e-01
6.202090592334490865e-02
2.975609756097557720e-02
3.658536585365849969e-02
4.136253041362530219e-02
1.849148418491483870e-01
9.367396593673966987e-02
2.371812201495899497e-01
1.032542579075425987e-01
5.109489051094889822e-02
3.394160583941605580e-01
2.554744525547444911e-01
2.782310004293688244e-01
3.732360097323600967e-01
6.569343065693429573e-02
2.335766423357663879e-01
1.778859151121924276e-01
2.007299270072993025e-01
2.568015925680158795e-01
8.029197080291969324e-02
3.414634146341460202e-02
1.872241579558650837e-01
2.195121951219509981e-01
1.263858093126384863e-01
9.659671015314794107e-02
4.878048780487800190e-02
4.420731707317073766e-01
1.705440900562850415e-01
1.219512195121950082e-01
2.980044345898001934e-01
6.341463414634139484e-02
3.093902439024390216e-01
2.333333333333331427e-01
1.890243902439022738e-01
1.739130434782606982e-01
9.756097560975610095e-02
3.667481662591679653e-02
1.444765503445210042e-01
1.509015892420537408e-01
1.700377861747054686e-01
1.404446466139760430e-01
6.845965770171140441e-02
2.879332662160216660e-01
1.931540342298286306e-01
2.392966758570462815e-01
2.160480106690373381e-01
1.100244498777506047e-01
2.089821129841718528e-01
2.123805290064458562e-01
3.500777950655699078e-01
1.540342298288507883e-01
1.026894865525671968e-01
4.166666666666660190e-02
1.580882352941174462e-01
1.764705882352941013e-01
1.403743315508018397e-01
1.587690631808276742e-01
5.637254901960780246e-02
2.135294117647055789e-01
2.499999999999998890e-01
3.023618538324418514e-01
2.426470588235291603e-01
6.372549019607839926e-02
2.343453510436430687e-01
1.246803069053708107e-01
2.100840336134451591e-01
2.940268700072619645e-01
8.333333333333330095e-02
2.948402948402939830e-02
1.632541632541632537e-01
2.738738738738737410e-01
1.764574491847218096e-01
1.499888318070134174e-01
5.651105651105649968e-02
3.832923832923832430e-01
1.932841932841930510e-01
1.400491400491397920e-01
1.858108108108106338e-01
7.616707616707610318e-02
2.761202761202759537e-01
2.555282555282551993e-01
2.317341264709684712e-01
2.117489390216661105e-01
8.845208845208840653e-02
2.955665024630539997e-02
1.938775510204079622e-01
2.102463054187192759e-01
2.104433497536944142e-01
1.948051948051945648e-01
4.926108374384229743e-02
2.873563218390804419e-01
3.040112596762840624e-01
1.988916256157635676e-01
4.315270935960588972e-01
8.620689655172410204e-02
2.333419756287268831e-01
1.642036124794744034e-01
2.565681444991787519e-01
1.630382965199428380e-01
9.852216748768470589e-02
9.756097560975396377e-03
4.035476718403456509e-02
8.130081300812988521e-02
4.878048780487678759e-02
1.951219512195025846e-02
9.105691056910478198e-02
3.791574279379128498e-02
5.790031813361560392e-02
4.277673545966113183e-02
8.634146341463352914e-02
1.417682926829170846e-02
4.317073170731619558e-02
4.200542005420038194e-02
1.161862527716186477e-01
1.097560975609747219e-01
7.317073170731679121e-02
5.809312638580801935e-02
4.233449477351785423e-02
5.560975609755949844e-02
3.658536585365819438e-02
4.878048780487691249e-02
7.317073170731591518e-03
1.818428184281829507e-01
4.170731707316963771e-02
6.612466124661067757e-02
1.818181818181810461e-01
1.807317073170732757e-01
4.769647696476952969e-02
9.650053022268597139e-03
5.560975609756092786e-02
3.058536585365849159e-01
9.139922978177104917e-02
4.878048780487673208e-02
8.130081300812878886e-02
5.703564727954787278e-02
1.341463414634136986e-01
5.912195121951174109e-02
8.341463414634071871e-02
1.262553802008608839e-01
1.995426829268288071e-01
4.878048780487639902e-02
1.229268292682927088e-01
7.317073170731596722e-03
1.130662020905915666e-01
7.583148558758308344e-02
6.178861788617873857e-02
1.097560975609755546e-01
4.769647696476934234e-02
3.860021208907642859e-02
1.007317073170728716e-01
0.000000000000000000e+00
1.744840525328324732e-01
2.851782363977413762e-02
4.878048780487795333e-02
1.043360433604334642e-01
8.880266075387989455e-02
1.585365853658526891e-01
1.320325203252029067e-01
1.219512195121937453e-01
5.853658536585270439e-02
1.499999999999986344e-01
6.202090592334463803e-02
2.975609756097515393e-02
3.658536585365842336e-02
