1.757469244288219906e-02
5.088672311870876680e-02
9.373169302870466846e-02
4.393673110720550112e-02
4.920913884006999917e-02
9.841827768014063671e-02
5.464131650423366404e-02
4.172079162527680962e-02
4.109774232797022697e-02
9.332161687170460740e-02
9.193760984182766660e-02
6.221441124780287268e-02
3.632103104862314386e-02
6.278958300047901564e-02
1.142355008787344917e-01
6.151142355008749896e-02
4.185972200031894824e-02
9.151393422043672954e-02
1.302284710017573566e-01
9.666080843585200810e-02
7.029876977152850481e-02
5.272407732864600391e-03
1.667643038469046879e-01
1.101933216168713286e-01
7.147041593438752116e-02
1.179102092986098610e-01
1.602811950790856144e-01
6.873657488771676982e-02
0.000000000000000000e+00
2.003514938488548669e-02
1.903339191564143995e-01
5.762649153639777533e-02
7.908611599296999639e-02
1.171646162858813317e-01
7.192104907394848701e-02
6.151142355008749896e-02
9.940246045694182964e-02
1.602811950790856144e-01
1.364623177917912433e-01
5.074692442882225429e-02
9.666080843585200810e-02
1.673110720562389353e-01
2.987697715289979947e-02
7.406477529500357648e-02
6.374820258827251784e-02
1.001757469244287102e-01
1.230228471001754975e-01
7.732864674868179800e-02
4.867425689615621082e-02
5.184534270650249105e-02
0.000000000000000000e+00
1.131539813437878877e-01
8.219548465594105069e-02
4.393673110720550112e-02
5.370044913102895584e-02
3.554880971401173234e-02
1.054481546572934997e-01
1.087287639132978184e-01
1.142355008787344917e-01
1.054481546572931944e-01
9.607498535442229870e-02
3.724161017658372125e-02
7.147041593438760443e-02
1.230228471001749979e-02
2.987697715289979947e-02
1.163125099856203298e-01
1.234853390065670520e-01
9.038413256339444812e-02
1.546572934973635960e-01
1.629425056490081125e-01
6.374820258827276764e-02
8.344158325055400782e-02
6.398785748522120564e-02
1.268673110720558717e-01
2.003514938488577257e-01
6.129173989455167365e-02
1.142355008787344917e-01
2.108963093145869994e-01
1.000585823081427406e-01
2.021089630931454939e-01
3.205623901581717838e-01
1.845342706502635099e-01
3.514938488576450221e-02
1.911247803163443337e-01
1.181409880882635932e-01
1.779197954944879978e-01
0.000000000000000000e+00
9.015817223198582808e-02
1.042765084944345111e-01
2.114821323960160149e-01
1.502636203866430931e-01
3.247803163444639707e-01
1.405975395430575092e-01
1.092826330084678416e-01
9.007029876977128147e-02
1.757469244288225041e-01
2.119089316987740890e-01
2.469352014010507967e-01
3.134851138353765276e-01
2.276707530647985867e-01
5.263157894736839731e-02
2.175438596491227894e-01
1.454790823211874196e-01
1.954515919428196913e-01
1.967653508771927406e-01
6.315789473684209343e-02
3.157894736842103978e-01
1.473684210526313987e-01
2.758513931888542103e-01
3.519298245614034815e-01
9.649122807017540548e-02
2.736842105263155855e-01
1.282651072124752767e-01
1.513157894736840425e-01
2.411483253588516396e-01
5.263157894736839731e-02
1.757469244288219906e-02
5.088672311870876680e-02
9.373169302870466846e-02
4.393673110720550112e-02
4.920913884006999917e-02
9.841827768014063671e-02
5.464131650423366404e-02
4.172079162527680962e-02
4.109774232797022697e-02
9.332161687170460740e-02
9.193760984182766660e-02
6.221441124780287268e-02
3.632103104862314386e-02
6.278958300047901564e-02
1.142355008787344917e-01
6.151142355008749896e-02
4.185972200031894824e-02
9.151393422043672954e-02
1.302284710017573566e-01
9.666080843585200810e-02
7.029876977152850481e-02
5.272407732864600391e-03
1.667643038469046879e-01
1.101933216168713286e-01
7.147041593438752116e-02
1.179102092986098610e-01
1.602811950790856144e-01
6.873657488771676982e-02
0.000000000000000000e+00
2.003514938488548669e-02
1.903339191564143995e-01
5.762649153639777533e-02
7.908611599296999639e-02
1.171646162858813317e-01
7.192104907394848701e-02
6.151142355008749896e-02
9.940246045694182964e-02
1.602811950790856144e-01
1.364623177917912433e-01
5.074692442882225429e-02
9.666080843585200810e-02
1.673110720562389353e-01
2.987697715289979947e-02
7.406477529500357648e-02
6.374820258827251784e-02
1.001757469244287102e-01
1.230228471001754975e-01
7.732864674868179800e-02
4.867425689615621082e-02
5.184534270650249105e-02
0.000000000000000000e+00
1.131539813437878877e-01
8.219548465594105069e-02
4.393673110720550112e-02
5.370044913102895584e-02
3.554880971401173234e-02
1.054481546572934997e-01
1.087287639132978184e-01
1.142355008787344917e-01
1.054481546572931944e-01
9.607498535442229870e-02
3.724161017658372125e-02
7.147041593438760443e-02
1.230228471001749979e-02
5.263157894736839731e-02
2.175438596491227894e-01
1.454790823211874196e-01
1.954515919428196913e-01
1.967653508771927406e-01
6.315789473684209343e-02
3.157894736842103978e-01
1.473684210526313987e-01
2.758513931888542103e-01
3.519298245614034815e-01
9.649122807017540548e-02
2.736842105263155855e-01
1.282651072124752767e-01
1.513157894736840425e-01
2.411483253588516396e-01
5.263157894736839731e-02
4.745166959578200200e-02
1.764164365218845454e-01
3.163444639718804852e-01
1.150343505352292989e-01
9.637470879143321401e-02
4.042179261862909739e-02
3.949912126537784562e-01
2.526024063809652054e-01
1.801405975395430070e-01
4.652500399424829292e-01
9.314586994727590274e-02
1.659050966608081601e-01
2.101640304627999944e-01
1.362038664323372561e-01
1.754412776037288790e-01
6.326889279437609981e-02
5.633802816901400251e-02
1.768565941101150341e-01
1.303917253521126862e-01
1.728553137003839002e-01
1.543563707828365383e-01
7.042253521126759508e-02
3.204225352112672898e-01
1.608164612676055705e-01
3.015433023673956270e-01
2.592829705505761972e-01
1.426056338028169057e-01
1.660489251297254665e-01
1.820582586427655358e-01
2.592829705505760862e-01
1.742957746478870917e-01
6.338028169014080226e-02
4.938271604938269943e-02
1.809764309764307355e-01
1.640211640211639843e-01
1.803751803751803273e-01
1.869488536155200775e-01
6.349206349206340527e-02
2.304761904761904734e-01
1.851851851851848973e-01
3.310886644219972474e-01
3.073015873015870203e-01
9.876543209876539886e-02
1.908175456562551386e-01
1.518288474810212951e-01
1.209372637944065715e-01
2.993010647331634799e-01
4.585537918871249868e-02
4.946996466431090311e-02
1.327051433058500096e-01
3.401648998822142667e-01
1.712977834885961170e-01
1.649534211371667114e-01
5.300353356890449841e-02
3.598351001177855779e-01
2.142716921868864088e-01
2.120141342756183822e-01
2.672261484098937268e-01
9.363957597173140635e-02
2.035167423860003155e-01
1.908127208480563941e-01
1.978798586572436680e-01
2.537744940571796115e-01
4.240282685512360150e-02
5.663716814159289875e-02
2.053097345132742779e-01
2.334867256637165878e-01
1.575221238938050439e-01
2.169750603378920450e-01
6.017699115044240071e-02
3.613569321533920964e-01
1.774968394437419494e-01
2.774336283185841467e-01
3.703834808259583444e-01
1.079646017699115029e-01
2.864462040055891223e-01
1.179941002949850548e-01
2.433628318584070971e-01
1.431915500999143831e-01
6.548672566371679937e-02
1.757469244288201171e-02
5.088672311870817005e-02
9.373169302870515418e-02
4.393673110720492520e-02
4.920913884006943018e-02
9.841827768014030364e-02
5.464131650423366404e-02
4.172079162527601859e-02
4.109774232796983839e-02
9.332161687170437148e-02
9.193760984182776375e-02
6.221441124780233839e-02
3.632103104862276916e-02
6.278958300047786378e-02
1.142355008787342002e-01
6.151142355008778345e-02
4.185972200031926049e-02
9.151393422043628545e-02
1.302284710017576064e-01
9.666080843585132809e-02
7.029876977152793582e-02
5.272407732864426919e-03
1.667643038469038830e-01
1.101933216168711899e-01
7.147041593438754892e-02
1.179102092986084593e-01
1.602811950790853646e-01
6.873657488771658941e-02
0.000000000000000000e+00
2.003514938488515362e-02
1.903339191564135391e-01
5.762649153639756022e-02
7.908611599296903882e-02
1.171646162858798190e-01
7.192104907394805680e-02
6.151142355008673568e-02
9.940246045694116350e-02
1.602811950790860862e-01
1.364623177917906049e-01
5.074692442882132448e-02
9.666080843585134197e-02
1.673110720562385467e-01
2.987697715289950109e-02
7.406477529500382628e-02
6.374820258827174069e-02
1.001757469244274473e-01
1.230228471001747481e-01
7.732864674868072941e-02
4.867425689615573203e-02
5.184534270650147103e-02
0.000000000000000000e+00
1.131539813437871661e-01
8.219548465594124498e-02
4.393673110720548031e-02
5.370044913102819950e-02
3.554880971401093437e-02
1.054481546572934442e-01
1.087287639132971107e-01
1.142355008787342974e-01
1.054481546572934442e-01
9.607498535442161869e-02
3.724161017658285389e-02
7.147041593438706319e-02
1.230228471001747724e-02
