1.558441558441549940e-02
7.520661157024761956e-02
5.194805194805133391e-02
7.792207792207750394e-02
6.233766233766199760e-02
3.636363636363595248e-02
6.729634002361231659e-02
3.083003952569134468e-02
3.036963036962982837e-02
1.532467532467528259e-01
1.509740259740203691e-02
9.194805194805144577e-02
4.473304473304443030e-02
1.082644628099168893e-01
6.493506493506449873e-02
9.090909090909050916e-02
1.237308146399050818e-01
7.513914656771750189e-02
1.184415584415580286e-01
1.038961038961035005e-01
7.792207792207750394e-02
7.792207792207700261e-03
8.802308802308748958e-02
1.480519480519476849e-01
3.520923520923459338e-02
1.161747343565519425e-01
5.922077922077872980e-02
1.015873015873012264e-01
2.055335968379409795e-02
1.776623376623373274e-01
1.480519480519476849e-01
9.733424470266539841e-02
0.000000000000000000e+00
3.463203463203400057e-02
4.555444555444503746e-02
7.792207792207750394e-02
7.345454545454514761e-02
8.883116883116837226e-02
6.722689075630208788e-02
1.249999999999996392e-01
0.000000000000000000e+00
4.363636363636314019e-02
5.194805194805100258e-03
6.567717996289390570e-02
1.076741440377800146e-01
3.290043290043231233e-02
1.298701298701249868e-02
1.650793650793647982e-01
8.221343873517757139e-02
4.597402597402543145e-02
7.662337662337610766e-02
7.432567432567370458e-02
1.518481518481514803e-01
1.428571428571425161e-01
7.936507936507884720e-02
9.456906729633975106e-02
9.090909090909050916e-02
9.038961038961010330e-02
5.194805194805149351e-02
5.194805194805159759e-02
8.874458874458816815e-02
1.541125541125538956e-01
9.506493506493475520e-02
4.155844155844150289e-02
5.714285714285709944e-02
2.148760330578511069e-01
1.338345864661651119e-01
1.447124304267158879e-01
1.142857142857140046e-01
9.851576994434108059e-02
8.748524203069642236e-02
9.249011857707482853e-02
1.155844155844153315e-01
2.499999999999997780e-01
1.628571428571425062e-01
5.435064935064917724e-02
1.688311688311684988e-01
1.688311688311684988e-01
1.795670995670993475e-01
7.792207792207750394e-02
2.664935064935062825e-01
1.298701298701294971e-01
1.298701298701289940e-02
8.474025974025949093e-02
1.111111111111106470e-01
1.205194805194802626e-01
7.193675889328032813e-02
2.220779220779217911e-01
1.541125541125538956e-01
6.580086580086524917e-02
1.184415584415582923e-01
1.309090909090905308e-01
1.428571428571425161e-01
1.480519480519477404e-01
1.153679653679651612e-01
2.207792207792205197e-01
2.118863049095607021e-01
2.713178294573643234e-01
1.937984496124031120e-01
3.229974160206717793e-01
5.699481865284970056e-02
1.761658031088080001e-01
1.457752092467117511e-01
2.164651698330454233e-01
2.277363989637303521e-01
6.217616580310880020e-02
2.331606217616576937e-01
2.487046632124350065e-01
1.357817738494358495e-01
2.853195164075991164e-01
2.849740932642480171e-02
2.590673575129531780e-01
1.803876415275376122e-01
3.400259067357510601e-01
1.589731512011303693e-01
1.139896373056994011e-01
1.558441558441549940e-02
7.520661157024761956e-02
5.194805194805133391e-02
7.792207792207750394e-02
6.233766233766199760e-02
3.636363636363595248e-02
6.729634002361231659e-02
3.083003952569134468e-02
3.036963036962982837e-02
1.532467532467528259e-01
1.509740259740203691e-02
9.194805194805144577e-02
4.473304473304443030e-02
1.082644628099168893e-01
6.493506493506449873e-02
9.090909090909050916e-02
1.237308146399050818e-01
7.513914656771750189e-02
1.184415584415580286e-01
1.038961038961035005e-01
7.792207792207750394e-02
7.792207792207700261e-03
8.802308802308748958e-02
1.480519480519476849e-01
3.520923520923459338e-02
1.161747343565519425e-01
5.922077922077872980e-02
1.015873015873012264e-01
2.055335968379409795e-02
1.776623376623373274e-01
1.480519480519476849e-01
9.733424470266539841e-02
0.000000000000000000e+00
3.463203463203400057e-02
4.555444555444503746e-02
7.792207792207750394e-02
7.345454545454514761e-02
8.883116883116837226e-02
6.722689075630208788e-02
1.249999999999996392e-01
0.000000000000000000e+00
4.363636363636314019e-02
5.194805194805100258e-03
6.567717996289390570e-02
1.076741440377800146e-01
3.290043290043231233e-02
1.298701298701249868e-02
1.650793650793647982e-01
8.221343873517757139e-02
4.597402597402543145e-02
7.662337662337610766e-02
7.432567432567370458e-02
1.518481518481514803e-01
1.428571428571425161e-01
7.936507936507884720e-02
9.456906729633975106e-02
9.090909090909050916e-02
9.038961038961010330e-02
5.194805194805149351e-02
5.194805194805159759e-02
8.874458874458816815e-02
1.541125541125538956e-01
9.506493506493475520e-02
4.155844155844150289e-02
5.699481865284970056e-02
1.761658031088080001e-01
1.457752092467117511e-01
2.164651698330454233e-01
2.277363989637303521e-01
6.217616580310880020e-02
2.331606217616576937e-01
2.487046632124350065e-01
1.357817738494358495e-01
2.853195164075991164e-01
2.849740932642480171e-02
2.590673575129531780e-01
1.803876415275376122e-01
3.400259067357510601e-01
1.589731512011303693e-01
1.139896373056994011e-01
4.935064935064929770e-02
2.070500927643783851e-01
1.818181818181814902e-01
1.558441558441557573e-01
1.424343098761701731e-01
6.753246753246749945e-02
2.542207792207791806e-01
3.430569430569430645e-01
9.740259740259724075e-02
1.719008264462806856e-01
2.857142857142850115e-02
2.681818181818181879e-01
2.662337662337662114e-01
2.402597402597402287e-01
2.129870129870128359e-01
8.831168831168829947e-02
5.468750000000000000e-02
1.923532196969695018e-01
5.786132812500000000e-02
2.769886363636362980e-01
1.417151162790697971e-01
7.291666666666660190e-02
3.206188725490194402e-01
2.314453125000000000e-01
2.293882978723404409e-01
1.534090909090909116e-01
4.687500000000000000e-02
1.995614035087718285e-01
2.585227272727273484e-01
4.048295454545454142e-01
1.953124999999998057e-01
9.635416666666660190e-02
5.221932114882500003e-02
1.607524329456444245e-01
1.253263707571800056e-01
2.563493947305955367e-01
1.768204235567159555e-01
7.310704960835509580e-02
1.964490861618798934e-01
2.663185378590077756e-01
1.960598148587702205e-01
1.757702349869451619e-01
3.916449086161880033e-02
1.839467699823128244e-01
2.452037688727435605e-01
2.760164117866465983e-01
1.909873319794990199e-01
9.921671018276760623e-02
4.712041884816749876e-02
2.193135543920883279e-01
2.387434554973821010e-01
1.504045692527368194e-01
2.068062827225130851e-01
6.544502617801040145e-02
2.609075043630016966e-01
2.917393833624198352e-01
1.492146596858636987e-01
1.709751308900521460e-01
2.879581151832459954e-02
1.765145848915480875e-01
2.303664921465967963e-01
2.237531000275556625e-01
2.162065683008090600e-01
1.308900523560208862e-01
4.461942257217840074e-02
2.283464566929130635e-01
2.036745406824144733e-01
2.149081364829393548e-01
2.387258410880455650e-01
7.611548556430440537e-02
2.624671916010495876e-01
2.733408323959503061e-01
1.496062992125980762e-01
2.426946631671037524e-01
4.199475065616790209e-02
2.693742229589720094e-01
2.029746281714784051e-01
3.499562554680663018e-01
9.652019304038590708e-02
1.259842519685039075e-01
1.558441558441534328e-02
7.520661157024774446e-02
5.194805194805172249e-02
7.792207792207782313e-02
6.233766233766217801e-02
3.636363636363555002e-02
6.729634002361241374e-02
3.083003952569104630e-02
3.036963036963023083e-02
1.532467532467525206e-01
1.509740259740208548e-02
9.194805194805134863e-02
4.473304473304470785e-02
1.082644628099166118e-01
6.493506493506469301e-02
9.090909090909032875e-02
1.237308146399052622e-01
7.513914656771782108e-02
1.184415584415569600e-01
1.038961038961029038e-01
7.792207792207742068e-02
7.792207792207710669e-03
8.802308802308750346e-02
1.480519480519478237e-01
3.520923520923426031e-02
1.161747343565510959e-01
5.922077922077757101e-02
1.015873015873008794e-01
2.055335968379403203e-02
1.776623376623376604e-01
1.480519480519476017e-01
9.733424470266538453e-02
0.000000000000000000e+00
3.463203463203366750e-02
4.555444555444403826e-02
7.792207792207732353e-02
7.345454545454459250e-02
8.883116883116765061e-02
6.722689075630196298e-02
1.249999999999995004e-01
0.000000000000000000e+00
4.363636363636288346e-02
5.194805194804797549e-03
6.567717996289323956e-02
1.076741440377791403e-01
3.290043290043132007e-02
1.298701298701221418e-02
1.650793650793642708e-01
8.221343873517777956e-02
4.597402597402504287e-02
7.662337662337642685e-02
7.432567432567285803e-02
1.518481518481517578e-01
1.428571428571419610e-01
7.936507936507912475e-02
9.456906729633934861e-02
9.090909090908996792e-02
9.038961038960931227e-02
5.194805194805055676e-02
5.194805194805177800e-02
8.874458874458870938e-02
1.541125541125532572e-01
9.506493506493414458e-02
4.155844155844144738e-02
