2.333722287047839891e-02
4.826562002758033598e-02
6.223259432127533491e-02
7.001166861143499898e-02
2.333722287047839891e-02
6.534422403733936013e-02
7.255754747003265170e-02
2.770026888539385557e-02
5.457319809711839304e-02
8.261376896149330573e-02
8.817094515752589567e-02
3.442240373395564351e-02
2.813431868274326314e-02
5.558502174604820073e-02
1.283547257876310188e-01
8.168028004667399200e-02
3.474063859128034837e-02
4.050675112518739573e-02
1.064177362893814344e-01
8.168028004667399200e-02
7.001166861143499898e-02
1.866977829638270109e-02
1.028134318682739495e-01
9.311551925320837864e-02
3.954362764164397887e-02
1.130794526360449359e-01
1.795799299883311384e-01
6.275119927395295116e-02
0.000000000000000000e+00
1.995332555425869889e-02
2.327887981330221123e-01
2.732911625621813057e-02
1.050175029171525054e-01
1.244651886425513498e-01
9.550309666995732139e-02
9.918319719953300195e-02
4.714119019836637836e-02
1.263710618436401090e-01
1.510055597501544222e-01
7.861726954492372077e-02
1.516919486581095045e-01
1.829638273045504082e-01
3.733955659276540218e-02
9.834972495415898741e-02
4.837169831335493692e-02
8.868144690781769313e-02
1.341890315052504945e-01
5.704654479450276677e-02
3.231698036629276211e-02
2.065344224037303153e-02
0.000000000000000000e+00
7.512790593303952935e-02
9.550309666995732139e-02
4.667444574095649945e-02
4.278490859587695538e-02
4.248435345284786585e-02
1.458576429404900010e-01
6.767794632438736691e-02
1.983663943990665035e-01
7.934655775962640156e-02
3.189420458965327304e-02
6.923376118241893196e-02
5.219758848696993969e-02
2.333722287047839891e-02
4.667444574095679782e-02
9.653124005516067196e-02
7.105570226616686469e-02
1.300216702783796030e-01
1.026837806301048039e-01
1.573595599266542355e-01
6.953431632544800067e-02
5.078382628988880459e-02
8.024822318871309423e-02
1.460035005834303956e-01
1.795799299883311384e-01
4.340723453908978263e-02
1.458576429404900010e-01
2.100350058343055104e-01
7.592376507195632007e-02
1.691948658109684867e-01
3.392065344224035606e-01
2.683780630105014886e-01
5.600933488914810326e-02
1.691948658109684311e-01
7.843899909244118895e-02
1.870372334783066970e-01
0.000000000000000000e+00
1.130688448074676639e-01
1.582485969883867805e-01
2.069233761182415199e-01
8.313885647607929807e-02
3.071178529754956532e-01
1.983663943990665035e-01
6.651108518086336352e-02
4.385453131077392958e-02
2.275379229871644926e-01
2.037252619324796121e-01
2.270081490104773059e-01
3.399301513387659734e-01
2.293364377182769975e-01
5.827505827505820302e-02
1.631701631701628075e-01
1.311637080867847638e-01
2.109988776655442877e-01
1.448499417249414778e-01
6.410256410256409687e-02
2.937062937062933643e-01
1.503496503496503101e-01
3.609625668449196190e-01
3.117327117327114983e-01
1.235431235431234953e-01
2.470862470862467963e-01
7.709574376241025429e-02
1.617132867132866636e-01
2.603305785123965488e-01
5.710955710955709780e-02
2.333722287047839891e-02
4.826562002758033598e-02
6.223259432127533491e-02
7.001166861143499898e-02
2.333722287047839891e-02
6.534422403733936013e-02
7.255754747003265170e-02
2.770026888539385557e-02
5.457319809711839304e-02
8.261376896149330573e-02
8.817094515752589567e-02
3.442240373395564351e-02
2.813431868274326314e-02
5.558502174604820073e-02
1.283547257876310188e-01
8.168028004667399200e-02
3.474063859128034837e-02
4.050675112518739573e-02
1.064177362893814344e-01
8.168028004667399200e-02
7.001166861143499898e-02
1.866977829638270109e-02
1.028134318682739495e-01
9.311551925320837864e-02
3.954362764164397887e-02
1.130794526360449359e-01
1.795799299883311384e-01
6.275119927395295116e-02
0.000000000000000000e+00
1.995332555425869889e-02
2.327887981330221123e-01
2.732911625621813057e-02
1.050175029171525054e-01
1.244651886425513498e-01
9.550309666995732139e-02
9.918319719953300195e-02
4.714119019836637836e-02
1.263710618436401090e-01
1.510055597501544222e-01
7.861726954492372077e-02
1.516919486581095045e-01
1.829638273045504082e-01
3.733955659276540218e-02
9.834972495415898741e-02
4.837169831335493692e-02
8.868144690781769313e-02
1.341890315052504945e-01
5.704654479450276677e-02
3.231698036629276211e-02
2.065344224037303153e-02
0.000000000000000000e+00
7.512790593303952935e-02
9.550309666995732139e-02
4.667444574095649945e-02
4.278490859587695538e-02
4.248435345284786585e-02
1.458576429404900010e-01
6.767794632438736691e-02
1.983663943990665035e-01
7.934655775962640156e-02
3.189420458965327304e-02
6.923376118241893196e-02
5.219758848696993969e-02
2.333722287047839891e-02
5.827505827505820302e-02
1.631701631701628075e-01
1.311637080867847638e-01
2.109988776655442877e-01
1.448499417249414778e-01
6.410256410256409687e-02
2.937062937062933643e-01
1.503496503496503101e-01
3.609625668449196190e-01
3.117327117327114983e-01
1.235431235431234953e-01
2.470862470862467963e-01
7.709574376241025429e-02
1.617132867132866636e-01
2.603305785123965488e-01
5.710955710955709780e-02
4.667444574095679782e-02
1.446907817969659837e-01
3.208868144690780189e-01
1.177468972101409495e-01
7.820683292176587587e-02
4.434072345390890207e-02
3.849183197199531614e-01
1.994434969930886092e-01
1.808634772462075213e-01
4.455288002545876869e-01
1.096849474912485051e-01
2.099766627771293692e-01
1.993387786853363375e-01
1.166861143523919980e-01
2.121657957485665880e-01
6.417736289381560655e-02
4.439252336448590297e-02
1.794817332200507876e-01
1.470867406542054889e-01
1.529311809685639512e-01
1.377417952618996133e-01
3.855140186915879952e-02
4.815145684441997087e-01
1.326664719626167166e-01
3.544442235036783240e-01
3.440951571792691954e-01
1.273364485981308136e-01
2.100344318740775540e-01
1.691270178419710946e-01
2.389549702633814166e-01
1.857476635514015983e-01
6.775700934579430290e-02
4.093567251461979750e-02
1.543062200956937524e-01
1.929824561403506999e-01
1.770334928229661819e-01
1.584145549057827673e-01
4.210526315789470120e-02
3.056842105263156140e-01
1.649122807017542880e-01
3.889420520999466446e-01
2.825263157894734034e-01
1.134502923976608013e-01
2.118845500848894614e-01
1.372997711670480292e-01
1.771094402673348556e-01
2.463937621832356928e-01
4.795321637426899763e-02
4.098360655737699754e-02
1.556075982305488437e-01
3.619047619047618958e-01
1.261443474558228972e-01
1.639876516925695138e-01
4.918032786885240260e-02
3.348946135831379345e-01
1.842310694769709878e-01
2.002341920374706985e-01
2.334601873536298611e-01
1.159250585480093021e-01
2.533177205308352886e-01
1.967213114754096104e-01
1.656600517687660534e-01
2.691079412390887660e-01
4.918032786885240260e-02
3.985932004689329844e-02
2.185563557193097028e-01
2.683704572098474239e-01
1.418991793669401313e-01
1.900778002770968367e-01
4.923798358733880165e-02
3.126221180148491818e-01
2.170490705074526738e-01
3.563892145369281783e-01
3.480265728800311376e-01
1.195779601406798953e-01
2.961683223298571810e-01
1.062915201250487912e-01
2.246971473231729188e-01
1.868169269750026840e-01
5.861664712778420078e-02
2.333722287047830871e-02
4.826562002758000292e-02
6.223259432127480756e-02
7.001166861143449938e-02
2.333722287047771890e-02
6.534422403733844420e-02
7.255754747003184679e-02
2.770026888539318596e-02
5.457319809711790037e-02
8.261376896149243143e-02
8.817094515752611772e-02
3.442240373395522718e-02
2.813431868274254843e-02
5.558502174604859625e-02
1.283547257876301029e-01
8.168028004667429731e-02
3.474063859127934917e-02
4.050675112518686144e-02
1.064177362893807405e-01
8.168028004667343689e-02
7.001166861143401365e-02
1.866977829638258660e-02
1.028134318682742687e-01
9.311551925320814271e-02
3.954362764164327804e-02
1.130794526360454216e-01
1.795799299883303612e-01
6.275119927395246544e-02
0.000000000000000000e+00
1.995332555425817847e-02
2.327887981330210576e-01
2.732911625621743321e-02
1.050175029171527413e-01
1.244651886425504062e-01
9.550309666995633606e-02
9.918319719953248847e-02
4.714119019836552488e-02
1.263710618436400257e-01
1.510055597501539226e-01
7.861726954492315178e-02
1.516919486581093379e-01
1.829638273045504637e-01
3.733955659276508993e-02
9.834972495415782168e-02
4.837169831335402098e-02
8.868144690781766537e-02
1.341890315052493843e-01
5.704654479450211452e-02
3.231698036629191556e-02
2.065344224037209825e-02
0.000000000000000000e+00
7.512790593304004283e-02
9.550309666995676627e-02
4.667444574095641618e-02
4.278490859587608802e-02
4.248435345284793524e-02
1.458576429404895569e-01
6.767794632438683955e-02
1.983663943990651435e-01
7.934655775962599911e-02
3.189420458965378652e-02
6.923376118241833521e-02
5.219758848696936376e-02
2.333722287047839891e-02
