1.939393939393930025e-02
6.768595041322289507e-02
7.272727272727266823e-02
4.848484848484799908e-02
6.303030303030279780e-02
1.301010101010098008e-01
1.256198347107436164e-01
3.117259552042130066e-02
9.212121212121181235e-02
1.036969696969692600e-01
8.102272727272707975e-02
6.078787878787877269e-02
3.131313131313100129e-02
6.134986225895315559e-02
6.666666666666649921e-02
5.454545454545449423e-02
2.887052341597767455e-02
1.437662337662335144e-01
1.934545454545452958e-01
5.757575757575750242e-02
8.787878787878750098e-02
1.818181818181810114e-02
2.094949494949495672e-01
7.254545454545441308e-02
4.107744107744069201e-02
1.852341597796140216e-01
2.038181818181815652e-01
5.333333333333330206e-02
9.591567852437324349e-03
2.072727272727252837e-02
1.865454545454544588e-01
2.555023923444951078e-02
1.151515151515150048e-01
1.818181818181813236e-01
7.086247086247077220e-02
6.666666666666649921e-02
1.175272727272723833e-01
1.416363636363634215e-01
9.411764705882315341e-02
6.708333333333314774e-02
1.484848484848479977e-01
1.187878787878787618e-01
2.181818181818179908e-02
9.705627705627696555e-02
3.454545454545421279e-02
7.676767676767666526e-02
1.333333333333329984e-01
4.148148148148107783e-02
3.596837944663996978e-02
4.648484848484801812e-02
3.575757575757540323e-03
6.503496503496440651e-02
7.440559440559427196e-02
4.242424242424200354e-02
2.592592592592567538e-02
3.922865013774066295e-02
1.212121212121210073e-01
8.670707070707062147e-02
1.212121212121210073e-01
3.878787878787839927e-02
5.797979797979741640e-02
3.595959595959561522e-02
3.204040404040371659e-02
1.151515151515150083e-02
3.090909090909089996e-02
1.027823691460053451e-01
7.665071770334899726e-02
8.831168831168829947e-02
1.018181818181815995e-01
2.145454545454545392e-01
9.107438016528913993e-02
7.193675889328032813e-02
1.029752066115700582e-01
1.516666666666666163e-01
1.519999999999996632e-01
4.227272727272708697e-02
1.181818181818179991e-01
1.242424242424240016e-01
5.175757575757564122e-02
2.575757575757575135e-01
3.799999999999997269e-01
2.090909090909090218e-01
4.000000000000000083e-02
2.416666666666664742e-01
6.296296296296295669e-02
1.815096418732781713e-01
1.198945981554665544e-02
8.981818181818151947e-02
1.335642135642135797e-01
2.494949494949489921e-01
1.468181818181817921e-01
2.579393939393937463e-01
1.909090909090905008e-01
7.537190082644606992e-02
6.005050505050479881e-02
1.848484848484845122e-01
2.336561743341404040e-01
2.766343825665859013e-01
3.111380145278450082e-01
1.785714285714284921e-01
5.632949727437910198e-02
3.052695336159900186e-01
1.704095420025158181e-01
1.518271754492226677e-01
2.276650514839488881e-01
7.934585099939429897e-02
3.488794669897029022e-01
1.326468806783765997e-01
3.607439341575515157e-01
3.383000201897839454e-01
9.569957601453660256e-02
2.156268927922468104e-01
9.278327388563600842e-02
1.317383403997575420e-01
1.977314024558116667e-01
3.634161114476069931e-02
1.939393939393930025e-02
6.768595041322289507e-02
7.272727272727266823e-02
4.848484848484799908e-02
6.303030303030279780e-02
1.301010101010098008e-01
1.256198347107436164e-01
3.117259552042130066e-02
9.212121212121181235e-02
1.036969696969692600e-01
8.102272727272707975e-02
6.078787878787877269e-02
3.131313131313100129e-02
6.134986225895315559e-02
6.666666666666649921e-02
5.454545454545449423e-02
2.887052341597767455e-02
1.437662337662335144e-01
1.934545454545452958e-01
5.757575757575750242e-02
8.787878787878750098e-02
1.818181818181810114e-02
2.094949494949495672e-01
7.254545454545441308e-02
4.107744107744069201e-02
1.852341597796140216e-01
2.038181818181815652e-01
5.333333333333330206e-02
9.591567852437324349e-03
2.072727272727252837e-02
1.865454545454544588e-01
2.555023923444951078e-02
1.151515151515150048e-01
1.818181818181813236e-01
7.086247086247077220e-02
6.666666666666649921e-02
1.175272727272723833e-01
1.416363636363634215e-01
9.411764705882315341e-02
6.708333333333314774e-02
1.484848484848479977e-01
1.187878787878787618e-01
2.181818181818179908e-02
9.705627705627696555e-02
3.454545454545421279e-02
7.676767676767666526e-02
1.333333333333329984e-01
4.148148148148107783e-02
3.596837944663996978e-02
4.648484848484801812e-02
3.575757575757540323e-03
6.503496503496440651e-02
7.440559440559427196e-02
4.242424242424200354e-02
2.592592592592567538e-02
3.922865013774066295e-02
1.212121212121210073e-01
8.670707070707062147e-02
1.212121212121210073e-01
3.878787878787839927e-02
5.797979797979741640e-02
3.595959595959561522e-02
3.204040404040371659e-02
1.151515151515150083e-02
5.632949727437910198e-02
3.052695336159900186e-01
1.704095420025158181e-01
1.518271754492226677e-01
2.276650514839488881e-01
7.934585099939429897e-02
3.488794669897029022e-01
1.326468806783765997e-01
3.607439341575515157e-01
3.383000201897839454e-01
9.569957601453660256e-02
2.156268927922468104e-01
9.278327388563600842e-02
1.317383403997575420e-01
1.977314024558116667e-01
3.634161114476069931e-02
5.999999999999999778e-02
2.129292929292928849e-01
3.121212121212120216e-01
1.057851239669419241e-01
9.416490486257925174e-02
7.151515151515150381e-02
4.833333333333333370e-01
1.577389277389277256e-01
2.212121212121209990e-01
4.350413223140493502e-01
7.878787878787869847e-02
1.734242424242421754e-01
1.863636363636362314e-01
1.181818181818179991e-01
1.318050065876150423e-01
4.000000000000000083e-02
5.093996361431169656e-02
2.042560229340094069e-01
1.856428138265614758e-01
1.562930701802742461e-01
1.705050277123555114e-01
8.065494238932680027e-02
4.155102914422283966e-01
1.512090661006669223e-01
3.946943989264928843e-01
3.661723358509288428e-01
1.097634930260763947e-01
1.376272701158594014e-01
1.906389547384086669e-01
2.108716026241799213e-01
1.473620375985444098e-01
3.214069132807759882e-02
5.097087378640770272e-02
2.045868270079433948e-01
2.111650485436893099e-01
1.737643424536628456e-01
1.929611650485435204e-01
8.313106796116499775e-02
3.075728155339803593e-01
1.474514563106796017e-01
4.686672550750218824e-01
3.003640776699025849e-01
8.859223300970869852e-02
1.511509552145315904e-01
1.163465597298435905e-01
1.352288488210817152e-01
2.201546206400574468e-01
2.669902912621350058e-02
4.675166970248929854e-02
2.034675841597516077e-01
4.029953450718479213e-01
1.329966329966328908e-01
2.550919026328862249e-01
7.528840315725560117e-02
3.551912568306007656e-01
1.532415840248260164e-01
2.167577413479050974e-01
2.921979356405584038e-01
8.803885853066180378e-02
1.876427559487668373e-01
1.748633879781419931e-01
1.324257821237974642e-01
2.245680852238228775e-01
2.792956891317540172e-02
5.893074119076539830e-02
2.516924145113692557e-01
2.875820170109356644e-01
1.427460510328066035e-01
2.426543687175520547e-01
7.958687727825029812e-02
3.543944916970433456e-01
1.874674535670887432e-01
3.520656136087485510e-01
4.080194410692587481e-01
1.051032806804373942e-01
1.942508153737926568e-01
1.053057918185498487e-01
2.151680842446333508e-01
1.161760671030455105e-01
4.070473876063179786e-02
1.939393939393915453e-02
6.768595041322275629e-02
7.272727272727200210e-02
4.848484848484824888e-02
6.303030303030258963e-02
1.301010101010098841e-01
1.256198347107423396e-01
3.117259552042131801e-02
9.212121212121041069e-02
1.036969696969692323e-01
8.102272727272655239e-02
6.078787878787875187e-02
3.131313131313084863e-02
6.134986225895285722e-02
6.666666666666569430e-02
5.454545454545420280e-02
2.887052341597717842e-02
1.437662337662334866e-01
1.934545454545444354e-01
5.757575757575730119e-02
8.787878787878680709e-02
1.818181818181815665e-02
2.094949494949477353e-01
7.254545454545462124e-02
4.107744107744062956e-02
1.852341597796141048e-01
2.038181818181807048e-01
5.333333333333271919e-02
9.591567852436477803e-03
2.072727272727275041e-02
1.865454545454542090e-01
2.555023923444944139e-02
1.151515151515138391e-01
1.818181818181816289e-01
7.086247086247055016e-02
6.666666666666569430e-02
1.175272727272723139e-01
1.416363636363633383e-01
9.411764705882309789e-02
6.708333333333295345e-02
1.484848484848468042e-01
1.187878787878772630e-01
2.181818181818155622e-02
9.705627705627706270e-02
3.454545454545406014e-02
7.676767676767611015e-02
1.333333333333321935e-01
4.148148148148100844e-02
3.596837944663976855e-02
4.648484848484809445e-02
3.575757575757369886e-03
6.503496503496375425e-02
7.440559440559423032e-02
4.242424242424159414e-02
2.592592592592458250e-02
3.922865013774058662e-02
1.212121212121199665e-01
8.670707070706974717e-02
1.212121212121207992e-01
3.878787878787801763e-02
5.797979797979705557e-02
3.595959595959551114e-02
3.204040404040328638e-02
1.151515151515131001e-02
