1.851851851851850014e-02
3.829966329966306288e-02
8.230452674897066612e-02
1.080246913580244911e-01
6.172839506172800306e-02
4.320987654320961741e-02
7.996632996632947743e-02
3.663446054750379988e-02
5.413105413105380459e-02
3.641975308641952347e-02
5.381944444444412140e-02
7.283950617283904694e-02
3.189300411522612982e-02
1.102693602693601699e-01
1.543209876543205072e-01
1.080246913580244911e-01
1.837822671155993001e-02
5.357142857142823539e-02
8.796296296296243766e-02
6.172839506172800306e-02
3.086419753086400153e-02
0.000000000000000000e+00
2.510288065843620520e-01
7.037037037036994458e-02
1.045953360768169665e-01
1.150392817059476824e-01
1.583333333333329374e-01
1.358024691358021285e-01
0.000000000000000000e+00
5.277777777777745843e-02
1.583333333333329374e-01
4.337231968810888877e-02
1.543209876543205072e-01
1.028806584362133431e-01
5.413105413105380459e-02
1.080246913580244911e-01
3.740740740740717413e-02
2.287037037037034648e-01
6.390704429920078533e-02
7.426697530864150021e-02
1.543209876543205072e-01
1.382716049382713419e-01
1.234567901234560026e-02
3.902116402116378308e-02
1.279461279461276968e-01
5.864197530864161817e-02
7.716049382716000382e-02
4.526748971193387400e-02
3.663446054750379988e-02
9.104938271604881561e-02
0.000000000000000000e+00
1.766381766381762697e-01
5.413105413105380459e-02
3.086419753086400153e-02
1.320301783264744011e-01
3.745791245791223190e-02
1.080246913580244911e-01
1.312757201646090055e-01
1.388888888888885065e-01
2.469135802469120053e-02
1.054526748971186950e-01
3.924162257495567019e-02
6.275720164609013829e-02
2.777777777777769991e-02
4.629629629629619658e-02
7.659932659932654209e-02
1.012020792722545387e-01
1.851851851851848696e-01
8.641975308641959563e-02
7.804232804232798248e-02
1.119528619528617625e-01
8.548040794417592625e-02
7.491582491582486625e-02
1.039737654320985749e-01
1.231481481481479651e-01
7.893518518518514993e-02
2.006172839506170091e-01
2.160493827160489821e-01
7.530864197530856563e-02
1.234567901234565057e-01
2.462962962962959301e-01
1.697530864197530076e-01
1.234567901234560026e-02
2.349537037037036924e-01
2.263374485596706120e-01
1.171717171717168854e-01
0.000000000000000000e+00
1.055555555555554859e-01
1.700470311581420979e-01
1.563786008230449720e-01
1.231481481481479234e-01
3.629629629629629872e-01
1.851851851851850084e-01
2.079124579124576877e-01
8.436213991769528353e-02
1.543209876543205072e-01
2.269938650306748129e-01
2.300613496932515101e-01
2.914110429447852035e-01
2.515337423312882792e-01
6.153846153846150024e-02
1.969230769230768119e-01
1.093491124260354552e-01
2.785185185185184986e-01
1.212500000000000244e-01
5.538461538461530304e-02
3.876923076923074474e-01
1.384615384615383027e-01
3.665158371040723728e-01
3.146666666666667056e-01
7.692307692307689959e-02
2.338461538461535927e-01
1.713960113960112663e-01
1.730769230769229061e-01
2.190209790209789453e-01
6.769230769230759337e-02
1.851851851851850014e-02
3.829966329966306288e-02
8.230452674897066612e-02
1.080246913580244911e-01
6.172839506172800306e-02
4.320987654320961741e-02
7.996632996632947743e-02
3.663446054750379988e-02
5.413105413105380459e-02
3.641975308641952347e-02
5.381944444444412140e-02
7.283950617283904694e-02
3.189300411522612982e-02
1.102693602693601699e-01
1.543209876543205072e-01
1.080246913580244911e-01
1.837822671155993001e-02
5.357142857142823539e-02
8.796296296296243766e-02
6.172839506172800306e-02
3.086419753086400153e-02
0.000000000000000000e+00
2.510288065843620520e-01
7.037037037036994458e-02
1.045953360768169665e-01
1.150392817059476824e-01
1.583333333333329374e-01
1.358024691358021285e-01
0.000000000000000000e+00
5.277777777777745843e-02
1.583333333333329374e-01
4.337231968810888877e-02
1.543209876543205072e-01
1.028806584362133431e-01
5.413105413105380459e-02
1.080246913580244911e-01
3.740740740740717413e-02
2.287037037037034648e-01
6.390704429920078533e-02
7.426697530864150021e-02
1.543209876543205072e-01
1.382716049382713419e-01
1.234567901234560026e-02
3.902116402116378308e-02
1.279461279461276968e-01
5.864197530864161817e-02
7.716049382716000382e-02
4.526748971193387400e-02
3.663446054750379988e-02
9.104938271604881561e-02
0.000000000000000000e+00
1.766381766381762697e-01
5.413105413105380459e-02
3.086419753086400153e-02
1.320301783264744011e-01
3.745791245791223190e-02
1.080246913580244911e-01
1.312757201646090055e-01
1.388888888888885065e-01
2.469135802469120053e-02
1.054526748971186950e-01
3.924162257495567019e-02
6.275720164609013829e-02
2.777777777777769991e-02
6.153846153846150024e-02
1.969230769230768119e-01
1.093491124260354552e-01
2.785185185185184986e-01
1.212500000000000244e-01
5.538461538461530304e-02
3.876923076923074474e-01
1.384615384615383027e-01
3.665158371040723728e-01
3.146666666666667056e-01
7.692307692307689959e-02
2.338461538461535927e-01
1.713960113960112663e-01
1.730769230769229061e-01
2.190209790209789453e-01
6.769230769230759337e-02
5.246913580246909820e-02
1.275720164609051299e-01
3.395061728395060152e-01
1.767676767676767680e-01
7.522250933103628856e-02
3.395061728395060152e-02
3.915895061728392745e-01
2.397910731244061455e-01
2.391975308641974829e-01
4.556677890011220367e-01
4.938271604938269943e-02
1.638888888888887230e-01
1.898148148148146308e-01
1.620370370370369795e-01
2.310789049919483862e-01
6.790123456790120304e-02
5.572755417956649915e-02
1.372079932451448492e-01
1.681501547987615253e-01
2.406417112299465422e-01
1.591187270501835394e-01
6.191950464396279996e-02
3.645966126388634487e-01
1.146478328173373834e-01
3.333113760621828625e-01
1.671826625386993725e-01
1.083591331269349034e-01
2.281244907935471300e-01
2.048972699127495078e-01
3.672952434562340995e-01
1.393188854489162964e-01
6.811145510835910077e-02
4.347826086956520231e-02
1.547854319593449934e-01
2.422360248447203990e-01
2.159796725014115903e-01
1.645962732919254434e-01
4.658385093167700247e-02
2.828571428571427515e-01
1.583850931677018015e-01
3.997741389045735283e-01
2.336645962732918635e-01
7.142857142857139685e-02
2.109797635744338762e-01
2.065892519578719777e-01
2.040816326530611458e-01
1.999079825166781288e-01
6.211180124223600330e-02
6.230529595015570077e-02
1.619937694704047526e-01
2.367601246105918988e-01
2.237326536391955334e-01
1.230529595015573963e-01
4.361370716510899748e-02
4.049844236760123950e-01
1.838006230529592167e-01
2.616822429906540126e-01
2.034657320872271524e-01
6.542056074766350315e-02
2.188102655392374918e-01
1.619937694704048081e-01
2.111821610100015345e-01
3.132257150948737912e-01
5.607476635514010294e-02
4.687500000000000000e-02
2.330357142857142627e-01
2.788750000000000395e-01
1.891249999999999876e-01
1.977272727272727515e-01
6.875000000000000555e-02
2.083333333333333703e-01
2.290178571428571896e-01
3.414062500000000777e-01
2.433333333333333737e-01
9.687500000000000278e-02
2.713815789473684736e-01
1.416666666666666630e-01
2.343750000000000278e-01
1.838709677419355093e-01
7.187499999999999445e-02
1.851851851851825728e-02
3.829966329966250776e-02
8.230452674896973631e-02
1.080246913580246299e-01
6.172839506172745488e-02
4.320987654320932597e-02
7.996632996632886681e-02
3.663446054750385539e-02
5.413105413105361030e-02
3.641975308641857978e-02
5.381944444444328873e-02
7.283950617283845019e-02
3.189300411522596329e-02
1.102693602693597952e-01
1.543209876543207848e-01
1.080246913580241719e-01
1.837822671155915633e-02
5.357142857142792314e-02
8.796296296296185480e-02
6.172839506172807938e-02
3.086419753086294682e-02
0.000000000000000000e+00
2.510288065843619409e-01
7.037037037036916742e-02
1.045953360768162033e-01
1.150392817059478351e-01
1.583333333333334370e-01
1.358024691358019065e-01
0.000000000000000000e+00
5.277777777777652168e-02
1.583333333333328541e-01
4.337231968810843080e-02
1.543209876543205350e-01
1.028806584362125659e-01
5.413105413105301356e-02
1.080246913580241025e-01
3.740740740740736842e-02
2.287037037037031040e-01
6.390704429920041063e-02
7.426697530864181940e-02
1.543209876543193138e-01
1.382716049382699541e-01
1.234567901234532618e-02
3.902116402116399124e-02
1.279461279461275580e-01
5.864197530864115326e-02
7.716049382715982341e-02
4.526748971193389481e-02
3.663446054750357783e-02
9.104938271604903766e-02
0.000000000000000000e+00
1.766381766381767138e-01
5.413105413105392949e-02
3.086419753086301274e-02
1.320301783264734297e-01
3.745791245791185720e-02
1.080246913580241025e-01
1.312757201646089777e-01
1.388888888888887008e-01
2.469135802469044766e-02
1.054526748971191252e-01
3.924162257495523998e-02
6.275720164608945828e-02
2.777777777777777624e-02
