1.342281879194629976e-02
4.164124466137877206e-02
1.118568232662186662e-01
1.006711409395970036e-01
2.684563758389239829e-02
6.263982102908276228e-02
3.477730323367880100e-02
3.983075576305795257e-02
1.961796592669031586e-02
2.177852348993286058e-01
5.851510067114078228e-02
9.899328859060352315e-02
2.311707680835178511e-02
1.998169615619276029e-01
3.355704697986550133e-02
1.677852348993250087e-02
1.798352654057346622e-01
1.164908916586765431e-01
1.721476510067109222e-01
8.389261744966400314e-02
1.510067114093955054e-01
6.711409395973099573e-03
9.097688292319164316e-02
1.338926174496642418e-01
9.097688292319164316e-02
2.001220256253812557e-01
1.338926174496642418e-01
8.202833706189370522e-02
0.000000000000000000e+00
2.295302013422818310e-01
1.912751677852345678e-01
1.571882726951571302e-02
3.355704697986550133e-02
2.237136465324333218e-02
5.885389778007211331e-02
8.389261744966400314e-02
1.491275167785233446e-01
7.651006711409392980e-02
1.737070667193048867e-01
1.291946308724831460e-01
5.033557046979850180e-02
1.503355704697986184e-01
6.711409395973099573e-03
4.242569511025874596e-02
5.216595485051846171e-02
1.062639821029077725e-01
1.677852348993250087e-02
8.202833706189370522e-02
3.983075576305795257e-02
1.979865771812035213e-02
5.939597315436222907e-02
0.000000000000000000e+00
1.373257614868351184e-01
2.013422818791945068e-01
1.435495898583144803e-01
6.787675411836452399e-02
5.033557046979850180e-02
7.785234899328835612e-02
6.711409395973150227e-02
1.342281879194599965e-02
4.586129753914952589e-02
5.688718440396291209e-02
1.364653243847843180e-02
1.006711409395969967e-02
2.348993288590599943e-02
1.110433190970103318e-01
9.431296361709615161e-02
1.006711409395971563e-01
4.026845637583879867e-02
9.899328859060388397e-02
6.086028065893828165e-02
1.062153487014881464e-01
8.145210494203759810e-02
3.068372483221473157e-01
1.912751677852345678e-01
1.560402684563745764e-02
2.516778523489929809e-01
1.174496644295300041e-01
1.364653243847871733e-01
1.174496644295300041e-01
3.634228187919460451e-01
2.181208053691275073e-01
1.342281879194629976e-02
1.338087248322146205e-01
2.255779269202085602e-01
2.547895057962168974e-01
3.983075576305795257e-02
2.869127516778521292e-01
8.533077660594415303e-02
1.275167785234895823e-01
1.625838926174496268e-01
2.255033557046979553e-01
2.516778523489929809e-01
6.955460646735811547e-02
5.732662192393706696e-02
1.677852348993285059e-01
2.166666666666665908e-01
3.266666666666666052e-01
2.466666666666665897e-01
2.099999999999999922e-01
6.020066889632100238e-02
1.471571906354512127e-01
1.980962181631077956e-01
1.863000123869687774e-01
2.940008361204012322e-01
7.357859531772570350e-02
3.612040133779264028e-01
2.307692307692306988e-01
1.752901829628169261e-01
4.341137123745818505e-01
5.351170568561870039e-02
1.872909698996652050e-01
8.150625541929855389e-02
3.887959866220733751e-01
1.149285497111581927e-01
3.344481605351169728e-02
1.342281879194629976e-02
4.164124466137877206e-02
1.118568232662186662e-01
1.006711409395970036e-01
2.684563758389239829e-02
6.263982102908276228e-02
3.477730323367880100e-02
3.983075576305795257e-02
1.961796592669031586e-02
2.177852348993286058e-01
5.851510067114078228e-02
9.899328859060352315e-02
2.311707680835178511e-02
1.998169615619276029e-01
3.355704697986550133e-02
1.677852348993250087e-02
1.798352654057346622e-01
1.164908916586765431e-01
1.721476510067109222e-01
8.389261744966400314e-02
1.510067114093955054e-01
6.711409395973099573e-03
9.097688292319164316e-02
1.338926174496642418e-01
9.097688292319164316e-02
2.001220256253812557e-01
1.338926174496642418e-01
8.202833706189370522e-02
0.000000000000000000e+00
2.295302013422818310e-01
1.912751677852345678e-01
1.571882726951571302e-02
3.355704697986550133e-02
2.237136465324333218e-02
5.885389778007211331e-02
8.389261744966400314e-02
1.491275167785233446e-01
7.651006711409392980e-02
1.737070667193048867e-01
1.291946308724831460e-01
5.033557046979850180e-02
1.503355704697986184e-01
6.711409395973099573e-03
4.242569511025874596e-02
5.216595485051846171e-02
1.062639821029077725e-01
1.677852348993250087e-02
8.202833706189370522e-02
3.983075576305795257e-02
1.979865771812035213e-02
5.939597315436222907e-02
0.000000000000000000e+00
1.373257614868351184e-01
2.013422818791945068e-01
1.435495898583144803e-01
6.787675411836452399e-02
5.033557046979850180e-02
7.785234899328835612e-02
6.711409395973150227e-02
1.342281879194599965e-02
4.586129753914952589e-02
5.688718440396291209e-02
1.364653243847843180e-02
1.006711409395969967e-02
6.020066889632100238e-02
1.471571906354512127e-01
1.980962181631077956e-01
1.863000123869687774e-01
2.940008361204012322e-01
7.357859531772570350e-02
3.612040133779264028e-01
2.307692307692306988e-01
1.752901829628169261e-01
4.341137123745818505e-01
5.351170568561870039e-02
1.872909698996652050e-01
8.150625541929855389e-02
3.887959866220733751e-01
1.149285497111581927e-01
3.344481605351169728e-02
3.020134228187909900e-02
2.774049217002235168e-01
2.013422818791945068e-01
1.372788285539962017e-01
2.249102544092399236e-01
9.395973154362409485e-02
3.649328859060402830e-01
2.346411977284457717e-01
1.593959731543622693e-01
3.075045759609514318e-01
5.369127516778519904e-02
2.078859060402684089e-01
1.719798657718119017e-01
1.929530201342280205e-01
1.794572512401515219e-01
3.020134228187909900e-02
6.397306397306390391e-02
1.989592898683806566e-01
1.163720538720537656e-01
1.515151515151514083e-01
1.221517500587268185e-01
1.313131313131312983e-01
4.686076450782331593e-01
1.745580808080808011e-01
2.801060247868756847e-01
3.140495867768591798e-01
7.070707070707070441e-02
1.587807903597374948e-01
2.367615549433730315e-01
2.617079889807160109e-01
1.212121212121212016e-01
4.713804713804709695e-02
3.716216216216210178e-02
1.881910319410317334e-01
2.027027027027025197e-01
1.934889434889435489e-01
2.387387387387385485e-01
1.081081081081081002e-01
2.006756756756754023e-01
2.736486486486485736e-01
3.805282555282552548e-01
2.943243243243242602e-01
6.756756756756750193e-02
7.650392327811680881e-02
1.189776733254994251e-01
2.220077220077220082e-01
1.779279279279279424e-01
4.054054054054050116e-02
3.728813559322029930e-02
3.231638418079095798e-01
1.717514124293783029e-01
1.095531587057008011e-01
2.921417565485361356e-01
8.474576271186440302e-02
4.406779661016950733e-01
2.111111111111109717e-01
1.728813559322033844e-01
2.330508474576270250e-01
5.423728813559319795e-02
1.809523809523808369e-01
1.762711864406776019e-01
1.798394290811772822e-01
2.069337442218798506e-01
4.745762711864399963e-02
6.462585034013600127e-02
1.972789115646257641e-01
1.451700680272107191e-01
2.300680272108841518e-01
2.421150278293132951e-01
1.224489795918367041e-01
3.401360544217683635e-01
2.492711370262389314e-01
2.585034013605438941e-01
3.807256235827665147e-01
8.163265306122440002e-02
1.208378088077333157e-01
1.088435374149658574e-01
3.259637188208617253e-01
1.084046521834539645e-01
4.761904761904760253e-02
1.342281879194629629e-02
4.164124466137828634e-02
1.118568232662176809e-01
1.006711409395966289e-01
2.684563758389222482e-02
6.263982102908226268e-02
3.477730323367821813e-02
3.983075576305753623e-02
1.961796592669013198e-02
2.177852348993288001e-01
5.851510067114027575e-02
9.899328859060285701e-02
2.311707680835153877e-02
1.998169615619269091e-01
3.355704697986474500e-02
1.677852348993257026e-02
1.798352654057342181e-01
1.164908916586760157e-01
1.721476510067107280e-01
8.389261744966328149e-02
1.510067114093959495e-01
6.711409395973133400e-03
9.097688292319003334e-02
1.338926174496635202e-01
9.097688292319147663e-02
2.001220256253800900e-01
1.338926174496632981e-01
8.202833706189360807e-02
0.000000000000000000e+00
2.295302013422816922e-01
1.912751677852339294e-01
1.571882726951586914e-02
3.355704697986470336e-02
2.237136465324329401e-02
5.885389778007166228e-02
8.389261744966333700e-02
1.491275167785233724e-01
7.651006711409259753e-02
1.737070667193039430e-01
1.291946308724830073e-01
5.033557046979805077e-02
1.503355704697986739e-01
6.711409395973118655e-03
4.242569511025842677e-02
5.216595485051857273e-02
1.062639821029076753e-01
1.677852348993212964e-02
8.202833706189310847e-02
3.983075576305729337e-02
1.979865771812056030e-02
5.939597315436240949e-02
0.000000000000000000e+00
1.373257614868351184e-01
2.013422818791942570e-01
1.435495898583132868e-01
6.787675411836402439e-02
5.033557046979859201e-02
7.785234899328788427e-02
6.711409395973022551e-02
1.342281879194591465e-02
4.586129753914904017e-02
5.688718440396219045e-02
1.364653243847836067e-02
1.006711409395954875e-02
