2.949852507374600002e-03
0.000000000000000000e+00
3.933136676499467133e-02
8.849557522123850661e-02
3.539823008849520003e-02
1.514257620452309494e-01
6.114239742558316010e-02
4.668462229062451257e-02
5.173587474472377684e-02
5.221238938053042455e-02
8.573008849557493816e-02
5.221238938053042455e-02
1.016060308095695537e-02
1.053901850362022191e-01
4.424778761061899657e-02
2.949852507374600002e-02
8.782515419683528668e-02
2.389380530973449490e-01
1.513274336283181865e-01
4.424778761061899657e-02
8.849557522123850661e-02
2.359882005899700125e-02
2.399213372664696364e-01
1.176991150442477235e-01
1.999344477220563535e-02
1.979082864038611000e-01
1.681415929203539661e-01
1.009505080301539848e-01
0.000000000000000000e+00
1.176991150442477235e-01
1.176991150442477235e-01
6.908865083061611900e-02
2.949852507374600002e-02
9.832841691248733751e-02
5.173587474472377684e-02
2.949852507374600002e-02
4.766961651917395182e-02
1.008849557522119300e-01
1.221585979524551085e-01
5.678466076696153664e-02
7.374631268436550313e-02
4.955752212389329808e-02
1.179941002949850062e-02
1.491782553729453509e-01
4.585679806918697976e-02
2.055063913470991099e-01
1.622418879056045093e-01
8.652900688298878484e-02
1.167115557265602926e-02
5.221238938053042455e-02
0.000000000000000000e+00
2.110279101429522047e-02
3.104152484683455615e-01
1.032448377581120097e-01
5.408062930186768175e-02
4.773397693751667975e-02
4.424778761061899657e-02
9.124877089478841685e-02
7.374631268436550313e-02
1.061946902654864050e-01
2.015732546705976957e-02
1.000140469167016127e-01
4.798426745329389953e-02
2.359882005899700125e-02
2.654867256637160125e-02
7.320997586484277730e-02
9.672411116286284971e-02
1.011378002528443149e-01
1.415929203539819936e-01
2.859249894648124846e-01
8.407079646017689978e-02
8.169808900859300282e-02
8.353445964065428497e-02
9.937315634218280014e-02
2.017699115044244151e-01
1.371681415929189123e-02
1.179941002949849993e-01
8.849557522123850661e-02
1.079646017699111699e-01
3.687315634218285010e-01
2.690265486725664790e-01
1.622418879056045093e-01
3.539823008849549840e-02
2.352507374631266079e-01
7.210750573582418166e-02
2.115312416197371592e-01
0.000000000000000000e+00
1.681415929203539661e-01
1.250175586458772137e-01
2.989183874139627606e-01
1.008849557522121798e-01
1.486725663716810253e-01
1.769911504424774851e-01
9.171359613837447300e-02
2.015732546705976957e-02
3.097345132743359875e-01
1.671554252199413115e-01
3.255131964809384049e-01
2.639296187683283779e-01
2.434017595307917947e-01
2.647058823529409993e-02
2.588235294117643970e-01
1.219457013574658244e-01
1.228758169934639627e-01
2.763786764705880028e-01
9.705882352941169744e-02
3.573529411764703734e-01
1.676470588235292047e-01
1.681660899653978636e-01
2.660784313725489403e-01
7.058823529411760445e-02
3.647058823529408245e-01
5.119825708060974506e-02
3.529411764705882026e-01
1.804812834224596985e-01
6.176470588235290216e-02
2.949852507374600002e-03
0.000000000000000000e+00
3.933136676499467133e-02
8.849557522123850661e-02
3.539823008849520003e-02
1.514257620452309494e-01
6.114239742558316010e-02
4.668462229062451257e-02
5.173587474472377684e-02
5.221238938053042455e-02
8.573008849557493816e-02
5.221238938053042455e-02
1.016060308095695537e-02
1.053901850362022191e-01
4.424778761061899657e-02
2.949852507374600002e-02
8.782515419683528668e-02
2.389380530973449490e-01
1.513274336283181865e-01
4.424778761061899657e-02
8.849557522123850661e-02
2.359882005899700125e-02
2.399213372664696364e-01
1.176991150442477235e-01
1.999344477220563535e-02
1.979082864038611000e-01
1.681415929203539661e-01
1.009505080301539848e-01
0.000000000000000000e+00
1.176991150442477235e-01
1.176991150442477235e-01
6.908865083061611900e-02
2.949852507374600002e-02
9.832841691248733751e-02
5.173587474472377684e-02
2.949852507374600002e-02
4.766961651917395182e-02
1.008849557522119300e-01
1.221585979524551085e-01
5.678466076696153664e-02
7.374631268436550313e-02
4.955752212389329808e-02
1.179941002949850062e-02
1.491782553729453509e-01
4.585679806918697976e-02
2.055063913470991099e-01
1.622418879056045093e-01
8.652900688298878484e-02
1.167115557265602926e-02
5.221238938053042455e-02
0.000000000000000000e+00
2.110279101429522047e-02
3.104152484683455615e-01
1.032448377581120097e-01
5.408062930186768175e-02
4.773397693751667975e-02
4.424778761061899657e-02
9.124877089478841685e-02
7.374631268436550313e-02
1.061946902654864050e-01
2.015732546705976957e-02
1.000140469167016127e-01
4.798426745329389953e-02
2.359882005899700125e-02
2.647058823529409993e-02
2.588235294117643970e-01
1.219457013574658244e-01
1.228758169934639627e-01
2.763786764705880028e-01
9.705882352941169744e-02
3.573529411764703734e-01
1.676470588235292047e-01
1.681660899653978636e-01
2.660784313725489403e-01
7.058823529411760445e-02
3.647058823529408245e-01
5.119825708060974506e-02
3.529411764705882026e-01
1.804812834224596985e-01
6.176470588235290216e-02
2.359882005899700125e-02
1.741817671021210212e-01
2.064896755162240194e-01
1.206757843925983925e-01
1.078411195719281429e-01
1.120943952802359034e-01
4.063421828908552746e-01
2.520989335148624555e-01
1.032448377581120097e-01
3.754357736658617828e-01
7.669616519174039804e-02
2.088495575221237521e-01
2.318092428711897302e-01
1.917404129793509882e-01
1.262023855328969768e-01
6.489675516224180374e-02
3.254437869822480317e-02
1.573426573426570940e-01
1.387758875739642794e-01
1.089295320064549433e-01
1.788908765652949262e-01
1.005917159763313057e-01
4.592760180995473784e-01
1.972078402366863326e-01
1.447815686768221533e-01
3.776223776223774919e-01
6.804733727810649557e-02
2.616007474307067704e-01
1.835664335664333180e-01
3.752017213555673969e-01
1.686390532544376208e-01
5.029585798816559733e-02
2.077151335311569827e-02
1.652953871054759494e-01
1.335311572700295102e-01
1.942271378473156840e-01
2.096933728981207334e-01
1.008902077151335036e-01
3.760237388724034790e-01
1.780415430267059951e-01
2.228216886970592892e-01
2.820178041543027203e-01
6.824925816023730274e-02
2.015889729108834849e-01
1.277254547800282247e-01
2.713013988978379976e-01
1.649631827673369022e-01
5.934718100890200299e-02
3.273809523809519811e-02
1.547619047619045729e-01
2.412698412698413009e-01
1.282467532467532201e-01
2.458062770562769450e-01
1.011904761904760947e-01
4.255952380952381930e-01
1.951058201058200325e-01
1.249999999999998057e-01
3.069196428571425717e-01
4.166666666666660190e-02
2.508503401360542284e-01
9.523809523809520505e-02
2.368421052631576873e-01
2.778679653679651529e-01
5.952380952380949969e-02
3.582089552238799934e-02
1.978678038379528548e-01
1.274029850746265513e-01
1.912835820895519012e-01
2.597014925373131722e-01
1.104477611940297976e-01
3.731343283582088111e-01
2.417910447761194570e-01
1.559701492537309553e-01
4.358208955223878966e-01
7.164179104477609583e-02
2.592301649646501782e-01
8.756218905472612501e-02
3.233830845771141771e-01
1.683196918632642314e-01
6.268656716417909947e-02
2.949852507374603472e-03
0.000000000000000000e+00
3.933136676499499745e-02
8.849557522123865927e-02
3.539823008849533187e-02
1.514257620452305331e-01
6.114239742558178620e-02
4.668462229062391583e-02
5.173587474472417236e-02
5.221238938052930045e-02
8.573008849557386957e-02
5.221238938053040374e-02
1.016060308095688945e-02
1.053901850362027465e-01
4.424778761061893412e-02
2.949852507374554553e-02
8.782515419683505076e-02
2.389380530973444494e-01
1.513274336283171873e-01
4.424778761061880228e-02
8.849557522123857600e-02
2.359882005899701166e-02
2.399213372664689148e-01
1.176991150442478901e-01
1.999344477220387634e-02
1.979082864038603506e-01
1.681415929203538551e-01
1.009505080301531937e-01
0.000000000000000000e+00
1.176991150442478901e-01
1.176991150442469047e-01
6.908865083061593859e-02
2.949852507374624636e-02
9.832841691248581095e-02
5.173587474472270825e-02
2.949852507374595839e-02
4.766961651917288323e-02
1.008849557522111112e-01
1.221585979524548726e-01
5.678466076696117582e-02
7.374631268436455944e-02
4.955752212389242378e-02
1.179941002949834623e-02
1.491782553729450733e-01
4.585679806918692425e-02
2.055063913470994985e-01
1.622418879056040097e-01
8.652900688298874321e-02
1.167115557265594426e-02
5.221238938053026496e-02
0.000000000000000000e+00
2.110279101429490475e-02
3.104152484683460611e-01
1.032448377581120791e-01
5.408062930186784134e-02
4.773397693751671444e-02
4.424778761061893412e-02
9.124877089478779235e-02
7.374631268436544762e-02
1.061946902654856140e-01
2.015732546705946426e-02
1.000140469167015989e-01
4.798426745329302523e-02
2.359882005899700472e-02
