3.636363636363599931e-03
1.504132231404944030e-02
4.848484848484799908e-02
3.636363636363600105e-02
1.454545454545439973e-02
1.018181818181817799e-01
3.768595041322277128e-02
0.000000000000000000e+00
2.125874125874105403e-02
2.360000000000000153e-01
6.340909090909088719e-02
2.145454545454524020e-02
3.757575757575754016e-02
8.661157024793361692e-02
9.090909090909050916e-02
3.636363636363600105e-02
2.165289256198325504e-02
8.415584415584390077e-02
1.036363636363632074e-01
7.272727272727250170e-02
5.454545454545449423e-02
2.181818181818179908e-02
3.696969696969696351e-01
8.290909090909068246e-02
1.971717171717166928e-01
2.168595041322307904e-01
2.487272727272726025e-01
1.066666666666666041e-01
0.000000000000000000e+00
8.290909090909068246e-02
1.243636363636363013e-01
0.000000000000000000e+00
5.454545454545449423e-02
9.696969696969667818e-02
1.488111888111885439e-01
1.090909090909089885e-01
7.345454545454514761e-02
2.072727272727269698e-01
2.635294117647059009e-01
8.749999999999960587e-02
1.272727272727270098e-01
2.443636363636362552e-01
3.636363636363629942e-02
7.662337662337630195e-02
3.768595041322277128e-02
1.151515151515146856e-01
1.090909090909089885e-01
1.777777777777760429e-02
1.438735177865598652e-02
0.000000000000000000e+00
4.290909090909048040e-02
5.202797202797151965e-02
1.062937062937058669e-01
1.090909090909089885e-01
6.666666666666662411e-02
1.471074380165274947e-02
7.272727272727250170e-02
4.218181818181814674e-02
1.454545454545450034e-01
2.909090909090879945e-02
0.000000000000000000e+00
3.082251082251052585e-02
1.478787878787863816e-02
7.272727272727199863e-03
1.090909090909089954e-02
3.008264462809888060e-02
3.406698564593267642e-02
6.233766233766215720e-02
4.363636363636359816e-02
1.685714285714286220e-01
7.537190082644605604e-02
1.438735177865598652e-02
2.942148760330549895e-02
2.799999999999995826e-01
1.450909090909088262e-01
4.227272727272708697e-02
1.818181818181814902e-01
1.636363636363635243e-01
2.957575757575727632e-02
1.818181818181814902e-01
2.280000000000000915e-01
2.000000000000000111e-01
5.818181818181809850e-02
3.559090909090907306e-01
2.444444444444444919e-01
3.374545454545455625e-01
2.877470355731197305e-02
2.280000000000000915e-01
7.705627705627675350e-02
2.072727272727271919e-01
8.290909090909065471e-02
4.480000000000001759e-01
2.363636363636359983e-01
3.768595041322277128e-02
1.242424242424230128e-02
1.636363636363635243e-01
1.624548736462093912e-01
3.104693140794224093e-01
3.718411552346569948e-01
1.552346570397112047e-01
2.173913043478260115e-02
1.304347826086955930e-01
1.716833890746934099e-01
1.765968867418142019e-01
1.537590579710144678e-01
1.014492753623188054e-01
5.543478260869563190e-01
1.086956521739129988e-01
3.452685421994884374e-01
4.845410628019322097e-01
1.231884057971013996e-01
2.028985507246376108e-01
6.307031669350507408e-02
2.038043478260869179e-01
1.600790513833991457e-01
1.811594202898550096e-02
3.636363636363599931e-03
1.504132231404944030e-02
4.848484848484799908e-02
3.636363636363600105e-02
1.454545454545439973e-02
1.018181818181817799e-01
3.768595041322277128e-02
0.000000000000000000e+00
2.125874125874105403e-02
2.360000000000000153e-01
6.340909090909088719e-02
2.145454545454524020e-02
3.757575757575754016e-02
8.661157024793361692e-02
9.090909090909050916e-02
3.636363636363600105e-02
2.165289256198325504e-02
8.415584415584390077e-02
1.036363636363632074e-01
7.272727272727250170e-02
5.454545454545449423e-02
2.181818181818179908e-02
3.696969696969696351e-01
8.290909090909068246e-02
1.971717171717166928e-01
2.168595041322307904e-01
2.487272727272726025e-01
1.066666666666666041e-01
0.000000000000000000e+00
8.290909090909068246e-02
1.243636363636363013e-01
0.000000000000000000e+00
5.454545454545449423e-02
9.696969696969667818e-02
1.488111888111885439e-01
1.090909090909089885e-01
7.345454545454514761e-02
2.072727272727269698e-01
2.635294117647059009e-01
8.749999999999960587e-02
1.272727272727270098e-01
2.443636363636362552e-01
3.636363636363629942e-02
7.662337662337630195e-02
3.768595041322277128e-02
1.151515151515146856e-01
1.090909090909089885e-01
1.777777777777760429e-02
1.438735177865598652e-02
0.000000000000000000e+00
4.290909090909048040e-02
5.202797202797151965e-02
1.062937062937058669e-01
1.090909090909089885e-01
6.666666666666662411e-02
1.471074380165274947e-02
7.272727272727250170e-02
4.218181818181814674e-02
1.454545454545450034e-01
2.909090909090879945e-02
0.000000000000000000e+00
3.082251082251052585e-02
1.478787878787863816e-02
7.272727272727199863e-03
2.173913043478260115e-02
1.304347826086955930e-01
1.716833890746934099e-01
1.765968867418142019e-01
1.537590579710144678e-01
1.014492753623188054e-01
5.543478260869563190e-01
1.086956521739129988e-01
3.452685421994884374e-01
4.845410628019322097e-01
1.231884057971013996e-01
2.028985507246376108e-01
6.307031669350507408e-02
2.038043478260869179e-01
1.600790513833991457e-01
1.811594202898550096e-02
2.181818181818179908e-02
2.361904761904762007e-01
2.181818181818179769e-01
4.958677685950392544e-02
1.329386892177588653e-01
8.000000000000000167e-02
5.009090909090907484e-01
1.977622377622377525e-01
1.545454545454544859e-01
5.738842975206611685e-01
1.345454545454544959e-01
1.823636363636363111e-01
1.242424242424240294e-01
1.000000000000000056e-01
1.815019762845849205e-01
2.545454545454539988e-02
2.919708029197079849e-02
8.626410086264099664e-02
1.531706204379560676e-01
1.642335766423355659e-01
1.655067051434390146e-01
9.854014598540139502e-02
7.228424216401887481e-01
6.307025547445242741e-02
3.036185743127812753e-01
6.449900464499003228e-01
1.204379562043794982e-01
1.721091048789857580e-01
7.548108825481068818e-02
2.239548772395485998e-01
1.532846715328466947e-01
2.919708029197079849e-02
2.930402930402930053e-02
1.503496503496501435e-01
1.758241758241758101e-01
8.991008991008961337e-02
1.078551078551077819e-01
1.135531135531134966e-01
4.496703296703294939e-01
1.538461538461535771e-01
3.929403929403925688e-01
3.771428571428570575e-01
1.501831501831500937e-01
1.382488479262671821e-01
1.003344481605349808e-01
1.465201465201462772e-01
1.393298059964726276e-01
2.564102564102559850e-02
3.308823529411759889e-02
1.380718954248365549e-01
2.980392156862746167e-01
6.600935828876980382e-02
1.980280748663101609e-01
1.066176470588234976e-01
4.460784313725490446e-01
1.687091503267973136e-01
1.323529411764705066e-01
4.296875000000000000e-01
1.360294117647057877e-01
1.962535014005599987e-01
1.323529411764703956e-01
9.752321981424133535e-02
2.508355614973259429e-01
1.470588235294109994e-02
4.059040590405899734e-02
1.834475487612017008e-01
2.004428044280441301e-01
7.881918819188182823e-02
1.459241865145922967e-01
1.033210332103321055e-01
4.766297662976629601e-01
2.419609910384816487e-01
3.505535055350551543e-01
5.387453874538745691e-01
1.512915129151291005e-01
1.456593513303552911e-01
3.936039360393599890e-02
2.306273062730625212e-01
1.176050470182120333e-01
3.321033210332099972e-02
3.636363636363492378e-03
1.504132231404890774e-02
4.848484848484665988e-02
3.636363636363553614e-02
1.454545454545388625e-02
1.018181818181814330e-01
3.768595041322301414e-02
0.000000000000000000e+00
2.125874125874045728e-02
2.360000000000001541e-01
6.340909090909077617e-02
2.145454545454421671e-02
3.757575757575720016e-02
8.661157024793297854e-02
9.090909090908996792e-02
3.636363636363613289e-02
2.165289256198249870e-02
8.415584415584291544e-02
1.036363636363625551e-01
7.272727272727190495e-02
5.454545454545432076e-02
2.181818181818158744e-02
3.696969696969686359e-01
8.290909090909100165e-02
1.971717171717166373e-01
2.168595041322314010e-01
2.487272727272719919e-01
1.066666666666654384e-01
0.000000000000000000e+00
8.290909090909100165e-02
1.243636363636350523e-01
0.000000000000000000e+00
5.454545454545400851e-02
9.696969696969662267e-02
1.488111888111879610e-01
1.090909090909085583e-01
7.345454545454459250e-02
2.072727272727266923e-01
2.635294117647054013e-01
8.749999999999991118e-02
1.272727272727263437e-01
2.443636363636355613e-01
3.636363636363606350e-02
7.662337662337641297e-02
3.768595041322247291e-02
1.151515151515150742e-01
1.090909090909076978e-01
1.777777777777777776e-02
1.438735177865529263e-02
0.000000000000000000e+00
4.290909090909017509e-02
5.202797202797173476e-02
1.062937062937056309e-01
1.090909090909090995e-01
6.666666666666597185e-02
1.471074380165272172e-02
7.272727272727139147e-02
4.218181818181768877e-02
1.454545454545452809e-01
2.909090909090908741e-02
0.000000000000000000e+00
3.082251082251043911e-02
1.478787878787880122e-02
7.272727272727091442e-03
