1.459854014598539924e-02
1.509621765096197214e-02
7.299270072992666836e-02
3.649635036496350071e-02
5.839416058394159698e-02
8.515815085158129349e-02
5.673523556735210471e-02
2.887972072357981868e-02
2.133632790567068643e-02
1.937956204379558955e-01
1.484945255474450221e-01
4.306569343065692890e-02
2.514193025141929841e-02
4.346383543463835236e-02
0.000000000000000000e+00
3.649635036496350071e-02
6.519575315195723364e-02
1.266944734098018888e-01
2.496350364963504098e-01
3.649635036496350071e-02
1.094890510948905021e-01
1.459854014598539924e-02
1.484184914841849834e-01
6.240875912408731796e-02
1.731549067315488188e-01
4.080955540809552695e-01
1.664233576642336065e-01
5.352798053527956651e-02
0.000000000000000000e+00
2.080291970802891632e-02
2.080291970802920221e-01
0.000000000000000000e+00
5.474452554744499433e-02
1.459854014598540028e-01
6.400898371701263523e-02
3.649635036496350071e-02
1.179562043795620574e-01
1.456204379562041351e-01
4.156290253327609152e-01
8.781934306569316728e-02
9.124087591240849504e-02
2.248175182481749745e-01
2.554744525547440054e-02
1.230448383733055429e-01
0.000000000000000000e+00
9.245742092457423511e-02
1.459854014598540028e-01
3.568532035685320625e-02
0.000000000000000000e+00
2.153284671532816955e-02
2.153284671532816955e-02
0.000000000000000000e+00
1.066816395283545910e-01
5.474452554744499433e-02
4.460665044606650781e-02
2.952886529528865947e-02
1.824817518248150056e-02
9.878345498783436263e-02
1.642335766423355103e-01
1.459854014598519975e-02
0.000000000000000000e+00
6.187000347584290655e-02
0.000000000000000000e+00
7.299270072992699622e-03
2.189781021897809973e-02
4.528865295288633103e-02
5.128697656550110923e-02
6.256517205422315597e-02
7.299270072992679326e-02
1.999478623566212920e-01
5.673523556735235451e-02
5.775944144715963735e-02
4.429329794293278277e-02
2.458941605839415623e-01
2.080291970802920221e-01
1.697080291970802859e-02
7.299270072992700142e-02
3.649635036496350071e-02
4.452554744525526187e-02
2.554744525547444911e-01
4.576642335766424319e-01
2.737226277372259986e-01
4.014598540145979805e-02
1.852189781021897907e-01
2.007299270072989972e-01
5.696084936960849054e-01
1.443986036178971331e-02
8.321167883211680327e-02
1.082725060827248870e-01
2.311435523114356017e-01
1.560218978102188292e-01
3.678832116788322004e-01
1.459854014598540028e-01
1.891174518911719477e-02
0.000000000000000000e+00
1.094890510948905021e-01
1.775362318840578990e-01
3.152173913043477826e-01
3.659420289855072062e-01
1.413043478260868901e-01
3.636363636363629942e-02
2.036363636363635876e-01
2.046153846153843658e-01
7.595959595959587973e-02
2.535227272727272330e-01
6.909090909090899457e-02
5.400000000000000355e-01
1.309090909090908084e-01
2.425668449197860843e-01
6.007272727272726653e-01
1.127272727272727038e-01
2.036363636363635876e-01
2.531986531986506195e-02
1.636363636363635243e-01
1.606611570247932774e-01
2.181818181818179908e-02
1.459854014598539924e-02
1.509621765096197214e-02
7.299270072992666836e-02
3.649635036496350071e-02
5.839416058394159698e-02
8.515815085158129349e-02
5.673523556735210471e-02
2.887972072357981868e-02
2.133632790567068643e-02
1.937956204379558955e-01
1.484945255474450221e-01
4.306569343065692890e-02
2.514193025141929841e-02
4.346383543463835236e-02
0.000000000000000000e+00
3.649635036496350071e-02
6.519575315195723364e-02
1.266944734098018888e-01
2.496350364963504098e-01
3.649635036496350071e-02
1.094890510948905021e-01
1.459854014598539924e-02
1.484184914841849834e-01
6.240875912408731796e-02
1.731549067315488188e-01
4.080955540809552695e-01
1.664233576642336065e-01
5.352798053527956651e-02
0.000000000000000000e+00
2.080291970802891632e-02
2.080291970802920221e-01
0.000000000000000000e+00
5.474452554744499433e-02
1.459854014598540028e-01
6.400898371701263523e-02
3.649635036496350071e-02
1.179562043795620574e-01
1.456204379562041351e-01
4.156290253327609152e-01
8.781934306569316728e-02
9.124087591240849504e-02
2.248175182481749745e-01
2.554744525547440054e-02
1.230448383733055429e-01
0.000000000000000000e+00
9.245742092457423511e-02
1.459854014598540028e-01
3.568532035685320625e-02
0.000000000000000000e+00
2.153284671532816955e-02
2.153284671532816955e-02
0.000000000000000000e+00
1.066816395283545910e-01
5.474452554744499433e-02
4.460665044606650781e-02
2.952886529528865947e-02
1.824817518248150056e-02
9.878345498783436263e-02
1.642335766423355103e-01
1.459854014598519975e-02
0.000000000000000000e+00
6.187000347584290655e-02
0.000000000000000000e+00
7.299270072992699622e-03
3.636363636363629942e-02
2.036363636363635876e-01
2.046153846153843658e-01
7.595959595959587973e-02
2.535227272727272330e-01
6.909090909090899457e-02
5.400000000000000355e-01
1.309090909090908084e-01
2.425668449197860843e-01
6.007272727272726653e-01
1.127272727272727038e-01
2.036363636363635876e-01
2.531986531986506195e-02
1.636363636363635243e-01
1.606611570247932774e-01
2.181818181818179908e-02
4.014598540145979805e-02
1.831769204031976350e-01
2.372262773722624840e-01
7.962840079628401291e-02
1.778984892208453350e-01
9.489051094890510463e-02
4.762773722627737794e-01
1.134194272880404281e-01
1.459854014598540028e-01
5.202388852023888122e-01
1.459854014598540028e-01
1.830291970802918333e-01
7.481751824817517438e-02
1.368613138686129993e-01
1.561409076483655789e-01
1.824817518248169831e-02
2.930402930402930053e-02
9.740259740259719912e-02
1.989468864468862119e-01
1.348651348651346005e-01
1.328903654485048269e-01
1.208791208791207966e-01
5.882352941176466343e-01
9.947344322344299494e-02
4.660587639311042363e-01
4.495504495504492048e-01
1.391941391941391992e-01
1.295546558704451512e-01
4.545454545454509498e-02
2.697302697302696450e-01
1.208791208791205884e-01
2.197802197802189994e-02
1.102941176470579980e-02
1.724598930481283654e-01
1.985294117647058987e-01
1.654411764705881471e-01
1.515522875816993353e-01
9.926470588235289383e-02
5.095588235294113977e-01
1.102941176470587092e-01
5.521390374331548445e-01
3.930882352941175162e-01
1.250000000000000000e-01
1.017552182163187074e-01
5.754475703324779534e-02
1.575630252100840012e-01
1.398420479302831809e-01
2.205882352941170021e-02
3.321033210332099972e-02
1.599015990159900202e-01
3.552275522755225512e-01
6.625293525662524774e-02
1.722576316672256302e-01
9.225092250922499459e-02
5.436654366543666184e-01
1.693316933169329852e-01
1.992619926199259983e-01
4.059040590405903481e-01
1.254612546125460915e-01
1.658759444737303024e-01
1.328413284132839989e-01
1.305107787919982942e-01
1.722576316672256302e-01
1.107011070110699991e-02
2.962962962962959954e-02
1.994708994708992433e-01
2.155555555555553893e-01
1.582222222222220420e-01
1.904040404040402423e-01
1.259259259259259134e-01
5.092592592592591894e-01
8.571428571428564569e-02
3.342592592592590894e-01
5.767901234567900381e-01
1.259259259259259134e-01
2.046783625730992651e-01
8.888888888888879514e-02
7.716049382716042015e-02
1.543608124253284253e-01
2.222222222222219878e-02
1.459854014598518414e-02
1.509621765096119846e-02
7.299270072992583569e-02
3.649635036496238355e-02
5.839416058394093084e-02
8.515815085158141839e-02
5.673523556735128592e-02
2.887972072357954806e-02
2.133632790566945478e-02
1.937956204379560898e-01
1.484945255474441062e-01
4.306569343065667910e-02
2.514193025141855248e-02
4.346383543463796378e-02
0.000000000000000000e+00
3.649635036496309826e-02
6.519575315195642873e-02
1.266944734098009728e-01
2.496350364963492718e-01
3.649635036496314683e-02
1.094890510948896140e-01
1.459854014598532118e-02
1.484184914841836234e-01
6.240875912408689469e-02
1.731549067315472645e-01
4.080955540809555471e-01
1.664233576642321077e-01
5.352798053527928895e-02
0.000000000000000000e+00
2.080291970802801774e-02
2.080291970802906898e-01
0.000000000000000000e+00
5.474452554744438371e-02
1.459854014598531979e-01
6.400898371701188583e-02
3.649635036496324397e-02
1.179562043795613913e-01
1.456204379562028306e-01
4.156290253327610817e-01
8.781934306569211257e-02
9.124087591240773176e-02
2.248175182481743084e-01
2.554744525547435891e-02
1.230448383733042383e-01
0.000000000000000000e+00
9.245742092457395755e-02
1.459854014598523930e-01
3.568532035685231807e-02
0.000000000000000000e+00
2.153284671532828751e-02
2.153284671532833955e-02
0.000000000000000000e+00
1.066816395283539803e-01
5.474452554744458493e-02
4.460665044606553636e-02
2.952886529528794129e-02
1.824817518248162199e-02
9.878345498783393241e-02
1.642335766423345667e-01
1.459854014598503842e-02
0.000000000000000000e+00
6.187000347584240001e-02
0.000000000000000000e+00
7.299270072992508802e-03
