3.878826006208119237e-02
3.921882395380094088e-02
3.654305516444095181e-02
4.722800323453052451e-02
6.239619868133550185e-02
3.961238468499361787e-02
2.165667906886641347e-01
9.296376700539823457e-01
5.279846864143022955e-02
4.795946840987141968e-02
1.935254312371048613e-01
3.574932516568782859e-01
6.916502082783688721e-01
9.293229358131682716e-02
9.267321502823833157e-02
1.482928454795935380e-01
6.186754233138547221e-01
1.216192772105317843e-01
7.789076247091797356e-01
1.213896703799672849e-01
9.196569857425698213e-01
8.484682478461014199e-01
2.272853083271462182e-01
1.157448797737021806e-01
6.589487988214397518e-01
5.335511532965817594e-01
8.555555800491281282e-01
4.591055942866864581e-03
5.387293870310755350e-03
4.257009876262908554e-03
3.467921724052511201e-03
4.237288135593220151e-02
4.289073117555677883e-03
4.229226361031519499e-01
1.443394544482081709e-01
6.140309343434343647e-01
1.264705882352941124e-01
8.792999840040810478e-02
7.515641309985482410e-02
5.143433437920217344e-01
1.866028708133973257e-01
1.429700258125691237e-01
2.810201807601833135e-01
7.912304657866788826e-01
4.540115046927037934e-01
7.720194647201944482e-02
4.500000000000001776e-01
3.648648648648649129e-01
5.714285714285716189e-01
2.100887540725759894e-01
3.261697163207661898e-01
3.079047619047621254e-01
8.185763888888889506e-01
0.000000000000000000e+00
8.203125000000000000e-01
7.904411764705882026e-01
8.644067796610169774e-01
8.666666666666666963e-01
1.000000000000000000e+00
9.015804093007274700e-01
0.000000000000000000e+00
0.000000000000000000e+00
0.000000000000000000e+00
0.000000000000000000e+00
0.000000000000000000e+00
0.000000000000000000e+00
0.000000000000000000e+00
0.000000000000000000e+00
0.000000000000000000e+00
0.000000000000000000e+00
7.854545454545454053e-01
0.000000000000000000e+00
0.000000000000000000e+00
0.000000000000000000e+00
0.000000000000000000e+00
0.000000000000000000e+00
0.000000000000000000e+00
0.000000000000000000e+00
0.000000000000000000e+00
0.000000000000000000e+00
0.000000000000000000e+00
2.151389797201366805e-02
2.121354150294399443e-02
1.939120315112352610e-02
2.579824569677030555e-02
4.003666754289825214e-02
2.170967541171509030e-02
8.413617287757033658e-01
9.351473200368902727e-01
7.339684159132029428e-01
4.415607243824277717e-01
6.997793318232852222e-01
7.431713952639416032e-01
8.894460929969223439e-01
8.409515103014100212e-01
6.004738413719588053e-01
7.681164054735019064e-01
8.905208988387389724e-01
8.361239834008640237e-01
9.104434947493984520e-01
6.836619574998601401e-01
9.128790803437420998e-01
8.890755260371823177e-01
8.335146231979868592e-01
7.835508615461539428e-01
8.832170767533411571e-01
8.567068504600745538e-01
9.488358647537813439e-01
6.371848376419988330e-03
6.269142202546845732e-03
5.343001118437461228e-03
8.421584690533279183e-03
1.972694059629259700e-02
6.438077682726285611e-03
8.170904338588110827e-01
9.211096486892552671e-01
6.996282829847267903e-01
4.147688325250169505e-01
6.551131958830087587e-01
6.997054458189987391e-01
8.683202342573284049e-01
8.205833917788671883e-01
5.793931373603942170e-01
7.466976921333030592e-01
8.703582099605700062e-01
8.112488460618255681e-01
8.896573187203089539e-01
6.525297997862873345e-01
8.912334799443503153e-01
8.656444182574820623e-01
8.019089760471725947e-01
7.461406558093532926e-01
8.630368626277004074e-01
8.282865229831301024e-01
9.347041891218230703e-01
6.512042818911684128e-02
6.539325842696627755e-02
5.989110707803993461e-02
7.308970099667772002e-02
1.250000000000000000e-01
6.523330093396093043e-02
1.878720238095228368e-01
9.397063417681974506e-01
4.699137179955581445e-02
3.580290677064867921e-02
2.452684245787590811e-01
3.504761904761899416e-01
7.555555555555564240e-01
1.004656108496884137e-01
6.460002342073600801e-02
1.534824513547916602e-01
2.493718828514648322e-01
1.244652406417112722e-01
6.459380173690787430e-01
1.333333333333337478e-01
9.021512838306731119e-01
8.632911392405073769e-01
2.881072026800666208e-01
6.305114638447939512e-02
5.102880658436212968e-01
3.071268123340820111e-01
7.277992277992277881e-01
