4.391749035288300407e-02
4.451375409622065904e-02
4.136823386961546722e-02
5.415471403293847796e-02
6.904735369380654575e-02
4.494787454685605921e-02
3.926195475050553441e-01
9.296272633552880027e-01
6.157523035177936421e-02
4.019164496817895227e-02
1.370776029187279477e-01
4.909225124306981769e-01
6.113404056378550777e-01
6.075110600505340130e-02
5.567584690642624068e-02
7.917869279873634980e-02
5.911023368171433034e-01
5.515141516781341124e-02
8.697582887912771454e-01
4.182420204711645439e-02
9.936991498406813061e-01
7.420103187252813370e-01
1.733996761228420169e-01
9.917784071603019669e-02
7.757470954362464255e-01
2.448628235638352635e-01
8.357039581304721576e-01
8.603978915150488349e-03
7.079035542999802255e-03
5.619253036667042067e-03
9.289076046569227918e-03
4.237288135593220151e-02
8.008320370263138921e-03
2.741165234001909923e-01
2.784810126582277778e-01
1.540404040404040886e-01
4.742647058823528106e-01
8.932051930534479212e-02
2.400934246819112494e-01
5.724362452523059641e-01
0.000000000000000000e+00
1.274298056155507286e-01
1.611444393170280431e-01
3.137887753272368130e-01
5.064783406550632527e-01
8.841240875912403929e-02
5.363372093023257570e-01
2.819548872180410726e-02
4.608294930875573847e-01
1.032436162870944418e-01
3.261697163207661898e-01
4.767195767195768763e-01
3.504273504273506257e-01
0.000000000000000000e+00
7.890625000000000000e-01
7.904411764705882026e-01
9.322033898305085442e-01
9.000000000000000222e-01
1.000000000000000000e+00
8.926553144792040984e-01
0.000000000000000000e+00
0.000000000000000000e+00
0.000000000000000000e+00
0.000000000000000000e+00
0.000000000000000000e+00
0.000000000000000000e+00
0.000000000000000000e+00
0.000000000000000000e+00
0.000000000000000000e+00
0.000000000000000000e+00
8.339768339768339755e-01
0.000000000000000000e+00
0.000000000000000000e+00
0.000000000000000000e+00
0.000000000000000000e+00
0.000000000000000000e+00
0.000000000000000000e+00
0.000000000000000000e+00
0.000000000000000000e+00
0.000000000000000000e+00
8.670360110803324583e-01
2.320123648885957790e-02
2.292138098433418869e-02
2.059151363352032527e-02
2.739326711656250857e-02
3.743438432996865073e-02
2.325931635066824654e-02
7.576463042210694887e-01
8.338779116932879543e-01
7.134934177252123533e-01
3.245183926272137143e-01
6.955153615299192182e-01
7.582121182410779259e-01
7.755438767111926257e-01
7.020369408054767391e-01
3.840397562165458467e-01
6.479977856818051052e-01
8.575088642445343190e-01
7.477596681123239719e-01
9.067303908989108319e-01
7.412540625607628719e-01
8.801408941955308762e-01
9.225383502256350177e-01
7.812347380196722479e-01
7.592096054232282398e-01
9.010961232550864786e-01
7.906262066633240604e-01
9.478411659853231974e-01
6.899752936125807395e-03
6.802027378774416766e-03
5.691991566689456189e-03
8.972472901458312944e-03
1.839326139701456808e-02
6.923546344243011741e-03
7.242561533340100555e-01
8.018139662148485725e-01
6.775420038572123049e-01
3.007012403319411220e-01
6.504908719338355905e-01
7.164635059059750732e-01
7.381450071300672544e-01
6.701822936600592140e-01
3.632535770898575045e-01
6.205684536970059728e-01
8.322391939281363893e-01
7.135179164247097416e-01
8.851706868653614890e-01
7.136446598690766585e-01
8.514293094531432127e-01
9.055599033621160032e-01
7.423091414241408392e-01
7.188852071863032211e-01
8.836594589358001128e-01
7.523027268252341360e-01
9.334498545652303303e-01
7.225691347011597987e-02
7.146067415730336658e-02
6.715063520871142333e-02
7.973421926910295721e-02
1.250000000000000000e-01
7.231688913005776542e-02
3.574150696864109022e-01
9.593855218855218414e-01
5.588893864755917207e-02
3.580290677064867921e-02
1.819943895145570423e-01
3.504761904761899416e-01
7.555555555555564240e-01
5.685618729096963975e-02
8.715876175813574989e-02
1.195036556482338419e-01
1.647227116083076481e-01
9.390997352162422374e-02
8.188520088865054447e-01
5.194805194805196535e-02
9.881575928368429018e-01
7.750000000000003553e-01
2.201573907272216246e-01
0.000000000000000000e+00
7.772079772079774074e-01
1.499501495513460014e-01
7.018327067669172248e-01
