3.747540751262451453e-02
3.799690790168042120e-02
3.600334064194987693e-02
4.673520156440452711e-02
5.766355085328606078e-02
3.860985583803733245e-02
3.189243032668374056e-01
9.172376574897576074e-01
1.151327860309261375e-01
4.961103278820555573e-02
6.966864229418145982e-02
4.738924019314563196e-01
7.562648305759518408e-01
7.478139291668162159e-02
7.573533636574492078e-02
3.444007807483284722e-02
5.523023861522844413e-01
1.055763481878999599e-01
7.994323953688668993e-01
1.390605293914450868e-01
9.588683808050666446e-01
8.265813253364058255e-01
1.769843086976949920e-01
1.777947649104794081e-01
6.962019808500468088e-01
4.067035569073009782e-01
8.507348051485965623e-01
2.482570991328006405e-02
2.355298600617567600e-02
1.918492450902485602e-02
2.774337379242011736e-02
2.542372881355933756e-02
2.346214914830221931e-02
5.858050027104468871e-01
3.009699161597894079e-01
2.117194674012857769e-01
3.003676470588234615e-01
7.281564073805280035e-02
6.986046487284297557e-02
3.537956888472351125e-01
1.902834008097167295e-01
9.999999999999997780e-01
2.391588107324147394e-01
3.137887753272368130e-01
4.423785863119091832e-01
1.046856604662114165e-01
2.179687500000000444e-01
3.285714285714282923e-01
6.493506493506493449e-01
4.546954165193826114e-01
3.261697163207661898e-01
3.767247386759582373e-01
2.962962962962961688e-01
0.000000000000000000e+00
7.968750000000000000e-01
7.977941176470587648e-01
8.983050847457626498e-01
9.000000000000000222e-01
1.000000000000000000e+00
8.919348155071246120e-01
0.000000000000000000e+00
0.000000000000000000e+00
0.000000000000000000e+00
0.000000000000000000e+00
0.000000000000000000e+00
0.000000000000000000e+00
0.000000000000000000e+00
0.000000000000000000e+00
0.000000000000000000e+00
0.000000000000000000e+00
8.503937007874016185e-01
0.000000000000000000e+00
0.000000000000000000e+00
0.000000000000000000e+00
0.000000000000000000e+00
0.000000000000000000e+00
0.000000000000000000e+00
0.000000000000000000e+00
0.000000000000000000e+00
0.000000000000000000e+00
6.760259179265659668e-01
1.667277680277864937e-02
1.645133499591519555e-02
1.558292303239741661e-02
2.000805357486479252e-02
3.415881758690419989e-02
1.699738764090541476e-02
7.841663829086606974e-01
8.941418332990365148e-01
6.769419542142487423e-01
3.716080616551922233e-01
6.489663234885738596e-01
8.097072619546386019e-01
8.341309996668362370e-01
8.198507527024925245e-01
8.118029456101547581e-01
6.403476055989871796e-01
8.199736838151987506e-01
8.432565767042699001e-01
9.339587572448551089e-01
7.280551600124041123e-01
8.927604170113494497e-01
9.626389788535179015e-01
8.222946804839776913e-01
8.024343351573333116e-01
9.047128082219830780e-01
8.319601229874515891e-01
9.334129153481889318e-01
4.879977781677920928e-03
4.805400799608249007e-03
4.249834857158154428e-03
6.451334544754480649e-03
1.672469615725882819e-02
4.983038786575529067e-03
7.533891525698565017e-01
8.722330685531199945e-01
6.384807044489709815e-01
3.462361774197155739e-01
6.005326256312992772e-01
7.746185810318034770e-01
8.044061180715744719e-01
7.973592920384209304e-01
7.983781017736175656e-01
6.126530079820395880e-01
7.894449340741815924e-01
8.192611502887231500e-01
9.182345991530533880e-01
6.995540685531342895e-01
8.667034433799464255e-01
9.540940398036588110e-01
7.890131507656782395e-01
7.674649484087896489e-01
8.878463367017229713e-01
7.995943282742993263e-01
9.153203255572335273e-01
6.690454950936663980e-02
6.696629213483148990e-02
6.352087114337565121e-02
7.308970099667772002e-02
1.250000000000000000e-01
6.742726597823053836e-02
3.056900726392246526e-01
9.204287775716344377e-01
9.633278598795813608e-02
4.324247181390017403e-02
5.940094657766792352e-02
3.504761904761899416e-01
8.358208955223869197e-01
5.685618729096963975e-02
6.460002342073600801e-02
7.514245014245002352e-02
2.493718828514648322e-01
1.244652406417112722e-01
6.459380173690787430e-01
9.890109890109943791e-02
9.322016809533106851e-01
7.750000000000003553e-01
2.164219298607044095e-01
1.059259259259253128e-01
5.740740740740735149e-01
2.276029055690065306e-01
7.277992277992277881e-01
