9.529846443134637468e-01
9.531113672816065030e-01
9.526093552834420386e-01
9.541061147385332397e-01
9.447612021228791734e-01
9.530411922971785410e-01
9.014962982304730588e-01
3.486587307093369503e-02
9.431755076864734022e-01
9.802368868296473803e-01
8.323693490725778688e-01
4.225965267212608012e-01
2.548985858932928394e-01
9.691099196930168524e-01
9.511123802918799441e-01
8.940062091528107047e-01
6.442489810224216740e-02
8.976733191898160769e-01
3.872288274337609693e-02
9.152316448694244322e-01
4.154942640570569168e-02
1.030503747704010209e-01
9.674882862766249758e-01
9.031261009201836387e-01
1.206784341870017485e-01
7.792690279286809130e-01
2.555166019383647846e-02
7.132800544125149633e-01
7.133401221995927521e-01
7.121693722329435206e-01
7.078275947485755948e-01
8.644067796610168664e-01
7.122063967115891403e-01
4.944362533730213283e-01
3.478929658708540540e-01
2.078305175650319025e-02
2.258403361344536453e-01
5.316697577699092125e-02
8.311705948740527594e-02
9.736540664375703535e-02
5.817174515235468135e-02
4.506663857135330686e-01
3.249746192893401275e-01
2.465483234714005434e-02
3.308169920042882683e-01
3.261515227787565863e-01
5.331156716417910779e-01
0.000000000000000000e+00
3.174603174603172207e-01
1.135563905290151165e-01
1.956456904264836094e-01
4.884792626728118314e-02
0.000000000000000000e+00
0.000000000000000000e+00
9.453125000000000000e-01
8.823529411764705621e-01
9.830508474576270528e-01
9.666666666666666741e-01
1.000000000000000000e+00
9.889081237350435538e-01
0.000000000000000000e+00
0.000000000000000000e+00
0.000000000000000000e+00
0.000000000000000000e+00
0.000000000000000000e+00
0.000000000000000000e+00
0.000000000000000000e+00
0.000000000000000000e+00
0.000000000000000000e+00
0.000000000000000000e+00
6.203331418724871149e-01
0.000000000000000000e+00
0.000000000000000000e+00
0.000000000000000000e+00
0.000000000000000000e+00
0.000000000000000000e+00
0.000000000000000000e+00
0.000000000000000000e+00
0.000000000000000000e+00
0.000000000000000000e+00
5.992724487842236714e-02
9.203758099007107729e-01
9.190133067226342600e-01
9.084354801412777292e-01
9.144828608847597184e-01
9.296338324132834563e-01
9.174185664795593276e-01
5.478251263535538484e-02
5.180042650220317846e-02
6.297428014604067315e-02
1.047263871999151164e-01
3.315452453947465017e-02
5.115730752974334550e-02
5.325113049646312824e-02
1.230813359018987363e-01
2.816754618843750890e-01
6.351829542683606888e-02
6.154836256118945137e-02
1.245176666039116142e-01
7.438940788888870337e-02
2.849269343619464934e-02
9.225582532419474013e-02
3.363854114614350799e-02
1.123375412172036292e-01
3.637119461358473416e-02
4.498100952678329989e-02
3.858959023160268842e-02
8.752721049605383108e-02
8.676623986498068763e-01
8.654443979907505691e-01
8.469827030874309548e-01
8.604129092800184564e-01
8.950663829023417506e-01
8.629415481251865305e-01
4.536630728644197585e-02
4.043148058549927981e-02
5.259646039617027480e-02
9.453932646562579478e-02
2.633935666228792716e-02
4.010332715865172482e-02
4.241973854509561992e-02
1.066451167198716465e-01
2.638961267866606342e-01
5.636519296851427718e-02
4.960294021357380956e-02
1.047271209793271263e-01
5.683590142616612439e-02
2.450799039362827614e-02
6.946336541472897252e-02
2.591522981096716638e-02
8.962591994839441689e-02
2.864021759885182483e-02
3.657634900192363592e-02
3.000043608564351150e-02
6.427844268770671610e-02
9.446922390722568563e-01
9.379775280898877687e-01
9.455535390199636403e-01
9.501661129568105268e-01
8.750000000000000000e-01
9.393288388652407672e-01
9.283088235294112422e-01
2.048991544105538409e-02
9.650943994587621866e-01
9.793148028442146824e-01
8.825283491539277492e-01
8.558139534883721922e-01
2.291434927697437729e-01
9.493846153846154934e-01
9.440670089381220098e-01
8.933602405824627724e-01
1.229779148308587367e-01
9.631153946340198502e-01
2.632954776496543303e-02
9.166666666666669627e-01
3.313731093123051252e-02
8.985507246376833734e-02
9.243863605424058605e-01
9.131545338441879878e-01
1.107862248213122847e-01
9.609900457358078185e-01
1.251327668613916311e-02
