9.395739963585818533e-01
9.398565901824695867e-01
9.392955357005434713e-01
9.403609868306233022e-01
9.285436902973155382e-01
9.396080128739924264e-01
8.616495125018399648e-01
3.441298361966849129e-02
9.370857478602943047e-01
9.816387535641928341e-01
8.066111356078478067e-01
3.863418298631788872e-01
2.041250241143961475e-01
9.684757388538498546e-01
9.600413486771732785e-01
8.900269985161335384e-01
4.048277219481288824e-02
8.848974816600714277e-01
3.441750834070500531e-02
9.045747755257020906e-01
4.405922358216640689e-02
1.286231491237259661e-01
9.842296983601865890e-01
8.913590944582372444e-01
1.026028351968077956e-01
7.444769282499361651e-01
2.968170218044846598e-02
7.165107974834211690e-01
7.165593587806320386e-01
7.157452605290044456e-01
7.115432251672033637e-01
8.644067796610168664e-01
7.156150577472650820e-01
4.944362533730213283e-01
3.478929658708540540e-01
4.483471074380174226e-02
1.264705882352941124e-01
5.316697577699092125e-02
9.347853573786762960e-02
9.736540664375703535e-02
3.905817174515235912e-01
1.319808701018204133e-01
3.249746192893401275e-01
2.465483234714005434e-02
3.308169920042882683e-01
3.261515227787565863e-01
5.331156716417910779e-01
0.000000000000000000e+00
4.968944099378882484e-01
1.135563905290151165e-01
6.680584551148216477e-02
4.884792626728118314e-02
2.760942760942763918e-02
0.000000000000000000e+00
7.421875000000000000e-01
6.875000000000000000e-01
7.457627118644067910e-01
8.666666666666666963e-01
1.000000000000000000e+00
7.673381752109657006e-01
0.000000000000000000e+00
0.000000000000000000e+00
0.000000000000000000e+00
0.000000000000000000e+00
0.000000000000000000e+00
0.000000000000000000e+00
0.000000000000000000e+00
0.000000000000000000e+00
0.000000000000000000e+00
0.000000000000000000e+00
0.000000000000000000e+00
0.000000000000000000e+00
0.000000000000000000e+00
0.000000000000000000e+00
0.000000000000000000e+00
0.000000000000000000e+00
0.000000000000000000e+00
0.000000000000000000e+00
0.000000000000000000e+00
0.000000000000000000e+00
5.965313512483323699e-02
9.111410221708199364e-01
9.096850385298118624e-01
8.989087266006272614e-01
9.032699177571423821e-01
9.266022355562667512e-01
9.077537146808583035e-01
8.738870603586379460e-02
5.265158289727733809e-02
6.440468365583074117e-02
5.180359956332658555e-02
4.375989974424876472e-02
5.118528813717593273e-02
5.808420388011636959e-02
1.542549333391107780e-01
1.907764658884314457e-01
5.454454020368837419e-02
4.624062873513556937e-02
1.167322457199491126e-01
8.066062123002581963e-02
3.120503525594964245e-02
9.139604002460655074e-02
5.864046379569165524e-02
1.020177269427384736e-01
3.436000420497231644e-02
4.329086094567280441e-02
3.990168605842625560e-02
8.682225819878941486e-02
8.529041808460807728e-01
8.505522872908565235e-01
8.317736533707142943e-01
8.428602634140888172e-01
8.906630944288131957e-01
8.475420951823915416e-01
7.288618936196922249e-02
4.110620173770651586e-02
5.380734312196600033e-02
4.646662381524913066e-02
3.486338392753818294e-02
4.012558791728315644e-02
4.633006640675341181e-02
1.343880864507378536e-01
1.772108629303463800e-01
4.834315551174817038e-02
3.711977149074618954e-02
9.801410861975490274e-02
6.175626504920439519e-02
2.685319509903405510e-02
6.879460913645096820e-02
4.552511902868272564e-02
8.115270832384935407e-02
2.704127806743683582e-02
3.518768785104209318e-02
3.103261031051818275e-02
6.374292141025061920e-02
9.206066012488850481e-01
9.177528089887642126e-01
9.255898366606170047e-01
9.302325581395348708e-01
8.750000000000000000e-01
9.166886123619857329e-01
8.668464614773743193e-01
1.499202551834122321e-02
9.636363114723525136e-01
9.793148028442146824e-01
8.565006051989474400e-01
8.205108798486282495e-01
1.894736842105260166e-01
9.542103641468431263e-01
9.599425293263881276e-01
8.877400113350155664e-01
9.310946903667627339e-02
9.578089126902313843e-01
2.632954776496543303e-02
9.004149377593364534e-01
3.639654579017204128e-02
1.050847457627126502e-01
9.428962996802194851e-01
9.089001543601362698e-01
1.107862248213122847e-01
9.223907225691334588e-01
1.765422077922079724e-02
