4.808574215496369542e-02
4.884854042791220152e-02
4.556235019094162508e-02
5.987968087071365852e-02
7.763852589611464072e-02
4.941146488655429048e-02
3.018431366054867837e-01
9.656526918772885271e-01
4.633372318571193915e-02
3.742479000389908883e-02
1.399459094763884082e-01
3.891993277215917146e-01
8.530089299329786101e-01
3.409268732496206766e-02
6.647455832218973626e-02
1.186457750648539644e-01
5.575600898960040297e-01
7.985997156480140191e-02
7.489427208356023158e-01
1.355893901049389783e-01
9.998603031493293880e-01
8.491281345901171562e-01
1.386833262906552733e-01
4.560198108356505742e-02
6.541743331633220748e-01
4.861224803911152748e-01
8.300908109543423397e-01
1.615371535453154206e-02
1.772222587215032535e-02
1.640367805653308864e-02
2.539014119395591185e-02
8.474576271186445853e-03
1.766574230416545488e-02
2.973674785100286488e-01
3.105485232067510815e-01
1.379268879268878978e-01
3.003676470588234615e-01
1.435508345978756539e-01
2.458574151936737673e-02
3.794387170675832532e-01
2.677345537757438443e-01
2.070734341252699617e-01
1.611444393170280431e-01
4.911242603550296515e-01
3.072866309220356751e-01
3.236009732360095592e-02
4.975961538461539657e-01
3.648648648648649129e-01
7.308970099667777554e-01
3.890160183066360133e-01
7.113919765276759399e-01
1.242490842490844294e-01
4.104104104104105977e-01
0.000000000000000000e+00
7.968750000000000000e-01
8.088235294117647189e-01
8.813559322033898136e-01
9.000000000000000222e-01
1.000000000000000000e+00
8.838294333478290410e-01
0.000000000000000000e+00
0.000000000000000000e+00
0.000000000000000000e+00
0.000000000000000000e+00
0.000000000000000000e+00
0.000000000000000000e+00
0.000000000000000000e+00
0.000000000000000000e+00
0.000000000000000000e+00
0.000000000000000000e+00
9.000000000000000222e-01
0.000000000000000000e+00
0.000000000000000000e+00
0.000000000000000000e+00
0.000000000000000000e+00
0.000000000000000000e+00
0.000000000000000000e+00
0.000000000000000000e+00
0.000000000000000000e+00
0.000000000000000000e+00
0.000000000000000000e+00
3.009157281186528032e-02
3.051209470945062674e-02
2.756719967588489029e-02
3.808957670787369021e-02
6.011240671752160480e-02
3.080765764628271008e-02
7.479447586704073281e-01
8.976441072949914446e-01
7.184539390158199978e-01
3.837359396285222601e-01
6.796394010315869316e-01
7.593174393344399586e-01
8.838855819129671776e-01
6.619108949644374462e-01
4.686335855768986036e-01
6.621327317536049861e-01
8.581079777443108014e-01
7.760857964021319333e-01
9.056884349040650317e-01
6.762964973977303451e-01
9.246509981229444897e-01
8.843541189757182508e-01
8.344554980634499852e-01
7.422029894496229296e-01
7.818855485068620936e-01
8.540052928406856037e-01
9.709085530471277536e-01
9.097992119881600365e-03
9.221305906912696804e-03
7.762308771922191847e-03
1.275766159677717282e-02
3.025641159307022876e-02
9.337657827552317547e-03
7.136626536112632424e-01
8.763772094998379947e-01
6.828793586776328306e-01
3.580416682774600901e-01
6.333486389840210506e-01
7.176990957984002995e-01
8.618358738308358191e-01
6.278323444370668138e-01
4.467522760855668906e-01
6.352305506942117486e-01
8.329269745818055348e-01
7.445378724081636035e-01
8.839129296870367192e-01
6.447826867152590680e-01
9.056887739242939217e-01
8.600554121856081036e-01
8.029929919874713162e-01
6.999976285001787701e-01
7.485193600730507546e-01
8.251404575696866806e-01
9.626864942199715447e-01
7.582515611061552141e-02
7.640449438202248644e-02
7.259528130671508150e-02
8.637873754152819439e-02
1.250000000000000000e-01
7.689969203296873057e-02
2.495615652803166995e-01
9.593855218855218414e-01
1.688951442646002832e-02
3.580290677064867921e-02
1.819943895145570423e-01
2.867839283300845921e-01
7.555555555555564240e-01
5.685618729096963975e-02
8.336174639441495948e-02
1.534824513547916602e-01
1.752308845902170731e-01
9.390997352162422374e-02
6.459380173690787430e-01
1.333333333333337478e-01
1.000000000000000000e+00
8.632911392405073769e-01
1.534776687174188581e-01
6.305114638447939512e-02
7.074448185559294444e-01
2.276029055690065306e-01
6.893552875695733162e-01
