9.576746382821834658e-01
9.572281264829596292e-01
9.564666444731568795e-01
9.586097969938058849e-01
9.536481494063512310e-01
9.575200727506013587e-01
8.856887506100079577e-01
3.824334776631888033e-02
9.367275957202858550e-01
9.685899884456870002e-01
9.548372350257308128e-01
4.497380931572649843e-01
1.534055697955425401e-01
9.501665967486490061e-01
9.489662844331347991e-01
9.070570027990765283e-01
4.520833980665894813e-02
8.803390771288830408e-01
9.672449612883582404e-02
9.435517185471149482e-01
2.570759985210280263e-02
1.714857493173269631e-01
8.528277112383735314e-01
9.413983619200418929e-01
8.284523266566967692e-02
8.992044265050633811e-01
2.035598288102136166e-02
3.081108654990648565e-01
3.010807437093488970e-01
2.933363605403565000e-01
3.038147138964577554e-01
2.881355932203389925e-01
3.051711734611231019e-01
8.911174785100286488e-01
3.478929658708540540e-01
4.483471074380174226e-02
1.264705882352941124e-01
5.316697577699092125e-02
8.311705948740527594e-02
4.050817452879307279e-01
5.359729599227436303e-02
1.735214374339414389e-01
3.249746192893401275e-01
7.766272189349110455e-02
5.148606162230142669e-01
3.261515227787565863e-01
5.331156716417910779e-01
0.000000000000000000e+00
3.174603174603172207e-01
9.999999999999997780e-01
5.587397988233060442e-01
4.164285714285715923e-01
1.615445232466509173e-01
0.000000000000000000e+00
6.640625000000000000e-01
6.360294117647058432e-01
6.779661016949152241e-01
8.666666666666666963e-01
1.000000000000000000e+00
7.295751316421625887e-01
0.000000000000000000e+00
0.000000000000000000e+00
0.000000000000000000e+00
0.000000000000000000e+00
0.000000000000000000e+00
0.000000000000000000e+00
0.000000000000000000e+00
0.000000000000000000e+00
0.000000000000000000e+00
0.000000000000000000e+00
7.632508833922261315e-01
0.000000000000000000e+00
0.000000000000000000e+00
0.000000000000000000e+00
0.000000000000000000e+00
0.000000000000000000e+00
0.000000000000000000e+00
0.000000000000000000e+00
0.000000000000000000e+00
0.000000000000000000e+00
0.000000000000000000e+00
8.672838023503507410e-01
8.617904765586645865e-01
8.413156691659970932e-01
8.625479380242111471e-01
9.154170732444578684e-01
8.618066567476023732e-01
1.305797193457207683e-01
3.647556671177398790e-02
6.469206142229078083e-02
9.342727265955819149e-02
5.260528722474111518e-02
6.931313989872567305e-02
2.937865449080967473e-02
1.189127746054086110e-01
3.038471007521348355e-01
3.930825394915560267e-02
6.500370331644722555e-02
1.677425558027518804e-01
1.021749913901637274e-01
3.227083760810245394e-02
7.401837604092054157e-02
7.930050567210011891e-02
9.229084894487926682e-02
1.745797133140225554e-02
7.218477497288233735e-02
8.664598894426100983e-02
6.551461134157432475e-02
7.844903363137075702e-01
7.760636015609330141e-01
7.426847170438399814e-01
7.805766522312201916e-01
8.745010671281059356e-01
7.761698716193347058e-01
1.099350599045495480e-01
2.834067287649533196e-02
5.405070449260918064e-02
8.422461407127634914e-02
4.200940706592293239e-02
5.462266118746095245e-02
2.325229631521086304e-02
1.029577372108216871e-01
2.852602620151136747e-01
3.476712194765196884e-02
5.243411366607708679e-02
1.423982528231276801e-01
7.878873137565822748e-02
2.777531225359730627e-02
5.536420943425957031e-02
6.195365460669566282e-02
7.321074549350947702e-02
1.367431262565943495e-02
5.908131240670599915e-02
6.832457390307489220e-02
4.769297348931761382e-02
9.330954504906333602e-01
9.231460674157304647e-01
9.274047186932847797e-01
9.401993355481726988e-01
8.750000000000000000e-01
9.246901135384693049e-01
8.893758191349938613e-01
2.941811275144601279e-02
9.672532413223917658e-01
9.793148028442146824e-01
9.719177503386804418e-01
9.135888501742179812e-01
8.333333333333214910e-02
9.502167832167831563e-01
9.380461734219347480e-01
8.973321716040159046e-01
1.229779148308587367e-01
9.404040404040405754e-01
9.002761473361253763e-02
9.495798319327737325e-01
2.390341331478018638e-02
1.050847457627126502e-01
8.910041210251939958e-01
9.800993556637642712e-01
1.107862248213122847e-01
9.707037826916593559e-01
1.713236645430044058e-02
