4.523655801039860869e-02
4.586884065863222615e-02
4.330694791410721889e-02
5.608387386070518010e-02
6.863959574754519011e-02
4.650051826242346253e-02
3.444456677622325103e-01
9.177693392061512245e-01
3.678818443379938685e-02
4.850401327304121324e-02
1.230960098656810331e-01
4.338523041949873260e-01
7.636377708600852188e-01
5.805434309023560502e-02
3.713163685733888997e-02
6.621357643220804334e-02
5.539650693820075134e-01
7.308751437412697172e-02
9.327946949125607290e-01
1.795442623120000469e-01
9.672751286761649414e-01
8.682628306567785614e-01
1.615395316541876625e-01
5.264087651389903755e-02
7.216970764370946867e-01
4.198594474036294599e-01
8.315350799391008074e-01
1.006631525250808318e-02
1.064319032915051616e-02
1.174934725848563594e-02
1.300470646519692741e-02
8.474576271186445853e-03
1.079015196251436465e-02
2.662013046393953974e-01
1.901317489020926121e-01
9.251606978879711729e-02
4.742647058823528106e-01
1.226930210238252883e-01
5.430514774940435885e-01
2.384020618556701443e-01
3.157894736842106198e-01
2.238631720273187575e-02
2.171547572562801953e-01
7.912304657866788826e-01
2.877136487490712380e-01
2.910630731798615756e-01
1.848214285714286920e-01
4.125000000000000888e-01
7.373271889400920820e-01
1.496511003757381442e-01
2.672233820459288811e-01
2.355555555555555181e-01
4.041218637992830542e-01
0.000000000000000000e+00
7.421875000000000000e-01
7.426470588235293269e-01
8.813559322033898136e-01
8.000000000000000444e-01
1.000000000000000000e+00
8.305308744210233574e-01
0.000000000000000000e+00
0.000000000000000000e+00
0.000000000000000000e+00
0.000000000000000000e+00
0.000000000000000000e+00
0.000000000000000000e+00
0.000000000000000000e+00
0.000000000000000000e+00
0.000000000000000000e+00
0.000000000000000000e+00
7.854545454545454053e-01
0.000000000000000000e+00
0.000000000000000000e+00
0.000000000000000000e+00
0.000000000000000000e+00
0.000000000000000000e+00
0.000000000000000000e+00
0.000000000000000000e+00
0.000000000000000000e+00
0.000000000000000000e+00
7.805486284289276933e-01
2.498039953021566340e-02
2.551354227744176417e-02
2.369726170794775322e-02
3.210674638404939496e-02
4.448722779297586971e-02
2.584909852337716196e-02
7.588400018028891303e-01
8.614235308662678836e-01
5.900069715667992654e-01
3.516128148936354947e-01
7.119734182386689980e-01
7.886158783179160192e-01
8.287156854016448637e-01
7.481529682233407641e-01
2.726165821183244020e-01
6.638687818341537650e-01
8.416646364065627495e-01
7.857352369973717998e-01
9.683131708679197924e-01
6.788061200329416067e-01
9.296987464035870730e-01
8.883033243020697078e-01
7.990087933766203410e-01
7.884373876330856845e-01
8.604932824015270043e-01
7.785388199887199878e-01
9.416340139188603686e-01
7.460822195845501908e-03
7.618863754174406977e-03
6.604868487595606102e-03
1.062097219201471598e-02
2.202445530619227820e-02
7.742576976352187612e-03
7.255619637550120293e-01
8.337927389844513870e-01
5.474642749166999112e-01
3.268422388038141335e-01
6.683747689711461160e-01
7.506533899621564698e-01
7.982196208938416859e-01
7.194598565139500579e-01
2.551920364565236632e-01
6.370346586175641423e-01
8.141039446774946953e-01
7.551715043416181716e-01
9.604911478989184292e-01
6.474205951783076340e-01
9.119102497967047638e-01
8.647295932875169733e-01
7.624321383111524186e-01
7.516437121192880433e-01
8.370066053940402595e-01
7.386226106235972422e-01
9.256355275695677953e-01
7.225691347011597987e-02
7.325842696629217277e-02
6.896551724137930939e-02
7.973421926910295721e-02
1.250000000000000000e-01
7.343451848064844190e-02
2.528371161548719215e-01
9.593855218855218414e-01
6.920581521086122123e-02
4.825609173435263521e-02
1.200524393990765049e-01
3.504761904761899416e-01
7.555555555555564240e-01
5.685618729096963975e-02
6.460002342073600801e-02
7.514245014245002352e-02
1.229779148308587367e-01
7.885375494071134028e-02
8.544044183573786810e-01
1.685393258426968188e-01
9.552190064089480792e-01
8.857142857142852321e-01
2.201573907272216246e-01
0.000000000000000000e+00
7.074448185559294444e-01
2.276029055690065306e-01
7.018327067669172248e-01
