4.532506361656302163e-02
4.581521347219158491e-02
4.281892137742265847e-02
5.558614545653906003e-02
7.212181932696382081e-02
4.635340813448973751e-02
3.719381889534973951e-01
9.228824723860011847e-01
2.808184549555470255e-02
2.501937341512405766e-02
2.036401185143530412e-01
3.478761739794045127e-01
7.505948910915547501e-01
4.171148555480064246e-02
7.436439824391127829e-02
5.236633736446716370e-02
5.781196700310680114e-01
5.968463825004421963e-02
9.203412873899363689e-01
1.262033498957322308e-01
9.580000457820572191e-01
8.674057631985494510e-01
2.113918713099378621e-01
1.306315763899252858e-01
7.768517412133766342e-01
3.228940555146486702e-01
8.354092406359510115e-01
3.706852576092503626e-03
4.943827606596153112e-03
5.789533431717557022e-03
4.211047807778055263e-03
1.016949152542372947e-01
4.067936148896167392e-03
4.229226361031519499e-01
3.105485232067510815e-01
3.627104377104376498e-01
3.719723183391001609e-01
1.007374277879828361e-01
2.353857104724621507e-02
8.153701968134958733e-01
1.902834008097167295e-01
2.149189258889139809e-01
1.497673434856174879e-01
6.960880999342538011e-01
7.041192498797883559e-01
5.066289289438402621e-02
1.668432203389831336e-01
4.628571428571430779e-01
1.904761904761906877e-01
3.120772946859904362e-01
3.261697163207661898e-01
1.242490842490844294e-01
4.104104104104105977e-01
0.000000000000000000e+00
8.281250000000000000e-01
7.830882352941176405e-01
9.152542372881354860e-01
9.333333333333332371e-01
1.000000000000000000e+00
8.834065517918524568e-01
0.000000000000000000e+00
0.000000000000000000e+00
0.000000000000000000e+00
0.000000000000000000e+00
0.000000000000000000e+00
0.000000000000000000e+00
0.000000000000000000e+00
0.000000000000000000e+00
0.000000000000000000e+00
0.000000000000000000e+00
7.912087912087911734e-01
0.000000000000000000e+00
0.000000000000000000e+00
0.000000000000000000e+00
0.000000000000000000e+00
0.000000000000000000e+00
0.000000000000000000e+00
0.000000000000000000e+00
0.000000000000000000e+00
0.000000000000000000e+00
8.067010309278350721e-01
2.609556018025352420e-02
2.596601035578408045e-02
2.356034823180572224e-02
3.144441693978852759e-02
5.331070828459311128e-02
2.634822532099276304e-02
7.450234826560047097e-01
8.708976806990775810e-01
6.461340499205143750e-01
3.508818777560875901e-01
6.762045020359637171e-01
7.358548880790356517e-01
8.671218177383221981e-01
7.878553606365494844e-01
4.582822247931677140e-01
6.010939694472643424e-01
8.610553223041468307e-01
7.736407352272363092e-01
9.421887631586114420e-01
6.537426989792285426e-01
8.998025925032027139e-01
9.058565189911327309e-01
7.666129093568525565e-01
8.264685118390131535e-01
8.493083871813733587e-01
8.025014919058237606e-01
9.626029725468852050e-01
7.814816139694220204e-03
7.762436052467451553e-03
6.564325018077337565e-03
1.038747294881643690e-02
2.664129660066029415e-02
7.901536754214753822e-03
7.104795027659159823e-01
8.448728275460851700e-01
6.059223156979774982e-01
3.261349288378498912e-01
6.296538735555383681e-01
6.915907970487119583e-01
8.423673018987074546e-01
7.624029474025459940e-01
4.364673915774002211e-01
5.722596778306241472e-01
8.363126797655067168e-01
7.418487966203771711e-01
9.283028435312024040e-01
6.211573650432031801e-01
8.752646776307865251e-01
8.855947921963716052e-01
7.258628421926104357e-01
7.948332345433390955e-01
8.242684367661622380e-01
7.658086729967873429e-01
9.521239394589737781e-01
7.136485280999110836e-02
7.235955056179774192e-02
6.896551724137930939e-02
7.973421926910295721e-02
1.250000000000000000e-01
7.203156517806111325e-02
3.574150696864109022e-01
9.364714080502807292e-01
4.273250638020043013e-02
2.361468318915127540e-02
2.452684245787590811e-01
3.504761904761899416e-01
7.555555555555564240e-01
5.685618729096963975e-02
9.288262073926700779e-02
1.095534787123573217e-01
2.493718828514648322e-01
8.786997885835079458e-02
8.493085729998863798e-01
1.333333333333337478e-01
9.483557023224951088e-01
8.378378378378377178e-01
2.881072026800666208e-01
9.053497942386812269e-02
8.491512345679010920e-01
2.276029055690065306e-01
7.018327067669172248e-01
