4.274606922336826598e-02
4.314037378082863361e-02
4.025873136598007163e-02
5.224102129655494586e-02
7.011988153620374309e-02
4.369927295311304416e-02
3.229418900001457260e-01
9.634951408804590667e-01
3.836049380679495968e-02
2.148641260245076623e-02
1.255231581291846865e-01
3.970879266268081409e-01
7.549628335038898186e-01
7.473482580449042345e-02
7.428665152261793025e-02
9.313230730978361294e-02
5.625208342272403073e-01
7.767777997860392247e-02
7.468237524814025363e-01
1.408672148632192922e-01
9.474960705280668360e-01
8.321482392387480331e-01
2.476628181863498313e-01
1.205615172731588913e-01
8.735934684418369400e-01
6.172933870708110504e-01
8.388373060883158594e-01
3.842883863288557023e-03
3.991196373431447897e-03
2.667726189124752789e-03
9.908347783007184773e-04
2.542372881355933756e-02
2.773665101608265016e-03
4.866966844044207097e-01
3.105485232067510815e-01
2.729320229320230107e-01
3.583333333333331705e-01
4.210082616759399654e-01
2.435675667188308968e-01
5.557345360824741398e-01
1.578947368421055319e-01
7.921312240966671414e-02
1.497673434856174879e-01
3.345471096950387579e-01
3.206387427919652477e-01
4.333941605839441991e-03
2.316176470588238168e-01
2.932330827067666235e-01
4.761904761904762751e-01
5.500505561172901459e-01
5.587397988233060442e-01
5.760224089635856970e-01
5.030092592592593226e-01
0.000000000000000000e+00
7.812500000000000000e-01
7.904411764705882026e-01
8.983050847457626498e-01
8.666666666666666963e-01
0.000000000000000000e+00
8.494206467649820791e-01
0.000000000000000000e+00
0.000000000000000000e+00
0.000000000000000000e+00
0.000000000000000000e+00
0.000000000000000000e+00
0.000000000000000000e+00
0.000000000000000000e+00
0.000000000000000000e+00
0.000000000000000000e+00
0.000000000000000000e+00
0.000000000000000000e+00
0.000000000000000000e+00
0.000000000000000000e+00
0.000000000000000000e+00
0.000000000000000000e+00
0.000000000000000000e+00
0.000000000000000000e+00
0.000000000000000000e+00
0.000000000000000000e+00
0.000000000000000000e+00
9.343283582089552119e-01
2.228963698841660013e-02
2.213718813444595646e-02
2.025276268078776698e-02
2.711434801185216847e-02
4.785180888977053071e-02
2.265780112718004946e-02
7.786458117042345251e-01
9.095710647177599473e-01
6.353796046913053885e-01
3.210713230419344200e-01
6.875070954010031876e-01
8.319478987988067065e-01
9.060190181625442651e-01
6.567342278623398144e-01
4.937228035046485886e-01
6.770559560124613796e-01
7.899718145610834519e-01
7.824468345898321076e-01
8.915572862306364588e-01
7.307466238383533153e-01
8.804738349248686369e-01
8.888691454675488046e-01
8.155865776338335760e-01
7.596205883418476468e-01
9.359528224333244495e-01
8.658444503916744583e-01
9.368746699468193384e-01
6.614039182967063751e-03
6.556819861390811299e-03
5.593284059155018140e-03
8.875886069196682604e-03
2.377524953747535419e-02
6.734694675072615266e-03
7.473035796840351574e-01
8.905326333429365304e-01
5.946354204132614507e-01
2.973869081616533627e-01
6.418304679363704413e-01
8.001090857387910260e-01
8.877254704955874764e-01
6.224044841096787462e-01
4.717585043127177080e-01
6.507624708001802372e-01
7.556585304464271680e-01
7.515439050213091887e-01
8.669097169134514225e-01
7.024232907370244750e-01
8.518311734071476460e-01
8.653998921005510159e-01
7.813304736815577245e-01
7.193432245535094083e-01
9.242245802645302488e-01
8.389526468246705226e-01
9.196590728918263569e-01
7.136485280999110836e-02
7.101123595505617891e-02
6.715063520871142333e-02
7.973421926910295721e-02
1.250000000000000000e-01
7.211136037703055890e-02
3.357712765957439061e-01
9.593855218855218414e-01
4.273250638020043013e-02
3.580290677064867921e-02
1.047701734913202287e-01
2.606847697756791149e-01
6.373626373626386510e-01
1.162393162393162704e-01
9.288262073926700779e-02
1.195036556482338419e-01
3.356032815944942627e-01
1.014930325149303592e-01
7.603272732959922564e-01
1.074380165289259281e-01
9.552190064089480792e-01
8.378378378378377178e-01
2.881072026800666208e-01
1.059259259259253128e-01
8.491512345679010920e-01
2.276029055690065306e-01
7.146428571428571352e-01
