4.303776710476037159e-02
4.353141786765374333e-02
4.068794817956483678e-02
5.267671500991433220e-02
6.904352292134285918e-02
4.402558467806283460e-02
3.401331199992982945e-01
9.483659974940852333e-01
4.679790367534764073e-02
3.577633200903229671e-02
1.157705715924572942e-01
4.064200862638394085e-01
6.482556028570529705e-01
6.025386017272582606e-02
6.641285461378121369e-02
6.527809586002941700e-02
5.972009143671082043e-01
7.002492133401094776e-03
8.407374157255329550e-01
1.244891629216100526e-01
9.637050018406150276e-01
8.155694849194432550e-01
2.614486421675881189e-01
1.826760749858715727e-01
7.362446979883614517e-01
5.793566143965360737e-01
8.403531389177991695e-01
4.965141982656011421e-03
4.943827606596153112e-03
5.108411851515490265e-03
7.555115184542979256e-03
2.542372881355933756e-02
5.383245190788789325e-03
1.608944811261989738e-01
3.105485232067510815e-01
1.379268879268878978e-01
3.719723183391001609e-01
9.425054796830217851e-02
9.428802606993502700e-02
1.779577810505645896e-01
4.310099573257470951e-01
8.191916075285404775e-02
2.123413705583756528e-01
4.008398549341476436e-01
2.202955990421930910e-01
3.083099382369455244e-01
3.786057692307693845e-01
3.648648648648649129e-01
3.861003861003862170e-01
4.948067632850241537e-01
4.619147032508199580e-01
9.085714285714296956e-02
6.367980884109917250e-01
0.000000000000000000e+00
7.968750000000000000e-01
7.941176470588234837e-01
8.983050847457626498e-01
8.000000000000000444e-01
1.000000000000000000e+00
8.612858879715007410e-01
0.000000000000000000e+00
0.000000000000000000e+00
0.000000000000000000e+00
0.000000000000000000e+00
0.000000000000000000e+00
0.000000000000000000e+00
0.000000000000000000e+00
0.000000000000000000e+00
0.000000000000000000e+00
0.000000000000000000e+00
8.275862068965517127e-01
0.000000000000000000e+00
0.000000000000000000e+00
0.000000000000000000e+00
0.000000000000000000e+00
0.000000000000000000e+00
0.000000000000000000e+00
0.000000000000000000e+00
0.000000000000000000e+00
0.000000000000000000e+00
8.942857142857142394e-01
2.321936992903878005e-02
2.301185550983603223e-02
2.101387696769010938e-02
2.811112647535271569e-02
4.208031284254970528e-02
2.343799971134219451e-02
7.354562414136522897e-01
9.128581866053198102e-01
6.511970355055041182e-01
3.081404251305093211e-01
7.222769277488678696e-01
7.289481831743704898e-01
8.211508779295442206e-01
7.397641390299325437e-01
5.045157134625224415e-01
5.915709375201227971e-01
8.522325207889793752e-01
7.169387847664090430e-01
9.017109144254404907e-01
7.131538213561565698e-01
8.707228256816335055e-01
9.119940937503092648e-01
8.383773581042832657e-01
7.917812402705424191e-01
8.598495799723924193e-01
8.497822429591670446e-01
9.505300727008623163e-01
6.905448450562377133e-03
6.830374613775863635e-03
5.815300102493835277e-03
9.221554979384469219e-03
2.077933321579657211e-02
6.979745999867059680e-03
7.000763428710642389e-01
8.944455061060462286e-01
6.112500527692587005e-01
2.849769549667269253e-01
6.796295446121638495e-01
6.839530259820417735e-01
7.895986218042267968e-01
7.104477263453052860e-01
4.825497437077532759e-01
5.625160110233504707e-01
8.261883774457368101e-01
6.800968991656314300e-01
8.791167082755619866e-01
6.837063053100354004e-01
8.400865681926629192e-01
8.929249745401748317e-01
8.075158522779452008e-01
7.554155273793805581e-01
8.362721828950704372e-01
8.202293272802841928e-01
9.368419445116706878e-01
7.225691347011597987e-02
7.370786516853936043e-02
6.715063520871142333e-02
7.973421926910295721e-02
1.250000000000000000e-01
7.292174825912908775e-02
3.056900726392246526e-01
9.593855218855218414e-01
5.368735824798109846e-02
3.580290677064867921e-02
2.103019937797050432e-01
3.504761904761899416e-01
7.555555555555564240e-01
8.029689608636969567e-02
5.351853792166227919e-02
7.514245014245002352e-02
2.493718828514648322e-01
3.454545454545465688e-02
8.188520088865054447e-01
1.125827814569544394e-01
9.552190064089480792e-01
7.750000000000003553e-01
2.881072026800666208e-01
1.604938271604936517e-01
7.596340517460102859e-01
2.276029055690065306e-01
7.146428571428571352e-01
