4.500301702259951186e-02
4.585370934843308044e-02
4.303714596926971891e-02
5.609635151646269469e-02
7.277990966584058086e-02
4.633844210791032703e-02
3.275886922494049003e-01
9.632648563638526173e-01
1.801103815530114005e-02
6.761611908407272331e-02
1.389334016240946212e-01
4.931145736489899178e-01
7.755942216316489279e-01
1.055298398265724913e-02
7.541179776486384156e-02
9.378157798726416416e-02
5.731677717006764539e-01
9.181415716124474713e-02
8.711468845034744390e-01
1.476925212414048616e-01
9.726574698754928416e-01
8.747617450642053427e-01
1.743786214000619950e-01
6.381721567871956324e-02
6.969537200435036439e-01
7.607353726270993377e-02
8.335032824025179199e-01
4.795102873660944676e-03
5.190197753104267009e-03
5.278692246566012158e-03
5.945008669804310864e-03
1.186440677966101864e-01
4.271418962554590637e-03
4.229226361031519499e-01
7.618596947829181509e-02
1.540404040404040886e-01
3.719723183391001609e-01
1.687742370595178842e-01
2.159323459706055659e-01
1.637355973317162761e-01
1.270860077021824797e-01
1.609639649880640899e-01
1.969543147208121514e-01
4.142011834319527797e-01
3.913072373230546130e-01
1.688352903840051322e-01
2.316176470588238168e-01
3.648648648648649129e-01
2.132196162046908761e-01
3.120772946859904362e-01
4.676409185803758195e-01
9.085714285714296956e-02
5.230452674897120291e-01
0.000000000000000000e+00
7.968750000000000000e-01
7.610294117647058432e-01
8.813559322033898136e-01
8.333333333333333703e-01
1.000000000000000000e+00
8.885598273409468506e-01
0.000000000000000000e+00
0.000000000000000000e+00
0.000000000000000000e+00
0.000000000000000000e+00
0.000000000000000000e+00
0.000000000000000000e+00
0.000000000000000000e+00
0.000000000000000000e+00
0.000000000000000000e+00
0.000000000000000000e+00
7.448275862068964859e-01
0.000000000000000000e+00
0.000000000000000000e+00
0.000000000000000000e+00
0.000000000000000000e+00
0.000000000000000000e+00
0.000000000000000000e+00
0.000000000000000000e+00
0.000000000000000000e+00
0.000000000000000000e+00
0.000000000000000000e+00
2.561211399037524594e-02
2.588111579700239084e-02
2.342618745618127440e-02
3.163983443870679868e-02
4.261813069494113648e-02
2.598156950602306670e-02
7.561555832969637514e-01
8.859074805640279049e-01
6.327713293646239912e-01
5.156245065751328127e-01
7.221503498607693139e-01
8.199593117202470527e-01
8.529346429795146012e-01
6.965134121714364746e-01
4.569090445114492027e-01
5.959728598308160485e-01
8.525355615121292807e-01
8.273490344168372701e-01
9.313601434234761722e-01
6.817627110614123964e-01
8.902604923224384237e-01
8.523788032416703686e-01
8.250164999873639271e-01
7.423689681568332865e-01
8.213220446417661691e-01
7.910135266647391195e-01
9.531602812283659354e-01
7.661132456661317452e-03
7.735475765679317162e-03
6.524623559243266507e-03
1.045630282719197529e-02
2.105702077335815103e-02
7.784730845506404595e-03
7.226261506427388293e-01
8.625119634619492492e-01
5.919041396952712253e-01
4.884880772311031016e-01
6.794910066123305281e-01
7.863407012126163442e-01
8.259853869606390564e-01
6.643235293603146907e-01
4.351044445535916516e-01
5.670172086761493535e-01
8.265355874499882294e-01
8.014169645268295339e-01
9.150627375276663145e-01
6.505306464285776080e-01
8.636707554950447951e-01
8.224831428386503163e-01
7.921362505329495596e-01
7.001813481911320913e-01
7.926100460291322092e-01
7.527422017607697802e-01
9.401640584997774663e-01
7.314897413024085138e-02
7.505617977528092344e-02
7.078039927404719545e-02
8.305647840531560355e-02
1.250000000000000000e-01
7.477003151975950002e-02
3.142586580086579318e-01
9.727343363706999479e-01
6.385962388982768800e-02
3.580290677064867921e-02
1.200524393990765049e-01
3.504761904761899416e-01
7.555555555555564240e-01
5.685618729096963975e-02
1.024987038275675388e-01
1.195036556482338419e-01
2.493718828514648322e-01
3.454545454545465688e-02
8.188520088865054447e-01
1.333333333333337478e-01
9.552190064089480792e-01
8.632911392405073769e-01
1.206030150753774066e-01
4.488386691776469206e-02
7.074448185559294444e-01
7.410327158060692199e-02
7.018327067669172248e-01
