4.113787051817296980e-02
4.157394765300187478e-02
3.874051428504166061e-02
5.022061490084378521e-02
6.732798946011053776e-02
4.204048959980472011e-02
3.524794330629301697e-01
9.353457449901696474e-01
7.876141116015755728e-02
5.147862227697941329e-02
2.349282848083360520e-01
2.550528424622573453e-01
6.592454900867652512e-01
6.266198074641415872e-02
8.428938767537497156e-02
1.199558343031457142e-01
6.424815188076218320e-01
1.359744612690194643e-01
7.669820060047607413e-01
0.000000000000000000e+00
9.380670477910346694e-01
8.196619303563945635e-01
1.031415874838170765e-01
4.923816441204742489e-02
7.002009857555941963e-01
6.073179294229174019e-01
8.463067119099487723e-01
4.795102873660944676e-03
5.190197753104267009e-03
5.221932114882504861e-03
1.238543472875898444e-02
5.084745762711864736e-02
4.271418962554590637e-03
2.402969523313360778e-01
4.285569620253164569e-01
3.044332210998877963e-01
4.742647058823528106e-01
1.007374277879828361e-01
1.264468692620663304e-01
1.637355973317162761e-01
3.157894736842106198e-01
1.720302375809935058e-01
2.391588107324147394e-01
7.912304657866788826e-01
4.423785863119091832e-01
1.100683582435402208e-02
1.848214285714286920e-01
2.614285714285715656e-01
4.511278195488719334e-01
2.859730848861281594e-01
5.210855949895616401e-01
4.351395730706077991e-01
4.104104104104105977e-01
0.000000000000000000e+00
8.125000000000000000e-01
7.977941176470587648e-01
8.813559322033898136e-01
8.000000000000000444e-01
1.000000000000000000e+00
8.790102886440244179e-01
0.000000000000000000e+00
0.000000000000000000e+00
0.000000000000000000e+00
0.000000000000000000e+00
0.000000000000000000e+00
0.000000000000000000e+00
0.000000000000000000e+00
0.000000000000000000e+00
0.000000000000000000e+00
0.000000000000000000e+00
7.912087912087911734e-01
0.000000000000000000e+00
0.000000000000000000e+00
0.000000000000000000e+00
0.000000000000000000e+00
0.000000000000000000e+00
0.000000000000000000e+00
0.000000000000000000e+00
0.000000000000000000e+00
0.000000000000000000e+00
8.892045454545455252e-01
2.230676741075890424e-02
2.244740584095342162e-02
2.021195101148892670e-02
2.741543975317170534e-02
4.298003558405583124e-02
2.265965902396022136e-02
8.103021621010686459e-01
8.952715508311885895e-01
6.900376790299174168e-01
3.930935123461933856e-01
7.243127425574353850e-01
7.982251367348134341e-01
8.310060246403920825e-01
7.409982195403652661e-01
6.269378236138143379e-01
6.982238929390272020e-01
8.921701312525245342e-01
7.890378747272843718e-01
9.068131676548258913e-01
6.458167930944180846e-01
8.718728068028682721e-01
9.238445789931999386e-01
7.940041790356733298e-01
7.488220354227643760e-01
8.976016516735740858e-01
8.583851191985243378e-01
9.590176095314140170e-01
6.619397182813676478e-03
6.653715318066438789e-03
5.581403527555546529e-03
8.980155674423832834e-03
2.124405254324583658e-02
6.735277179087527377e-03
7.823502446972657731e-01
8.735692106907994026e-01
6.524216359091344897e-01
3.671723396450690124e-01
6.818586557592185571e-01
7.615468319966213206e-01
8.008345845880338043e-01
7.117721560658207824e-01
6.063859467383587720e-01
6.728856864206369526e-01
8.722744018423049805e-01
7.588187591440699320e-01
8.852706313830678297e-01
6.128896777922103745e-01
8.414689712057964455e-01
9.071288036139222299e-01
7.567515808061237026e-01
7.073335868308703311e-01
8.796189240935500253e-01
8.302426317506229614e-01
9.475766934875458070e-01
6.690454950936663980e-02
6.696629213483148990e-02
6.352087114337565121e-02
7.641196013289036637e-02
1.250000000000000000e-01
6.676927774691945872e-02
3.241713352007469240e-01
9.204287775716344377e-01
6.385962388982768800e-02
5.458475950279240152e-02
2.452684245787590811e-01
1.918665276329516445e-01
7.555555555555564240e-01
7.636159460976976732e-02
6.460002342073600801e-02
1.534824513547916602e-01
2.493718828514648322e-01
1.244652406417112722e-01
6.459380173690787430e-01
3.225806451612944770e-02
9.444255713082818637e-01
7.750000000000003553e-01
1.206030150753774066e-01
6.305114638447939512e-02
6.397641422517041931e-01
3.885903265812320484e-01
7.146428571428571352e-01
