3.988653233592465153e-02
4.031383358304418962e-02
3.794648666480932020e-02
4.896152475101911428e-02
6.959972552347770680e-02
4.094662901707157854e-02
2.720083583687626927e-01
9.785888118048433615e-01
1.054668339974931257e-01
4.674830212414327058e-02
9.168017677957607248e-02
3.986083162882039232e-01
7.389430423618881250e-01
6.661300606877817998e-02
9.592721790970681894e-02
7.268824166060205982e-02
6.121605885883241172e-01
1.031795030868827290e-01
7.982265297913651025e-01
1.335645896558559365e-01
9.340964203782926578e-01
8.577114249922370703e-01
1.246884963220313836e-01
1.048272120555617803e-01
7.778469468474495940e-01
5.616712214213297472e-01
8.470693132595088493e-01
2.397551436830470950e-02
2.304382103672557996e-02
1.946872516744238557e-02
2.737181075055734880e-02
2.542372881355933756e-02
2.303366205810729317e-02
4.973256924546320956e-01
1.150526155253928096e-01
6.140309343434343647e-01
3.583333333333331705e-01
1.057157309054121974e-01
5.869357975417227591e-02
4.499570446735396967e-01
3.808049535603716951e-01
5.881375643794650721e-02
3.249746192893401275e-01
3.002958579881656043e-01
1.806379227440295665e-01
2.024067863483924867e-02
3.901209677419354982e-01
3.285714285714282923e-01
7.373271889400920820e-01
2.764227642276422259e-01
5.728601252609604177e-01
2.768979591836735477e-01
6.519726247987117640e-01
0.000000000000000000e+00
7.656250000000000000e-01
7.500000000000000000e-01
8.813559322033898136e-01
8.333333333333333703e-01
1.000000000000000000e+00
8.283284621509313661e-01
0.000000000000000000e+00
0.000000000000000000e+00
0.000000000000000000e+00
0.000000000000000000e+00
0.000000000000000000e+00
0.000000000000000000e+00
0.000000000000000000e+00
0.000000000000000000e+00
0.000000000000000000e+00
0.000000000000000000e+00
8.925619834710744049e-01
0.000000000000000000e+00
0.000000000000000000e+00
0.000000000000000000e+00
0.000000000000000000e+00
0.000000000000000000e+00
0.000000000000000000e+00
0.000000000000000000e+00
0.000000000000000000e+00
0.000000000000000000e+00
6.760259179265659668e-01
2.216021229673725834e-02
2.211003032880598518e-02
2.032892486363493956e-02
2.634468541103315853e-02
4.674225946541515908e-02
2.249014807604501898e-02
7.913801039613819199e-01
8.714118633174960937e-01
7.114104854438965120e-01
3.277309084737449751e-01
6.635371506579326173e-01
7.738752878073535957e-01
8.599664191600482344e-01
8.065602624388232833e-01
5.399464334320196457e-01
5.831675744495994351e-01
8.366835834482126977e-01
7.779830684835311594e-01
9.113113766870852839e-01
7.615774771987244840e-01
8.411724511402023374e-01
8.785854329531677109e-01
8.147013674523722049e-01
7.308185858681652824e-01
9.413283978100985827e-01
8.996349898221118746e-01
9.308560968776991018e-01
6.573571776871397349e-03
6.548343806747333740e-03
5.615461927693177896e-03
8.609917779652830061e-03
2.319656195061288451e-02
6.682151062049945800e-03
7.613578649753754979e-01
8.454753567044545060e-01
6.753034186563801056e-01
3.037923752991180670e-01
6.160715428173317854e-01
7.340246021139996691e-01
8.340941612608165912e-01
7.828010016307900276e-01
5.181188892103336663e-01
5.539360693506856226e-01
8.084241012733850429e-01
7.466259859668816778e-01
8.907070146920954556e-01
7.354391520754819389e-01
8.048106987541848723e-01
8.532410581568903307e-01
7.803181883089337356e-01
6.874253840158328632e-01
9.305228179061547644e-01
8.787314382140450908e-01
9.121202482411816526e-01
6.333630686886709826e-02
6.561797752808987139e-02
5.989110707803993461e-02
7.308970099667772002e-02
1.250000000000000000e-01
6.518336625490370184e-02
2.610432330827059388e-01
1.000000000000000000e+00
9.633278598795813608e-02
4.511748414187444212e-02
1.508595468639191139e-01
3.504761904761899416e-01
8.358208955223869197e-01
4.400887573964462618e-02
9.288262073926700779e-02
1.195036556482338419e-01
3.356032815944942627e-01
1.244652406417112722e-01
7.314012545558528089e-01
1.074380165289259281e-01
9.372806213120661312e-01
8.857142857142852321e-01
1.206030150753774066e-01
7.904919845218305596e-02
5.740740740740735149e-01
2.276029055690065306e-01
7.277992277992277881e-01
