4.367952592823520774e-02
4.413474833701763744e-02
4.131797053802721553e-02
5.315800051018493289e-02
7.443266756821609320e-02
4.470482790288815567e-02
2.319243630210392482e-01
9.674542515200121873e-01
4.164730932894844528e-02
5.718520298253837453e-02
2.003475866062212063e-01
3.641551676126155712e-01
6.632203598652184340e-01
1.061398988679891353e-01
1.001613297701235972e-01
5.183396512097804276e-02
5.965306997792749755e-01
7.812785238252706321e-02
8.214931182869316117e-01
1.637618782930783112e-01
9.366394723999829086e-01
8.590431662264457202e-01
2.040983819674986322e-01
1.457145721707329145e-01
7.827597460414805752e-01
4.330442137200769537e-01
8.363632404863023950e-01
1.125658901547356427e-02
1.039682018264240226e-02
8.343739357475309093e-03
1.424324993807282724e-02
3.389830508474578341e-02
1.073969165902629447e-02
5.858050027104468871e-01
5.595923064277492642e-01
6.140309343434343647e-01
4.272655007949124339e-01
1.096568875400438792e-01
1.008795902024836599e-01
3.052088985349972194e-01
1.578947368421055319e-01
1.019438444924405940e-01
2.617419182473952333e-01
2.366863905325442552e-01
3.551316984559491630e-01
1.688352903840051322e-01
2.478341584158416655e-01
3.648648648648649129e-01
2.597402597402598268e-01
2.475845410628016996e-01
3.139874739039665297e-01
3.513142857142859121e-01
3.150118203309691944e-01
0.000000000000000000e+00
7.578125000000000000e-01
7.794117647058823595e-01
9.152542372881354860e-01
9.333333333333332371e-01
1.000000000000000000e+00
8.364870754435688172e-01
0.000000000000000000e+00
0.000000000000000000e+00
0.000000000000000000e+00
0.000000000000000000e+00
0.000000000000000000e+00
0.000000000000000000e+00
0.000000000000000000e+00
0.000000000000000000e+00
0.000000000000000000e+00
0.000000000000000000e+00
9.270386266094420291e-01
0.000000000000000000e+00
0.000000000000000000e+00
0.000000000000000000e+00
0.000000000000000000e+00
0.000000000000000000e+00
0.000000000000000000e+00
0.000000000000000000e+00
0.000000000000000000e+00
0.000000000000000000e+00
8.215223097112860362e-01
2.208593173674636145e-02
2.207633396685515503e-02
2.011204902382052184e-02
2.712624403193611422e-02
5.037241552632032437e-02
2.250605606594241470e-02
8.205477674644696684e-01
8.892049662424381662e-01
6.765838736842990642e-01
3.868531532499597247e-01
7.326273875365028054e-01
7.824013984176996228e-01
8.096913833515249070e-01
8.517179655707360908e-01
5.014492349943031613e-01
5.782033007055273899e-01
8.243401218421304577e-01
8.413351041663159613e-01
9.279180745065807034e-01
7.002767981609703263e-01
8.890270224253002951e-01
9.368268186050254798e-01
7.908944605033070285e-01
7.549083678833716782e-01
8.803110267048439574e-01
8.102581379330755507e-01
9.429086766674030784e-01
6.550357250418869376e-03
6.537828519638362590e-03
5.552331821128402012e-03
8.880003343010624273e-03
2.509471194732003363e-02
6.687134999124870471e-03
7.937711965335368935e-01
8.664010580940454398e-01
6.381003604284863906e-01
3.610811825075423975e-01
6.909810558148916648e-01
7.436307994143022126e-01
7.765860005191440596e-01
8.324855093231326997e-01
4.794816579563057068e-01
5.488754621398383993e-01
7.943932044280759275e-01
8.171008717659719034e-01
9.108666573529089483e-01
6.700629191639095872e-01
8.621756720660908035e-01
9.227657330158114402e-01
7.532275983985529111e-01
7.140961904689906437e-01
8.596966952854226962e-01
7.746656808817508066e-01
9.272383997232709341e-01
7.225691347011597987e-02
7.146067415730336658e-02
6.715063520871142333e-02
7.973421926910295721e-02
1.250000000000000000e-01
7.328361649280659695e-02
1.878720238095228368e-01
9.794790005316320602e-01
7.592534008225237940e-02
5.458475950279240152e-02
1.508595468639191139e-01
2.203592814371262421e-01
6.961325966850822056e-01
9.615384615384625633e-02
6.460002342073600801e-02
7.514245014245002352e-02
2.493718828514648322e-01
3.454545454545465688e-02
7.141517938392567544e-01
1.100103989929404058e-01
9.254614049631864070e-01
7.750000000000003553e-01
2.424641197350911881e-01
1.276215975011156800e-01
7.074448185559294444e-01
2.276029055690065306e-01
7.146428571428571352e-01
