3.973844923711716826e-02
4.010011622249892715e-02
3.794905662092840082e-02
4.896368677955531545e-02
6.607158050824157858e-02
4.082692364218137859e-02
1.996050890920972876e-01
9.519137489932296692e-01
6.299624930265412814e-02
8.945402100230781528e-02
2.169837038071351643e-01
5.319914603532538422e-01
8.211045732621178317e-01
7.027390392427479426e-02
6.202677815771595604e-02
5.815904144547001664e-02
6.052988258121940746e-01
7.773940409247481753e-02
8.165077169118797329e-01
1.232702503055915777e-01
9.335009888567926684e-01
7.923821913082864654e-01
1.976571849096870892e-01
1.539076318285719225e-01
7.239949339632749670e-01
4.950720054493746858e-01
8.548146031886376672e-01
2.434960040809386328e-02
2.325734183036595043e-02
1.946872516744238557e-02
2.774337379242011736e-02
8.474576271186445853e-03
2.321361257453102844e-02
4.229226361031519499e-01
7.041507212246100877e-02
1.878787878787878673e-01
4.272655007949124339e-01
1.260571845035107774e-01
1.132872403343400114e-01
7.098674521354935152e-01
3.157894736842106198e-01
1.429700258125691237e-01
1.843827627173562078e-01
5.360250609119387999e-01
3.551316984559491630e-01
1.220437956204379892e-01
3.984375000000002220e-01
7.417582417582417875e-01
7.142857142857144126e-01
3.285024154589371026e-01
5.587397988233060442e-01
2.355555555555555181e-01
4.722222222222224319e-01
0.000000000000000000e+00
7.578125000000000000e-01
7.683823529411764053e-01
8.644067796610169774e-01
9.000000000000000222e-01
1.000000000000000000e+00
8.364870754435688172e-01
0.000000000000000000e+00
0.000000000000000000e+00
0.000000000000000000e+00
0.000000000000000000e+00
0.000000000000000000e+00
0.000000000000000000e+00
0.000000000000000000e+00
0.000000000000000000e+00
0.000000000000000000e+00
0.000000000000000000e+00
7.632508833922261315e-01
0.000000000000000000e+00
0.000000000000000000e+00
0.000000000000000000e+00
0.000000000000000000e+00
0.000000000000000000e+00
0.000000000000000000e+00
0.000000000000000000e+00
0.000000000000000000e+00
0.000000000000000000e+00
6.760259179265659668e-01
2.342540988438898686e-02
2.340513032383156888e-02
2.196052352332564239e-02
2.872376123682060522e-02
4.278465910325834898e-02
2.393324636609550637e-02
8.063009401248972807e-01
9.133289160304760568e-01
6.675571104215700657e-01
4.468054827346819025e-01
7.362146032274972107e-01
7.848813511855829983e-01
8.959700287875389524e-01
8.312892221441017249e-01
5.894803587416639346e-01
5.934733722569758285e-01
8.883883552338196488e-01
8.326403780223974316e-01
9.279693708419551879e-01
7.310078251378269165e-01
9.091856117481174060e-01
9.273368607667591412e-01
8.412388695001868921e-01
8.243464099849151516e-01
8.935992775454870696e-01
8.951620752394198188e-01
9.651131252896734125e-01
6.970196561587548717e-03
6.953731349295409758e-03
6.092630025908579022e-03
9.434689900465226264e-03
2.114306515032925160e-02
7.135751428752723502e-03
7.779003800512184208e-01
8.950062550873237877e-01
6.285272611279263399e-01
4.199499760791618463e-01
6.949258411784213774e-01
7.464311280383350011e-01
8.759450250852922615e-01
8.099319694216198240e-01
5.682161572970225727e-01
5.644607790301188199e-01
8.678821417154707341e-01
8.073422980341459221e-01
9.109291461975308479e-01
7.027018541586178557e-01
8.867136417399869019e-01
9.113273349811852331e-01
8.108202931578437633e-01
7.924064899938196849e-01
8.749969898646449140e-01
8.734354886977232502e-01
9.553119711886750576e-01
6.601248884924176830e-02
6.606741573033711457e-02
6.352087114337565121e-02
7.308970099667772002e-02
1.250000000000000000e-01
6.716304909493805986e-02
1.878720238095228368e-01
9.593855218855218414e-01
6.920581521086122123e-02
7.399267399267395184e-02
1.508595468639191139e-01
3.504761904761899416e-01
7.555555555555564240e-01
5.685618729096963975e-02
5.351853792166227919e-02
1.032491681346643375e-01
1.647227116083076481e-01
5.211598746081502753e-02
7.603272732959922564e-01
8.196721311475485550e-02
9.284058413167670665e-01
7.750000000000003553e-01
2.394404454705965080e-01
1.330727712637251869e-01
6.397641422517041931e-01
1.885467856784668328e-01
7.277992277992277881e-01
