4.279773779888146334e-02
4.326601365620247330e-02
4.084312841500598035e-02
5.252619552614806731e-02
7.266530138065629973e-02
4.394516534192327573e-02
3.040444420658214852e-01
9.532791277247503192e-01
5.874060811312542540e-02
6.009876253390022960e-02
1.864949675653431171e-01
3.975311058946946474e-01
8.380943038731833994e-01
7.503036457729228559e-02
4.752016053592056366e-02
5.993994568196558959e-02
6.040563872121351707e-01
1.328448191135258583e-01
9.400048032855101710e-01
1.463445033696677555e-01
9.353618209847647247e-01
8.200129256749537632e-01
1.862789504663888707e-01
5.010181504078747849e-02
6.537191227189831366e-01
4.427836557495918868e-01
8.397319413045560843e-01
4.455024655670804246e-03
4.418237960712174950e-03
3.235327505959811889e-03
9.041367351994053503e-03
1.694915254237289171e-02
4.883999262381033546e-03
5.858050027104468871e-01
3.526943942133815568e-01
5.375420875420876543e-01
2.568933823529411242e-01
3.858893403168695002e-02
2.308465920886954570e-01
6.157704095848426373e-01
6.315789473684212396e-01
5.881375643794650721e-02
9.613246313753953665e-02
7.912304657866788826e-01
3.551316984559491630e-01
5.185655347508727475e-02
5.825892857142858094e-01
4.125000000000000888e-01
3.571428571428572063e-01
2.764227642276422259e-01
3.261697163207661898e-01
2.912087912087915065e-01
4.429012345679012030e-01
0.000000000000000000e+00
7.734375000000000000e-01
7.536764705882352811e-01
8.983050847457626498e-01
9.000000000000000222e-01
1.000000000000000000e+00
8.723283769332182969e-01
0.000000000000000000e+00
0.000000000000000000e+00
0.000000000000000000e+00
0.000000000000000000e+00
0.000000000000000000e+00
0.000000000000000000e+00
0.000000000000000000e+00
0.000000000000000000e+00
0.000000000000000000e+00
0.000000000000000000e+00
8.709677419354838745e-01
0.000000000000000000e+00
0.000000000000000000e+00
0.000000000000000000e+00
0.000000000000000000e+00
0.000000000000000000e+00
0.000000000000000000e+00
0.000000000000000000e+00
0.000000000000000000e+00
0.000000000000000000e+00
0.000000000000000000e+00
2.189364910564350897e-02
2.192497415744601441e-02
1.999892428456834237e-02
2.681847437795001343e-02
5.373993703243107323e-02
2.231311871106680944e-02
8.007596769057685471e-01
9.188571737177360088e-01
6.809239672123426068e-01
3.841197347556031261e-01
6.546623281420891338e-01
7.898916809664011662e-01
8.899192629642362906e-01
7.744335336020564675e-01
4.230725792140219710e-01
5.406015055735098329e-01
8.878810901308575865e-01
8.581988789487811076e-01
9.503888158744777659e-01
7.315584265406309683e-01
8.893647323081719236e-01
9.325903528737291559e-01
8.328052282351043889e-01
8.080293027328098177e-01
8.661445672165131171e-01
8.555572917441025549e-01
9.533681717683788470e-01
6.490301003654452144e-03
6.490615335767772887e-03
5.519430067577320992e-03
8.773545640009941526e-03
2.686798705462582759e-02
6.626712724212800720e-03
7.717474103748885872e-01
9.015993809304511108e-01
6.427133366917233692e-01
3.584157829774539117e-01
6.065963270178604816e-01
7.520972700141738132e-01
8.688726322647750688e-01
7.478318517373090391e-01
4.016248233666712686e-01
5.107364634218789501e-01
8.672934398334777306e-01
8.361062695281146206e-01
9.383687907430724451e-01
7.032891185313268068e-01
8.625849263953914159e-01
9.176541652374756719e-01
8.010919231052296974e-01
7.738133139045839659e-01
8.434613130642228951e-01
8.269474055986879568e-01
9.404268086979545860e-01
6.779661016949151131e-02
6.943820224719102208e-02
6.352087114337565121e-02
7.973421926910295721e-02
1.250000000000000000e-01
6.984535646103154360e-02
3.056900726392246526e-01
9.593855218855218414e-01
6.486050902298901022e-02
4.825609173435263521e-02
2.452684245787590811e-01
3.504761904761899416e-01
8.358208955223869197e-01
5.685618729096963975e-02
3.713721153172744316e-02
7.514245014245002352e-02
2.493718828514648322e-01
1.244652406417112722e-01
9.083604280249382157e-01
1.333333333333337478e-01
9.284058413167670665e-01
7.750000000000003553e-01
2.033697901271063202e-01
0.000000000000000000e+00
5.102880658436212968e-01
2.276029055690065306e-01
7.146428571428571352e-01
