4.310390737035169062e-02
4.355195441149295466e-02
4.085335708705079005e-02
5.290130307100060492e-02
6.504865685449179313e-02
4.411490987455218837e-02
2.702381611958246665e-01
9.042504643605691061e-01
5.075500875562433123e-02
5.581596814488154479e-02
1.512539431607384799e-01
3.868346775912812063e-01
6.877786226217343923e-01
6.484278056431858062e-02
6.586622351234749928e-02
7.612944136673949203e-02
5.519038985825464039e-01
1.003869751743309280e-01
9.109054044715501064e-01
1.559369159979295816e-01
9.637239924418306014e-01
8.289589266564725278e-01
9.926652576039352027e-02
1.408119474693236839e-01
7.027263423736966885e-01
5.503133609813399829e-01
8.392557128252506882e-01
1.986056793062404568e-02
1.949609092700873431e-02
1.844704279713928891e-02
2.204607381719098091e-02
3.389830508474578341e-02
1.978188969941306607e-02
2.402969523313360778e-01
3.009699161597894079e-01
1.223169191919192267e-01
3.583333333333331705e-01
1.781659294654484027e-01
5.869357975417227591e-02
4.922680412371134295e-01
1.902834008097167295e-01
7.407817013193157551e-02
5.657198401555230127e-02
4.008398549341476436e-01
5.405313351498637342e-01
1.893065693430657781e-01
3.204941860465118086e-01
4.125000000000000888e-01
7.142857142857144126e-01
3.120772946859904362e-01
3.091712385298830412e-01
1.174344023323616870e-01
3.504273504273506257e-01
0.000000000000000000e+00
8.125000000000000000e-01
7.977941176470587648e-01
8.983050847457626498e-01
9.000000000000000222e-01
1.000000000000000000e+00
9.038185832355417615e-01
0.000000000000000000e+00
0.000000000000000000e+00
0.000000000000000000e+00
0.000000000000000000e+00
0.000000000000000000e+00
0.000000000000000000e+00
0.000000000000000000e+00
0.000000000000000000e+00
0.000000000000000000e+00
0.000000000000000000e+00
9.686098654708520383e-01
0.000000000000000000e+00
0.000000000000000000e+00
0.000000000000000000e+00
0.000000000000000000e+00
0.000000000000000000e+00
0.000000000000000000e+00
0.000000000000000000e+00
0.000000000000000000e+00
0.000000000000000000e+00
6.986607142857143016e-01
2.247106954535557644e-02
2.239052032248664559e-02
2.095070792917380631e-02
2.715517346278364941e-02
4.752209265120249659e-02
2.289654721381512159e-02
8.120944348987895189e-01
8.509420129343554517e-01
6.229501321362045374e-01
4.111295357937070349e-01
7.022663947171410292e-01
7.386625332213123674e-01
8.723237549887639108e-01
7.538810318423756485e-01
5.048785991330504430e-01
6.648658020993902795e-01
8.449917787725049756e-01
8.018602569732253826e-01
9.152774312614024854e-01
6.976670446574702034e-01
8.972827029035022051e-01
9.461228867558633127e-01
8.006034335109355471e-01
7.786702206531774806e-01
8.375662046280778483e-01
8.512221575905616344e-01
9.616943986118657861e-01
6.670808532066866553e-03
6.635936945640581730e-03
5.796841204363731292e-03
8.890016784588436471e-03
2.360314954066260185e-02
6.809589099100649134e-03
7.843453668113414823e-01
8.215829406872791063e-01
5.816412469307800093e-01
3.848247094348677955e-01
6.578128468536805773e-01
6.947018391133535919e-01
8.483956423043217399e-01
7.256258366970453899e-01
4.829129289360758470e-01
6.380710924456234334e-01
8.179035676377566233e-01
7.730166418618910074e-01
8.955088121214573871e-01
6.673036668752376777e-01
8.721981243241098136e-01
9.340119243863880261e-01
7.642445537054290972e-01
7.406547423032192601e-01
8.109482605664818378e-01
8.219029258690720985e-01
9.509709048968040257e-01
7.671721677074039292e-02
7.640449438202248644e-02
7.078039927404719545e-02
8.637873754152819439e-02
1.250000000000000000e-01
7.762366867516071189e-02
1.878720238095228368e-01
9.204287775716344377e-01
6.920581521086122123e-02
3.580290677064867921e-02
1.819943895145570423e-01
3.504761904761899416e-01
7.555555555555564240e-01
5.685618729096963975e-02
6.460002342073600801e-02
1.139001349527664075e-01
2.493718828514648322e-01
1.244652406417112722e-01
8.782911934706216783e-01
1.333333333333337478e-01
9.629850145911347248e-01
7.750000000000003553e-01
1.206030150753774066e-01
7.904919845218305596e-02
7.074448185559294444e-01
2.276029055690065306e-01
6.893552875695733162e-01
