4.294188261639836357e-02
4.348294652716044872e-02
4.105782948127140175e-02
5.257830737217350503e-02
6.904621802804022934e-02
4.404728665584184411e-02
2.350470431453386411e-01
9.502626812836589831e-01
1.387248881152380875e-02
3.968238913037014370e-02
1.258048571944856420e-01
5.567508559630827136e-01
7.542789399355234181e-01
3.599154965673534434e-02
6.189785478935228014e-02
7.972298565195590214e-02
5.374839804650850539e-01
1.069436786313304744e-01
9.091307228315796962e-01
1.693473146620800840e-01
9.275281817167913001e-01
8.481282680843698074e-01
2.118295951363018403e-01
1.752738624605241213e-01
7.157380928814855992e-01
4.735769810850403161e-01
8.278630589859747868e-01
7.753783370175140743e-03
9.624860390250317144e-03
1.061414462481552468e-02
1.486252167451077022e-02
3.389830508474578341e-02
9.691196932886447790e-03
8.810888252148996180e-02
3.526943942133815568e-01
3.044332210998877963e-01
8.782679738562082505e-02
1.007374277879828361e-01
3.395635966863506661e-01
4.499570446735396967e-01
6.315789473684212396e-01
1.911447084233261484e-01
1.401405700898086248e-01
2.366863905325442552e-01
4.423785863119091832e-01
6.438998957247132893e-02
4.047256097560978372e-01
7.761904761904760974e-01
5.374823196605378328e-01
1.966692092550215154e-01
2.844020280345957996e-01
4.164285714285715923e-01
4.429012345679012030e-01
0.000000000000000000e+00
8.125000000000000000e-01
7.941176470588234837e-01
8.644067796610169774e-01
9.000000000000000222e-01
1.000000000000000000e+00
8.875169071606275883e-01
0.000000000000000000e+00
0.000000000000000000e+00
0.000000000000000000e+00
0.000000000000000000e+00
0.000000000000000000e+00
0.000000000000000000e+00
0.000000000000000000e+00
0.000000000000000000e+00
0.000000000000000000e+00
0.000000000000000000e+00
7.474048442906574552e-01
0.000000000000000000e+00
0.000000000000000000e+00
0.000000000000000000e+00
0.000000000000000000e+00
0.000000000000000000e+00
0.000000000000000000e+00
0.000000000000000000e+00
0.000000000000000000e+00
0.000000000000000000e+00
8.046272493573264351e-01
1.945362625785990174e-02
1.962522418895468190e-02
1.834394392951860242e-02
2.447581649407007398e-02
4.145479902014870266e-02
2.002420449764066857e-02
7.958845528233120525e-01
9.108062626284529895e-01
5.569594774973434248e-01
3.482037743909112137e-01
6.681972048532407449e-01
8.032426990304657455e-01
8.378065537978043320e-01
7.412900793628978136e-01
4.621100094799315272e-01
5.781006769727676797e-01
7.980177612098384721e-01
8.152888641354367749e-01
8.998988664425511264e-01
6.878698228085808886e-01
8.650779648233255514e-01
9.469589754551552829e-01
8.341846782265041060e-01
7.701677407057752056e-01
9.099712945678781750e-01
8.618343628027573811e-01
8.985372773834576776e-01
5.732820884412879320e-03
5.777318790394107839e-03
5.040249298523657301e-03
7.967511822900896767e-03
2.045675077109350426e-02
5.913977249901995747e-03
7.663433500272537335e-01
8.920023822634309818e-01
5.135626033341261776e-01
3.235443857685278424e-01
6.210602655280554885e-01
7.672516557262180070e-01
8.086122784771376804e-01
7.120854512812659909e-01
4.402684000770737960e-01
5.487709094873671756e-01
7.646828848469020556e-01
7.879497777757499266e-01
8.769343573467940356e-01
6.569627125900840969e-01
8.333112675799955182e-01
9.350254199465173333e-01
8.026809293344926433e-01
7.311229272104713406e-01
8.939429869694618391e-01
8.342669975686459738e-01
8.719985837346770907e-01
7.136485280999110836e-02
7.123595505617977275e-02
6.715063520871142333e-02
7.973421926910295721e-02
1.250000000000000000e-01
7.175924785072532175e-02
1.878720238095228368e-01
9.397063417681974506e-01
6.385962388982768800e-02
3.580290677064867921e-02
5.940094657766792352e-02
4.417767106842731550e-01
7.555555555555564240e-01
5.685618729096963975e-02
6.460002342073600801e-02
1.375488917861797944e-01
2.493718828514648322e-01
1.244652406417112722e-01
8.188520088865054447e-01
1.333333333333337478e-01
9.176646489745712287e-01
7.750000000000003553e-01
1.534776687174188581e-01
1.059259259259253128e-01
5.102880658436212968e-01
2.276029055690065306e-01
7.018327067669172248e-01
