3.802094020296881149e-02
3.850129251057649027e-02
3.571447944401989760e-02
4.738468259647382608e-02
6.308159091123644036e-02
3.899356006021970078e-02
3.145724754971483961e-01
9.489136446011994241e-01
1.052046957506451719e-01
5.715863187762226794e-02
2.011327238580884469e-01
3.718701366423591281e-01
8.132839739121893174e-01
5.185081214009379380e-02
6.585591296060622213e-02
1.112572062541410389e-01
6.006479522520038472e-01
9.167402758148002206e-02
7.518768336120604800e-01
1.359429612037166279e-01
9.709907848189722746e-01
6.705137505881406668e-01
8.964673615312435118e-02
7.546996535233052583e-02
7.519392099354034187e-01
3.071779447905989002e-01
8.559797143667835506e-01
1.190273762965482485e-02
1.263057617764930252e-02
1.050062436144851702e-02
1.548179341094872707e-02
1.694915254237289171e-02
1.210845131679947478e-02
4.229226361031519499e-01
5.822784810126568900e-02
1.050637958532695260e-01
4.742647058823528106e-01
1.096568875400438792e-01
6.005441880089201767e-02
2.793481875623544664e-01
3.157894736842106198e-01
0.000000000000000000e+00
4.400043201209635768e-01
5.229289940828401040e-01
2.877136487490712380e-01
5.220802919708028567e-01
1.406250000000000000e-01
5.582706766917295838e-01
1.785714285714288252e-01
1.496511003757381442e-01
5.587397988233060442e-01
2.355555555555555181e-01
6.432613168724280461e-01
0.000000000000000000e+00
8.125000000000000000e-01
7.867647058823529216e-01
9.152542372881354860e-01
8.000000000000000444e-01
1.000000000000000000e+00
8.808226087073151023e-01
0.000000000000000000e+00
0.000000000000000000e+00
0.000000000000000000e+00
0.000000000000000000e+00
0.000000000000000000e+00
0.000000000000000000e+00
0.000000000000000000e+00
0.000000000000000000e+00
0.000000000000000000e+00
0.000000000000000000e+00
9.000000000000000222e-01
0.000000000000000000e+00
0.000000000000000000e+00
0.000000000000000000e+00
0.000000000000000000e+00
0.000000000000000000e+00
0.000000000000000000e+00
0.000000000000000000e+00
0.000000000000000000e+00
0.000000000000000000e+00
8.025641025641025994e-01
1.986771100845829974e-02
1.994813787492974444e-02
1.803306251082578693e-02
2.404238703958491707e-02
3.986851944474062437e-02
2.012543734760410818e-02
8.335115784188333876e-01
8.801832236432527434e-01
6.980325828936440047e-01
3.937679338922261962e-01
7.050882726514480225e-01
7.634226625233597741e-01
9.054504885689798055e-01
7.197025473122402595e-01
4.293800113867645152e-01
6.959531381880816880e-01
8.572950366382596776e-01
8.463046799539881704e-01
9.261954692111566967e-01
7.131794615767330647e-01
8.947469716664593342e-01
9.106424169757572074e-01
7.824603544655406306e-01
7.756062229862750179e-01
8.758840981240041401e-01
7.982395445222782993e-01
9.514660225073225952e-01
5.860765827862889771e-03
5.877015109056943354e-03
4.950688624479497590e-03
7.819214494243498237e-03
1.964054782516855280e-02
5.945340479750066409e-03
8.082768927970968020e-01
8.557726589151622987e-01
6.609621908405148849e-01
3.678311430105059010e-01
6.608791171366903416e-01
7.222930156626049536e-01
8.870578244095266296e-01
6.889824490907190402e-01
4.078504787651220376e-01
6.705072955930464484e-01
8.319937563726722551e-01
8.226908303140966217e-01
9.087689703776966610e-01
6.837335191053695027e-01
8.691157817882456671e-01
8.913091130909029935e-01
7.436921105717603231e-01
7.372161324555355222e-01
8.546148058269315007e-01
7.609539821231133816e-01
9.380236446688610119e-01
6.333630686886709826e-02
6.337078651685393305e-02
5.807622504537204855e-02
7.308970099667772002e-02
1.250000000000000000e-01
6.356992038629530328e-02
2.716222030981052526e-01
9.593855218855218414e-01
6.920581521086122123e-02
5.077928607340376210e-02
2.452684245787590811e-01
3.504761904761899416e-01
7.555555555555564240e-01
5.685618729096963975e-02
7.393467376724616180e-02
1.534824513547916602e-01
2.493718828514648322e-01
7.885375494071134028e-02
6.459380173690787430e-01
1.333333333333337478e-01
9.552190064089480792e-01
7.030927835051556940e-01
6.648627754155445047e-02
0.000000000000000000e+00
7.074448185559294444e-01
2.276029055690065306e-01
7.277992277992277881e-01
