4.444700256954703388e-02
4.526570356701520303e-02
4.260862470358822707e-02
5.605143871892614982e-02
7.279474451258627354e-02
4.589193744018810195e-02
3.507764560198642911e-01
9.709104954275578070e-01
6.729999062924241215e-02
3.292385136228292986e-02
1.248433314305206210e-01
3.122972959640364365e-01
8.162272896799729338e-01
0.000000000000000000e+00
1.635431568276590752e-02
6.218301634231604424e-02
5.074387300945764068e-01
4.647881114157881299e-02
8.649175043408394714e-01
8.135890930009637145e-02
9.968801145621053461e-01
8.548529938228881520e-01
1.286550557234082959e-01
8.750983755541330567e-02
7.378408446298054812e-01
0.000000000000000000e+00
8.279269021351054469e-01
1.486141812616902091e-02
1.561986728861441270e-02
1.294131002383925449e-02
1.894971513500123828e-02
5.084745762711864736e-02
1.533545977742639677e-02
3.524355300859600693e-01
3.589126374766549166e-01
1.878787878787878673e-01
3.252100840336131782e-01
1.007374277879828361e-01
2.871930917247739190e-02
3.859985614960441680e-01
1.950464396284830038e-01
6.874502671365234630e-02
1.071344898756068087e-01
3.137887753272368130e-01
2.202955990421930910e-01
1.563907439043329406e-01
3.034539473684210176e-01
9.012605042016810231e-01
4.511278195488719334e-01
3.305815446707025540e-01
5.587397988233060442e-01
3.206722689075631738e-01
3.014705882352942679e-01
0.000000000000000000e+00
8.046875000000000000e-01
7.830882352941176405e-01
8.644067796610169774e-01
8.333333333333333703e-01
1.000000000000000000e+00
8.394606834784085203e-01
0.000000000000000000e+00
0.000000000000000000e+00
0.000000000000000000e+00
0.000000000000000000e+00
0.000000000000000000e+00
0.000000000000000000e+00
0.000000000000000000e+00
0.000000000000000000e+00
0.000000000000000000e+00
0.000000000000000000e+00
6.585365853658536883e-01
0.000000000000000000e+00
0.000000000000000000e+00
0.000000000000000000e+00
0.000000000000000000e+00
0.000000000000000000e+00
0.000000000000000000e+00
0.000000000000000000e+00
0.000000000000000000e+00
0.000000000000000000e+00
6.673773987206822467e-01
2.283014503502070469e-02
2.331606990770940246e-02
2.148536505162476629e-02
2.992576342825484237e-02
4.725614407734601841e-02
2.364644174642566155e-02
7.594063632425589461e-01
8.904910900045301947e-01
6.927908557010802326e-01
3.904661124669983607e-01
6.966871559363698729e-01
7.253593416967241136e-01
8.318499448005900465e-01
6.998555076687580367e-01
3.234612955974141002e-01
6.807680200638204226e-01
8.333450193503466608e-01
7.801377672822300546e-01
9.058767653527992625e-01
6.845141899340423386e-01
9.493394804926897912e-01
9.007082842860048011e-01
7.998812622802222716e-01
7.417280036076765448e-01
8.788086772974943450e-01
7.784608787087201609e-01
9.449537202605227115e-01
6.783301079915277781e-03
6.925776670298131044e-03
5.953261913158206659e-03
9.854373137680949579e-03
2.346441767992950289e-02
7.045363404273641272e-03
7.261816994916073797e-01
8.679192925816546778e-01
6.553601784536825514e-01
3.646067273824740163e-01
6.517603762208437068e-01
6.799928878818736200e-01
8.017986872327733661e-01
6.678673541000770264e-01
3.042321154929958915e-01
6.546342629097885446e-01
8.046229152934845086e-01
7.489990051125591242e-01
8.841402245743732458e-01
6.534272001405470043e-01
9.362499185686680159e-01
8.794599954699566791e-01
7.634236141933045117e-01
6.994719399515099134e-01
8.579712147377797082e-01
7.385346186992852724e-01
9.298119922039331797e-01
7.225691347011597987e-02
7.191011235955055425e-02
6.896551724137930939e-02
7.973421926910295721e-02
1.250000000000000000e-01
7.283873257659947975e-02
3.357712765957439061e-01
9.593855218855218414e-01
5.588893864755917207e-02
3.580290677064867921e-02
1.508595468639191139e-01
2.479784366576822663e-01
8.764044943820223921e-01
0.000000000000000000e+00
3.713721153172744316e-02
7.514245014245002352e-02
0.000000000000000000e+00
6.394230769230802025e-02
8.188520088865054447e-01
6.521739130434811571e-02
9.826087987074125785e-01
8.148571428571438346e-01
1.206030150753774066e-01
2.847471127041067973e-02
6.397641422517041931e-01
0.000000000000000000e+00
7.018327067669172248e-01
