3.791589873663203658e-02
3.796251818526730215e-02
3.544729454005790537e-02
4.458796953054422474e-02
6.477436866740315935e-02
3.844510988604293855e-02
8.327980836471748916e-02
9.421926931615052236e-01
3.345420983679447957e-02
6.783044329351994861e-02
2.505470024628140280e-01
1.708808111600728097e-01
6.869464963976801286e-01
1.223503627344868505e-01
1.114351250884997313e-01
1.905283812270601729e-01
6.250183496759840196e-01
1.293934431425078913e-01
6.605158763437701808e-01
1.608096582022811027e-01
8.389276831034331305e-01
8.639466384032719048e-01
2.389061076425482710e-01
1.939105945817258814e-01
8.612042692566150848e-01
5.245434594558417984e-01
8.590237911275802052e-01
8.876041489542595142e-03
7.752447276788650143e-03
6.243614485185601526e-03
9.412930393856822064e-03
3.389830508474578341e-02
8.252908062419232749e-03
2.973674785100286488e-01
3.526943942133815568e-01
5.375420875420876543e-01
1.996904024767800490e-01
1.007374277879828361e-01
1.471813089872157088e-01
2.935903182429404623e-01
1.578947368421055319e-01
7.079433645308369494e-02
4.107904278462655157e-01
2.741037243299686565e-01
3.551316984559491630e-01
8.556229122850422808e-02
3.339843750000002220e-01
2.419354838709675271e-01
5.714285714285716189e-01
3.120772946859904362e-01
2.622129436325679741e-01
2.355555555555555181e-01
3.796296296296296502e-01
0.000000000000000000e+00
8.046875000000000000e-01
7.720588235294116863e-01
8.813559322033898136e-01
8.666666666666666963e-01
1.000000000000000000e+00
8.783005069355500627e-01
0.000000000000000000e+00
0.000000000000000000e+00
0.000000000000000000e+00
0.000000000000000000e+00
0.000000000000000000e+00
0.000000000000000000e+00
0.000000000000000000e+00
0.000000000000000000e+00
0.000000000000000000e+00
0.000000000000000000e+00
8.888888888888889506e-01
0.000000000000000000e+00
0.000000000000000000e+00
0.000000000000000000e+00
0.000000000000000000e+00
0.000000000000000000e+00
0.000000000000000000e+00
0.000000000000000000e+00
0.000000000000000000e+00
0.000000000000000000e+00
8.482384823848237998e-01
2.034196070928784295e-02
2.018771163373503374e-02
1.867036659046167335e-02
2.564483082995078211e-02
4.849687197487051460e-02
2.086715738471478510e-02
7.569584592524769562e-01
9.272069371213420563e-01
7.194050011081731810e-01
4.263937636042092194e-01
7.168784562876702182e-01
7.581027873413719309e-01
8.945397527201974786e-01
8.199407414920480974e-01
5.697128780436493400e-01
7.979225291077387539e-01
8.862888973615641319e-01
7.763257088927235650e-01
9.040030234915883423e-01
7.173213564913005769e-01
8.752285753694435400e-01
8.918676465923844887e-01
8.999433643972325481e-01
8.060445000490790157e-01
9.589848111060597091e-01
8.420422223311765375e-01
9.572027282685917626e-01
6.007603724508415316e-03
5.951078062766089471e-03
5.134440881928211547e-03
8.368783748984504056e-03
2.411228150298662387e-02
6.175584400081937653e-03
7.235039408727147459e-01
9.115843205141501704e-01
6.839036584355836501e-01
3.998194719005758735e-01
6.737270323346771228e-01
7.163413199382823171e-01
8.742718376921898571e-01
7.974580483583941781e-01
5.481721596639315131e-01
7.785326572545490098e-01
8.654463263727252276e-01
7.448018448632415245e-01
8.818796218591185010e-01
6.881320924899765323e-01
8.455070870641153702e-01
8.689545992010736519e-01
8.794347440682525052e-01
7.715596643714954794e-01
9.512893363966109517e-01
8.112496270825760858e-01
9.452777679643660225e-01
6.244424620874222676e-02
6.426966292134830838e-02
5.989110707803993461e-02
6.644518272425248284e-02
1.250000000000000000e-01
6.316981514835554035e-02
8.412180170575656035e-02
9.593855218855218414e-01
4.273250638020043013e-02
5.458475950279240152e-02
3.427726753334301435e-01
1.374416433239957769e-01
7.555555555555564240e-01
1.230007616146227001e-01
9.288262073926700779e-02
1.803418803418805894e-01
2.493718828514648322e-01
1.556255625562554812e-01
5.623953023662764394e-01
1.333333333333337478e-01
8.347409335285402854e-01
7.750000000000003553e-01
2.539712781919067908e-01
1.059259259259253128e-01
7.772079772079774074e-01
3.885903265812320484e-01
7.413160469667319230e-01
