3.748059226221072682e-01
3.618697999123623443e-01
3.633628979017767269e-01
3.445713103175245817e-01
3.952892985151049698e-01
3.668150348098643820e-01
3.644148347190196979e-01
4.314833249190604958e-01
5.002936114286968827e-01
5.406239188209795987e-01
3.106980778625081929e-01
6.255626306303605499e-01
7.026226114014451074e-01
3.208570032360548163e-01
4.186647730534496237e-01
3.802419593280377264e-01
2.518424153002880583e-01
5.810186738838873932e-01
5.082837607842100036e-01
6.087952765589108584e-01
3.104820914487232963e-01
2.981578595291188849e-01
3.188592163007293312e-01
2.851398494939638706e-01
8.737301727195336820e-01
7.188950511819351963e-01
6.523732984038390637e-01
4.066852367688023051e-01
3.734533183352081176e-01
3.649885583524027366e-01
3.416370106761565939e-01
4.230769230769230727e-01
3.687569016928501364e-01
2.506815218679624424e-01
2.787907661657065272e-01
4.066539521084976960e-01
2.690726359068066897e-01
1.399997408252124931e-01
7.491289198606268518e-02
6.671052631578949788e-01
2.649572649572649041e-01
8.006075070514212522e-02
1.156277728482697498e-01
1.968557758031441729e-01
9.076086956521740579e-01
2.415270744059213603e-01
4.819277108433734913e-01
2.066522944256237171e-01
1.092435180043569432e-01
2.069565217391304834e-01
6.636251541307028878e-01
4.928172043010752845e-01
8.526259378349408946e-01
1.000000000000000000e+00
4.642857142857144126e-01
3.153153153153152033e-01
3.913043478260869179e-01
1.499999999999999112e-01
0.000000000000000000e+00
4.001069435239199557e-01
0.000000000000000000e+00
0.000000000000000000e+00
0.000000000000000000e+00
0.000000000000000000e+00
0.000000000000000000e+00
0.000000000000000000e+00
0.000000000000000000e+00
0.000000000000000000e+00
0.000000000000000000e+00
0.000000000000000000e+00
3.303571428571428492e-01
0.000000000000000000e+00
0.000000000000000000e+00
0.000000000000000000e+00
0.000000000000000000e+00
5.638297872340425343e-01
0.000000000000000000e+00
7.634408602150538625e-01
0.000000000000000000e+00
0.000000000000000000e+00
4.267782426778242155e-01
7.238847392347230736e-01
7.133327017179291740e-01
6.634126380692109137e-01
6.821417189631664435e-01
7.745809760822411905e-01
7.036461120204684505e-01
4.151277225232854473e-01
5.998682600810811838e-01
5.770019317162984329e-01
3.152352131983786609e-01
3.006772317282193629e-01
1.765369777007725349e-01
6.050442206363856323e-01
5.251560987983415751e-01
1.689384148291011023e-01
4.534300790457232999e-01
2.047834749155232892e-01
9.519188540062495374e-01
4.780410381792058461e-01
5.346376075444088105e-01
4.805297001454851280e-01
2.797739191787949053e-01
3.889849024200868755e-01
4.266753877861516608e-01
6.813482906900892866e-01
9.999999999999998890e-01
9.999999999999997780e-01
5.795885908332151226e-01
5.666336433167339370e-01
5.060462523448343575e-01
5.257679801931495200e-01
6.545301779670408271e-01
5.534086187299829263e-01
3.297437725364248395e-01
5.222091308522276432e-01
4.610079070136806623e-01
2.180112915020290809e-01
2.142506293445885779e-01
7.047504228799378323e-02
5.178812519506681422e-01
4.075482908606534727e-01
1.108185397168400255e-01
3.704410778138693683e-01
1.302763444924613656e-01
9.336950494816422808e-01
3.883832260225396626e-01
4.236794617195918655e-01
3.840433311938460936e-01
2.036896914415807225e-01
3.179268077223942335e-01
3.222791987557334648e-01
5.898487771586463646e-01
9.999999999999998890e-01
1.000000000000000000e+00
1.713441654357459876e-01
1.525804038893044390e-01
1.686746987951807109e-01
1.678004535147392673e-01
1.250000000000000000e-01
1.650257755070759780e-01
3.867966017216921681e-01
6.561954624781850542e-01
7.163287757347163165e-01
6.707433428744902226e-01
3.641053989312696415e-01
4.838808601985661317e-01
7.908834586466163552e-01
3.101099636226481437e-01
4.093643937056464233e-01
4.602510460251048041e-01
3.146672459619710427e-01
3.581330370909373562e-01
6.429704620329926845e-01
5.509976472365581968e-01
4.496804369364569842e-01
3.494180983295065435e-01
3.954751280371483491e-01
2.530299449714730198e-01
8.324607329842931280e-01
4.675721561969439222e-01
5.675846121505150332e-01
