3.745106877654147959e-01
3.707556499761912594e-01
3.719969000258331326e-01
3.438335087861365547e-01
5.253456221198157250e-01
3.702726599196557999e-01
4.844519507155282678e-01
5.757324287392960871e-01
3.186333097615463572e-01
5.948995727082320162e-01
2.963550224391763854e-01
5.605505674309725350e-01
3.738896820047981073e-01
3.985143770592823875e-01
6.561092232852063777e-01
4.547880601155855906e-01
5.151148880858811285e-01
2.128591268855212215e-01
3.423724895744567620e-01
2.564720691971966726e-01
3.514037956509037386e-01
3.612953954231264975e-01
5.134853310332812004e-01
4.861260698901914701e-01
8.252902425846986301e-01
2.758104826907754603e-01
4.367818252289910053e-01
5.476323119777158910e-01
5.272778402699662692e-01
4.965675057208237542e-01
4.964412811387900470e-01
5.384615384615385469e-01
5.250925985452350453e-01
1.344079649164393597e-01
3.793302933369631091e-01
7.034142328259984644e-02
3.775696665143901121e-01
1.187042584071889006e-01
9.666179611104858127e-03
3.504492939666239426e-01
1.041666666666667407e-01
8.368923502072600495e-01
6.864988558352391745e-02
1.322314049586776896e-01
2.556818181818176772e-02
2.415270744059213603e-01
2.150419861263235255e-01
1.368778280542987114e-01
3.663519997721866872e-01
3.400000000000000799e-01
1.335799424578708594e-01
4.928172043010752845e-01
0.000000000000000000e+00
5.194805194805187654e-01
6.071428571428572063e-01
6.216216216216214896e-01
6.086956521739130821e-01
5.000000000000000000e-01
0.000000000000000000e+00
6.880720715201693594e-01
0.000000000000000000e+00
0.000000000000000000e+00
0.000000000000000000e+00
0.000000000000000000e+00
0.000000000000000000e+00
0.000000000000000000e+00
0.000000000000000000e+00
0.000000000000000000e+00
5.268817204301076140e-01
5.075757575757576801e-01
7.628865979381442841e-01
0.000000000000000000e+00
0.000000000000000000e+00
0.000000000000000000e+00
6.263736263736263687e-01
0.000000000000000000e+00
5.223880597014924909e-01
7.634408602150538625e-01
0.000000000000000000e+00
0.000000000000000000e+00
3.377483443708609312e-01
5.860051486211557137e-01
5.753202472367467957e-01
5.381285922938059407e-01
5.648432267522307537e-01
8.515940686420867545e-01
5.722280664971806097e-01
2.657600296597049105e-01
5.874309485397886110e-01
2.218568338927904282e-01
3.900089563285481509e-01
7.338785192483621156e-02
5.075448951711925005e-02
4.383638955268517323e-01
1.443152711539221755e-01
9.896122760754879621e-01
0.000000000000000000e+00
2.736282069824554908e-01
0.000000000000000000e+00
7.088093526535522715e-01
3.622723707136221716e-01
9.468054105135137455e-02
5.000277814112101815e-01
3.315834084248392433e-01
1.869643035605182968e-01
6.047841332511013634e-01
1.035287016074378785e-01
4.677317687996025430e-01
4.108627556667331926e-01
4.000419066111451927e-01
3.629675299675499400e-01
3.875756322972305212e-01
7.646997170107951991e-01
3.958701948103654500e-01
1.971383798870833259e-01
5.090181235266206805e-01
1.398118025909859674e-01
2.828582518678734448e-01
4.543723521642809016e-02
1.560388692851503306e-02
3.485618520343758964e-01
8.607505897107037285e-02
9.853567963823046671e-01
0.000000000000000000e+00
1.826918884263525056e-01
0.000000000000000000e+00
6.346452991259390330e-01
2.592387767920115715e-01
6.154854570837214878e-02
4.056306985577355362e-01
2.653207455794058811e-01
1.220926785263193870e-01
5.040519788343793550e-01
6.137640852626025101e-02
3.950498909800251313e-01
3.412112259970458417e-01
3.335826477187733285e-01
3.298192771084337838e-01
2.925170068027210801e-01
2.500000000000000000e-01
3.249282103267611133e-01
5.336189053721122066e-01
6.562134502923976376e-01
8.988122929800677063e-01
7.320327893621580984e-01
3.798781213549478619e-01
6.734340859431900972e-01
4.829507572742107735e-01
4.130520150555218595e-01
5.485543883762025175e-01
4.368299868782647977e-01
4.170982306428545616e-01
2.977797172229205147e-01
2.247997355978523792e-01
4.121407843784271607e-01
4.472887176151076893e-01
3.760708265840744247e-01
5.055355722838200672e-01
5.666757691698418586e-01
8.933712121212119550e-01
4.681610909865758785e-01
3.273112621136246569e-01
