3.800116478314141122e-01
3.808817117652548712e-01
3.781368488595928112e-01
3.472763891029442829e-01
6.077003121748179026e-01
3.765169184874425645e-01
6.557214661161885338e-01
4.808136584729443275e-01
2.521225342232402689e-02
4.699670968316973507e-01
4.027126344270808844e-01
5.189792842463003542e-01
3.532238584894282774e-01
4.620548337846800413e-01
5.912199961418316274e-01
5.110560570303528394e-01
8.621610689038414765e-01
4.062522263436618708e-01
4.191826003182245186e-01
2.649374255961867153e-01
4.254214743310414937e-01
1.601443665225202873e-01
3.383004164224505672e-01
4.695749897148615570e-01
5.707675574045760758e-01
3.986502243953951030e-01
4.975163146032663963e-01
3.676880222841225621e-01
3.380202474690663372e-01
3.169336384439359611e-01
2.918149466192170305e-01
7.692307692307691624e-01
3.398805376361978547e-01
1.506321821654891258e-01
4.225049251252206428e-01
1.919191919191918783e-01
2.690726359068066897e-01
3.425253991291726807e-01
7.907471931862175563e-02
2.483022071307300349e-01
3.263428381962865110e-01
4.274588619520158783e-01
2.734922861150068663e-01
3.820695433598659818e-01
3.222222222222222987e-01
3.161717581713309189e-01
2.150419861263235255e-01
4.589603283173735448e-01
2.641473859017451353e-01
1.641379310344828202e-01
6.636251541307028878e-01
2.719999999999999640e-01
3.094472515694379755e-01
8.294930875576032037e-01
6.071428571428572063e-01
6.666666666666665186e-01
1.739130434782607537e-01
3.499999999999998668e-01
0.000000000000000000e+00
6.634046691493225012e-01
0.000000000000000000e+00
0.000000000000000000e+00
0.000000000000000000e+00
0.000000000000000000e+00
0.000000000000000000e+00
0.000000000000000000e+00
0.000000000000000000e+00
0.000000000000000000e+00
8.698224852071007041e-01
5.075757575757576801e-01
4.596273291925465632e-01
0.000000000000000000e+00
0.000000000000000000e+00
0.000000000000000000e+00
0.000000000000000000e+00
0.000000000000000000e+00
7.777777777777777901e-01
0.000000000000000000e+00
0.000000000000000000e+00
0.000000000000000000e+00
4.473684210526315264e-01
6.205393149871650804e-01
6.117132951743348146e-01
5.989907198114881037e-01
5.685914565328885617e-01
9.625142463475483412e-01
6.103844237184199439e-01
3.688037427174395422e-01
6.400260224370599715e-01
2.273393078727682370e-01
2.612969730984481265e-01
3.638587620586704041e-01
1.906840348931194140e-01
4.202186683473624340e-01
3.949305780579354108e-01
6.955267366172950272e-01
5.647455045926781381e-01
5.010168312613116903e-01
3.318628062259221245e-01
4.748910983708473088e-01
1.951064510550615250e-01
4.583286698476267684e-01
5.018084498797907855e-01
1.096638811252350632e-01
5.725606762952265560e-01
4.663620674251015563e-01
2.254480380657156724e-01
5.947502080566764437e-01
4.505463316817462371e-01
4.413180472355534012e-01
4.297109960411051865e-01
3.916845657920795531e-01
9.377068563978744331e-01
4.390466338104583865e-01
2.869396970556931104e-01
5.654837943883528339e-01
1.438591390489183941e-01
1.743606537915456389e-01
2.687204117808131842e-01
7.809082527758927361e-02
3.313525945612973422e-01
2.822308562025273027e-01
6.078617762257860768e-01
4.824340016456921676e-01
3.866353424176524056e-01
2.435774773304757723e-01
3.852865599726334467e-01
1.250709115527341431e-01
3.623669816663701027e-01
4.074126016341222400e-01
8.047304898019635999e-02
4.681169258356691620e-01
3.614795087374707006e-01
1.461392950408499647e-01
5.243852994259565747e-01
2.245199409158050163e-01
2.670157068062827266e-01
2.831325301204819511e-01
2.131519274376417750e-01
5.000000000000000000e-01
2.562400733643771522e-01
7.018853186481607276e-01
5.968253968253969255e-01
0.000000000000000000e+00
5.865148957028483157e-01
4.954517354058112777e-01
5.266557615846595430e-01
5.608552631578945791e-01
3.592819703087918870e-01
4.491588041377742591e-01
4.602510460251048041e-01
1.000000000000000000e+00
4.758088773692534801e-01
3.233956695196016362e-01
4.780228990997937855e-01
3.942999319976204786e-01
1.238682246421142219e-01
2.987811976912350120e-01
5.494466334748566716e-01
6.973684210526315264e-01
5.398923444976075903e-01
3.642544924720738098e-01
