1.618500043862238225e-01
1.513071759020667706e-01
1.479480694250028816e-01
1.128836343023726374e-01
1.847604758332440644e-01
1.506497158376725598e-01
1.457470321897034182e-01
3.336242111453735504e-01
6.880650545759283698e-01
7.112116661877931900e-01
6.089718839604378875e-01
3.554881521359858354e-01
1.197575215623443157e-01
8.059717832121015002e-01
6.744147604499830528e-01
4.786420979223438010e-01
6.257875263528136500e-01
7.850902488953133140e-01
1.726089424538654882e-01
1.406293934232947240e-01
1.412000188248276888e-01
1.034380864410533452e-02
3.595460250745552422e-01
5.454906690772580724e-01
5.516822358521668024e-01
8.025715316925323695e-01
8.243692919109133488e-01
3.554317548746518396e-01
3.203037120359955026e-01
3.089244851258581281e-01
2.864768683274021566e-01
5.384615384615385469e-01
3.383349736345208081e-01
2.445618609757769235e-01
6.156411477993184445e-01
3.395493395493396904e-01
2.462311557788944838e-01
4.399290437026286416e-01
5.618466898954702082e-02
4.125386996904025771e-01
1.000000000000000000e+00
3.288915407053831785e-01
3.989488772097466995e-01
8.970541653468482313e-01
5.511363636363635354e-01
3.253166027651910319e-02
3.215720022948937995e-01
2.193051717331229167e-01
8.734270610365182375e-01
4.652631578947368229e-01
5.642416769420467437e-01
6.418245614035087421e-01
5.069667738478027541e-01
1.000000000000000000e+00
1.607142857142860315e-01
2.342342342342340622e-01
3.043478260869565410e-01
2.500000000000000000e-01
0.000000000000000000e+00
1.204917280615829256e-01
0.000000000000000000e+00
0.000000000000000000e+00
0.000000000000000000e+00
0.000000000000000000e+00
0.000000000000000000e+00
0.000000000000000000e+00
0.000000000000000000e+00
0.000000000000000000e+00
0.000000000000000000e+00
0.000000000000000000e+00
6.065573770491803351e-01
0.000000000000000000e+00
0.000000000000000000e+00
0.000000000000000000e+00
0.000000000000000000e+00
0.000000000000000000e+00
0.000000000000000000e+00
0.000000000000000000e+00
0.000000000000000000e+00
0.000000000000000000e+00
4.657534246575342207e-01
3.923466554480761204e-01
3.761846891595298503e-01
3.478410578791428232e-01
3.446774912972809801e-01
4.613447526000901133e-01
3.747916445871787294e-01
2.967202776066517611e-01
4.952513928111426100e-01
5.355019371621809743e-01
2.875235344069171362e-01
6.046977560818076469e-01
1.080997580330522179e-01
4.384615352782043063e-01
8.625344812140179895e-01
5.804616987989315025e-01
6.228465249819921112e-01
6.118671409261702276e-01
6.336130986002634913e-01
2.292995274763015567e-01
4.219096107724586986e-01
3.038037394013239911e-01
6.899239308931175430e-01
6.625266661961874970e-01
5.009799382289451541e-01
7.017969349874616514e-01
7.824218723168941958e-01
5.999747004076294576e-01
2.202308495164970181e-01
2.078342768857792955e-01
1.879718874839940712e-01
1.817765151612464603e-01
2.904832817867047945e-01
2.059700177710161173e-01
2.233350254487851405e-01
4.143726363026385417e-01
4.172890240390741967e-01
1.952577000246077388e-01
5.064467817826195928e-01
3.775677810755700969e-02
3.486551050230483617e-01
8.066144868919239430e-01
4.796506266928542428e-01
5.441847679027531637e-01
5.032108001933611741e-01
5.411798120508517496e-01
1.657992851800751399e-01
3.131359937524794690e-01
2.220495895379169804e-01
6.091468740725125564e-01
5.956812400399470464e-01
3.942896698146100554e-01
6.135993015695444530e-01
7.051039338584713656e-01
5.299067971669304544e-01
5.686853766617433470e-02
6.020942408376966926e-02
6.174698795180721955e-02
4.535147392290250767e-02
1.250000000000000000e-01
4.871002887838504769e-02
1.358844833220351767e-01
5.343669250645994850e-01
1.000000000000000000e+00
9.555861688937867804e-01
5.409317051108097907e-01
4.552075746540421575e-01
2.083671536796536383e-01
7.276471495285594671e-01
6.587756322996296543e-01
4.497797259303535355e-01
4.676255707762557723e-01
6.780642278476093354e-01
2.374276081096708957e-01
2.403545902531704082e-01
2.055959892430664349e-01
2.187079407806191700e-02
3.633992244315608078e-01
5.726884457168186504e-01
7.086372086372085821e-01
8.253397325280411589e-01
7.808929045973957983e-01
