2.195095123376777368e-01
2.038952952106316552e-01
1.962001831802916985e-01
1.610730349899513469e-01
2.580645161290322509e-01
2.049286031994637658e-01
7.778420401630015135e-02
4.280486794151191488e-01
4.863998824261950293e-01
5.736560715293415047e-01
8.395075889513206047e-01
1.023569130661915461e-01
2.548947653334745489e-01
5.251561068711572133e-01
7.541558721606218541e-01
8.401785607327250105e-01
4.763778830277118903e-01
8.047120756217354121e-01
2.286856551596893050e-01
5.768843664757090650e-01
1.413624911263048345e-01
7.050474911424442492e-02
5.876712343430949836e-01
4.538605640822359621e-01
4.784008330313131996e-01
6.395887333896284055e-01
7.367645748521862714e-01
4.200557103064067599e-01
3.664229471316086117e-01
3.089244851258581281e-01
3.576512455516014377e-01
5.000000000000000000e-01
3.836227230327106108e-01
2.415364106470561101e-01
7.932474110478673346e-01
2.307692307692307820e-01
4.137353433835845862e-01
5.342888243831640516e-01
1.248548199767711420e-01
3.298872180451127845e-01
3.539663461538461453e-01
3.629420698633107900e-01
6.388642413487133354e-01
4.702665755297332772e-01
9.453125000000000000e-01
1.076158940397351493e-01
3.476126729138777627e-01
2.469040247678018218e-01
4.002200368224895222e-02
4.533333333333333659e-01
3.406288532675709746e-01
6.511150442477877665e-01
4.301536262951053402e-01
1.000000000000000000e+00
1.785714285714288252e-01
3.243243243243241203e-01
2.608695652173911306e-01
2.500000000000000000e-01
0.000000000000000000e+00
1.389230796501905729e-01
0.000000000000000000e+00
0.000000000000000000e+00
0.000000000000000000e+00
0.000000000000000000e+00
0.000000000000000000e+00
0.000000000000000000e+00
0.000000000000000000e+00
0.000000000000000000e+00
0.000000000000000000e+00
0.000000000000000000e+00
4.378698224852071164e-01
0.000000000000000000e+00
0.000000000000000000e+00
0.000000000000000000e+00
0.000000000000000000e+00
0.000000000000000000e+00
0.000000000000000000e+00
0.000000000000000000e+00
0.000000000000000000e+00
0.000000000000000000e+00
4.513274336283185639e-01
4.927281402780205877e-01
4.555573773129385495e-01
4.171606426242808197e-01
4.125608693912613534e-01
6.287700116901957514e-01
4.629773821565149605e-01
4.164966107682717134e-01
6.768150618974291266e-01
5.261060780389459346e-01
2.885381696413864550e-01
8.548606004096597211e-01
1.626297899333292718e-01
3.781014849634721786e-01
4.934206959199637366e-01
5.969030192300273097e-01
7.086780413549611524e-01
5.538444307443055603e-01
7.126759689388166841e-01
3.329747655095355308e-01
5.407282191458495646e-01
1.534055865471762869e-01
1.530088295358248418e-01
5.385454070384760872e-01
4.980793888460698371e-01
5.928931827430873325e-01
4.351635791800313458e-01
5.989966365125793946e-01
3.122838915508321378e-01
2.776261230293426419e-01
2.458112288104054577e-01
2.377748932620500633e-01
4.682820236745401377e-01
2.838484407257365616e-01
3.310316055983292260e-01
6.060441554649689255e-01
4.076180629584014170e-01
1.960785995925520830e-01
8.038629869744676748e-01
6.327304240981899974e-02
2.923336739275210205e-01
3.755348451681037591e-01
4.972991130709810137e-01
6.395448379479301559e-01
4.407889439734654635e-01
6.311439165235016580e-01
2.531679129513862425e-01
4.299747855444652767e-01
1.032058336662162734e-01
1.040744662107206397e-01
4.642468856538654043e-01
3.913902848402567858e-01
4.911704090625589325e-01
3.235288609232034318e-01
5.288719191275423892e-01
1.048744460856720906e-01
1.024682124158564078e-01
9.939759036144579785e-02
9.523809523809528832e-02
1.250000000000000000e-01
1.000870108670989245e-01
6.463866219883929176e-03
5.310734463276836070e-01
5.451307035465449147e-01
7.074200337948002293e-01
8.515991471215353936e-01
5.589729639607132761e-03
5.033482142857140795e-01
4.809430654275525518e-01
6.366516994429920473e-01
6.857157989513269492e-01
3.761237157534247366e-01
7.030233987577042543e-01
1.819160387513454324e-01
7.472186366709691052e-01
1.570324745635857111e-01
1.538674689256590566e-01
6.312136967047187186e-01
4.541372674791532837e-01
5.638297872340425343e-01
6.209258084971462921e-01
6.875149200286463369e-01
