2.653620696008322510e-01
2.522657185809575875e-01
2.436315867580536865e-01
2.084034713810921091e-01
2.765957446808511300e-01
2.506799747184473293e-01
1.890682993947040424e-01
3.109091741523831720e-01
3.560887485939014940e-01
6.781940134587902680e-01
8.056130914387980013e-01
3.249314099410733903e-01
2.928431854649944377e-01
6.234552761845039148e-01
8.513808473768786911e-01
5.566716793860266854e-01
5.684216527408583186e-01
6.545825023348681437e-01
1.258558764074340086e-01
3.902582003880472605e-01
1.757643556303597476e-01
1.423830709489165569e-01
2.421350092993779235e-01
4.731827923653642021e-01
5.438680160908507810e-01
6.642318004748131166e-01
6.492297038140493193e-01
4.378830083565460329e-01
4.147919010123735095e-01
4.038901601830663379e-01
3.825622775800711084e-01
3.846153846153846367e-01
4.211639305098060504e-01
6.061463959769041177e-01
2.491775458023119949e-01
2.087912087912087711e-01
4.364680545585068461e-01
4.399290437026286416e-01
1.076872822299651256e-01
2.565789473684211286e-01
7.180944055944056270e-01
5.572792362768494989e-01
4.690511886913686368e-01
4.155844155844157228e-01
7.333333333333333925e-01
1.735556063028088625e-01
6.496844520940906476e-01
1.833333333333333481e-01
3.296222166624966921e-01
4.857142857142857650e-01
4.932534789501498151e-01
6.441318681318684014e-01
3.373025688138228118e-01
1.000000000000000000e+00
1.428571428571427937e-01
2.072072072072068671e-01
3.478260869565215074e-01
2.999999999999998224e-01
0.000000000000000000e+00
1.177000588301839734e-01
0.000000000000000000e+00
0.000000000000000000e+00
0.000000000000000000e+00
0.000000000000000000e+00
0.000000000000000000e+00
0.000000000000000000e+00
0.000000000000000000e+00
0.000000000000000000e+00
9.735099337748346349e-01
0.000000000000000000e+00
3.957219251336898114e-01
0.000000000000000000e+00
0.000000000000000000e+00
0.000000000000000000e+00
0.000000000000000000e+00
0.000000000000000000e+00
0.000000000000000000e+00
0.000000000000000000e+00
0.000000000000000000e+00
0.000000000000000000e+00
4.000000000000000222e-01
5.086948531428242548e-01
4.865008339096669188e-01
4.512777914581786454e-01
4.434082880921985659e-01
5.502279750205105735e-01
4.832771802383796222e-01
3.494487359750180211e-01
3.756037019739237870e-01
3.268857492799719378e-01
2.938837182483247101e-01
5.777554787689216376e-01
1.182115528035958540e-01
2.978468983878203025e-01
6.321228418586505304e-01
7.955180687480642998e-01
4.854314223176510179e-01
6.066517834292499689e-01
5.981767321206357124e-01
2.138114632399737980e-01
4.658347321408333741e-01
1.687168148562580017e-01
4.710815533434076219e-01
5.374049019367068691e-01
3.820726291366053351e-01
6.056080136061267050e-01
4.570687797672433605e-01
6.111900332008075587e-01
3.282670070390750761e-01
3.072833522076828250e-01
2.767651373171465257e-01
2.654180352935439635e-01
3.800737382921517415e-01
3.033621950399995049e-01
2.695024178287359629e-01
2.997243148900462506e-01
2.223163195906716072e-01
2.004187757008819015e-01
4.774840219441303102e-01
4.216070051472875502e-02
2.215650296294000010e-01
5.224494729164801399e-01
7.281788557997868061e-01
4.017872609536520256e-01
4.974740191128036448e-01
5.024729928732885043e-01
1.534104407965551919e-01
3.548620929444265548e-01
1.145051968867707992e-01
3.770002384692524022e-01
4.630804831828582158e-01
2.813168822605093267e-01
5.049489103356064046e-01
3.443619013659054984e-01
5.418135345825167981e-01
1.491875923190547071e-01
1.462228870605833952e-01
1.641566265060240837e-01
1.315192743764172500e-01
1.875000000000000000e-01
1.375973836444815412e-01
1.820061913994945879e-01
5.645696558689848876e-01
4.358834144787993026e-01
7.329483969958814349e-01
8.515991471215353936e-01
3.539102330662782236e-01
4.324410409325020188e-01
5.181248435291008203e-01
6.605144315727469184e-01
5.031606946742472886e-01
3.982612613234643995e-01
5.257538673778417992e-01
1.378151808722314353e-01
4.511033253426762757e-01
2.275395032834244269e-01
2.239463487170580969e-01
3.610087438105483715e-01
4.863412714831456540e-01
6.274166433174558355e-01
6.730891148325355289e-01
5.947995666305525564e-01
