2.256835633505226979e-01
2.171556227451615362e-01
2.075291796810783684e-01
1.766601147927571724e-01
2.644881999720709587e-01
2.135300954409518615e-01
8.293964040479506750e-02
3.526695817174665404e-01
3.630202616444477837e-01
5.414394159215880631e-01
7.611029142174332573e-01
3.593313858489470825e-01
2.961624566607601317e-01
7.202120817571083800e-01
8.072073523742961942e-01
5.106384064678715085e-01
6.236102489401129656e-01
8.378397183291030892e-01
1.767540864188753558e-01
3.462096852152307669e-01
8.117481514535351828e-02
2.435619869340613919e-01
2.541884257968731742e-01
5.905754203658211132e-01
4.065163875902514379e-01
5.991856111289322051e-01
7.738862769251990681e-01
7.103064066852368130e-01
6.872890888638920615e-01
6.315789473684210176e-01
6.583629893238434061e-01
6.153846153846154188e-01
6.840986510947140165e-01
3.102362705504498885e-01
3.002147141169635436e-01
4.871794871794871695e-01
4.137353433835845862e-01
9.203061089853543653e-01
1.567944250871079748e-01
5.068226120857700634e-01
1.000000000000000000e+00
6.016858782308432962e-01
3.105590062111800442e-01
4.155844155844157228e-01
9.799999999999999822e-01
2.730098661981349428e-01
3.641840087623220423e-01
5.468102734051372149e-02
3.132535089723087474e-01
3.400000000000000799e-01
6.636251541307028878e-01
5.756712328767124021e-01
6.088919119465742158e-01
1.000000000000000000e+00
1.607142857142860315e-01
1.531531531531529211e-01
2.608695652173911306e-01
4.999999999999982236e-02
0.000000000000000000e+00
9.196226401430118713e-02
0.000000000000000000e+00
0.000000000000000000e+00
0.000000000000000000e+00
0.000000000000000000e+00
0.000000000000000000e+00
0.000000000000000000e+00
0.000000000000000000e+00
0.000000000000000000e+00
0.000000000000000000e+00
0.000000000000000000e+00
3.957219251336898114e-01
0.000000000000000000e+00
0.000000000000000000e+00
0.000000000000000000e+00
0.000000000000000000e+00
0.000000000000000000e+00
0.000000000000000000e+00
0.000000000000000000e+00
0.000000000000000000e+00
0.000000000000000000e+00
2.922636103151862175e-01
5.689692070405734103e-01
5.554435911432116235e-01
5.065586291612818037e-01
5.220341619126204202e-01
6.109005832713028106e-01
5.469456773868541788e-01
2.408126116579560883e-01
5.691214653876259799e-01
5.664496249162320751e-01
4.794562696800551693e-01
6.799845657426157874e-01
1.742316963896906601e-01
4.609834206215696062e-01
8.026335543972565878e-01
7.065386052755662227e-01
5.490068238484757668e-01
4.289522242533287955e-01
1.000000000000000000e+00
3.713689705434796151e-01
3.531465338223251926e-01
2.328229649471940110e-01
3.254768850962241888e-01
5.945073527717661399e-01
6.699275947384223384e-01
5.742361422545066985e-01
5.323573376528453194e-01
6.883581750441345459e-01
3.919208228964528584e-01
3.783006404594318473e-01
3.304033345733263793e-01
3.420843241054098427e-01
4.474679493688358822e-01
3.684170442456624617e-01
1.765199091796815778e-01
4.897812352651705892e-01
4.497361965565787045e-01
3.670467184833450247e-01
5.905430379398642904e-01
6.926171198826946984e-02
3.703509428546756799e-01
7.279220452573585964e-01
6.207064686633461115e-01
4.660958154939182085e-01
3.168797652150944222e-01
1.000000000000000000e+00
2.874832527005620197e-01
2.512711494775301535e-01
1.637820695714635177e-01
2.425805073205744566e-01
5.224349359756149669e-01
5.755598551986425004e-01
4.711992674853767715e-01
4.192888933136461604e-01
6.257301180260419482e-01
5.465288035450521775e-02
5.609573672400897104e-02
4.819277108433733803e-02
5.442176870748299811e-02
1.250000000000000000e-01
4.534216690333986444e-02
1.018780789968068978e-01
5.802469135802469369e-01
3.199680216468852034e-01
5.555035128805621003e-01
8.196517412935324653e-01
3.251603505392006710e-01
4.390756302521007237e-01
6.078418168878942929e-01
7.273740681390650220e-01
5.544929268778640008e-01
5.910979534576663585e-01
7.215116735059229347e-01
1.412644099800951514e-01
4.835543183649547716e-01
1.570324745635857111e-01
2.390266139886249031e-01
4.469653943513808292e-01
5.223701090442591788e-01
4.976525821596244348e-01
4.926939058171744268e-01
7.805164319248825144e-01
