2.504084776621073316e-01
2.379825387466605324e-01
2.302880809326589007e-01
1.950895854176517008e-01
2.776869332540509161e-01
2.369838034224771017e-01
4.843774130993916405e-02
3.176145212895639114e-01
5.872310173300652192e-01
5.890617830725681792e-01
8.184159852379107036e-01
1.527868479265990231e-01
4.218562171824593587e-01
5.474745622967290837e-01
8.296884499955128334e-01
7.311739941614066041e-01
5.942412717959735247e-01
6.404128104903847873e-01
4.199547731910380222e-02
4.341352944987439955e-01
1.719888509232455620e-01
3.303373263951178140e-01
3.660530112194662067e-01
5.211578051517886667e-01
5.072955812590808078e-01
5.444698227107844790e-01
7.468070654371339323e-01
5.727019498607243131e-01
5.489313835770528449e-01
5.217391304347825942e-01
4.483985765124555156e-01
8.076923076923077094e-01
5.421802076956047101e-01
1.189048239895696968e-01
6.640560545672153925e-01
5.314685314685314577e-01
4.605379840378363565e-01
7.144302238641861980e-01
6.381468576590523800e-02
6.383183568677793795e-01
5.388313609467455523e-01
4.826633772223859475e-01
5.077364107464441556e-01
5.847176079734219822e-01
6.011904761904760530e-01
0.000000000000000000e+00
3.684452094090647778e-01
3.235294117647058432e-01
4.208901625714236427e-01
5.563636363636363935e-01
3.591310963612036611e-01
4.952452830188678878e-01
6.463022508038583913e-01
1.000000000000000000e+00
2.857142857142860315e-01
3.153153153153152033e-01
3.478260869565215074e-01
1.999999999999999556e-01
0.000000000000000000e+00
2.152464575995587381e-01
0.000000000000000000e+00
0.000000000000000000e+00
0.000000000000000000e+00
0.000000000000000000e+00
0.000000000000000000e+00
0.000000000000000000e+00
0.000000000000000000e+00
0.000000000000000000e+00
0.000000000000000000e+00
3.785310734463277482e-01
4.378698224852071164e-01
0.000000000000000000e+00
0.000000000000000000e+00
0.000000000000000000e+00
0.000000000000000000e+00
0.000000000000000000e+00
0.000000000000000000e+00
0.000000000000000000e+00
0.000000000000000000e+00
0.000000000000000000e+00
3.269230769230769273e-01
5.873392486647311950e-01
5.638014932708925731e-01
5.292152240401062357e-01
4.992511668278676318e-01
7.976098925850697574e-01
5.601108148905774575e-01
3.587263496605359592e-01
7.137326906608132404e-01
7.187501609447359829e-01
3.339383208856110397e-01
7.272174952972283446e-01
1.233137942292749090e-01
6.337681525810289207e-01
5.187675268484882585e-01
7.720474282579845582e-01
6.045571180747155715e-01
6.256335467276830098e-01
4.776696086988605483e-01
4.149415541539647201e-02
5.456293185334137874e-01
4.358105689587872256e-01
3.748600720502854866e-01
6.454336917875593826e-01
4.784128393882814967e-01
5.743318125804978136e-01
4.920708617716474942e-01
6.516616902460803384e-01
4.123638082826728279e-01
3.873735240882320019e-01
3.536311328526441922e-01
3.189515877716218029e-01
6.866189670205108397e-01
3.825976160189921149e-01
2.778279105667476045e-01
6.476266759959522501e-01
6.226796271030345942e-01
2.337590887033467735e-01
6.456813716829070682e-01
4.443948066813702136e-02
5.491072405360764019e-01
4.010273765586199746e-01
6.991937427869787669e-01
5.245026483337323908e-01
5.184731074048003485e-01
3.783266213654447041e-01
2.720296874361949335e-02
4.350646415393685795e-01
3.407702883528357929e-01
2.863760227853613949e-01
5.770144953867681892e-01
3.719210349355095979e-01
4.713009279346500602e-01
3.785554511287072543e-01
5.853908990504379517e-01
4.431314623338261649e-02
5.235602094240837667e-02
4.066265060240964457e-02
5.895691609977327108e-02
1.250000000000000000e-01
4.126148094575904368e-02
0.000000000000000000e+00
4.418566561844864404e-01
4.637012650991330087e-01
5.758385172160001009e-01
8.196517412935324653e-01
4.018881666643747685e-02
5.387248909739658087e-01
4.736368568954342773e-01
7.158061279709597713e-01
7.489472237138294908e-01
4.885402804957599265e-01
5.135635939652843929e-01
1.281473619204869241e-01
5.470368606078356288e-01
2.095746868312649003e-01
2.682665149299603424e-01
3.599561747906271370e-01
5.758447960318937575e-01
5.618444710818100152e-01
6.061259016724604987e-01
8.683098591549296419e-01
