1.473907301527049851e-01
1.556149754384250627e-01
1.507965211401016137e-01
1.536426701217372126e-01
1.536098310291859059e-01
1.489660109978398483e-01
7.074045232940713301e-01
2.941981987730203363e-01
0.000000000000000000e+00
1.944032744060550932e-01
5.148444109158394344e-01
7.289227999286433946e-01
1.825078958300299092e-01
2.001282794734556836e-01
1.037432350815008508e-01
6.317219324858287521e-01
3.462739688279909966e-01
3.434926671519406005e-01
7.421303459418807646e-01
2.046124262363964164e-01
8.574942711168520582e-01
2.546033960274959318e-01
6.069441028012612094e-01
6.301949052650759331e-01
1.128799107196726825e-01
3.517992750064327101e-01
6.669618886991686146e-01
3.415041782729805186e-01
3.517997750281215419e-01
3.089244851258581281e-01
3.647686832740213436e-01
3.076923076923077649e-01
3.405974779220142246e-01
3.791944006038562298e-01
2.165603665669764144e-01
4.428904428904428814e-02
2.441716780624433869e-01
4.554935436086963163e-01
1.086971373915419370e-01
0.000000000000000000e+00
1.041666666666667407e-01
1.072608775472737030e-01
5.757286192068800101e-01
3.430987617034129133e-01
2.838983050847456724e-01
6.104232651885976857e-01
3.261674147570675641e-01
5.419117647058824261e-01
7.562998637867288654e-01
4.327272727272726272e-01
5.552068153794417205e-01
1.619047619047619402e-01
3.307483765210263993e-01
5.194805194805187654e-01
5.535714285714288252e-01
6.666666666666665186e-01
2.608695652173911306e-01
6.499999999999999112e-01
0.000000000000000000e+00
4.610151641138062750e-01
5.645161290322580072e-01
0.000000000000000000e+00
0.000000000000000000e+00
0.000000000000000000e+00
0.000000000000000000e+00
2.861111111111110938e-01
0.000000000000000000e+00
0.000000000000000000e+00
0.000000000000000000e+00
0.000000000000000000e+00
7.254901960784313486e-01
0.000000000000000000e+00
0.000000000000000000e+00
0.000000000000000000e+00
5.480769230769231282e-01
0.000000000000000000e+00
0.000000000000000000e+00
0.000000000000000000e+00
0.000000000000000000e+00
0.000000000000000000e+00
4.493392070484582002e-01
3.032636384630952864e-01
3.149655598807533652e-01
2.980557678587315018e-01
3.154330866751438034e-01
4.006557667939700806e-01
3.063762866840548105e-01
4.998884143981181527e-01
3.352230143530245954e-01
1.378435221731011406e-01
2.599168846426735957e-01
6.241082387318817037e-01
1.817046102529797924e-01
1.313204668949908838e-01
3.607608966923551153e-01
1.845274410998757331e-01
6.593679982021347641e-01
3.890439684875877102e-01
4.297646856352685951e-01
8.311421891434868092e-01
5.941454058624475731e-01
5.098770461415957911e-01
5.545649520267170729e-01
8.688930774514838085e-01
4.908938676359725362e-01
5.968517785023830236e-02
3.511143410164415668e-01
1.588918687604603530e-01
1.507236445313798190e-01
1.601792619645884541e-01
1.506105929766876628e-01
1.597007396433058890e-01
2.355526053251656982e-01
1.532701889806430406e-01
4.119712938611395092e-01
2.631216581834942003e-01
8.136381664668154712e-02
1.732781739425490741e-01
5.276827271290838173e-01
7.322307830442775778e-02
8.971135649262113043e-02
2.519982746817728270e-01
1.222352854328170868e-01
5.841576159815428104e-01
2.802947421485796342e-01
3.321873074592036623e-01
7.807128728863261813e-01
4.866050145708528674e-01
4.132818544220219770e-01
4.612920754585125294e-01
8.348349448400903539e-01
3.842385772772697883e-01
3.603289106822979426e-02
2.476380645870371044e-01
1.198750164932477769e-01
8.271787296898081010e-02
9.498878085265521909e-02
1.024096385542168641e-01
1.133786848072562692e-01
1.250000000000000000e-01
8.461592429117276160e-02
7.261044300300335541e-01
5.402298850574712707e-01
3.568128241395567279e-01
1.683614111958903203e-01
4.469320066334992458e-01
7.363907619293751372e-01
4.810495626822156590e-01
2.491419942386465247e-01
7.417301352733884912e-02
5.544929268778640008e-01
2.466399586456449189e-01
2.980520623009520476e-01
7.153941582567576729e-01
1.126858266817698517e-01
8.935791138690444280e-01
2.580753701211304652e-01
6.703110598329612424e-01
5.965362411802437315e-01
2.789473684210526105e-01
4.434043970686210034e-01
6.707746478873239937e-01
