9.346397475741974326e-02
8.243898269904637033e-02
7.280805993283390176e-02
4.029476070936915955e-02
9.400921658986177709e-02
7.978151343520351046e-02
1.357643563276546006e-01
8.463123277190576221e-02
6.230638887288282302e-01
7.566967701922588940e-01
8.425682083375352072e-01
4.500803397517028070e-02
1.016285084604322542e-01
1.000000000000000000e+00
9.583246045007036695e-01
4.960036060275774261e-01
7.983341010155224904e-01
7.974229237317427277e-01
1.495644586902104001e-01
2.298017348017755701e-01
3.767412834682837275e-02
1.662948768127280319e-01
1.415864092510066286e-01
2.460056916450583664e-01
5.444396514679341603e-01
6.488304329447507346e-01
9.330588920575844103e-01
3.849582172701949689e-01
3.461754780652418484e-01
3.112128146453089217e-01
2.935943060498220625e-01
3.076923076923077649e-01
3.459408985454857088e-01
4.599739243807038358e-01
2.419919849788414457e-01
5.979020979020979176e-01
4.331413163377865749e-01
7.465983309143686686e-01
1.076872822299651256e-01
6.109022556390978353e-01
8.033536585365854688e-01
9.999999999999997780e-01
6.748977427662474771e-01
7.172182656053622818e-01
9.230769230769231282e-01
5.298013245033112995e-01
5.559380378657486910e-01
3.235294117647058432e-01
6.234604815400168754e-01
1.000000000000000000e+00
5.804203825308978937e-01
9.217777777777778070e-01
5.991425509110396286e-01
1.000000000000000000e+00
2.142857142857144126e-01
2.612612612612612573e-01
3.043478260869565410e-01
9.999999999999986677e-02
0.000000000000000000e+00
1.545425402294071660e-01
0.000000000000000000e+00
0.000000000000000000e+00
0.000000000000000000e+00
0.000000000000000000e+00
0.000000000000000000e+00
0.000000000000000000e+00
0.000000000000000000e+00
0.000000000000000000e+00
0.000000000000000000e+00
0.000000000000000000e+00
6.915887850467289377e-01
0.000000000000000000e+00
0.000000000000000000e+00
0.000000000000000000e+00
0.000000000000000000e+00
0.000000000000000000e+00
0.000000000000000000e+00
0.000000000000000000e+00
0.000000000000000000e+00
0.000000000000000000e+00
4.573991031390134410e-01
2.988054620813139217e-01
2.819386602858693358e-01
2.513084880665266141e-01
2.443392680756925339e-01
3.099356710736264064e-01
2.790227050533241604e-01
3.584065686242645654e-01
2.291271446917919619e-01
6.488414575255010419e-01
4.141526309172857134e-01
7.423781422407000896e-01
1.331216962783466351e-01
4.738926029938120843e-01
9.048826924407110672e-01
9.568122605099906863e-01
6.703943309181659149e-01
5.306014358698756261e-01
8.280029717702419578e-01
3.519161600020396241e-01
3.912349002940476161e-01
2.437257323819146393e-01
5.698695632886181528e-01
6.773047989312708239e-01
3.909864539798698635e-01
7.421675669847883627e-01
6.045632413112019821e-01
3.733177512205523296e-01
1.475462047406931043e-01
1.367030160299750330e-01
1.187094140110775131e-01
1.111786502664218468e-01
1.628843936694266414e-01
1.340872828217160306e-01
2.775399398904762061e-01
1.719802117492813531e-01
5.405580795551547801e-01
3.048723254601920507e-01
6.637682658656287593e-01
4.892661216475423236e-02
3.829534800983786513e-01
8.642899206188856542e-01
9.397061901396372985e-01
5.964015262105710757e-01
4.166479249489133396e-01
7.712985210312446327e-01
2.699646424813746948e-01
2.850174827109810960e-01
1.724788749469526872e-01
4.773157742042965501e-01
6.119608267446846606e-01
2.893674038687068517e-01
6.615234148403043024e-01
4.959849948734289526e-01
3.050171134310094012e-01
1.329394387001481270e-02
2.019446522064327620e-02
1.054216867469875973e-02
2.040816326530614511e-02
1.250000000000000000e-01
9.637544469744852016e-03
1.897832090514386394e-01
1.631944444444444475e-01
8.372366798401573718e-01
8.222014051522246181e-01
9.144497126217738803e-01
3.562454479242527228e-02
2.503407677107728491e-01
9.148034020391107024e-01
8.715707355384960664e-01
4.020428254984005356e-01
7.902289118164851356e-01
8.144689991004540053e-01
1.518472720155858990e-01
2.966083803018276788e-01
7.456849350784833241e-03
2.287591993356431486e-01
2.599474178332733532e-01
1.987015016200393003e-01
6.309523809523809312e-01
5.479766341644549676e-01
9.713717085119411010e-01
