2.394723731346824480e-01
2.314274770296911310e-01
2.259761013619460690e-01
2.032967550333611428e-01
2.233415496731325778e-01
2.307319815913409511e-01
1.210920124326996250e-01
2.739812728167586586e-01
8.971186230929897309e-01
6.946570495684389890e-01
6.020670530594307568e-01
2.423776542998969941e-01
2.521210451526332275e-01
8.527890213231398286e-01
7.210620411507879801e-01
2.467050612799757126e-01
4.856250350532900217e-01
7.078824468493818411e-01
3.832477762292473278e-01
1.733256768991326968e-01
4.009333642522563412e-01
1.569619853159803791e-01
2.089578409830561423e-01
2.850148105437080304e-01
5.967753158612539854e-01
5.345767966685530670e-01
6.645770398144466018e-01
3.465181058495822031e-01
3.383014623172103663e-01
3.226544622425628894e-01
3.220640569395017971e-01
3.461538461538462008e-01
3.372304542534484417e-01
5.069100391134273575e-02
5.381772969706828391e-01
4.871794871794871695e-01
4.556113902847571118e-01
5.616835994194484538e-01
7.907471931862175563e-02
9.261874197689347055e-01
5.961538461538462563e-01
4.729514717581542183e-01
2.734922861150068663e-01
6.753246753246753276e-01
7.906976744186047235e-01
3.272302298402804954e-01
5.052643004450233510e-01
4.852941176470588758e-01
7.655467477801332077e-01
2.069565217391304834e-01
5.552068153794417205e-01
7.730526315789474356e-01
5.125872480589757085e-01
1.000000000000000000e+00
2.142857142857144126e-01
2.342342342342340622e-01
3.043478260869565410e-01
2.999999999999998224e-01
0.000000000000000000e+00
1.876478629013176302e-01
0.000000000000000000e+00
0.000000000000000000e+00
0.000000000000000000e+00
0.000000000000000000e+00
0.000000000000000000e+00
0.000000000000000000e+00
0.000000000000000000e+00
0.000000000000000000e+00
0.000000000000000000e+00
0.000000000000000000e+00
3.609756097560975485e-01
0.000000000000000000e+00
0.000000000000000000e+00
0.000000000000000000e+00
0.000000000000000000e+00
0.000000000000000000e+00
0.000000000000000000e+00
0.000000000000000000e+00
0.000000000000000000e+00
0.000000000000000000e+00
4.434782608695652106e-01
4.543006637417824622e-01
4.419012796625657602e-01
4.111784782410012329e-01
4.149869048238856717e-01
4.345475037493653492e-01
4.375043193211437531e-01
0.000000000000000000e+00
3.127567550938759044e-01
4.705109924895851670e-01
4.562986465134931668e-01
5.938713336109662233e-01
1.091565488839764120e-01
5.922007375390946349e-01
7.545586618354979125e-01
7.218318347788967859e-01
4.660631101206103022e-01
3.666740461781413662e-01
4.680586161684463509e-01
3.888622077022813039e-01
3.971304542191933518e-01
3.862783926975870141e-01
4.519412342439332875e-01
4.021143519432837099e-01
4.697903436439466729e-01
6.488063077154487823e-01
4.699861774635846201e-01
5.341139978687883261e-01
2.753259385700402850e-01
2.649746010443395638e-01
2.405527669718564021e-01
2.398991965207491750e-01
2.656041755933946091e-01
2.602017846939606582e-01
0.000000000000000000e+00
2.432141734595748561e-01
3.521123592535931879e-01
3.445591818258393335e-01
4.947367386872333350e-01
3.821005352523187959e-02
5.041137408080749172e-01
6.672137528792353445e-01
6.387116486148689543e-01
3.827335402361202732e-01
2.604250123471616440e-01
3.689233145260527591e-01
3.034693641077637616e-01
2.903565947888442911e-01
2.946443526001860103e-01
3.584162460905951364e-01
3.302362543620582791e-01
3.634891390295897362e-01
5.527789160868605833e-01
3.568513472576271273e-01
4.614678907423397924e-01
1.093057607090103800e-01
1.069558713537771544e-01
1.114457831325301185e-01
1.088435374149659962e-01
1.250000000000000000e-01
1.045058987426660813e-01
2.042315072484153227e-01
5.497076023391812560e-01
9.731258840169729751e-01
7.074200337948002293e-01
6.142755609706571640e-01
2.043163261394563834e-01
3.228260869565217073e-01
7.374992368582433677e-01
5.982037892664788803e-01
1.998458489319532294e-01
4.203988068935042843e-01
7.523098628333350080e-01
3.726590130137713563e-01
3.369383860353826199e-01
4.119909266308598994e-01
1.049798115746970462e-01
3.394872179786004862e-01
2.530299449714730198e-01
6.543209876543210068e-01
5.173478388709202846e-01
6.707746478873239937e-01
