2.602480198741261019e-01
2.460741888052242476e-01
2.419861977340664327e-01
1.997327718843630584e-01
3.232389730085583057e-01
2.465699392193336226e-01
1.453417595402785034e-01
3.484766114424446837e-01
5.495031268179848549e-01
2.515830833734014060e-01
8.531718749253882628e-01
2.629844816799022933e-01
2.786767596693180415e-01
5.194105614958725026e-01
8.979087191226295950e-01
5.640244551900956971e-01
6.195309312112828870e-01
8.506226132510894544e-01
1.686067288340136194e-01
5.318163421647934541e-01
5.642307799333556861e-02
3.487196598734653152e-01
5.212537668065380103e-01
2.840328083697525319e-01
4.383628867253706041e-01
7.442817988999770318e-01
7.280625959892947918e-01
5.448467966573816712e-01
4.741282339707536542e-01
4.336384439359267651e-01
3.985765124555159522e-01
6.153846153846154188e-01
4.702242546833916848e-01
9.690036589981898540e-02
6.467785780343580093e-01
5.087838990278015228e-01
1.369892942975748373e-01
7.144302238641861980e-01
9.253945480631275977e-02
1.950000000000000622e-01
5.865384615384614531e-01
3.629420698633107900e-01
5.809280233832663232e-01
5.847176079734219822e-01
5.277777777777776791e-01
1.986754966887416263e-01
4.652157015157403208e-01
0.000000000000000000e+00
3.970515199832709285e-01
3.977358490566038629e-01
2.299517991256584404e-01
3.086467065868264137e-01
3.211285136396638817e-01
8.294930875576032037e-01
3.214285714285716189e-01
3.693693693693691493e-01
3.043478260869565410e-01
1.999999999999999556e-01
0.000000000000000000e+00
2.446887548838714288e-01
0.000000000000000000e+00
0.000000000000000000e+00
0.000000000000000000e+00
0.000000000000000000e+00
0.000000000000000000e+00
0.000000000000000000e+00
0.000000000000000000e+00
0.000000000000000000e+00
0.000000000000000000e+00
4.213836477987421558e-01
2.761194029850746468e-01
0.000000000000000000e+00
0.000000000000000000e+00
0.000000000000000000e+00
0.000000000000000000e+00
0.000000000000000000e+00
0.000000000000000000e+00
0.000000000000000000e+00
0.000000000000000000e+00
0.000000000000000000e+00
3.791821561338289959e-01
6.083577108618565266e-01
5.816432203691401792e-01
5.380753743565076519e-01
5.127658627202509312e-01
7.740864433609685458e-01
5.776035147113171009e-01
2.697274639517266426e-01
6.323842625820272900e-01
6.485266179123589936e-01
1.131200960196484528e-01
7.898319046230328766e-01
1.455509423419667492e-01
4.884451526770100527e-01
7.543293891908126048e-01
5.151141256856586192e-01
8.168194942298641070e-01
6.869908683819956341e-01
4.450951064046899663e-01
1.677720327560355829e-01
6.231981251836220537e-01
1.087830965394662730e-01
4.815354728543570495e-01
5.014100552730509364e-01
3.509969104859081979e-01
4.524429320264476972e-01
4.955895380347498103e-01
6.852513327747555838e-01
4.363517471906849243e-01
4.070768747696079659e-01
3.629114540051401883e-01
3.325834112209749005e-01
6.538490881102463348e-01
4.018259148071056663e-01
2.004577162665345802e-01
5.571685145015939922e-01
5.401987457137339410e-01
6.793433812095428515e-02
7.216026400218072956e-01
5.481466541752982868e-02
3.973061164713183602e-01
6.669294538002341621e-01
4.117175772503356979e-01
7.667157903878494274e-01
5.886066352599773621e-01
3.467538656112125750e-01
1.176015280198256518e-01
5.184737939288281972e-01
7.130911509458648379e-02
3.872671242083815524e-01
4.266679328298713658e-01
2.537811841633944576e-01
3.480366671192737238e-01
3.820544075036252929e-01
6.222844036286083735e-01
5.760709010339737368e-02
6.955871353777115518e-02
8.584337349397591632e-02
6.122448979591837981e-02
1.250000000000000000e-01
6.127469032455029607e-02
1.469934376197675752e-01
5.059027777777778123e-01
3.128600742969389614e-01
4.199320843091334243e-01
8.196517412935324653e-01
1.194470164178045302e-01
4.016806722689074682e-01
4.654728851557461966e-01
7.958033276268348111e-01
4.105490233607824724e-01
4.712948180954670274e-01
7.035659894296627526e-01
1.556422065160750767e-01
6.263552442920742314e-01
1.356011843898147218e-01
3.057241085935253899e-01
6.111360508159210392e-01
4.036140650901209881e-01
5.520833333333332593e-01
6.887827847209997412e-01
7.605633802816900157e-01
