1.955334638438651074e-01
1.869174932331643113e-01
1.804505652108072122e-01
1.535123603474802811e-01
2.394724296837756894e-01
1.858466047218452766e-01
1.326664120565516081e-01
3.530283550241279933e-01
3.725122856555003192e-01
3.789190315013963861e-01
6.756318507991152522e-01
2.181047587267921362e-01
3.189074085019414362e-01
4.037403634851610690e-01
9.808852069008635599e-01
7.072771171800340539e-01
5.738266267588407743e-01
9.390046506755584943e-01
2.549258272363864597e-01
5.507206141644531705e-01
1.374210590546885991e-01
1.772552078435193357e-01
4.449360682375793630e-01
4.754007929737322780e-01
3.510020908514578375e-01
7.622277734147482331e-01
7.587127732037943773e-01
5.431754874651810727e-01
4.783464566929134243e-01
4.130434782608696231e-01
3.683274021352312966e-01
4.615384615384615086e-01
4.715147249992701628e-01
9.690036589981898540e-02
5.022119376573876970e-01
1.027840084443858992e-01
3.000717875089733977e-01
6.361973875181423654e-01
9.253945480631275977e-02
2.565789473684211286e-01
5.865384615384614531e-01
5.105323233371379388e-01
9.343389529724932530e-01
3.211334120425030081e-01
9.230769230769231282e-01
1.986754966887416263e-01
2.618316402866367465e-01
3.235294117647058432e-01
2.995037945125511580e-01
4.652631578947368229e-01
3.228818037695965204e-01
3.307654320987654661e-01
3.271115990902674353e-01
8.294930875576032037e-01
2.678571428571427937e-01
3.153153153153152033e-01
3.478260869565215074e-01
1.999999999999999556e-01
0.000000000000000000e+00
2.097056757177457875e-01
0.000000000000000000e+00
0.000000000000000000e+00
0.000000000000000000e+00
0.000000000000000000e+00
0.000000000000000000e+00
0.000000000000000000e+00
0.000000000000000000e+00
0.000000000000000000e+00
8.596491228070176627e-01
4.213836477987421558e-01
2.761194029850746468e-01
0.000000000000000000e+00
0.000000000000000000e+00
0.000000000000000000e+00
0.000000000000000000e+00
0.000000000000000000e+00
0.000000000000000000e+00
0.000000000000000000e+00
0.000000000000000000e+00
0.000000000000000000e+00
3.805970149253731227e-01
4.954639466094873379e-01
4.690484153807051859e-01
4.358909419379770056e-01
4.260132282863033915e-01
5.954991855830422676e-01
4.706209381663941649e-01
4.321866257194133532e-01
6.198371044582180467e-01
3.072861573518214096e-01
2.177158748139798039e-01
8.307793306754107654e-01
1.603275019212293540e-01
5.343104305347360361e-01
7.186086841634663491e-01
6.739820303031909265e-01
8.732173946865258163e-01
4.929140497375295027e-01
6.606451665591317468e-01
3.259503363524279829e-01
4.964258824559548700e-01
2.453941810547839442e-01
2.356133074232091840e-01
6.563381446442417833e-01
4.424317991810330364e-01
3.451673180960047604e-01
3.771168014706069993e-01
5.079829190831937069e-01
3.149963765473541288e-01
2.903874677511626423e-01
2.626018036320073024e-01
2.496611238251105480e-01
4.298809198742284399e-01
2.911263279202756515e-01
3.458867024618502706e-01
5.435974485173381554e-01
2.061242918813845915e-01
1.410059413774156223e-01
7.729952350464567301e-01
6.210800316800089982e-02
4.435520816590243220e-01
6.232412651878096455e-01
5.830215163474838924e-01
8.361453504933198388e-01
3.785550606243037741e-01
5.713790563913344611e-01
2.470043732576229778e-01
3.849383715447803334e-01
1.738178528952433188e-01
1.676097707665881731e-01
5.889027587507658090e-01
3.371554543001628601e-01
2.499110909050764329e-01
2.704310191193407542e-01
4.350156631188330514e-01
4.652880354505173344e-02
5.048616305160807949e-02
7.379518072289154018e-02
5.668934240362816235e-02
1.250000000000000000e-01
5.203207779478069561e-02
8.118573242489846020e-02
4.676616915422885934e-01
4.651519873972000951e-01
4.884149126507337790e-01
6.403630562000282023e-01
2.753527015726577876e-01
3.731150793650792608e-01
3.201747789741402062e-01
9.230831533477323880e-01
4.684943483419721222e-01
5.678888589686794663e-01
8.537235219119440055e-01
1.696924314044171433e-01
7.219697773041450217e-01
1.858806519403518598e-01
1.692342459974688351e-01
5.369814134971550024e-01
4.582518106891093623e-01
5.520833333333332593e-01
8.388157894736840703e-01
7.808929045973957983e-01
