2.978242944825672534e-01
2.861583151996375252e-01
2.758091301620106406e-01
2.448120231168020022e-01
3.500423210758958348e-01
2.843010694252877113e-01
2.147148667477780659e-01
4.749087636247161237e-01
2.482648788288006614e-01
3.599897066061856776e-01
7.279514556151682747e-01
3.047364925977487093e-01
5.114478345282249538e-01
5.523171696380929641e-01
9.599287503954549994e-01
5.885778163890900139e-01
3.577302271702320624e-01
7.983078764761144530e-01
2.752382438619380700e-01
3.537535033735330625e-01
1.121127833776426330e-01
1.826235907812064907e-01
5.435699182553694886e-01
3.506677230472159401e-01
5.925825963990154488e-01
6.236330716190143786e-01
6.167993135250373626e-01
3.576601671309191932e-01
3.217097862767154259e-01
2.974828375286041604e-01
2.846975088967971246e-01
4.230769230769230727e-01
3.248573483672093642e-01
1.473272490221642084e-01
5.381772969706828391e-01
2.657342657342657843e-01
8.383380316215222061e-02
6.361973875181423654e-01
8.561473369835737035e-02
3.504492939666239426e-01
6.209935897435896468e-01
4.221067902101173219e-01
3.358132550679135964e-01
3.211334120425030081e-01
6.359649122807016219e-01
1.986754966887416263e-01
1.653279785809905755e-01
6.066176470588247049e-02
2.137821314703975961e-01
6.432432432432433345e-01
2.841609685012890241e-01
4.710056497175141854e-01
3.651578860582075370e-01
1.000000000000000000e+00
2.857142857142860315e-01
3.423423423423419543e-01
2.608695652173911306e-01
2.999999999999998224e-01
0.000000000000000000e+00
2.768550098904185575e-01
0.000000000000000000e+00
0.000000000000000000e+00
0.000000000000000000e+00
0.000000000000000000e+00
0.000000000000000000e+00
0.000000000000000000e+00
0.000000000000000000e+00
0.000000000000000000e+00
0.000000000000000000e+00
6.979166666666667407e-01
4.065934065934066477e-01
0.000000000000000000e+00
0.000000000000000000e+00
0.000000000000000000e+00
0.000000000000000000e+00
0.000000000000000000e+00
0.000000000000000000e+00
0.000000000000000000e+00
0.000000000000000000e+00
0.000000000000000000e+00
4.636363636363636243e-01
5.254783469085277936e-01
5.062096330190535287e-01
4.669944615483411776e-01
4.622979828517652656e-01
6.991883242549823407e-01
5.037605679148234872e-01
3.087103503935777482e-01
6.128125282127550033e-01
2.978011662077593158e-01
4.968220366068143434e-02
8.092081680019478362e-01
1.240916571820142589e-01
6.250392508280065984e-01
6.497769100004019416e-01
5.603578147276679911e-01
4.352723276197785207e-01
2.508463837103668270e-01
6.106725005767281722e-01
1.788088292250492595e-01
2.083821629442654810e-01
1.063724675109049000e-01
4.454029428756636211e-01
8.950659573988182238e-01
4.063386978475905797e-01
6.081863009729578939e-01
4.218684960292878872e-01
6.657443193069905174e-01
3.454645604711689688e-01
3.268890849632660744e-01
2.915765741766425112e-01
2.830231433282522358e-01
5.545789267282177359e-01
3.236542912277085016e-01
2.336613842833921151e-01
5.360441152686066246e-01
1.984194563614491980e-01
2.841713913791599211e-02
7.457497464960476385e-01
4.479022951493408233e-02
5.395543283238508625e-01
5.424506668709330182e-01
4.583748013185690584e-01
3.529600515481463585e-01
1.648666179818546740e-01
5.160078680712192334e-01
1.260470018959057303e-01
1.348149140598541851e-01
6.962979178739281405e-02
3.521313896250367059e-01
8.669857497057936735e-01
3.033917697107174627e-01
5.077595039204089167e-01
3.110970618271540200e-01
6.007784893441960872e-01
1.122599704579025359e-01
1.301421091997008173e-01
1.234939759036144391e-01
1.088435374149659962e-01
2.500000000000000000e-01
1.161496201687486352e-01
2.544177043266231397e-01
5.949367088607595555e-01
3.290282189811488678e-01
5.801977621649752059e-01
6.832908627593738959e-01
3.936987524375631375e-01
6.026785714285715079e-01
4.482634538474645214e-01
9.395248380129590515e-01
4.602510460251048041e-01
3.761237157534247366e-01
6.541237986073141775e-01
2.328016439964770701e-01
5.991609810068226905e-01
9.992178130051632134e-02
2.088660834454911797e-01
5.177645105334504061e-01
3.328344380300762850e-01
6.625000000000000888e-01
6.561403508771928017e-01
6.389141299409359931e-01
