4.226803634551968281e-01
4.100948683198417655e-01
4.101885817618185492e-01
3.763219693902340457e-01
6.285714285714286698e-01
4.135080360591342763e-01
3.204194647978506616e-01
6.643698513864989552e-01
6.535883350116280521e-01
1.375864469606800089e-01
4.461070657662143391e-01
5.754910904333947474e-01
3.150432558210380929e-01
4.213960237970311162e-01
3.212020191732611885e-01
6.316319209841330107e-01
8.163403660990262711e-01
2.460803048673936289e-01
4.595194978390020335e-01
2.754807402202354982e-01
3.170975800240111164e-01
4.438611584327792903e-01
1.404067747813175782e-01
5.082017311740802956e-01
8.232832465647017539e-01
7.994723286160305697e-01
4.605692128012328634e-01
5.977715877437326242e-01
5.632733408323959967e-01
4.713958810068650251e-01
5.391459074733095935e-01
4.615384615384615086e-01
5.550647649169543341e-01
2.707852773041818928e-02
4.934866138003162206e-01
4.586059102188135284e-01
5.875531503672209999e-02
1.403124205108254863e-01
5.198037403114552646e-02
2.434210526315789824e-01
2.068288854003139665e-01
2.568615751789975477e-01
1.464063886424133987e-01
2.247548369997348638e-01
2.551020408163264808e-01
3.161717581713309189e-01
2.434499904379422430e-01
2.469040247678018218e-01
1.335851494143289742e-01
3.400000000000000799e-01
1.335799424578708594e-01
7.139999999999999680e-01
5.858013200203079363e-01
8.294930875576032037e-01
3.750000000000000000e-01
2.612612612612612573e-01
6.086956521739130821e-01
9.999999999999986677e-02
0.000000000000000000e+00
3.181188636956293614e-01
7.142857142857141906e-01
0.000000000000000000e+00
0.000000000000000000e+00
0.000000000000000000e+00
0.000000000000000000e+00
0.000000000000000000e+00
0.000000000000000000e+00
0.000000000000000000e+00
0.000000000000000000e+00
7.204301075268817467e-01
7.628865979381442841e-01
0.000000000000000000e+00
0.000000000000000000e+00
0.000000000000000000e+00
0.000000000000000000e+00
5.520833333333332593e-01
0.000000000000000000e+00
0.000000000000000000e+00
0.000000000000000000e+00
0.000000000000000000e+00
3.411371237458193928e-01
6.818397614206875845e-01
6.688939287963312497e-01
6.254658654554150488e-01
6.514970813510497782e-01
8.108213883856300042e-01
6.642000264317572400e-01
7.010346193323413466e-03
5.669130250345901789e-01
6.106271681521249217e-01
2.029647480095922996e-01
3.406919112450779163e-02
1.156764487191887514e-01
4.186004809607247745e-01
3.934895671464040401e-01
5.323025026030181461e-01
2.626009894755614305e-01
5.586241476328861477e-01
1.947295476003947368e-01
4.306773771866253542e-01
2.844376021087524631e-01
4.612309160564653787e-01
2.768937850010078083e-01
5.521198926506520888e-01
1.959388543477489364e-01
7.863241629190259596e-01
6.559733928112444490e-01
5.827160687892067870e-01
5.252284470421031415e-01
5.100094634047315223e-01
4.603740882718347360e-01
4.877496212760493166e-01
7.053572301994895932e-01
5.035085084582835435e-01
4.562310997551166647e-03
4.874755944479743919e-01
4.976315154127887164e-01
1.301037466156427791e-01
2.054295171407288789e-02
4.104258979890282322e-02
3.298295418145413271e-01
2.809336385283878745e-01
4.292433413560083344e-01
1.977579457429227139e-01
4.458146131753326635e-01
1.322931369801675083e-01
3.425730785317933624e-01
1.936674794967978563e-01
3.651789890244750425e-01
2.012916833795557747e-01
4.781893251186934979e-01
1.287037461614655154e-01
7.155148472542605109e-01
5.534784813307228601e-01
5.117276700094497421e-01
2.392909896602659070e-01
2.400897531787584693e-01
2.289156626506024250e-01
2.494331065759637367e-01
5.000000000000000000e-01
2.461029231587480437e-01
3.993534273267320689e-01
9.215686274509804488e-01
7.372918049822474451e-01
1.050605844618675011e-01
5.092597214595917521e-01
6.771600442394324348e-01
3.819444444444443088e-01
3.604953541752283219e-01
2.497761154717377807e-01
7.025873110750575634e-01
6.928609062170707489e-01
2.268792152420462394e-01
3.886388100596926964e-01
4.550647341898773623e-01
4.425859408789328819e-01
4.549125168236876071e-01
2.487278690415858362e-01
7.334583312774460850e-01
6.794871794871795156e-01
7.123481781376519439e-01
4.428494041170097373e-01
