4.119190529287562463e-01
4.046738214717408022e-01
4.037406354947042364e-01
3.769050125516236194e-01
6.506912442396314278e-01
4.069669580644186824e-01
6.927886492194799128e-01
8.121217437511681903e-01
5.470100722115289749e-02
6.003552796308266881e-01
2.291558401796905398e-01
2.913830465564297700e-01
3.207447170562049976e-01
3.266193290715646569e-01
3.505383839981944805e-01
6.926830797713914301e-01
5.720440129822303987e-01
3.018882960870028498e-01
3.589840344162287256e-01
4.595439169201105400e-01
5.685737068257656901e-01
4.011518099725571718e-01
3.499534793220457907e-01
1.805806997049983487e-01
6.621035268168756760e-01
6.498742208685339694e-01
4.128958375984113083e-01
4.467966573816156695e-01
4.204161979752530920e-01
3.478260869565217295e-01
4.110320284697508431e-01
7.307692307692308376e-01
4.153923007364578313e-01
4.599739243807038358e-01
9.937385149390864925e-01
9.965034965034968995e-02
2.148241206030150896e-01
2.758250773016974744e-01
0.000000000000000000e+00
2.434210526315789824e-01
4.585798816568048553e-02
3.494715308557789779e-01
2.387422360248447895e-01
3.567753001715266992e-01
3.161764705882353921e-01
9.460737937559127175e-02
3.343556042351223390e-01
5.519031141868513402e-01
7.120971892627547817e-02
2.914285714285714812e-01
8.676888436176477537e-02
4.601450777202072406e-01
3.999770326136884435e-01
6.696428571428567622e-01
4.642857142857144126e-01
5.405405405405403485e-01
6.521739130434780485e-01
5.499999999999998224e-01
0.000000000000000000e+00
5.418149248406671781e-01
4.166666666666666297e-01
0.000000000000000000e+00
0.000000000000000000e+00
9.032258064516128782e-01
0.000000000000000000e+00
0.000000000000000000e+00
0.000000000000000000e+00
0.000000000000000000e+00
5.798816568047338027e-01
1.000000000000000000e+00
4.836601307189542509e-01
0.000000000000000000e+00
0.000000000000000000e+00
0.000000000000000000e+00
6.785714285714284921e-01
1.000000000000000000e+00
5.223880597014924909e-01
0.000000000000000000e+00
0.000000000000000000e+00
0.000000000000000000e+00
4.112903225806451291e-01
6.091374837730790803e-01
5.920553812618838396e-01
5.438420489746549347e-01
5.485812520959360006e-01
9.901632345196739182e-01
5.849472343677921682e-01
5.790896695342397926e-01
1.000000000000000000e+00
2.231771776544567709e-01
3.073972012072758719e-01
4.017598170002090185e-01
9.037003430415163630e-02
4.292378233794641451e-01
1.603751114832522306e-01
3.531392138087221522e-01
1.284103315366114106e-01
4.480235944356880662e-01
1.791506602263412962e-01
2.866760273643361723e-01
3.891609863437519579e-01
5.025793525661321759e-01
1.226966285921459177e-01
4.924090673793679596e-01
3.216284712345564012e-01
8.058493031042747168e-01
4.286340792013679790e-01
5.020295851875711257e-01
4.372539571125051427e-01
4.187864964202077656e-01
3.690110426970840685e-01
3.699834000353833252e-01
9.834664430702579896e-01
4.100296741097737563e-01
4.933722929167360105e-01
9.999999999999998890e-01
1.407839106040663646e-01
2.115054736189289075e-01
3.029701987282568121e-01
3.039521273007092517e-02
3.398764997941882693e-01
9.686846904481405396e-02
2.585765234463881512e-01
9.093232137347773136e-02
3.348776653960866545e-01
1.205980614283536922e-01
2.131967638777568785e-01
2.831466826423980621e-01
4.059490239718590021e-01
8.205220264554546894e-02
4.176835778820816580e-01
2.285158471582744433e-01
7.399127636508281425e-01
3.174032746102839475e-01
4.290449271224048844e-01
2.821270310192023900e-01
2.879581151832460995e-01
2.921686746987952055e-01
2.539682539682539542e-01
5.000000000000000000e-01
2.782132621354935775e-01
4.614357672742309679e-01
7.121212121212121549e-01
3.710553528342028784e-01
7.264637002341920446e-01
2.425373134328358549e-01
4.664986093762381048e-01
1.007988721804510268e-01
2.288432046668738562e-01
3.136800668849717977e-01
5.544929268778640008e-01
5.721991193737767656e-01
2.268792152420462394e-01
4.784562900074573744e-01
6.184728491369287928e-01
5.538405381446523945e-01
3.055877848424373155e-01
2.803792386288640470e-01
3.911531060344404231e-01
6.680672268907563716e-01
6.868421052631576984e-01
3.885814889336016154e-01
