1.556241675337308172e-01
1.557661414809504707e-01
1.605786618444846048e-01
1.414111032703631032e-01
2.027649769585253559e-01
1.542866021219748141e-01
7.069189947103007299e-01
4.043693339591736269e-01
1.797934688244362533e-01
4.862181897684292320e-01
3.166209496439728599e-01
5.570214688822159310e-01
9.030468023071338557e-01
2.516238604982939941e-01
5.552881709948165323e-03
6.923762948773370951e-01
4.077168191230833294e-01
2.373117123751518065e-01
7.956144967873673979e-01
4.784889586206260148e-01
4.455732438788434502e-01
4.566518153067312680e-01
3.034549791802463314e-01
6.212477817290831261e-01
4.021885816159624927e-01
3.669866423521881416e-01
6.019763865787355339e-01
1.598885793871866468e-01
1.302024746906636499e-01
1.006864988558352492e-01
1.192170818505338126e-01
1.923076923076923461e-01
1.324993220240361924e-01
1.676289811883030501e-01
4.351855862098834571e-01
1.550116550116550918e-01
1.341844356919734138e-01
2.899874744020517481e-01
8.013937282229963155e-02
4.703947368421053099e-01
1.654765271493212619e-01
2.909114364961623567e-02
5.177680480602790958e-01
1.187384044526901272e-01
2.399999999999999911e-01
2.649006622516556497e-01
2.289156626506023695e-01
3.308823529411766273e-01
5.397507432900257029e-01
4.652631578947368229e-01
6.636251541307028878e-01
4.468571428571427862e-01
5.190951655666495856e-01
3.781512605042012254e-01
5.357142857142860315e-01
6.756756756756754356e-01
7.391304347826084253e-01
6.000000000000000888e-01
0.000000000000000000e+00
5.244556621858342815e-01
0.000000000000000000e+00
0.000000000000000000e+00
0.000000000000000000e+00
0.000000000000000000e+00
0.000000000000000000e+00
4.161616161616162324e-01
0.000000000000000000e+00
0.000000000000000000e+00
0.000000000000000000e+00
0.000000000000000000e+00
5.068493150684931781e-01
0.000000000000000000e+00
0.000000000000000000e+00
0.000000000000000000e+00
6.129032258064516236e-01
7.162162162162162282e-01
0.000000000000000000e+00
6.339285714285713969e-01
0.000000000000000000e+00
0.000000000000000000e+00
6.986301369863012756e-01
2.059751943222584702e-01
2.017402840819401966e-01
1.657785564927143906e-01
1.913958039774663333e-01
3.299703350389510126e-01
1.929000095890329447e-01
1.899950528152454243e-01
6.476020977018601688e-01
5.222734914464111089e-01
1.759547822812266293e-01
2.490592376975966360e-01
1.305037456294404485e-01
6.241330794023892681e-01
2.292351124122279371e-01
7.332563386022239449e-02
8.418715598674293421e-01
3.574205455315124791e-01
2.223773130742885407e-01
5.409103285701112318e-01
3.544811758494070819e-01
3.706705356211581481e-01
2.767442985454604543e-01
9.519557620846428314e-01
4.766336697089340602e-01
5.674214498815847163e-01
4.731110278186364537e-01
1.086039063576988983e-01
8.790401563245818506e-02
8.621052171113269269e-02
6.831547746033884982e-02
7.978041392819515409e-02
1.779587843941684011e-01
8.073097073032511894e-02
1.358743493825369519e-01
5.737649023428234019e-01
4.036973564767866174e-01
1.106493798388343275e-01
1.721855769525761637e-01
4.771516233429300147e-02
5.385657987448435602e-01
1.459053891177221618e-01
4.519716936486961600e-02
7.972935876715578907e-01
2.523396218728788387e-01
1.535241794837210183e-01
4.516806365862854888e-01
2.524317673996259725e-01
2.805028056211542054e-01
2.011673915284504233e-01
9.382820337421432511e-01
3.701759976901407012e-01
4.639777390211251573e-01
3.598954393682664010e-01
8.034112504976381741e-02
1.285081240768095046e-01
1.323859386686612183e-01
1.084337349397590522e-01
1.360544217687075230e-01
2.500000000000000000e-01
1.072567063160557166e-01
7.284590658588266932e-01
4.607843137254902244e-01
3.199680216468852034e-01
5.865148957028483157e-01
3.045446922689921121e-01
6.154406409322651372e-01
9.999999999999998890e-01
1.818245798424614201e-01
1.281170233654033153e-02
6.192842199641361844e-01
5.446797644796923521e-01
1.597260970867996344e-01
9.452001174283196638e-01
7.170027885762454423e-01
3.942999319976204786e-01
4.638596598556221640e-01
2.487278690415858362e-01
7.318569033230928333e-01
4.732142857142856984e-01
2.516447368421053099e-01
6.545832371276842920e-01
