1.596106853929918912e-01
1.517771021818492549e-01
1.554637044691294379e-01
1.236132480362782116e-01
1.952764976958525356e-01
1.529754731464270656e-01
2.234507314698896963e-01
3.172481734253738139e-01
5.418809076720807472e-01
5.476684985044941723e-01
5.706132640559660185e-01
5.467373378683499929e-01
2.452063766935188571e-01
5.321041486809913179e-01
4.026962537622564842e-01
1.748519286812042495e-01
8.612596060066348702e-01
8.139757823866866637e-01
5.036104424165998017e-01
5.228120635449227116e-01
2.078796184643907363e-01
1.159029246120905077e-01
5.841147497587768633e-01
5.506228463220772529e-01
4.816817843900336182e-01
5.653533711063212230e-01
8.044784988881241716e-01
4.161559888579386968e-01
3.804836895388076234e-01
3.741418764302059108e-01
3.291814946619217030e-01
2.692307692307692180e-01
3.897460821504776796e-01
2.894393741851367663e-01
8.491718745621164022e-01
3.006993006993006756e-01
3.414039896451957490e-01
8.173681664247702816e-01
1.537685677608655321e-01
3.180133432171979857e-01
5.647773279352226172e-01
2.568615751789975477e-01
3.105590062111800442e-01
5.989304812834224112e-01
7.333333333333333925e-01
4.001690855290968019e-01
5.754685408299866634e-01
2.022058823529412352e-01
4.454623018545962321e-01
3.729032258064517436e-01
3.591310963612036611e-01
3.898666666666666392e-01
5.991425509110396286e-01
1.000000000000000000e+00
3.214285714285716189e-01
2.432432432432429792e-01
2.173913043478261642e-01
3.499999999999998668e-01
0.000000000000000000e+00
2.850943150364368961e-01
0.000000000000000000e+00
0.000000000000000000e+00
0.000000000000000000e+00
0.000000000000000000e+00
0.000000000000000000e+00
0.000000000000000000e+00
0.000000000000000000e+00
0.000000000000000000e+00
0.000000000000000000e+00
0.000000000000000000e+00
7.474747474747475140e-01
0.000000000000000000e+00
0.000000000000000000e+00
0.000000000000000000e+00
0.000000000000000000e+00
0.000000000000000000e+00
4.861111111111111049e-01
0.000000000000000000e+00
0.000000000000000000e+00
0.000000000000000000e+00
4.180327868852459217e-01
4.315723796665025258e-01
4.148556396910753064e-01
3.884472100275441764e-01
3.766182924130009324e-01
3.179810158593541214e-01
4.110370424784289822e-01
1.524049071379933729e-01
5.787543790374942709e-01
6.293845536635171989e-01
3.971100561428165809e-01
1.000000000000000000e+00
2.148637987700862673e-01
5.501490327877532893e-01
5.680519868032219977e-01
4.696800201503641414e-01
6.334279996539946556e-01
7.110457321655971885e-01
6.329854915747132882e-01
6.036990146304678229e-01
7.234540446745203468e-01
2.719927176830001514e-01
5.629218016148935799e-01
5.578377045853939453e-01
4.118861901313480844e-01
6.107525335985578563e-01
6.299910193025529681e-01
6.123706697094934981e-01
2.544702750765592825e-01
2.407082132454158585e-01
2.210314329923200871e-01
2.072971685437527134e-01
1.688715150403520271e-01
2.366226376993126601e-01
1.069771962737591786e-01
4.998750296295678686e-01
5.185284621722565657e-01
2.892784890723396618e-01
1.000000000000000000e+00
9.178365048098684198e-02
4.598786184873337457e-01
4.523298507614000874e-01
3.665694650110996045e-01
5.556743058609421304e-01
6.170421983412779365e-01
5.404855842083068351e-01
5.177319265087325650e-01
6.342290228988303191e-01
1.954545597995378525e-01
4.700196484944219599e-01
4.840951050790139876e-01
3.085089161684708148e-01
5.105625204549977258e-01
5.241215656578663840e-01
5.430712277901206253e-01
7.607090103397345926e-02
9.237097980553476972e-02
9.337349397590360978e-02
9.523809523809528832e-02
2.500000000000000000e-01
7.912073712539074988e-02
2.611499990566267249e-01
4.109333791996331309e-01
4.917143939218278081e-01
5.048404724131851928e-01
5.146992311171416645e-01
4.838808601985661317e-01
2.998922413793103647e-01
3.955108503859287583e-01
4.050634330156544505e-01
2.200995864836428062e-01
5.489605530187720017e-01
8.142929929439989278e-01
3.937830633549235237e-01
6.276972330761693142e-01
2.727329183087346953e-01
2.161113505592048289e-01
5.398166942622918407e-01
7.837816449105736716e-01
5.495916612937890022e-01
4.290013891032566917e-01
6.878035454103934576e-01
