1.087353164950154438e-01
1.176854412863315713e-01
1.303575183385099479e-01
1.093243591892385513e-01
8.509270174686534016e-02
1.135993735374304370e-01
4.295437039147207425e-01
2.469883622378962196e-01
6.453610701080043643e-01
5.231193968455258858e-01
1.133623754067364930e-01
7.378355434728789408e-01
3.707009349446510615e-01
1.753167187945823269e-01
0.000000000000000000e+00
8.871838034323005218e-01
2.335077670918905834e-01
2.650390268238519420e-01
9.019661738485112989e-01
3.142101684829505803e-01
5.406364289533220902e-01
3.225879287189751254e-01
7.182252671322917337e-01
1.000000000000000222e+00
1.692600048249217060e-01
6.633996693535748612e-02
7.922997243667897482e-01
3.309192200557102836e-01
3.098987626546682028e-01
3.032036613272310888e-01
3.060498220640569533e-01
1.538461538461538547e-01
3.155622205295192106e-01
2.619338015729485436e-01
5.022119376573876970e-01
4.281274281274281557e-01
3.640075376884422398e-01
1.010041171766238866e-01
4.637464741994357098e-02
4.503222341568206000e-01
2.649572649572649041e-01
7.527079126124491815e-03
7.701863354037268294e-01
8.824052659669090470e-02
3.951612903225806273e-01
5.406135964319502829e-01
1.434538152610441708e-01
5.758823529411765119e-01
1.857982906655648581e-01
6.799999999999999378e-01
4.648581997533908217e-01
8.048979591836735725e-02
1.007684342470979155e-01
1.000000000000000000e+00
1.071428571428572063e-01
2.252252252252251452e-01
8.695652173913037686e-02
2.999999999999998224e-01
0.000000000000000000e+00
7.175784905618654008e-02
6.481481481481481399e-01
0.000000000000000000e+00
0.000000000000000000e+00
0.000000000000000000e+00
0.000000000000000000e+00
0.000000000000000000e+00
0.000000000000000000e+00
0.000000000000000000e+00
0.000000000000000000e+00
6.568627450980393245e-01
3.274336283185840801e-01
0.000000000000000000e+00
0.000000000000000000e+00
0.000000000000000000e+00
0.000000000000000000e+00
0.000000000000000000e+00
0.000000000000000000e+00
8.452380952380952328e-01
0.000000000000000000e+00
0.000000000000000000e+00
4.513274336283185639e-01
2.733927841486524235e-01
2.765192892398641300e-01
2.857897747766655061e-01
2.871330945285305303e-01
2.606220625524597323e-01
2.784141333852309108e-01
1.566453307036173026e-01
4.163471936042735244e-01
5.568815916004585809e-01
3.871234366895833778e-01
1.601101446144610474e-01
1.272104639484720745e-01
4.819608693419951129e-01
3.597324944656149492e-01
1.765947690658731251e-01
9.095086280920345878e-01
1.520757241680932292e-01
4.396054158739188811e-01
1.000000000000000000e+00
2.550699350411937960e-01
4.687419791523499413e-01
6.446914361456110854e-01
9.570409561291075562e-01
5.137306057800038461e-01
1.304950182759649913e-01
3.182679967269941290e-01
5.196674434357464456e-01
1.299820491776403908e-01
1.330002801130339973e-01
1.419419912825327923e-01
1.395123528462822171e-01
1.281313837501135700e-01
1.336727552338616010e-01
1.101872593904864583e-01
3.377252364915854788e-01
4.396073533550430845e-01
2.802623785229275688e-01
1.048374783772740015e-01
4.620540804637586485e-02
3.908918272877792144e-01
2.511054388249183700e-01
1.164005885465689838e-01
8.819486746494666907e-01
9.307810378871897439e-02
3.415161976946350375e-01
1.000000000000000000e+00
1.703309658593505360e-01
3.724867450010388992e-01
5.581993957117372673e-01
9.447491981084693569e-01
4.071203849302818534e-01
8.267614168450207468e-02
2.197238801034433198e-01
4.467945089483257859e-01
7.976366322008865417e-02
9.349289454001497024e-02
8.433734939759035543e-02
1.179138321995464866e-01
1.250000000000000000e-01
7.474851783696712104e-02
4.531550447563267303e-01
4.820512820512821150e-01
6.429581733683571443e-01
4.838105310871043674e-01
2.436303331825720453e-01
7.979983141975660610e-01
6.303986710963455087e-01
1.006862449684756133e-01
3.131749460043192768e-02
7.139791867825340255e-01
3.550079030558483950e-01
2.557550560488023317e-01
8.709919431125029421e-01
5.357077000079027984e-01
5.258208617962489839e-01
3.175842749381825314e-01
6.859124114658657900e-01
1.000000000000000222e+00
3.081395348837209225e-01
2.542936288088648578e-02
7.048324429334626995e-01
