9.981453447719140781e-02
8.757669307754012422e-02
7.883399953855346753e-02
5.022133015684426827e-02
1.096844549196186458e-01
8.686194242263095555e-02
9.884589103585295078e-02
5.281035565387259823e-02
5.390717063096708284e-01
7.214569119420715104e-01
8.765500532994516814e-01
2.014349498598774213e-01
1.103355484253709662e-01
9.142245044888842598e-01
9.840789381877943498e-01
4.714423993315417505e-01
9.999999999999997780e-01
9.547632701783876907e-01
9.401460705899755688e-02
1.693616293808239970e-01
5.919588035194756070e-02
1.733254588541234265e-01
2.994390437583049902e-02
1.253036959775453152e-01
5.115291874700441666e-01
7.476417327542528302e-01
9.668667114209108515e-01
2.835654596100278813e-01
2.618110236220472231e-01
2.070938215102974822e-01
2.259786476868327343e-01
1.923076923076923461e-01
2.560271356362190387e-01
1.473272490221642084e-01
7.014794689878063316e-01
4.586059102188135284e-01
4.137353433835845862e-01
7.867649943121641787e-01
1.797909407665505277e-01
5.598086124401914221e-01
7.180944055944056270e-01
5.689914257933349484e-01
7.414596273291924611e-01
9.045072574484340766e-01
7.171052631578946901e-01
4.986365407089987656e-01
4.187481633852483398e-01
3.235294117647058432e-01
3.032025481099127617e-01
3.191836734693878075e-01
4.196838919403654833e-01
5.729836065573770121e-01
4.073172851307899078e-01
1.000000000000000000e+00
1.785714285714288252e-01
0.000000000000000000e+00
8.695652173913037686e-02
1.499999999999999112e-01
0.000000000000000000e+00
6.329897413077567592e-02
0.000000000000000000e+00
0.000000000000000000e+00
0.000000000000000000e+00
0.000000000000000000e+00
0.000000000000000000e+00
0.000000000000000000e+00
0.000000000000000000e+00
0.000000000000000000e+00
0.000000000000000000e+00
0.000000000000000000e+00
4.805194805194805685e-01
0.000000000000000000e+00
0.000000000000000000e+00
0.000000000000000000e+00
0.000000000000000000e+00
0.000000000000000000e+00
0.000000000000000000e+00
0.000000000000000000e+00
0.000000000000000000e+00
0.000000000000000000e+00
5.483870967741936164e-01
3.224747113185946201e-01
3.039404669696067485e-01
2.736539719184446495e-01
2.720866677011581913e-01
2.729697243910380600e-01
3.026568921150024627e-01
3.226096592940594920e-01
3.095035144672271255e-01
4.936711685167438635e-01
4.222915586547429934e-01
9.204359860515241021e-01
1.526714354678339602e-01
5.037166749121640974e-01
7.699004984773355487e-01
8.492249861578033965e-01
9.029219380412485396e-01
6.701454456418516337e-01
6.261269688922979082e-01
4.982237748022183554e-01
5.126177263333802081e-01
2.832703683276631690e-01
5.075578367816977465e-01
4.607985224978823346e-01
4.945363588498387086e-01
6.518095219785012828e-01
6.710799517826387950e-01
5.187554847654196610e-01
1.647440660881144270e-01
1.521683642783889512e-01
1.335740965743190678e-01
1.292490448495874356e-01
1.365193793851944837e-01
1.505984669564127409e-01
2.457586041543162736e-01
2.403585292699170761e-01
3.748782948122579839e-01
3.124116966341890511e-01
8.903350844694443156e-01
5.828938788106932667e-02
4.125339777179504730e-01
6.863503634387758678e-01
7.962201873718384171e-01
8.735700672851041126e-01
5.690086736605770579e-01
5.329194690815273194e-01
4.083938315597447910e-01
4.011955204287846466e-01
2.047935273613311069e-01
4.131823218209833004e-01
3.865152508502388562e-01
3.878584200778772417e-01
5.561626100805641126e-01
5.708289645588204841e-01
4.458723205440046633e-01
2.954209748892211440e-03
0.000000000000000000e+00
0.000000000000000000e+00
0.000000000000000000e+00
1.250000000000000000e-01
2.382124143003594430e-03
1.704103744348403060e-01
0.000000000000000000e+00
6.559059267271263316e-01
8.077853028672701274e-01
1.000000000000000222e+00
1.453256446407451552e-01
2.566244239631335633e-01
7.451261439153229471e-01
1.000000000000000000e+00
4.020428254984005356e-01
9.556354642313547032e-01
8.672708460370389671e-01
1.378151808722314353e-01
2.818945760122230082e-01
1.230380142879491379e-01
2.580753701211304652e-01
1.038619851613511447e-01
5.714618928217407579e-02
6.794871794871795156e-01
8.737961926091823983e-01
1.000000000000000000e+00
