4.639036870692536674e-02
4.675751762962021552e-02
4.427430626271577907e-02
5.691637349555606074e-02
7.535237180083520503e-02
4.759637370587938010e-02
2.248036849998422682e-01
9.431824566400444088e-01
5.218858608715892800e-02
6.374010841917843173e-02
1.948556219484887109e-01
4.643912984669018584e-01
9.638426639908823645e-01
1.140702393818848748e-02
3.680672353262748331e-02
2.315723858155394055e-02
5.193594812948116868e-01
5.756325261471095800e-02
9.241839210887405898e-01
1.430463309016651863e-01
9.474151384661746444e-01
8.691285196108946565e-01
2.320046254123377949e-01
1.593509600391405101e-01
7.127927791933936774e-01
2.708386547063135197e-01
8.306735823398496699e-01
2.758034347900018002e-02
2.974508902174628072e-02
2.656374162788056881e-02
4.074808025761704477e-02
2.542372881355933756e-02
2.966707077273218751e-02
4.744324443464844610e-01
1.370067014147431372e-01
3.627104377104376498e-01
1.673875432525950835e-01
8.055602390453175943e-02
7.275558323694275575e-02
7.098674521354935152e-01
8.086124401913876714e-01
1.127263665060641018e-01
1.497673434856174879e-01
4.086038701423317931e-01
6.083604705256864253e-01
5.790620937906209020e-01
3.692934782608696676e-01
6.642857142857141461e-01
4.878048780487804770e-01
4.948067632850241537e-01
5.587397988233060442e-01
5.085714285714286742e-01
4.429012345679012030e-01
0.000000000000000000e+00
7.968750000000000000e-01
7.867647058823529216e-01
8.983050847457626498e-01
8.666666666666666963e-01
1.000000000000000000e+00
8.642161775194755480e-01
0.000000000000000000e+00
0.000000000000000000e+00
0.000000000000000000e+00
0.000000000000000000e+00
0.000000000000000000e+00
0.000000000000000000e+00
0.000000000000000000e+00
0.000000000000000000e+00
0.000000000000000000e+00
0.000000000000000000e+00
5.775401069518716346e-01
0.000000000000000000e+00
0.000000000000000000e+00
0.000000000000000000e+00
0.000000000000000000e+00
0.000000000000000000e+00
0.000000000000000000e+00
0.000000000000000000e+00
0.000000000000000000e+00
0.000000000000000000e+00
5.359589041095890183e-01
2.718069952651624988e-02
2.702857433620889371e-02
2.482429147248757517e-02
3.258233748056968415e-02
6.217272143370322635e-02
2.757136639028473502e-02
7.648830275573472726e-01
9.108676190105804427e-01
6.592369118518797144e-01
4.508693087296551383e-01
6.770434134052658592e-01
8.079822105153284806e-01
8.946451135006123767e-01
7.088530181276153641e-01
4.864018887920131817e-01
6.012210898079537458e-01
7.832295255505870024e-01
7.596054954646400681e-01
9.590349484909685973e-01
6.796469480122411255e-01
9.013812550933488765e-01
8.973932567014579753e-01
8.369907517626751225e-01
8.014008620288577411e-01
8.886499457164318549e-01
7.883382896668014173e-01
9.637857351754566260e-01
8.160997619373781126e-03
8.100756067974647368e-03
6.939662305624889199e-03
1.078901241448660536e-02
3.136112103132825124e-02
8.292592264257547807e-03
7.321805067551817592e-01
8.920754079866745068e-01
6.197288739841665395e-01
4.239686211893234358e-01
6.305557895413849145e-01
7.726508747055279569e-01
8.743950624586873666e-01
6.774248625469216911e-01
4.644503753146951297e-01
5.723898909044617955e-01
7.481169821853295154e-01
7.264548460256144979e-01
9.490194538060097162e-01
6.483048097799519738e-01
8.771875755444463740e-01
8.755163712032789647e-01
8.059159566199022295e-01
7.662938226052165014e-01
8.692901788853125700e-01
7.497081452562955883e-01
9.536256558843863029e-01
7.314897413024085138e-02
7.415730337078654810e-02
6.896551724137930939e-02
8.305647840531560355e-02
1.250000000000000000e-01
7.464626277838984358e-02
1.878720238095228368e-01
9.593855218855218414e-01
5.588893864755917207e-02
4.825609173435263521e-02
2.452684245787590811e-01
3.504761904761899416e-01
1.000000000000000000e+00
0.000000000000000000e+00
2.103832180368803151e-02
7.514245014245002352e-02
2.493718828514648322e-01
8.786997885835079458e-02
8.188520088865054447e-01
1.333333333333337478e-01
9.284058413167670665e-01
9.018181818181814080e-01
2.881072026800666208e-01
1.157660392633061974e-01
6.066758116140835710e-01
1.118049360689852278e-01
6.893552875695733162e-01
