3.342838643435191992e-02
3.321234282312929276e-02
3.069830690263436468e-02
3.934883896047042251e-02
5.694242408649546894e-02
3.375862450013250582e-02
1.034801758574763753e-01
9.204714227862462739e-01
1.291238960554976778e-01
7.492695313451491756e-02
3.731383548540501138e-01
2.048118885734488970e-01
5.994144207742886366e-01
1.570038822312622706e-01
1.005513383718592557e-01
1.710607615627379730e-01
7.282243201799545318e-01
2.311736901354928264e-01
5.723932258852162391e-01
8.198023176298896431e-02
8.969924554074018008e-01
7.326133438299091694e-01
0.000000000000000000e+00
9.930220292785651992e-02
7.859758573485216004e-01
1.000000000000000000e+00
8.754205859058143968e-01
7.685767726577114045e-03
6.208527692004472964e-03
6.584175275286638374e-03
5.449591280653948155e-03
4.237288135593220151e-02
5.952135738721268943e-03
3.581199741196046116e-01
2.686421173762945092e-01
1.379268879268878978e-01
3.252100840336131782e-01
1.204741046861603770e-01
4.814707714209448541e-02
5.076538581693221808e-01
4.310099573257470951e-01
1.794077526429463942e-01
1.611444393170280431e-01
3.706010588601680311e-01
3.551316984559491630e-01
7.312541473125416802e-02
3.901209677419354982e-01
7.417582417582417875e-01
2.915451895043732478e-01
2.207125603864732444e-01
5.587397988233060442e-01
3.206722689075631738e-01
7.203228869895536013e-01
0.000000000000000000e+00
8.046875000000000000e-01
7.794117647058823595e-01
8.983050847457626498e-01
8.000000000000000444e-01
1.000000000000000000e+00
8.756651814521098087e-01
0.000000000000000000e+00
0.000000000000000000e+00
0.000000000000000000e+00
0.000000000000000000e+00
0.000000000000000000e+00
0.000000000000000000e+00
0.000000000000000000e+00
0.000000000000000000e+00
0.000000000000000000e+00
0.000000000000000000e+00
8.404669260700389222e-01
0.000000000000000000e+00
0.000000000000000000e+00
0.000000000000000000e+00
0.000000000000000000e+00
0.000000000000000000e+00
0.000000000000000000e+00
0.000000000000000000e+00
0.000000000000000000e+00
0.000000000000000000e+00
0.000000000000000000e+00
1.666232777215378991e-02
1.589352467908528022e-02
1.420485710509059030e-02
1.741536360368697856e-02
3.439766042712461003e-02
1.610236859395797193e-02
7.560602312279067760e-01
9.207936833740675286e-01
6.946506438824711083e-01
4.119291244084219983e-01
7.076986572989758528e-01
7.600960595389423258e-01
8.857179515880695408e-01
8.521654798083257987e-01
5.917586330060826683e-01
7.311852810754109200e-01
9.317824128415246321e-01
9.084386774958299604e-01
8.921543661857025409e-01
6.793948996328835754e-01
9.243193172261654489e-01
9.003788823355711735e-01
7.766943615828034719e-01
8.254982366881287170e-01
9.441244327173277107e-01
9.377409856243035247e-01
9.606008159366914434e-01
4.876794206560706307e-03
4.636084632372680647e-03
3.859541446590241537e-03
5.584137275628404951e-03
1.684597880952491689e-02
4.710287548355895915e-03
7.225219170939308766e-01
9.039122523650594543e-01
6.573466912616640068e-01
3.856089259601529484e-01
6.637185923101178719e-01
7.185698151681928492e-01
8.639712143196116578e-01
8.329809922682742673e-01
5.705307145824165538e-01
7.075491277376808608e-01
9.186367050892954023e-01
8.933383251596261898e-01
8.676260894017977510e-01
6.480397343720634140e-01
9.052804545453755347e-01
8.790678985451398919e-01
7.371918042701831597e-01
7.937234230296961179e-01
9.338032336915677023e-01
9.242247252653980061e-01
9.495837205616453058e-01
5.976806422836755672e-02
5.887640449438205636e-02
5.444646098003627643e-02
6.644518272425248284e-02
1.250000000000000000e-01
6.047532917867357027e-02
9.264921722113417246e-02
9.204287775716344377e-01
1.352566043732328360e-01
6.518045470483757597e-02
4.435270677799225680e-01
1.142857142857138797e-01
6.373626373626386510e-01
1.469317199654276429e-01
8.336174639441495948e-02
2.115120818824522964e-01
4.860322768692668660e-01
1.762199481633750509e-01
5.349633660966999216e-01
9.890109890109943791e-02
8.832441117681599785e-01
7.750000000000003553e-01
0.000000000000000000e+00
0.000000000000000000e+00
7.074448185559294444e-01
5.145804821560160391e-01
7.552083333333332593e-01
