4.395521576542493758e-03
4.812091539882989988e-03
4.931914001533810321e-03
7.374274440094252814e-03
7.736768720637554608e-03
5.031378211564241365e-03
2.879890331954406690e-01
7.430270621794516916e-01
3.295432385822678611e-01
2.748560471952068429e-01
5.453799455392527307e-02
8.150241215601052858e-01
6.091012425267772201e-01
1.454199603769614768e-01
1.917869780830883109e-01
1.449748945738145167e-01
9.520555157851342543e-01
1.922211328733665070e-01
4.820173924066084581e-01
2.610022881018987384e-01
8.427011336549232734e-01
4.575945604265356792e-01
2.699573397069139347e-01
2.544817486031174525e-01
4.783337063452011151e-01
8.068360340936582276e-01
9.737179343854787117e-01
6.155415745621499457e-03
7.703173247487024589e-03
9.081621069360876208e-03
7.555115184542979256e-03
5.084745762711864736e-02
7.473141918090439595e-03
2.973674785100286488e-01
2.329113924050632001e-01
6.140309343434343647e-01
5.765570934256054603e-01
1.204741046861603770e-01
6.419610285612598055e-02
6.615120274914088050e-01
1.578947368421055319e-01
1.287854418455033900e-01
1.497673434856174879e-01
6.960880999342538011e-01
5.112577083034561820e-01
1.103459219295461757e-01
3.539870689655173486e-01
6.370656370656373468e-01
4.608294930875573847e-01
4.006734006734007369e-01
3.261697163207661898e-01
1.451190476190478140e-01
5.521885521885522286e-01
0.000000000000000000e+00
7.968750000000000000e-01
7.867647058823529216e-01
9.322033898305085442e-01
9.000000000000000222e-01
1.000000000000000000e+00
8.767923790858338506e-01
0.000000000000000000e+00
0.000000000000000000e+00
0.000000000000000000e+00
0.000000000000000000e+00
0.000000000000000000e+00
0.000000000000000000e+00
0.000000000000000000e+00
0.000000000000000000e+00
0.000000000000000000e+00
0.000000000000000000e+00
7.769784172661871047e-01
0.000000000000000000e+00
0.000000000000000000e+00
0.000000000000000000e+00
0.000000000000000000e+00
0.000000000000000000e+00
0.000000000000000000e+00
0.000000000000000000e+00
0.000000000000000000e+00
0.000000000000000000e+00
8.346666666666666679e-01
0.000000000000000000e+00
0.000000000000000000e+00
0.000000000000000000e+00
0.000000000000000000e+00
0.000000000000000000e+00
0.000000000000000000e+00
9.235020626547432165e-01
9.325938754289928578e-01
9.663019699187525013e-01
1.000000000000000000e+00
8.079263919634578350e-01
9.412296029931679353e-01
9.759821335117442320e-01
9.156916933501846323e-01
9.450039455755439022e-01
7.908386072663313726e-01
9.622321869782877179e-01
9.913914095015559091e-01
9.901344132010423404e-01
8.984850836927171791e-01
9.729488439442390835e-01
9.619779756909330182e-01
9.841545126782478281e-01
9.363854916364884318e-01
9.029810798833519669e-01
9.658673561668835728e-01
8.046896231164701874e-01
0.000000000000000000e+00
0.000000000000000000e+00
0.000000000000000000e+00
0.000000000000000000e+00
0.000000000000000000e+00
0.000000000000000000e+00
9.106554147721898085e-01
9.180433382497946715e-01
9.605752126169205818e-01
1.000000000000000000e+00
7.749338198586459558e-01
9.286324908602588968e-01
9.709460034417030094e-01
9.039354098575813623e-01
9.404371565065869909e-01
7.709471912167475960e-01
9.547163936868814371e-01
9.898420342728303511e-01
9.876441712623180713e-01
8.853553137280294472e-01
9.657855995800163074e-01
9.532878280944523386e-01
9.806027473869535216e-01
9.232460202383041548e-01
8.858409520124633785e-01
9.582349965146038651e-01
7.589396704563193818e-01
5.352363960749340066e-03
5.842696629213495196e-03
5.444646098003630419e-03
9.966777408637828017e-03
0.000000000000000000e+00
6.227580095213541833e-03
2.716222030981052526e-01
7.164370982552799028e-01
2.271805273833669148e-01
2.219780219780218555e-01
5.940094657766792352e-02
5.408740810535412891e-01
4.086021505376358220e-01
1.162393162393162704e-01
1.602270234290645856e-01
1.534824513547916602e-01
8.888502755101708175e-01
1.244652406417112722e-01
3.226640332278023493e-01
2.136752136752142484e-01
8.347409335285402854e-01
4.841745081266042305e-01
2.881072026800666208e-01
1.604938271604936517e-01
7.074448185559294444e-01
3.885903265812320484e-01
9.786622276029055545e-01
