9.301758372686517173e-01
9.303921637550114365e-01
9.303721815543486429e-01
9.323883955268383872e-01
9.244694694759220122e-01
9.306360794686284743e-01
8.754873807286749354e-01
4.078682279720458048e-02
9.493276820015736917e-01
9.796534262486862321e-01
7.631786929327537550e-01
3.424569420754774995e-01
2.772884140301163924e-01
9.471261661751282368e-01
9.455883709608667864e-01
8.572608592436781194e-01
7.623783607291745312e-02
8.815245063890779775e-01
3.573990769972024140e-02
9.267570861927203474e-01
4.096931553233562617e-02
1.185155859589244187e-01
9.602034835365937937e-01
8.584736203265830312e-01
3.624869445746803365e-02
7.421425667310952434e-01
3.438850033294527098e-02
4.052031967352491826e-01
3.946849747059982816e-01
3.566239073674651316e-01
4.312608372553876634e-01
4.830508474576271638e-01
3.995227502739740477e-01
9.999999999999997780e-01
4.319179618650856867e-01
4.483471074380174226e-02
1.264705882352941124e-01
7.975046366548649290e-02
8.311705948740527594e-02
2.891752577319588458e-01
3.875598086124403263e-01
1.319808701018204133e-01
3.249746192893401275e-01
7.766272189349110455e-02
5.148606162230142669e-01
3.261515227787565863e-01
5.331156716417910779e-01
0.000000000000000000e+00
1.808318264014467935e-01
9.999999999999997780e-01
5.587397988233060442e-01
4.164285714285715923e-01
3.226851851851851860e-01
0.000000000000000000e+00
6.015625000000000000e-01
5.919117647058823595e-01
5.423728813559322015e-01
9.666666666666666741e-01
1.000000000000000000e+00
6.593685487040504833e-01
0.000000000000000000e+00
0.000000000000000000e+00
0.000000000000000000e+00
0.000000000000000000e+00
0.000000000000000000e+00
0.000000000000000000e+00
0.000000000000000000e+00
0.000000000000000000e+00
0.000000000000000000e+00
0.000000000000000000e+00
6.728971962616822067e-01
0.000000000000000000e+00
0.000000000000000000e+00
0.000000000000000000e+00
0.000000000000000000e+00
0.000000000000000000e+00
0.000000000000000000e+00
0.000000000000000000e+00
0.000000000000000000e+00
0.000000000000000000e+00
1.121863799283154134e-01
8.624124065698869357e-01
8.582217423111990762e-01
8.368964414129398399e-01
8.577872298044955102e-01
8.999998925584261622e-01
8.569255901231642714e-01
1.325088601038189040e-01
8.599503183939205542e-02
6.841290883859585392e-02
1.358907520216643405e-01
4.785502423316878584e-02
1.237888090851728684e-01
6.845237010882065931e-02
1.637032010060570641e-01
1.881077903888055403e-01
7.173187178893059013e-02
9.916627433411528969e-02
1.587442314093321372e-01
9.864617898705496657e-02
6.243996071848556539e-02
8.006415374905895277e-02
1.033819180560564543e-01
1.326663855616367904e-01
7.510727749284762389e-02
4.173585008954283637e-02
8.005320346052702263e-02
9.761004035148412861e-02
7.770620837441593043e-01
7.706454649516261135e-01
7.360512113777648580e-01
7.734449337707148819e-01
8.524407033265827272e-01
7.687662232224572456e-01
1.116056882329360400e-01
6.780183462357292079e-02
5.720426890299645795e-02
1.231323716890451170e-01
3.816762260579475985e-02
9.908823919803400049e-02
5.475257097705021891e-02
1.428550273820912153e-01
1.746878386431638397e-01
6.372464892135965009e-02
8.069138933004371683e-02
1.345001677788727479e-01
7.597886619116434037e-02
5.401286174565989029e-02
6.001806770426010296e-02
8.135879695669601119e-02
1.064590755676568801e-01
5.978439663720624964e-02
3.391104595800054078e-02
6.300365676102581691e-02
7.196958834851996389e-02
9.094558429973239599e-01
9.044943820224718989e-01
9.110707803992739162e-01
9.152823920265781288e-01
8.750000000000000000e-01
9.011736467754096758e-01
8.789606432503358491e-01
2.828661466383874945e-02
9.672532413223917658e-01
9.793148028442146824e-01
8.522906621588148823e-01
7.767912831029253340e-01
2.253521126760560378e-01
9.421661793372315685e-01
9.514901973333274032e-01
8.729779663402492673e-01
1.188262881440511620e-01
9.404040404040405754e-01
4.745993018569283350e-02
9.166666666666669627e-01
4.052444269613708627e-02
9.023025021935815460e-02
9.483310670286062560e-01
8.997487347318351425e-01
5.964405964405994354e-02
8.550274964654258625e-01
2.083333333333331483e-02
