9.724937893546505840e-01
9.727276747121080813e-01
9.703756777283130130e-01
9.721293504386754325e-01
9.743298036696655950e-01
9.718483203423177175e-01
9.476257743395617439e-01
1.595584862194932008e-02
9.488222520330458210e-01
9.639191979834562662e-01
8.933860773238562203e-01
5.175842057791939510e-01
3.327247161659618868e-01
9.795105924621712035e-01
9.165832757432181843e-01
9.818701697089613489e-01
8.588012269773592777e-02
8.708903843142374868e-01
1.083492386093896087e-01
9.553906054538932047e-01
3.993482838434925242e-03
4.478022828362782093e-02
8.378284875099435425e-01
9.540036247927998758e-01
2.044332875057275345e-02
6.747261619766273810e-01
9.824100354562270709e-03
2.242475769426968413e-01
2.157709743118060575e-01
2.081961630150981901e-01
2.188506316571711685e-01
2.796610169491525744e-01
2.161317133118081935e-01
4.768736674859790359e-01
4.319179618650856867e-01
4.483471074380174226e-02
1.264705882352941124e-01
1.053308010676234918e-02
8.311705948740527594e-02
4.050817452879307279e-01
7.894736842105265495e-02
1.319808701018204133e-01
3.249746192893401275e-01
1.135712922313418805e-01
5.148606162230142669e-01
3.261515227787565863e-01
5.331156716417910779e-01
0.000000000000000000e+00
4.793863854266540159e-01
9.999999999999997780e-01
5.587397988233060442e-01
4.164285714285715923e-01
0.000000000000000000e+00
0.000000000000000000e+00
6.562500000000000000e-01
6.213235294117647189e-01
6.101694915254236573e-01
7.333333333333333925e-01
1.000000000000000000e+00
6.689807495932326153e-01
0.000000000000000000e+00
0.000000000000000000e+00
0.000000000000000000e+00
0.000000000000000000e+00
0.000000000000000000e+00
0.000000000000000000e+00
0.000000000000000000e+00
0.000000000000000000e+00
0.000000000000000000e+00
0.000000000000000000e+00
5.729442970822280490e-01
0.000000000000000000e+00
0.000000000000000000e+00
0.000000000000000000e+00
0.000000000000000000e+00
0.000000000000000000e+00
0.000000000000000000e+00
0.000000000000000000e+00
0.000000000000000000e+00
0.000000000000000000e+00
1.837933059307104988e-01
8.464945355998753085e-01
8.417388186155634333e-01
8.185913170666371252e-01
8.396128166273870708e-01
9.098362883117677713e-01
8.400435849718208559e-01
7.038836886148835958e-02
4.024907858129167515e-02
6.532471446142773530e-02
8.020946204366019572e-02
3.970563440389907051e-02
5.849229561900481933e-02
3.712549204924808777e-02
9.610826864746613296e-02
1.882139224529346677e-01
2.073614964938297334e-02
4.637754690462059237e-02
1.507504930689500533e-01
6.679023393345007165e-02
6.439914302893434694e-02
2.786874201234001980e-02
5.558641333419567232e-02
4.697885514445987454e-02
7.588584719361080033e-03
4.953007581219548427e-02
1.772555521165219972e-02
2.530613609340570669e-02
7.530274078688066197e-01
7.458585831138877520e-01
7.088815211496263258e-01
7.465071815190548188e-01
8.664865426072183574e-01
7.434236215073420917e-01
5.848952746424174176e-02
3.130775957931053455e-02
5.458655919911981069e-02
7.219357607335874505e-02
3.159913780239875791e-02
4.595108858636065552e-02
2.944546849884432937e-02
8.287925159157749633e-02
1.747881543237972402e-01
1.829427056597254797e-02
3.723099610099966927e-02
1.275084954615380850e-01
5.090049706340227242e-02
5.572578879729817025e-02
2.049519924585163633e-02
4.311379401469772610e-02
3.678166926517600910e-02
5.927393676483760920e-03
4.031950931625727375e-02
1.369463592146091813e-02
1.812602768686188970e-02
9.669937555753792546e-01
9.613483146067417495e-01
9.637023593466425009e-01
9.667774086378736476e-01
1.000000000000000000e+00
9.650552866018657916e-01
9.472539015606242785e-01
1.838810641627530718e-02
9.825525484269816978e-01
9.793148028442146824e-01
9.255676904651037873e-01
9.485364788117074397e-01
2.978723404255312346e-01
9.648991784914113801e-01
9.112726708074012638e-01
9.836829836829839024e-01
2.493718828514648322e-01
9.195454545454544437e-01
1.172054566402360720e-01
9.412997903563944391e-01
1.137165483820168355e-02
1.818181818181852094e-02
8.883305415968729690e-01
9.780616853787575948e-01
3.456790123456787711e-02
8.276469293418449169e-01
7.559958289885315708e-03
