9.476062008009040749e-01
9.478091194284159471e-01
9.477340928361166483e-01
9.483450563840465364e-01
9.388695305601778562e-01
9.477836291838753757e-01
8.671957741904794403e-01
3.161333037235980470e-02
9.489940930448819145e-01
9.875363081154728828e-01
8.269330491182200760e-01
3.590544351179971727e-01
2.548017810822189588e-01
9.714892051010655116e-01
9.686325482229163342e-01
8.817635428609502668e-01
7.154300774712929467e-02
9.027856987591587057e-01
1.657700320599975186e-02
8.857605212837724729e-01
3.156584916229765447e-02
1.236661427447725004e-01
9.700616430789263944e-01
8.967875989234457279e-01
6.939373374687640705e-02
7.915202099624920606e-01
2.877357009474784677e-02
7.165448053052202448e-01
7.165429341041982259e-01
7.159155409240549606e-01
7.116670795144909301e-01
8.644067796610168664e-01
7.157216837719410085e-01
4.944362533730213283e-01
3.478929658708540540e-01
4.483471074380174226e-02
2.258403361344536453e-01
5.316697577699092125e-02
8.311705948740527594e-02
9.736540664375703535e-02
3.905817174515235912e-01
1.820425794507867789e-01
3.249746192893401275e-01
2.465483234714005434e-02
3.308169920042882683e-01
3.261515227787565863e-01
5.331156716417910779e-01
0.000000000000000000e+00
4.968944099378882484e-01
1.135563905290151165e-01
5.587397988233060442e-01
4.884792626728118314e-02
0.000000000000000000e+00
0.000000000000000000e+00
9.453125000000000000e-01
8.823529411764705621e-01
9.830508474576270528e-01
9.666666666666666741e-01
1.000000000000000000e+00
9.889081237350435538e-01
0.000000000000000000e+00
0.000000000000000000e+00
0.000000000000000000e+00
0.000000000000000000e+00
0.000000000000000000e+00
0.000000000000000000e+00
0.000000000000000000e+00
0.000000000000000000e+00
0.000000000000000000e+00
0.000000000000000000e+00
6.174957118353344709e-01
0.000000000000000000e+00
0.000000000000000000e+00
0.000000000000000000e+00
0.000000000000000000e+00
0.000000000000000000e+00
0.000000000000000000e+00
0.000000000000000000e+00
0.000000000000000000e+00
0.000000000000000000e+00
5.965313512483323699e-02
9.265058666280950872e-01
9.254618702539214592e-01
9.151648642016252388e-01
9.202803616182788637e-01
9.319198839449657212e-01
9.237361974545712506e-01
7.728885228214332770e-02
3.820724724699031682e-02
8.148926081755769602e-02
1.401409969504419095e-01
4.000015671464796085e-02
4.068944551421282974e-02
6.916415208525328318e-02
1.558920956564167071e-01
2.351897956642483578e-01
6.572261654219824223e-02
7.103131917542282459e-02
1.404601024172738022e-01
8.109188674314449230e-02
1.450080842965828509e-02
7.334076791060351042e-02
5.033708892652999367e-02
1.147946708646094827e-01
4.965253249506451638e-02
3.351102749229584177e-02
4.073821219106577018e-02
9.851744794521444248e-02
8.775266601354175799e-01
8.758124302501538727e-01
8.578066923876398464e-01
8.695564518446307067e-01
8.983932167253865231e-01
8.730803243850920881e-01
6.432049845145659805e-02
2.970146307938803520e-02
6.832562021667454299e-02
1.270482903746203984e-01
3.183603370203924587e-02
3.180034561111355629e-02
5.533247625728610064e-02
1.358532605534708004e-01
2.193839423706656078e-01
5.833869634076505051e-02
5.738473172949709600e-02
1.185422282886116063e-01
6.209537077603410893e-02
1.244366358202331213e-02
5.484384696758870525e-02
3.897954666439673588e-02
9.165052715077826040e-02
3.924396725520984397e-02
2.717432061826041689e-02
3.169108865834180389e-02
7.266465853127868080e-02
9.348795718108832142e-01
9.285393258426967167e-01
9.346642468239563240e-01
9.401993355481726988e-01
8.750000000000000000e-01
9.283539089650709730e-01
8.768932604409389597e-01
1.838810641627530718e-02
9.702087731644377655e-01
9.793148028442146824e-01
8.825283491539277492e-01
8.031746031746038739e-01
2.433862433862437058e-01
9.579606440071555262e-01
9.708728157580155393e-01
8.755728973120282532e-01
1.497699630079445399e-01
9.650197628458503374e-01
2.632954776496543303e-02
8.986175115207375441e-01
2.873703388715243001e-02
1.050847457627126502e-01
9.428962996802194851e-01
9.131545338441879878e-01
5.964405964405994354e-02
9.545284850294928347e-01
1.557465091299675697e-02
