9.661605127874450805e-01
9.661426703964766105e-01
9.652694991433208305e-01
9.684250513025676188e-01
9.596581902492148375e-01
9.662568850547649246e-01
8.895688803198620320e-01
5.007397788923073634e-02
9.638797657088939985e-01
9.878372038739702266e-01
8.645679723472889933e-01
5.089491002311241630e-01
3.884438837120578469e-01
9.509743967668455866e-01
9.353063159317480668e-01
9.073096777083877740e-01
5.591604672854977309e-02
8.549720618480165513e-01
3.202260236793375014e-02
8.845593630730426149e-01
4.069197395467849532e-02
3.269106047651959557e-02
9.342814648443429348e-01
8.976584088099412995e-01
1.400861900950181038e-01
8.561157933845038315e-01
2.632028431480415431e-02
4.832511477639857000e-01
4.631430260823861667e-01
4.182086502440686138e-01
4.867475848402278427e-01
8.644067796610168664e-01
4.660723464394243010e-01
4.944362533730213283e-01
5.484687627603102023e-01
4.483471074380174226e-02
1.264705882352941124e-01
6.202813840648946364e-02
8.311705948740527594e-02
2.670335632896674305e-01
5.359729599227436303e-02
1.319808701018204133e-01
2.668413296217457820e-01
7.766272189349110455e-02
1.079321828640631420e-01
3.261515227787565863e-01
5.331156716417910779e-01
0.000000000000000000e+00
3.174603174603172207e-01
1.400966183574878787e-01
0.000000000000000000e+00
4.164285714285715923e-01
1.615445232466509173e-01
0.000000000000000000e+00
1.000000000000000000e+00
9.926470588235293269e-01
9.999999999999998890e-01
9.666666666666666741e-01
1.000000000000000000e+00
9.889081237350435538e-01
0.000000000000000000e+00
0.000000000000000000e+00
0.000000000000000000e+00
0.000000000000000000e+00
0.000000000000000000e+00
0.000000000000000000e+00
0.000000000000000000e+00
0.000000000000000000e+00
0.000000000000000000e+00
0.000000000000000000e+00
6.728971962616822067e-01
0.000000000000000000e+00
0.000000000000000000e+00
0.000000000000000000e+00
0.000000000000000000e+00
0.000000000000000000e+00
0.000000000000000000e+00
0.000000000000000000e+00
0.000000000000000000e+00
0.000000000000000000e+00
9.732587064676616329e-02
9.565939357398863807e-01
9.530873047934804720e-01
9.331874542125837557e-01
9.562672107360821183e-01
9.888754142299337468e-01
9.523922050295023922e-01
6.360724959967578584e-02
9.373669890639502178e-02
6.909905725467302418e-02
1.398200988444768811e-01
3.502825159302158653e-02
2.265365860579837687e-02
7.638551971864604440e-02
8.326623208892591776e-02
2.216530006263983665e-01
6.769305470032271899e-02
7.708827735640055856e-02
5.161040038287234566e-02
7.370424364990535437e-02
2.314535800160255619e-02
6.857826831680102764e-02
5.563207346405207865e-02
7.499356971842607855e-02
5.710227059863526300e-02
4.749239689696915789e-02
1.068852132332471783e-01
7.621101115687434202e-02
9.267271194582836769e-01
9.209062405754109282e-01
8.871249956097705391e-01
9.273528437496464383e-01
9.830621917227564399e-01
9.197892258746562799e-01
5.277629126287164407e-02
7.407363647773046456e-02
5.778633845509240086e-02
1.267524972617013468e-01
2.784187877690691426e-02
1.761164938277826053e-02
6.122819986012573157e-02
7.164204608419466602e-02
2.064932286684579843e-01
6.010379620284922453e-02
6.237458697960218679e-02
4.272445952435210970e-02
5.629953995454062277e-02
1.989066348618306890e-02
5.119358389048489499e-02
4.314981232624415242e-02
5.919404041078246692e-02
4.522586529409478029e-02
3.864182141840522000e-02
8.478500745391148730e-02
5.571697796710572970e-02
9.460303300624443024e-01
9.406741573033708947e-01
9.437386569872958653e-01
9.501661129568105268e-01
8.750000000000000000e-01
9.404928934906036098e-01
8.986886100351298978e-01
3.573368089497119815e-02
9.631990727325407953e-01
9.672453748585589928e-01
9.120575833270674337e-01
9.045004233920188597e-01
3.788473329245860555e-01
9.383765130433046053e-01
9.467244811659563108e-01
9.177154122326971475e-01
1.355877138726313547e-01
9.404040404040405754e-01
5.719253699983184447e-02
9.030200735427094116e-01
3.682250138084364188e-02
6.578665916127324209e-02
9.458999193912296377e-01
9.274620242362177081e-01
2.013403890722162970e-01
9.075654296322541725e-01
1.251327668613916311e-02
