9.536872205815991599e-01
9.538731410348137985e-01
9.545017540207230144e-01
9.558185597841541981e-01
9.409572693245747965e-01
9.542391528432146997e-01
8.310581161442076592e-01
4.147867097477431209e-02
9.285307389404815481e-01
9.835897578112688944e-01
8.311881443950381865e-01
3.585875073574698035e-01
2.623881131800009925e-01
9.238459982684208427e-01
9.601683827048446140e-01
8.960182792664088680e-01
2.651080557416563011e-02
9.113941390978075319e-01
2.838838289032530326e-02
9.305989712640276856e-01
3.999411261184726563e-02
1.596112530616196068e-01
9.324396238580172636e-01
8.608116659214823940e-01
7.492580685470162649e-02
8.499761053863643667e-01
2.293824932608962142e-02
5.685427648359122621e-01
5.751593193614086275e-01
5.806561471222613235e-01
5.672529105771612068e-01
8.559322033898304483e-01
5.711926628193282340e-01
4.944362533730213283e-01
3.478929658708540540e-01
0.000000000000000000e+00
1.264705882352941124e-01
4.394413304016597799e-02
8.311705948740527594e-02
4.050817452879307279e-01
1.228070175438598088e-01
3.603874190064794703e-01
3.249746192893401275e-01
7.766272189349110455e-02
3.308169920042882683e-01
3.261515227787565863e-01
5.331156716417910779e-01
0.000000000000000000e+00
4.081632653061224580e-01
1.135563905290151165e-01
9.323453164789285985e-02
4.164285714285715923e-01
0.000000000000000000e+00
0.000000000000000000e+00
9.453125000000000000e-01
9.485294117647059542e-01
9.830508474576270528e-01
9.666666666666666741e-01
1.000000000000000000e+00
9.889081237350435538e-01
0.000000000000000000e+00
0.000000000000000000e+00
0.000000000000000000e+00
0.000000000000000000e+00
0.000000000000000000e+00
0.000000000000000000e+00
0.000000000000000000e+00
0.000000000000000000e+00
0.000000000000000000e+00
0.000000000000000000e+00
2.503477051460361591e-01
0.000000000000000000e+00
0.000000000000000000e+00
0.000000000000000000e+00
0.000000000000000000e+00
0.000000000000000000e+00
0.000000000000000000e+00
0.000000000000000000e+00
0.000000000000000000e+00
0.000000000000000000e+00
0.000000000000000000e+00
9.261135484060637468e-01
9.244204473831265645e-01
9.138190903572922519e-01
9.229593406205036654e-01
9.300671205167544420e-01
9.235895027021341352e-01
5.488484073582844402e-02
5.392368571774786012e-02
4.232046719896231934e-02
9.452931157801813811e-02
3.762379615308586445e-02
7.225130737028018224e-02
7.065252459562731957e-02
7.953584960800430537e-02
2.718455679582687523e-01
4.670360927007921603e-02
4.890830341237095702e-02
1.781096994080226814e-01
9.022272198239034147e-02
5.407320586995334466e-02
7.869752509311300770e-02
7.714252377182306830e-02
1.106086413684295167e-01
5.574335563062016163e-02
4.086136705534926250e-02
7.645462443261008545e-02
4.283205374133269849e-02
8.768937369421758721e-01
8.741339724625875052e-01
8.556367075341363426e-01
8.737973106273693169e-01
8.956965120641091627e-01
8.728442521034016632e-01
4.545206817466262983e-02
4.211523699912589347e-02
3.519255963422163180e-02
8.522942010503697929e-02
2.992568507317039384e-02
5.698644637643479616e-02
5.654579138687232387e-02
6.838725272442180980e-02
2.544518849042627373e-01
4.134965439309801205e-02
3.928823639467293738e-02
1.515342367873356855e-01
6.929723965074086056e-02
4.671018501064483353e-02
5.896433756294816586e-02
6.022817558742554755e-02
8.820300239979339540e-02
4.413287493113871029e-02
3.319352343770232139e-02
6.010779966961976584e-02
3.089783550708513626e-02
9.339875111507583982e-01
9.262921348314606673e-01
9.310344827586205518e-01
9.401993355481726988e-01
8.750000000000000000e-01
9.278915524343167576e-01
8.198051948051947591e-01
2.994159567243326325e-02
9.518757104963997406e-01
9.755103281976222895e-01
8.825283491539277492e-01
8.228571428571438418e-01
2.488117657609176803e-01
9.304733727810652333e-01
9.708728157580155393e-01
8.999530699698983227e-01
8.161261620593407429e-02
9.434041398083796715e-01
0.000000000000000000e+00
9.166666666666669627e-01
4.212825463496749911e-02
1.619952494061767112e-01
9.168006997058615326e-01
9.131545338441879878e-01
1.107862248213122847e-01
9.609900457358078185e-01
1.609258152118842045e-02
