9.565108202895444833e-01
9.564816983246930970e-01
9.560794452664289622e-01
9.594269765966612074e-01
9.467513053407313750e-01
9.568280036418980172e-01
8.651770507781240127e-01
4.844315782267138992e-02
9.332580898643492162e-01
9.694740161140622536e-01
8.161319566116871371e-01
4.829816155298143343e-01
3.778238791251000706e-01
9.441313265246655817e-01
9.391966671132698785e-01
8.933875503833794696e-01
5.320263497570021372e-02
8.528561237444414189e-01
4.080078638014938974e-02
9.072839079265846429e-01
4.648947827156657553e-02
1.446090780144917431e-01
9.823234245137610898e-01
8.603148305352910086e-01
1.502763308207493154e-01
8.635709743745643152e-01
2.607717263867859181e-02
4.830811086549906541e-01
4.630280533473490334e-01
4.070269043024180022e-01
4.868714391875154091e-01
8.559322033898304483e-01
4.659948362650957465e-01
4.944362533730213283e-01
3.478929658708540540e-01
4.483471074380174226e-02
1.264705882352941124e-01
6.202813840648946364e-02
8.311705948740527594e-02
2.670335632896674305e-01
4.414607948442534902e-01
1.319808701018204133e-01
7.254483925549914947e-01
7.766272189349110455e-02
0.000000000000000000e+00
3.261515227787565863e-01
5.331156716417910779e-01
0.000000000000000000e+00
3.174603174603172207e-01
1.135563905290151165e-01
0.000000000000000000e+00
4.164285714285715923e-01
1.615445232466509173e-01
0.000000000000000000e+00
9.531250000000000000e-01
9.264705882352940458e-01
9.152542372881354860e-01
9.666666666666666741e-01
1.000000000000000000e+00
9.482173770724059425e-01
0.000000000000000000e+00
0.000000000000000000e+00
0.000000000000000000e+00
0.000000000000000000e+00
0.000000000000000000e+00
0.000000000000000000e+00
0.000000000000000000e+00
0.000000000000000000e+00
0.000000000000000000e+00
0.000000000000000000e+00
4.585987261146496907e-01
0.000000000000000000e+00
0.000000000000000000e+00
0.000000000000000000e+00
0.000000000000000000e+00
0.000000000000000000e+00
0.000000000000000000e+00
0.000000000000000000e+00
0.000000000000000000e+00
0.000000000000000000e+00
0.000000000000000000e+00
9.366995935025456133e-01
9.327710515489007204e-01
9.129763283272918084e-01
9.342898504621099942e-01
9.771291377261493993e-01
9.320775329033745837e-01
6.198538447241563887e-02
8.178643801278395742e-02
3.737855518067956240e-02
8.587558614032264614e-02
3.250104425374522599e-02
4.734651332820227765e-02
7.227990142171880628e-02
7.870024855787294271e-02
2.616635213444364894e-01
8.330867680081510684e-02
7.950388300549393605e-02
4.945236434622390931e-02
8.955138492546987905e-02
3.270705983775012982e-02
8.178161598660738107e-02
8.745595474164113980e-02
5.939382766231804389e-02
3.392221309161613796e-02
6.916193744030119106e-02
1.069055079190326385e-01
6.091589772910088740e-02
8.940497218254742640e-01
8.876365437858028118e-01
8.542791636553177526e-01
8.918434044300792563e-01
9.653197870035490347e-01
8.865547420911191745e-01
5.141231391874934165e-02
6.440394328276866087e-02
3.105051187698248949e-02
7.734631321170160057e-02
2.581568877574280663e-02
3.707487411587617743e-02
5.787351162075904387e-02
6.765876405786741543e-02
2.446872110157110036e-01
7.412514634038158690e-02
6.436884866180558884e-02
4.091860574277295104e-02
6.876628043563604020e-02
2.815281989019591258e-02
6.134374740974468665e-02
6.849457180125850808e-02
4.666980279567978229e-02
2.669346123175464491e-02
5.656629699341131357e-02
8.480160818209447893e-02
4.426368051095863621e-02
9.313113291703837282e-01
9.226966292134831660e-01
9.292196007259527768e-01
9.368770764119601635e-01
8.750000000000000000e-01
9.230192965771648606e-01
8.917975813743215241e-01
2.872137747582581557e-02
9.518757104963997406e-01
9.590312600021340117e-01
8.825283491539277492e-01
8.687271842297388247e-01
3.961813842482087011e-01
9.385138670852954945e-01
9.329332201009654657e-01
9.017094017094020586e-01
1.229779148308587367e-01
9.404040404040405754e-01
5.111388654913007201e-02
9.166666666666669627e-01
4.158523289759541441e-02
1.066339066339070385e-01
9.908076970216939117e-01
8.967274152459330239e-01
1.632921810699587972e-01
9.223907225691334588e-01
1.765422077922079724e-02
