4.805821646447799855e-02
4.875470541848664352e-02
4.611456634031008139e-02
5.887518490459714426e-02
7.739406370352375220e-02
4.931457513794118563e-02
1.963663833263602498e-01
9.815907277531963349e-01
1.581499421628285162e-02
4.494680918710369788e-02
1.145367357999047542e-01
4.232338580927965666e-01
9.316102944876805125e-01
8.214068658922357713e-02
9.782531926242166165e-02
9.031473909001430656e-02
5.390535301930041712e-01
1.058500602422278725e-01
9.341619063672998990e-01
1.200013645982465071e-01
9.402060423122347022e-01
9.115231677250026365e-01
2.886904615754470882e-01
1.165969804816739952e-01
6.531971666213021166e-01
4.375811230613226854e-01
8.288392126183430353e-01
5.209998299608910310e-02
7.152946586952238506e-02
1.180043137700079597e-01
1.190240277433737698e-01
5.932203389830509321e-02
7.259618135692835761e-02
2.276146131805156791e-01
2.821811100292113128e-01
2.628066378066377107e-01
1.673875432525950835e-01
6.774501752229494800e-02
1.000000000000000000e+00
4.197349042709865863e-01
1.270860077021824797e-01
1.178124617955091935e-01
1.747969543147209759e-01
4.008398549341476436e-01
9.415119447436792743e-01
1.023789315420617907e-01
4.500000000000001776e-01
6.642857142857141461e-01
4.608294930875573847e-01
3.890160183066360133e-01
4.676409185803758195e-01
2.768979591836735477e-01
3.627572016460905990e-01
0.000000000000000000e+00
7.578125000000000000e-01
7.867647058823529216e-01
8.983050847457626498e-01
9.000000000000000222e-01
1.000000000000000000e+00
8.483039220898923594e-01
0.000000000000000000e+00
0.000000000000000000e+00
0.000000000000000000e+00
0.000000000000000000e+00
0.000000000000000000e+00
0.000000000000000000e+00
0.000000000000000000e+00
0.000000000000000000e+00
0.000000000000000000e+00
0.000000000000000000e+00
1.496881496881496965e-01
0.000000000000000000e+00
0.000000000000000000e+00
0.000000000000000000e+00
0.000000000000000000e+00
0.000000000000000000e+00
0.000000000000000000e+00
0.000000000000000000e+00
0.000000000000000000e+00
0.000000000000000000e+00
2.169092169092169120e-01
3.113182028337255214e-02
3.247567062716691377e-02
3.525254906977409730e-02
4.198685519089842555e-02
5.432153102444381432e-02
3.298241516810498930e-02
7.550340429608470849e-01
9.273351081895830905e-01
6.290695502358469859e-01
3.674413548739465796e-01
6.773164575711030366e-01
8.570700465780467514e-01
8.892800914092082731e-01
7.543986061531766651e-01
5.603345500451659689e-01
6.490472045199480178e-01
8.419924710123383171e-01
9.083630060590417443e-01
9.730313935529595337e-01
7.146358741167571083e-01
8.734768225351636772e-01
8.878012898404192832e-01
8.123085927872979450e-01
7.599429337528182948e-01
8.236970474734781611e-01
8.650510219796936351e-01
9.503531844794506078e-01
9.435798634292721226e-03
9.860630880318438374e-03
1.012649044528828382e-02
1.417614610358837457e-02
2.717545749148915502e-02
1.004839379524842535e-02
7.214003547634907365e-01
9.117378434844903845e-01
5.880318939451892879e-01
3.421876082540409314e-01
6.308494046464450111e-01
8.291731198066266684e-01
8.681264599976665775e-01
7.261834723812197190e-01
5.386866617264693957e-01
6.216553583884938394e-01
8.144781310442106292e-01
8.932514328145751970e-01
9.663416445435568658e-01
6.852796243547412125e-01
8.433983757333606279e-01
8.641349866261143209e-01
7.775837084249571651e-01
7.197025125414322488e-01
7.952847688249998770e-01
8.380249621883447686e-01
9.366186684277899577e-01
7.225691347011597987e-02
7.258426966292133575e-02
6.715063520871142333e-02
7.973421926910295721e-02
1.250000000000000000e-01
7.264307014276968899e-02
1.878720238095228368e-01
9.593855218855218414e-01
5.588893864755917207e-02
3.580290677064867921e-02
2.452684245787590811e-01
3.504761904761899416e-01
1.000000000000000000e+00
8.622147083685538504e-02
1.220222664613901387e-01
1.139001349527664075e-01
2.493718828514648322e-01
8.336186689953128948e-02
8.188520088865054447e-01
1.088660670879924020e-01
9.242861047380173112e-01
8.632911392405073769e-01
2.881072026800666208e-01
1.059259259259253128e-01
6.397641422517041931e-01
2.276029055690065306e-01
7.018327067669172248e-01
