4.098869044158098829e-02
4.115821510664530170e-02
3.794055546641023069e-02
4.954255465606582920e-02
6.283021029427182658e-02
4.159249524714131452e-02
3.302497213040780366e-01
9.267002361104450525e-01
6.086340977602988644e-02
3.480253572382463467e-02
2.445393819411743053e-01
2.855436983374630699e-01
6.932324332549137935e-01
7.367917284812275369e-02
5.804471018157197904e-02
1.238918447646391030e-01
5.546747777650811173e-01
1.248351913395024937e-01
6.878117273130692766e-01
1.485568648179893536e-01
9.513728361909781217e-01
7.689827769829928883e-01
6.868795098009261579e-02
1.724391571960151026e-01
8.310375240018395004e-01
6.012003266512415678e-01
8.473284561866918363e-01
7.923822479170214428e-03
6.569870573549706216e-03
5.789533431717557022e-03
9.412930393856822064e-03
2.542372881355933756e-02
7.550814911163300502e-03
1.421111008411128918e-01
3.526943942133815568e-01
3.377344877344877760e-01
1.580882352941175295e-01
3.759664715658646017e-01
2.871930917247739190e-02
5.076538581693221808e-01
3.125671321160043981e-01
7.814091853783772246e-02
1.611444393170280431e-01
4.008398549341476436e-01
6.517711171662126102e-01
1.879338596752569979e-01
3.901209677419354982e-01
2.932330827067666235e-01
4.878048780487804770e-01
2.330591461026243483e-01
5.901183020180933436e-01
4.164285714285715923e-01
3.677662037037038312e-01
0.000000000000000000e+00
8.046875000000000000e-01
7.794117647058823595e-01
8.644067796610169774e-01
8.666666666666666963e-01
1.000000000000000000e+00
9.018813331499174746e-01
0.000000000000000000e+00
0.000000000000000000e+00
0.000000000000000000e+00
0.000000000000000000e+00
0.000000000000000000e+00
0.000000000000000000e+00
0.000000000000000000e+00
0.000000000000000000e+00
0.000000000000000000e+00
0.000000000000000000e+00
8.275862068965517127e-01
0.000000000000000000e+00
0.000000000000000000e+00
0.000000000000000000e+00
0.000000000000000000e+00
0.000000000000000000e+00
0.000000000000000000e+00
0.000000000000000000e+00
0.000000000000000000e+00
0.000000000000000000e+00
8.767507002801120386e-01
2.036025728946397328e-02
1.980120601011514658e-02
1.711596864504871807e-02
2.271561441645938983e-02
4.073042876508559118e-02
1.993389508532000809e-02
7.734711201771373723e-01
8.765565205647762870e-01
7.245207939758451232e-01
2.883104621418821623e-01
7.049423196290711680e-01
7.458513529299486411e-01
8.890527768445737333e-01
7.178930580236047021e-01
4.535250049246801751e-01
6.671440393774856759e-01
7.936302457178729952e-01
7.367376286445574962e-01
8.686954311035484100e-01
7.765494233242216104e-01
8.790641063075161910e-01
8.894813338477991493e-01
7.892256067310656764e-01
7.738697823342040039e-01
9.217804716964814737e-01
8.825123480043790547e-01
9.594654387625674019e-01
6.013275221114684072e-03
5.831632778481705970e-03
4.687318457130204563e-03
7.366875632294371534e-03
2.008370399122440253e-02
5.886010678847690414e-03
7.416093496315659950e-01
8.515107044026549721e-01
6.894188574396536984e-01
2.660164633553874225e-01
6.607204406306037558e-01
7.026838550005339856e-01
8.678611340844335498e-01
6.870523786642654951e-01
4.317470382172228227e-01
6.404402888384173043e-01
7.597585166094771303e-01
7.015264106334203609e-01
8.396169417217809183e-01
7.515708881564204802e-01
8.501300250811735237e-01
8.661252910744714484e-01
7.513382431285499097e-01
7.352692288214659477e-01
9.076738939616261215e-01
8.585083034110235767e-01
9.481442575518075344e-01
6.958073148974130984e-02
6.831460674157305291e-02
6.352087114337565121e-02
7.641196013289036637e-02
1.250000000000000000e-01
6.931867231431540488e-02
2.716222030981052526e-01
9.204287775716344377e-01
5.588893864755917207e-02
3.580290677064867921e-02
2.774184748275967394e-01
3.024020227560058061e-01
7.555555555555564240e-01
8.622147083685538504e-02
4.620260574751666738e-02
1.588238150738150445e-01
2.493718828514648322e-01
1.714382632293078856e-01
6.459380173690787430e-01
6.521739130434811571e-02
9.372806213120661312e-01
7.750000000000003553e-01
1.206030150753774066e-01
1.604938271604936517e-01
8.129007560532102161e-01
3.885903265812320484e-01
7.146428571428571352e-01
