4.676615866139510747e-02
4.734525467684108646e-02
4.440309036508222063e-02
5.722490181644196428e-02
7.753232011292232606e-02
4.789606924934231014e-02
3.974119596251686204e-01
9.670053539910450358e-01
5.134893288045017101e-02
3.330212974482127386e-02
3.143327256573149597e-01
3.352346520538169727e-01
7.628110152665774635e-01
3.911555368914099162e-02
1.526761862325853869e-02
1.115807718774020074e-01
5.829007571344853034e-01
3.706703141873823881e-02
8.752009832521423505e-01
1.227964249230963922e-01
9.647242367954806941e-01
9.353267941963636645e-01
1.128405250456747666e-01
7.844464867019862453e-02
7.116529539790148462e-01
1.734260750843024113e-01
8.314634417060173810e-01
1.122258119367455093e-02
1.179291767952171666e-02
1.027358383471449477e-02
1.387168689621005868e-02
2.542372881355933756e-02
1.151011472407577341e-02
4.432143787444646765e-01
1.370067014147431372e-01
9.251606978879711729e-02
4.742647058823528106e-01
1.687742370595178842e-01
6.986046487284297557e-02
6.069171932158297089e-01
2.603129445234710904e-01
1.429700258125691237e-01
2.617419182473952333e-01
3.002958579881656043e-01
3.072866309220356751e-01
2.179125765584360996e-01
2.596153846153848033e-01
3.088235294117644969e-01
2.285714285714286476e-01
2.100887540725759894e-01
4.796659707724426625e-01
2.768979591836735477e-01
4.684791174152876936e-01
0.000000000000000000e+00
7.812500000000000000e-01
7.647058823529411242e-01
8.983050847457626498e-01
8.000000000000000444e-01
1.000000000000000000e+00
8.445907190089406713e-01
0.000000000000000000e+00
0.000000000000000000e+00
0.000000000000000000e+00
0.000000000000000000e+00
0.000000000000000000e+00
0.000000000000000000e+00
0.000000000000000000e+00
0.000000000000000000e+00
0.000000000000000000e+00
0.000000000000000000e+00
8.404669260700389222e-01
0.000000000000000000e+00
0.000000000000000000e+00
0.000000000000000000e+00
0.000000000000000000e+00
0.000000000000000000e+00
0.000000000000000000e+00
0.000000000000000000e+00
0.000000000000000000e+00
0.000000000000000000e+00
8.025641025641025994e-01
2.780696621518222167e-02
2.795090676834852128e-02
2.566945521228597427e-02
3.362149744721207312e-02
5.676637508275006461e-02
2.828874070033929322e-02
8.329599669026781505e-01
8.462405730241051582e-01
6.322848299728258681e-01
3.316687524933241704e-01
7.347804605630749997e-01
7.428754534040991064e-01
8.528198911715250130e-01
7.439478386977906865e-01
3.540889465506893430e-01
5.678498095684796354e-01
8.180569645992950001e-01
7.989052196375188153e-01
9.670235561521380863e-01
7.212572577241727068e-01
8.731695705839297439e-01
9.034119348915212733e-01
8.006352189122794005e-01
7.831119870672149652e-01
8.782271775439123296e-01
7.939628660586042219e-01
9.567460101834170949e-01
8.361560350985047102e-03
8.395744063340190855e-03
7.191956845880070198e-03
1.115726628168606238e-02
2.847187956867165692e-02
8.522947965703263351e-03
8.076584288564337966e-01
8.161228104799344019e-01
5.913949619457158358e-01
3.075844921340364913e-01
6.933480882778748633e-01
6.993767471701485272e-01
8.258532357692376369e-01
7.149396012591548999e-01
3.339919626569463063e-01
5.383401291115503806e-01
7.872753006968600253e-01
7.697393141424521135e-01
9.588940280046924780e-01
6.923164832144681480e-01
8.430286865630375326e-01
8.826801793904899274e-01
7.642806917188488258e-01
7.456469243232670685e-01
8.573035868667467918e-01
7.560909654718525053e-01
9.446995412904082290e-01
7.627118644067798492e-02
7.550561797752811111e-02
7.259528130671508150e-02
8.305647840531560355e-02
1.250000000000000000e-01
7.687053638137128497e-02
3.574150696864109022e-01
1.000000000000000000e+00
5.588893864755917207e-02
3.580290677064867921e-02
2.452684245787590811e-01
2.310832025117743882e-01
7.555555555555564240e-01
5.685618729096963975e-02
2.815898456801324556e-02
1.446137719722626613e-01
2.493718828514648322e-01
3.454545454545465688e-02
7.314012545558528089e-01
8.703623813632477280e-02
9.654619452599022544e-01
9.234042553191486036e-01
1.534776687174188581e-01
6.305114638447939512e-02
6.397641422517041931e-01
2.276029055690065306e-01
6.893552875695733162e-01
