4.586444882485257724e-02
4.609916881352271734e-02
4.311386824770280235e-02
5.579196463377333881e-02
7.292897749005644581e-02
4.677247296213482564e-02
2.645576579565052100e-01
9.295293278205185583e-01
8.148277687804350577e-02
2.914742703027273230e-02
2.365700596016866442e-01
4.842702463976333860e-01
6.711254595420461655e-01
1.086879087670578059e-02
6.217922949296417201e-02
8.518410170298551520e-02
5.860518373656224966e-01
7.898250517181004682e-02
9.118581052056686786e-01
1.119201475808879742e-01
9.623033538624554684e-01
8.383666933436959567e-01
2.283750444338510377e-01
1.460226560258819362e-01
7.024298861822639850e-01
3.908468225016505926e-01
8.436488755900597436e-01
7.716374766196226753e-02
5.436567899612377436e-02
3.882393007151777042e-02
4.359673024523159912e-02
1.186440677966101864e-01
5.907538925080096925e-02
2.827680415805957637e-01
3.105485232067510815e-01
1.540404040404040886e-01
1.580882352941175295e-01
1.000000000000000000e+00
7.807634131150459345e-02
5.076538581693221808e-01
4.736842105263159297e-01
6.262024148200302509e-01
2.810201807601833135e-01
7.912304657866788826e-01
3.551316984559491630e-01
8.385056999917985809e-01
2.596153846153848033e-01
6.642857142857141461e-01
6.493506493506493449e-01
6.843800322061177610e-02
3.261697163207661898e-01
1.964478764478767570e-01
3.677662037037038312e-01
0.000000000000000000e+00
8.281250000000000000e-01
8.014705882352940458e-01
8.983050847457626498e-01
8.666666666666666963e-01
0.000000000000000000e+00
8.882535860702479580e-01
0.000000000000000000e+00
0.000000000000000000e+00
0.000000000000000000e+00
0.000000000000000000e+00
0.000000000000000000e+00
0.000000000000000000e+00
0.000000000000000000e+00
0.000000000000000000e+00
0.000000000000000000e+00
0.000000000000000000e+00
0.000000000000000000e+00
0.000000000000000000e+00
0.000000000000000000e+00
0.000000000000000000e+00
0.000000000000000000e+00
0.000000000000000000e+00
0.000000000000000000e+00
0.000000000000000000e+00
0.000000000000000000e+00
0.000000000000000000e+00
4.465049928673324175e-01
4.157507731666804096e-02
3.724047122961438028e-02
3.227097779217233398e-02
4.145829631581612884e-02
6.165906623141048648e-02
3.839571389914647748e-02
7.675484323675085818e-01
9.021770543988083535e-01
6.400596660397748217e-01
3.837358008372300233e-01
1.000000000000000000e+00
7.948068453903951447e-01
8.649355465734449577e-01
7.622013757576029391e-01
7.128832299654250804e-01
7.380666555040091836e-01
8.632387997417225733e-01
8.156930926773586776e-01
9.999999999999997780e-01
6.886998167167863727e-01
9.321976947768955135e-01
9.178401455863212099e-01
8.131360222135202154e-01
7.806021699124321422e-01
8.909717661629050767e-01
8.081737363778500605e-01
9.776828253524318946e-01
1.291336964818263697e-02
1.143508722213986556e-02
9.198932614544647751e-03
1.398253652928166391e-02
3.108528710338913370e-02
1.184705885957028360e-02
7.351039765677950255e-01
8.817493472818499489e-01
5.995421907848538234e-01
3.580415329926767143e-01
1.000000000000000000e+00
7.576669000662271669e-01
8.398371801348645249e-01
7.346000797158362960e-01
6.948977200138721777e-01
7.148188112735820443e-01
8.388232242419007001e-01
7.884003108309068919e-01
1.000000000000000000e+00
6.578376986322735931e-01
9.149953988286244622e-01
8.999236321755053059e-01
7.785290056545374204e-01
7.428250256375572569e-01
8.719661528229564196e-01
7.722828478253415119e-01
9.713313571489854414e-01
7.047279214986618134e-02
7.011235955056180358e-02
6.715063520871142333e-02
7.641196013289036637e-02
1.250000000000000000e-01
7.054481130628950658e-02
2.716222030981052526e-01
9.204287775716344377e-01
8.268608903260910026e-02
3.580290677064867921e-02
1.819943895145570423e-01
3.504761904761899416e-01
7.555555555555564240e-01
0.000000000000000000e+00
6.460002342073600801e-02
7.514245014245002352e-02
2.493718828514648322e-01
6.394230769230802025e-02
8.188520088865054447e-01
1.333333333333337478e-01
9.588372602211028273e-01
7.750000000000003553e-01
2.881072026800666208e-01
1.059259259259253128e-01
6.066758116140835710e-01
2.276029055690065306e-01
7.146428571428571352e-01
