4.863289512998586472e-02
4.915246496415781596e-02
4.644123955869722264e-02
5.976164204209932773e-02
7.522760274694151317e-02
4.987339720381556152e-02
3.650772215809743315e-01
9.366405805675064311e-01
2.396723244404475039e-02
3.488376810985061027e-02
1.814063727633623557e-01
4.728379825825310689e-01
9.259806013662794655e-01
4.208632122217670357e-02
5.436218023880323713e-02
5.576566348123623840e-02
4.841851187612373764e-01
6.418569424667319723e-02
9.149127240973644604e-01
1.222658174433295386e-01
9.531626971594542308e-01
8.734018110052392814e-01
1.500968509543243457e-01
7.086212111106959810e-02
8.148200496354860434e-01
2.408508933020208076e-01
8.226758084693119866e-01
1.958850535623193889e-02
1.938111819197161495e-02
1.697127937336814774e-02
2.229378251176615533e-02
5.084745762711864736e-02
1.958445620675128285e-02
4.048245953690081667e-01
1.741942346558877919e-01
1.022469593898166496e-01
3.059772296015179638e-01
1.057157309054121974e-01
1.816613123375479533e-01
8.153701968134958733e-01
4.310099573257470951e-01
1.429700258125691237e-01
2.391588107324147394e-01
7.912304657866788826e-01
2.703775788244453526e-01
3.384235121461398599e-01
3.901209677419354982e-01
6.948051948051947591e-01
1.098901098901099438e-01
1.400966183574878787e-01
3.261697163207661898e-01
9.085714285714296956e-02
4.104104104104105977e-01
0.000000000000000000e+00
8.359375000000000000e-01
8.014705882352940458e-01
8.983050847457626498e-01
9.000000000000000222e-01
1.000000000000000000e+00
8.645938109119557513e-01
0.000000000000000000e+00
0.000000000000000000e+00
0.000000000000000000e+00
0.000000000000000000e+00
0.000000000000000000e+00
0.000000000000000000e+00
0.000000000000000000e+00
0.000000000000000000e+00
0.000000000000000000e+00
0.000000000000000000e+00
7.854545454545454053e-01
0.000000000000000000e+00
0.000000000000000000e+00
0.000000000000000000e+00
0.000000000000000000e+00
0.000000000000000000e+00
0.000000000000000000e+00
0.000000000000000000e+00
0.000000000000000000e+00
0.000000000000000000e+00
7.049549549549549710e-01
2.832696129392381357e-02
2.841152159557791546e-02
2.630981606059307198e-02
3.502215894668861407e-02
5.773639386011264474e-02
2.896021928059627770e-02
8.208279627583845439e-01
9.157915927666657741e-01
6.062149861857752953e-01
2.994967946258269009e-01
6.853313104020823943e-01
7.452444485143268071e-01
8.815419234420034389e-01
7.653727719167853216e-01
4.444738716685483482e-01
5.567250166976300818e-01
7.991682388560374939e-01
7.444593865411905931e-01
9.331507599546371434e-01
6.538699492499833177e-01
8.501483933485722844e-01
9.165864240273742247e-01
7.620761233334121254e-01
7.832648412106673064e-01
8.988207336496221167e-01
8.237451551868557598e-01
9.586298666722221640e-01
8.528518199532802296e-03
8.543520191773720796e-03
7.383817321878337336e-03
1.165599054907990456e-02
2.898799972123637658e-02
8.739236694448510034e-03
7.940840713410933782e-01
8.979415519095877984e-01
5.642316204504708166e-01
2.767018104568488290e-01
6.394822130399235860e-01
7.020090766056600318e-01
8.591068088612292541e-01
7.380262670672725900e-01
4.227770297746764605e-01
5.270486811679540029e-01
7.659754516418124659e-01
7.099227253122103454e-01
9.172479908130364290e-01
6.212902501241110986e-01
8.154755008862163423e-01
8.984213593349335003e-01
7.207797652667869981e-01
7.458188747889997749e-01
8.810279630858585120e-01
7.901323044777323057e-01
9.470853752298311612e-01
7.850133809099019144e-02
7.865168539325842478e-02
7.531760435571685508e-02
8.637873754152819439e-02
1.250000000000000000e-01
7.949999048583536454e-02
3.357712765957439061e-01
9.397063417681974506e-01
5.588893864755917207e-02
3.580290677064867921e-02
2.316267748172107233e-01
3.504761904761899416e-01
1.000000000000000000e+00
3.381962864721499429e-02
6.460002342073600801e-02
7.514245014245002352e-02
8.161261620593407429e-02
1.244652406417112722e-01
8.188520088865054447e-01
1.333333333333337478e-01
9.629850145911347248e-01
9.018181818181814080e-01
2.201573907272216246e-01
4.488386691776469206e-02
7.772079772079774074e-01
0.000000000000000000e+00
6.771978021978021234e-01
