4.305926532396536777e-02
4.360605536620199008e-02
4.106685720965569386e-02
5.346332625005351114e-02
6.733332156865634577e-02
4.423689792203100435e-02
3.361978765213722298e-01
9.271519080404855284e-01
6.889857849353830943e-02
5.664840718522778928e-02
2.903061107828461829e-01
5.500539960632639946e-01
7.511290308489497747e-01
5.553732626306961961e-02
5.715567663390075381e-02
3.957472721464139198e-02
5.455808255145706553e-01
1.435963382902105678e-02
8.269954493806137563e-01
1.093016948891070150e-01
9.672470140587503540e-01
7.889802253196513959e-01
2.204030897333764116e-01
9.944537501025063619e-02
7.162582790759639551e-01
3.835343896691245646e-01
8.504657291188484347e-01
2.462166298248597007e-02
2.363510938834505887e-02
1.924168464070836332e-02
2.761951944513252322e-02
0.000000000000000000e+00
2.332051520011559076e-02
2.402969523313360778e-01
9.316455696202541326e-02
3.232323232323232043e-01
8.782679738562082505e-02
4.106553726058629339e-01
1.132872403343400114e-01
3.459723921020443349e-01
1.950464396284830038e-01
4.709362381444265333e-02
1.497673434856174879e-01
7.912304657866788826e-01
3.551316984559491630e-01
6.302514193025143818e-01
3.339843750000002220e-01
6.642857142857141461e-01
8.163265306122444720e-01
3.120772946859904362e-01
5.901183020180933436e-01
3.079047619047621254e-01
4.104104104104105977e-01
0.000000000000000000e+00
8.046875000000000000e-01
7.536764705882352811e-01
9.152542372881354860e-01
9.000000000000000222e-01
1.000000000000000000e+00
8.649482057642701172e-01
0.000000000000000000e+00
0.000000000000000000e+00
0.000000000000000000e+00
0.000000000000000000e+00
0.000000000000000000e+00
0.000000000000000000e+00
0.000000000000000000e+00
0.000000000000000000e+00
0.000000000000000000e+00
0.000000000000000000e+00
9.599999999999999645e-01
0.000000000000000000e+00
0.000000000000000000e+00
0.000000000000000000e+00
0.000000000000000000e+00
0.000000000000000000e+00
0.000000000000000000e+00
0.000000000000000000e+00
0.000000000000000000e+00
0.000000000000000000e+00
6.760259179265659668e-01
2.751271044734740490e-02
2.787798286563969441e-02
2.567608593918258020e-02
3.439917959317748131e-02
5.145442171743841442e-02
2.823454719505005817e-02
8.465194299598857164e-01
8.843936614830545384e-01
7.201817129280745355e-01
3.524642538024611582e-01
7.587596519863102351e-01
8.269510796745469516e-01
8.377679176434387198e-01
7.589195472390013464e-01
5.525610695348524004e-01
6.124742850790587667e-01
8.457411306030726550e-01
7.877666998219425842e-01
9.794724754418544510e-01
5.917387219757266337e-01
9.377070793771227208e-01
9.473153084923473521e-01
8.211883374540220881e-01
8.195077353181559054e-01
9.113289460636626593e-01
8.039116934159549199e-01
9.847145120168301347e-01
8.267254280947117923e-03
8.372376354523453079e-03
7.193940393826564472e-03
1.143383544717675032e-02
2.566316978844702945e-02
8.505520073682583393e-03
8.228933015553717700e-01
8.607282327334772054e-01
6.847404178856001389e-01
3.276663017687413415e-01
7.198434131735687025e-01
7.943624945482919975e-01
8.085680345840946526e-01
7.310578129257900848e-01
5.308360662977502642e-01
5.839322655349274971e-01
8.187599651199688466e-01
7.574144734017383973e-01
9.743467742797633502e-01
5.569623265795620171e-01
9.218091772582365229e-01
9.354574630489209675e-01
7.877446632197920851e-01
7.868806187911028260e-01
8.955187955005771139e-01
7.674168544617351317e-01
9.803329740802380066e-01
6.333630686886709826e-02
6.292134831460674538e-02
5.807622504537204855e-02
7.308970099667772002e-02
1.250000000000000000e-01
6.314904470784007962e-02
1.878720238095228368e-01
9.397063417681974506e-01
4.797601199400292060e-02
5.458475950279240152e-02
2.452684245787590811e-01
4.549450549450551051e-01
8.764044943820223921e-01
5.685618729096963975e-02
4.620260574751666738e-02
7.514245014245002352e-02
2.493718828514648322e-01
3.454545454545465688e-02
7.836287883922148367e-01
8.196721311475485550e-02
9.552190064089480792e-01
7.292867851788393807e-01
2.881072026800666208e-01
6.305114638447939512e-02
6.397641422517041931e-01
2.276029055690065306e-01
7.413160469667319230e-01
