3.900775520089122539e-02
3.938807421113676988e-02
3.656488124699297515e-02
4.807082311341309699e-02
6.237320136076074384e-02
3.987786429455286719e-02
2.813043772184959934e-01
9.386031278515452048e-01
5.439050532641731550e-02
6.156597431322863301e-02
2.909791940918724507e-01
3.114522947656492846e-01
6.308116007780872891e-01
8.188280348875842662e-02
9.586004794841596066e-02
6.442584649395044494e-02
5.658071521958243366e-01
1.335403904942618070e-01
8.433389470089931450e-01
1.136420681042311642e-01
9.529342141272947320e-01
7.199610504808209299e-01
1.957716766927166674e-01
1.714390157903293854e-01
7.449717976566905264e-01
4.302084395300447284e-01
8.543221186593841221e-01
8.808025845944568444e-03
8.524407069180742202e-03
8.173458962424787200e-03
9.784493435719590626e-03
3.389830508474578341e-02
8.985090123749539526e-03
1.359394187474414206e-01
3.440736478711161617e-01
1.622936683912293843e-01
3.161764705882350590e-01
9.425054796830217851e-02
7.275558323694275575e-02
5.143433437920217344e-01
1.578947368421055319e-01
1.574840050531806646e-01
2.617419182473952333e-01
4.487179487179486781e-01
7.041192498797883559e-01
1.470718044474622621e-01
2.812500000000002220e-01
6.642857142857141461e-01
6.493506493506493449e-01
1.400966183574878787e-01
5.587397988233060442e-01
1.593984962406016503e-01
6.432613168724280461e-01
0.000000000000000000e+00
8.046875000000000000e-01
7.904411764705882026e-01
8.813559322033898136e-01
8.666666666666666963e-01
1.000000000000000000e+00
8.549689815624896827e-01
0.000000000000000000e+00
0.000000000000000000e+00
0.000000000000000000e+00
0.000000000000000000e+00
0.000000000000000000e+00
0.000000000000000000e+00
0.000000000000000000e+00
0.000000000000000000e+00
0.000000000000000000e+00
0.000000000000000000e+00
9.113924050632911111e-01
0.000000000000000000e+00
0.000000000000000000e+00
0.000000000000000000e+00
0.000000000000000000e+00
0.000000000000000000e+00
0.000000000000000000e+00
0.000000000000000000e+00
0.000000000000000000e+00
0.000000000000000000e+00
8.528610354223432610e-01
2.072046179820344336e-02
2.061432531744203378e-02
1.850159432558276529e-02
2.561100621439177383e-02
4.902972074935996183e-02
2.102324236812641578e-02
7.941171716059618468e-01
9.109817994757454240e-01
7.008597820004482948e-01
3.821258989894209535e-01
7.258286607474544461e-01
7.968739012626799845e-01
8.464184768280251792e-01
7.169176870970881410e-01
5.930375461983068419e-01
6.976451211204821590e-01
8.354485209614903596e-01
8.239877247150970696e-01
9.348245164053439193e-01
7.104446872590286510e-01
8.884342884177556243e-01
8.934592551313280673e-01
7.992984714412532110e-01
8.211324368473134072e-01
9.280626744394195882e-01
8.526623469720917559e-01
9.479454357552095090e-01
6.125027960568376478e-03
6.083167969031161304e-03
5.085720786041265234e-03
8.357146677498136778e-03
2.439101551062737572e-02
6.224136893688475558e-03
7.643863481114866465e-01
8.922113090194129237e-01
6.639877268461226167e-01
3.564725863258355609e-01
6.835196518990200865e-01
7.600124759767380445e-01
8.184901608022780994e-01
6.860124244004357497e-01
5.718303950658505386e-01
6.722793624707905646e-01
8.070173599821335308e-01
7.976581947361690572e-01
9.192921072714168584e-01
6.808319745349511454e-01
8.614575163934939939e-01
8.708431783859589270e-01
7.627612907502697714e-01
7.887349112887369618e-01
9.150006478145674693e-01
8.235778040801161604e-01
9.335813137528732319e-01
6.512042818911684128e-02
6.471910112359549605e-02
6.170598911070782067e-02
7.308970099667772002e-02
1.250000000000000000e-01
6.529018720378379492e-02
2.294963644140279868e-01
9.593855218855218414e-01
5.588893864755917207e-02
4.825609173435263521e-02
3.230169121086277073e-01
1.374416433239957769e-01
5.217391304347831493e-01
8.622147083685538504e-02
6.460002342073600801e-02
9.328028293545509442e-02
2.493718828514648322e-01
1.244652406417112722e-01
8.188520088865054447e-01
9.210526315789513419e-02
9.284058413167670665e-01
7.750000000000003553e-01
2.033697901271063202e-01
1.059259259259253128e-01
6.733500417710942543e-01
2.276029055690065306e-01
7.277992277992277881e-01
