4.207558325024590706e-02
4.249580155572935114e-02
3.965195688494316251e-02
5.159587454427216890e-02
6.487304190480969179e-02
4.299344699539980885e-02
3.302830703038397431e-01
9.413254772903976164e-01
6.434725054640111352e-02
3.037968162115767257e-02
2.568507581810086648e-01
3.092052097166497759e-01
7.894193258378363609e-01
7.250933420135430296e-02
5.221522099349362733e-02
1.142189365611443463e-01
5.531223198639061422e-01
1.241401020145271872e-01
8.414313799168020580e-01
1.087178311954661858e-01
9.489695287590504957e-01
8.277677638975777796e-01
2.250153126680958238e-01
9.075097277673016549e-02
7.266471225882291662e-01
2.983332082155865095e-01
8.448379613375731623e-01
1.122258119367455093e-02
1.179291767952171666e-02
1.027358383471449477e-02
1.387168689621005868e-02
1.694915254237289171e-02
1.151011472407577341e-02
2.402969523313360778e-01
1.630379746835444177e-01
1.878787878787878673e-01
3.719723183391001609e-01
9.162819229651636421e-02
3.817065575229111607e-02
2.793481875623544664e-01
2.344497607655504634e-01
3.779697624190064831e-02
3.389446346358162554e-01
7.912304657866788826e-01
3.551316984559491630e-01
1.818329278183292708e-01
1.406250000000000000e-01
1.000000000000000000e+00
3.861003861003862170e-01
2.100887540725759894e-01
3.704687796545833578e-01
3.389115646258504810e-01
5.521885521885522286e-01
0.000000000000000000e+00
7.812500000000000000e-01
7.720588235294116863e-01
8.644067796610169774e-01
8.666666666666666963e-01
1.000000000000000000e+00
8.860541594212688610e-01
0.000000000000000000e+00
0.000000000000000000e+00
0.000000000000000000e+00
0.000000000000000000e+00
0.000000000000000000e+00
0.000000000000000000e+00
0.000000000000000000e+00
0.000000000000000000e+00
0.000000000000000000e+00
0.000000000000000000e+00
8.275862068965517127e-01
0.000000000000000000e+00
0.000000000000000000e+00
0.000000000000000000e+00
0.000000000000000000e+00
0.000000000000000000e+00
0.000000000000000000e+00
0.000000000000000000e+00
0.000000000000000000e+00
0.000000000000000000e+00
8.025641025641025994e-01
2.386954882695213609e-02
2.370259408148561731e-02
2.167917510483050036e-02
2.885684421728909599e-02
4.747079511679747066e-02
2.411891814902891729e-02
7.354923194202629411e-01
9.038839581274016322e-01
6.867474315702368770e-01
3.406843070667626705e-01
7.246346512913568461e-01
7.281525160029611587e-01
8.792006954276285757e-01
7.582923570571948879e-01
4.242108068211347671e-01
6.868610986841137134e-01
8.962041265473503771e-01
7.962388570432801238e-01
9.123433359825747768e-01
6.470662555919148851e-01
9.137832337709883568e-01
9.055392748665966884e-01
8.416820712327537368e-01
7.708114233608225341e-01
8.957946258805895567e-01
8.197668679661462843e-01
9.514099599304719490e-01
7.109975055462274679e-03
7.047183348630504940e-03
6.010067802774011342e-03
9.481057930425203228e-03
2.357638440425637028e-02
7.194329973342378226e-03
7.001155105913389187e-01
8.837747177283793443e-01
6.489133597347190863e-01
3.162790980577843136e-01
6.822112904134343125e-01
6.830745340635756557e-01
8.563829305065733255e-01
7.303812237422731002e-01
4.027477766778977397e-01
6.609967076675002939e-01
8.769661169614320073e-01
7.667848664918054391e-01
8.919556606702385704e-01
6.141918188438855175e-01
8.923410583145602315e-01
8.852163900924623352e-01
8.113324310760997582e-01
7.318434201524932625e-01
8.775313979032762779e-01
7.855613318831428105e-01
9.379528475009795141e-01
6.868867082961643833e-02
6.921348314606742824e-02
6.533575317604353727e-02
7.641196013289036637e-02
1.250000000000000000e-01
6.804217350965915956e-02
2.495615652803166995e-01
9.593855218855218414e-01
5.588893864755917207e-02
3.580290677064867921e-02
2.452684245787590811e-01
2.310832025117743882e-01
7.555555555555564240e-01
8.834537499268968475e-02
6.460002342073600801e-02
1.534824513547916602e-01
1.229779148308587367e-01
1.244652406417112722e-01
8.188520088865054447e-01
1.333333333333337478e-01
9.552190064089480792e-01
7.750000000000003553e-01
2.033697901271063202e-01
7.904919845218305596e-02
6.733500417710942543e-01
2.276029055690065306e-01
7.146428571428571352e-01
