4.278213667692504218e-02
4.325924420165350170e-02
4.052146288790531292e-02
5.298727613823822624e-02
6.891925580073055002e-02
4.386609920650397232e-02
2.807831101427487042e-01
9.214698281640767430e-01
7.957881896721374915e-02
3.680032410543576660e-02
2.932692172225452865e-01
5.465961385425206487e-01
8.196202546966437907e-01
2.439667154086100354e-02
7.925799720551696126e-02
9.051355037431196848e-02
5.882616536499529758e-01
1.090573397952985246e-01
7.928799114170015372e-01
5.142858181394993622e-02
9.537963405815832463e-01
8.214174750334937158e-01
1.925488274189772753e-01
7.747820664652671496e-02
7.074064672011974864e-01
4.042180106189796618e-01
8.521382962937160688e-01
6.359462676415579552e-03
7.111884895867552625e-03
6.754455670337153328e-03
8.298241268268516380e-03
1.271186440677966045e-01
6.603208332275997683e-03
6.461318051575928312e-01
1.970788704965920068e-01
1.000000000000000000e+00
8.220588235294115087e-01
1.007374277879828361e-01
6.005441880089201767e-02
5.724362452523059641e-01
1.578947368421055319e-01
3.779697624190064831e-02
1.747969543147209759e-01
3.137887753272368130e-01
4.899677978697054570e-01
2.024067863483924867e-02
4.500000000000001776e-01
7.202380952380953438e-01
3.940886699507388791e-01
1.966692092550215154e-01
5.587397988233060442e-01
5.484169884169887155e-01
4.104104104104105977e-01
0.000000000000000000e+00
7.890625000000000000e-01
7.977941176470587648e-01
9.152542372881354860e-01
8.333333333333333703e-01
1.000000000000000000e+00
8.597675407080972443e-01
0.000000000000000000e+00
0.000000000000000000e+00
0.000000000000000000e+00
0.000000000000000000e+00
0.000000000000000000e+00
0.000000000000000000e+00
0.000000000000000000e+00
0.000000000000000000e+00
0.000000000000000000e+00
0.000000000000000000e+00
8.962655601659751392e-01
0.000000000000000000e+00
0.000000000000000000e+00
0.000000000000000000e+00
0.000000000000000000e+00
0.000000000000000000e+00
0.000000000000000000e+00
0.000000000000000000e+00
0.000000000000000000e+00
0.000000000000000000e+00
0.000000000000000000e+00
2.783373596728330734e-02
2.784000566725514103e-02
2.536695112719697387e-02
3.438860339391999754e-02
5.897653378085243592e-02
2.833376735732834328e-02
8.291161336217842681e-01
8.872459883942955816e-01
7.164993971378139648e-01
4.195253774872504948e-01
6.979102641252752370e-01
7.689182653134387646e-01
9.199014524446693652e-01
7.310878983053981095e-01
4.765204296140472806e-01
6.965995881956965619e-01
8.489026830747703478e-01
8.371031414736602727e-01
9.158015290022973875e-01
6.668332754415255970e-01
9.362792688132368646e-01
9.139334549986641854e-01
8.749243246876872160e-01
8.062323265051927201e-01
8.635326058418413275e-01
8.430936316401267394e-01
1.000000000000000000e+00
8.370145973897600428e-03
8.360209986258984594e-03
7.101533387651244589e-03
1.143006859602035963e-02
2.964929225086256059e-02
8.537431136785303409e-03
8.033518154714857085e-01
8.640900089144766261e-01
6.807753037685396746e-01
3.930660705697484048e-01
6.530860958539532746e-01
7.284548450786593188e-01
9.040712455832542460e-01
7.011493766610379375e-01
4.546011104710356854e-01
6.711842617166199343e-01
8.223757056130678311e-01
8.123476764853744259e-01
8.961439497570604651e-01
6.348520377385393765e-01
9.200417342503216522e-01
8.952448995702999568e-01
8.500002687207927066e-01
7.717728579748404094e-01
8.404764653435191635e-01
8.124678071572634108e-01
1.000000000000000000e+00
6.601248884924176830e-02
6.561797752808987139e-02
6.170598911070782067e-02
7.308970099667772002e-02
1.250000000000000000e-01
6.635049398789918951e-02
2.716222030981052526e-01
9.204287775716344377e-01
5.588893864755917207e-02
2.361468318915127540e-02
2.452684245787590811e-01
3.504761904761899416e-01
8.764044943820223921e-01
5.685618729096963975e-02
8.336174639441495948e-02
1.270013241844227814e-01
2.493718828514648322e-01
9.390997352162422374e-02
7.141517938392567544e-01
3.225806451612944770e-02
9.552190064089480792e-01
7.750000000000003553e-01
1.206030150753774066e-01
0.000000000000000000e+00
6.397641422517041931e-01
2.276029055690065306e-01
7.277992277992277881e-01
