4.050006914908854672e-02
4.093351715507492772e-02
3.805108332397444393e-02
4.944163547940233494e-02
6.614464931973318418e-02
4.137032832414627714e-02
2.252665179690565012e-01
9.309082352652848780e-01
6.073332025335087536e-02
2.822299893469049081e-02
2.645392477463532899e-01
3.436299230949444450e-01
7.116256150406146119e-01
1.109377683747050369e-01
7.670350211368992532e-02
1.116483180929046526e-01
5.812911303623300441e-01
1.439223120887991314e-01
8.218477003349278220e-01
1.460237992200994483e-01
9.351088871858583840e-01
8.432996291833845248e-01
1.511786224134761270e-01
1.138977080511320850e-01
6.740167392494846865e-01
5.086911073279622997e-01
8.457076733675814584e-01
1.173269852065975810e-02
9.723408448853561314e-03
6.754455670337153328e-03
1.189001733960862173e-02
3.389830508474578341e-02
9.733155821930447593e-03
2.402969523313360778e-01
3.105485232067510815e-01
2.862215909090909394e-01
1.264705882352941124e-01
2.210227135872052662e-01
1.264468692620663304e-01
5.143433437920217344e-01
6.172248803827751207e-01
7.814091853783772246e-02
4.888047992616522119e-01
4.008398549341476436e-01
7.960821857279625213e-01
1.220437956204379892e-01
4.500000000000001776e-01
4.404761904761906877e-01
5.714285714285716189e-01
3.120772946859904362e-01
2.672233820459288811e-01
9.085714285714296956e-02
7.257625272331155175e-01
0.000000000000000000e+00
7.578125000000000000e-01
7.536764705882352811e-01
8.983050847457626498e-01
8.000000000000000444e-01
1.000000000000000000e+00
8.719358756798193388e-01
0.000000000000000000e+00
0.000000000000000000e+00
0.000000000000000000e+00
0.000000000000000000e+00
0.000000000000000000e+00
0.000000000000000000e+00
0.000000000000000000e+00
0.000000000000000000e+00
0.000000000000000000e+00
0.000000000000000000e+00
8.780487804878049918e-01
0.000000000000000000e+00
0.000000000000000000e+00
0.000000000000000000e+00
0.000000000000000000e+00
0.000000000000000000e+00
0.000000000000000000e+00
0.000000000000000000e+00
0.000000000000000000e+00
0.000000000000000000e+00
8.528610354223432610e-01
1.887458403482311642e-02
1.877683532613563799e-02
1.693276425359138693e-02
2.307458295611772292e-02
4.430521826557093368e-02
1.912268823510193672e-02
8.237847778982656521e-01
9.104907119047493946e-01
6.700166565939982277e-01
3.351796071184374171e-01
7.183538543550973543e-01
7.626088557141279534e-01
8.438415297889980682e-01
8.018298133766088576e-01
5.385346763482798949e-01
6.557649419146303060e-01
8.185488410557302252e-01
8.304325200382685068e-01
9.682031538599311649e-01
6.975798476226175993e-01
9.238855734116864227e-01
8.724990762531450450e-01
8.295082596611356163e-01
7.616251219079281931e-01
9.080453490982822728e-01
8.620569045281258891e-01
9.484600476670892455e-01
5.554320611157802928e-03
5.516102574312307938e-03
4.634854914220425809e-03
7.489019192165248529e-03
2.193008589636687156e-02
5.635326021520399575e-03
7.973874838677011967e-01
8.916268446267728853e-01
6.311328282167510961e-01
3.109682624910066195e-01
6.753389537796330444e-01
7.213817211411525099e-01
8.155310593768254623e-01
7.776322894743472602e-01
5.166973963430585570e-01
6.286193318159847276e-01
7.878319360946048899e-01
8.048686664619754128e-01
9.603548645457242738e-01
6.672115086423209274e-01
9.047465798591295405e-01
8.460685935017382420e-01
7.972976140876198992e-01
7.215782326131860991e-01
8.917088042670339165e-01
8.345268347737674342e-01
9.342302087371288088e-01
7.270294380017844338e-02
7.146067415730336658e-02
6.715063520871142333e-02
7.641196013289036637e-02
1.250000000000000000e-01
7.293821072950448792e-02
1.878720238095228368e-01
9.204287775716344377e-01
5.588893864755917207e-02
2.361468318915127540e-02
2.452684245787590811e-01
3.504761904761899416e-01
7.555555555555564240e-01
9.615384615384625633e-02
8.336174639441495948e-02
1.139001349527664075e-01
3.356032815944942627e-01
1.556255625562554812e-01
7.314012545558528089e-01
1.333333333333337478e-01
9.284058413167670665e-01
7.750000000000003553e-01
1.534776687174188581e-01
4.488386691776469206e-02
4.129958385166023760e-01
3.885903265812320484e-01
7.146428571428571352e-01
