4.183438705808767422e-02
4.223301496990389259e-02
3.952650024129727990e-02
5.135019394398310233e-02
6.307876895307973353e-02
4.279099185526313853e-02
3.396992472268820507e-01
9.109893625269231965e-01
1.159341397446138622e-01
4.256400971938734124e-02
2.758455518189721900e-01
2.442132150386928657e-01
7.909836756013826076e-01
7.062596712702351454e-02
6.094005211188324722e-02
9.098255200160032530e-02
5.648064067390929921e-01
1.580606949585776633e-01
7.808268847008665858e-01
1.259659639125718655e-01
9.520009259164459170e-01
7.079073965445648042e-01
2.959926813292792502e-01
1.134594410672855602e-01
8.178518257630376098e-01
2.784992972574045211e-01
8.448314505109137951e-01
2.856657031117162959e-03
2.923592405229616387e-03
3.575888296060841798e-03
0.000000000000000000e+00
3.389830508474578341e-02
2.388498647000296404e-03
1.608944811261989738e-01
3.105485232067510815e-01
1.223169191919192267e-01
2.810457516339868178e-01
1.260571845035107774e-01
6.986046487284297557e-02
3.413207021454445211e-01
3.157894736842106198e-01
7.814091853783772246e-02
2.810201807601833135e-01
3.345471096950387579e-01
2.202955990421930910e-01
2.383902150325508673e-01
1.406250000000000000e-01
7.202380952380953438e-01
8.928571428571441260e-02
3.890160183066360133e-01
4.175365344467640849e-01
5.484169884169887155e-01
5.521885521885522286e-01
0.000000000000000000e+00
7.968750000000000000e-01
7.904411764705882026e-01
9.152542372881354860e-01
8.000000000000000444e-01
1.000000000000000000e+00
8.863823304819030691e-01
0.000000000000000000e+00
0.000000000000000000e+00
0.000000000000000000e+00
0.000000000000000000e+00
0.000000000000000000e+00
0.000000000000000000e+00
0.000000000000000000e+00
0.000000000000000000e+00
0.000000000000000000e+00
0.000000000000000000e+00
8.674698795180721955e-01
0.000000000000000000e+00
0.000000000000000000e+00
0.000000000000000000e+00
0.000000000000000000e+00
0.000000000000000000e+00
0.000000000000000000e+00
0.000000000000000000e+00
0.000000000000000000e+00
0.000000000000000000e+00
9.287833827893174909e-01
2.067971511692986986e-02
2.072910713771169977e-02
1.899704298158019777e-02
2.491526416755251994e-02
4.048416262400550414e-02
2.100510626231955058e-02
7.608242457228833189e-01
9.050200116545312756e-01
6.793976466502615885e-01
3.146735103227698005e-01
7.380226295878031806e-01
7.499445604123373688e-01
8.522719804842744384e-01
7.169596568124205760e-01
3.864130605870164104e-01
6.386667680934747793e-01
8.398287420438155237e-01
7.913441768654370101e-01
9.003313754941555391e-01
6.327054149357231871e-01
8.875141611491224047e-01
8.886731818668041072e-01
8.158603297511037855e-01
7.985511974553127779e-01
8.908874738630960799e-01
7.929658807964463652e-01
9.575969964756789743e-01
6.112377019913715209e-03
6.118751920987104687e-03
5.228863303044232330e-03
8.118133485979367459e-03
1.995700456934808298e-02
6.218493596458533890e-03
7.277337158136102380e-01
8.851234787884297850e-01
6.410902936395767027e-01
2.912423015826139938e-01
6.969161635183220849e-01
7.072392130549675082e-01
8.252223254581256828e-01
6.860571671383453030e-01
3.655790106030609721e-01
6.109157744351192409e-01
8.120092990755156670e-01
7.613680631336191551e-01
8.774551001258965588e-01
5.992526158768169964e-01
8.603430703776814292e-01
8.651677270270050624e-01
7.816435961870938920e-01
7.630670399686931837e-01
8.718689662921342842e-01
7.549585094615322012e-01
9.457770278099204564e-01
6.868867082961643833e-02
7.011235955056180358e-02
6.533575317604353727e-02
7.641196013289036637e-02
1.250000000000000000e-01
7.008599535242407419e-02
3.056900726392246526e-01
9.015406591164167871e-01
9.633278598795813608e-02
3.580290677064867921e-02
2.452684245787590811e-01
1.142857142857138797e-01
1.000000000000000000e+00
8.622147083685538504e-02
8.715876175813574989e-02
1.270013241844227814e-01
2.493718828514648322e-01
1.244652406417112722e-01
7.314012545558528089e-01
1.333333333333337478e-01
9.552190064089480792e-01
7.750000000000003553e-01
3.264193306960336827e-01
6.305114638447939512e-02
9.233784048598856486e-01
2.276029055690065306e-01
7.146428571428571352e-01
