4.253063125892214691e-02
4.284110356281084497e-02
4.054003086838725567e-02
5.146504470223622896e-02
7.059518737020342716e-02
4.351610955706386452e-02
2.463716978987031681e-01
9.665892939534759254e-01
6.989130771378615492e-02
4.252776547077585789e-02
1.440804093785885698e-01
4.850913224260295920e-01
7.663327265896286988e-01
6.205534732802053810e-02
4.624870993343144221e-02
7.673185581555497237e-02
5.777482819513792833e-01
5.071742679583701729e-02
9.137312953656904213e-01
1.619945976428667223e-01
9.198746551881760158e-01
8.770941777864411648e-01
1.802346171920952145e-01
1.425874569114480295e-01
7.268838101718415601e-01
5.889193013366185170e-01
8.392261443037281055e-01
8.535963271552461651e-03
9.312791538006702508e-03
9.819502781246450263e-03
1.572950210552390149e-02
3.389830508474578341e-02
9.137307827972077079e-03
4.973256924546320956e-01
5.563994374120955211e-01
1.622936683912293843e-01
3.583333333333331705e-01
1.007374277879828361e-01
6.757484511171152342e-02
6.157704095848426373e-01
8.086124401913876714e-01
7.260535436234866191e-02
2.205032001765614424e-01
4.008398549341476436e-01
6.083604705256864253e-01
9.295719076740982523e-02
4.670298165137616309e-01
6.642857142857141461e-01
5.042016806722688926e-01
2.802982566687670651e-01
5.587397988233060442e-01
2.355555555555555181e-01
4.429012345679012030e-01
0.000000000000000000e+00
8.359375000000000000e-01
7.941176470588234837e-01
8.813559322033898136e-01
9.000000000000000222e-01
1.000000000000000000e+00
8.590592451573966226e-01
0.000000000000000000e+00
0.000000000000000000e+00
0.000000000000000000e+00
0.000000000000000000e+00
0.000000000000000000e+00
0.000000000000000000e+00
0.000000000000000000e+00
0.000000000000000000e+00
0.000000000000000000e+00
0.000000000000000000e+00
7.474048442906574552e-01
0.000000000000000000e+00
0.000000000000000000e+00
0.000000000000000000e+00
0.000000000000000000e+00
0.000000000000000000e+00
0.000000000000000000e+00
0.000000000000000000e+00
0.000000000000000000e+00
0.000000000000000000e+00
8.236842105263157965e-01
2.355301797544909204e-02
2.334959670277247934e-02
2.175738142864727664e-02
2.796162243767089106e-02
4.718950120738968357e-02
2.386333865385797948e-02
7.850520976570414255e-01
8.665188957158485028e-01
6.890127693866054948e-01
3.273927934768892101e-01
6.950389336946467544e-01
7.811510295523167446e-01
8.817473143869725138e-01
7.673215813048059886e-01
4.328264334260891744e-01
6.636139047815801106e-01
8.209233753159677072e-01
7.582011515806206248e-01
9.623205263928984454e-01
7.422609092630754191e-01
8.886726367429935713e-01
9.280208783688590479e-01
7.958384014551691532e-01
7.762672938127308520e-01
8.926920490570715572e-01
8.690211258537974270e-01
9.386191906414174113e-01
7.010328063414370675e-03
6.936298869586993154e-03
6.033005858613778305e-03
9.169621478218474564e-03
2.342966519282631277e-02
7.113708732881973695e-03
7.543665474214688027e-01
8.397466416477706863e-01
6.513284021541495550e-01
3.034669299567496203e-01
6.499748841944323896e-01
7.422199622424848764e-01
8.593458812792096335e-01
7.401331640767918607e-01
4.112551713062471137e-01
6.367697442998958568e-01
7.905205018665177885e-01
7.249184879879270182e-01
9.530767582825707684e-01
7.147215858565476587e-01
8.617462758930606315e-01
9.121503612428023544e-01
7.588322161533390675e-01
7.379576770966027599e-01
8.739501955358520702e-01
8.426697681066098733e-01
9.218481902104835868e-01
7.136485280999110836e-02
7.033707865168539741e-02
6.715063520871142333e-02
7.641196013289036637e-02
1.250000000000000000e-01
7.145688390642021548e-02
1.878720238095228368e-01
9.794790005316320602e-01
6.920581521086122123e-02
3.580290677064867921e-02
2.452684245787590811e-01
3.504761904761899416e-01
7.555555555555564240e-01
5.685618729096963975e-02
6.460002342073600801e-02
1.095534787123573217e-01
2.493718828514648322e-01
1.244652406417112722e-01
8.188520088865054447e-01
1.246777163904235763e-01
9.021512838306731119e-01
8.268487418093721786e-01
2.201573907272216246e-01
1.059259259259253128e-01
6.397641422517041931e-01
2.276029055690065306e-01
7.146428571428571352e-01
