4.161143232354735932e-02
4.203873638153454717e-02
3.952048784403500159e-02
5.096218801589003089e-02
6.334872146889480859e-02
4.259216816746158596e-02
2.816314787015077314e-01
9.151632824356121798e-01
8.095955625325634841e-02
4.040798752887986289e-02
1.540263970604538457e-01
3.613803989944077699e-01
7.913608732472185991e-01
1.175636750153947752e-01
7.077128065713811367e-02
8.263192069839497833e-02
5.901549083926642680e-01
8.737745726658774359e-02
7.488797656574712747e-01
6.912516728084439066e-02
9.328346605870556640e-01
9.417716355283136664e-01
1.832291876176812551e-01
6.602401606086871766e-02
8.187668830240406592e-01
5.163725548343016669e-01
8.432889422125562362e-01
1.989457575242306597e-02
2.003810524932659459e-02
1.770916108525371485e-02
2.378003467921724345e-02
8.474576271186440302e-02
2.037941578378535401e-02
1.906028887199580080e-01
1.855395837803046621e-01
3.232323232323232043e-01
4.272655007949124339e-01
3.884619359189823706e-01
7.275558323694275575e-02
5.076538581693221808e-01
2.982456140350877583e-01
7.921312240966671414e-02
2.123413705583756528e-01
5.229289940828401040e-01
5.064783406550632527e-01
5.185655347508727475e-02
1.000000000000000222e+00
4.534883720930231732e-01
2.597402597402598268e-01
4.948067632850241537e-01
3.261697163207661898e-01
5.644155844155844814e-01
6.146384479717813543e-01
0.000000000000000000e+00
7.812500000000000000e-01
7.463235294117647189e-01
8.983050847457626498e-01
8.000000000000000444e-01
1.000000000000000000e+00
8.331889439211027648e-01
0.000000000000000000e+00
0.000000000000000000e+00
0.000000000000000000e+00
0.000000000000000000e+00
0.000000000000000000e+00
0.000000000000000000e+00
0.000000000000000000e+00
0.000000000000000000e+00
0.000000000000000000e+00
0.000000000000000000e+00
7.605633802816901268e-01
0.000000000000000000e+00
0.000000000000000000e+00
0.000000000000000000e+00
0.000000000000000000e+00
0.000000000000000000e+00
0.000000000000000000e+00
0.000000000000000000e+00
0.000000000000000000e+00
0.000000000000000000e+00
6.940133037694012907e-01
2.141984894033621689e-02
2.164636952118045854e-02
2.009996250657669625e-02
2.694826827668941882e-02
3.825807823580890110e-02
2.197324992785470998e-02
7.978896999142803814e-01
8.717844483910524023e-01
6.235062834324618386e-01
3.156921953230131805e-01
7.264393413741032646e-01
7.551838734600184733e-01
8.734644948014256283e-01
7.957624721175702298e-01
4.517244360245973311e-01
5.977680916525880406e-01
8.262129383288421280e-01
7.657571026228398026e-01
8.645605437752104105e-01
6.800672371782070513e-01
8.791301086890088712e-01
9.002943206229381268e-01
8.281556250761481497e-01
7.477510942242093783e-01
9.085252565059005470e-01
8.354926570420946330e-01
9.557746599105803043e-01
6.342544492971915332e-03
6.403797295878130291e-03
5.548815617012339135e-03
8.818425453984916895e-03
1.881463322503436342e-02
6.520406080173443697e-03
7.685650030621468121e-01
8.459120355907686628e-01
5.822215041898007870e-01
2.922200747290668588e-01
6.841890526126177541e-01
7.130812146750652447e-01
8.497191596368691702e-01
7.710128023629296834e-01
4.299614605490877928e-01
5.688542657223212284e-01
7.965179922037468607e-01
7.331931681304916237e-01
8.347091180002341737e-01
6.487468621154073301e-01
8.502096473653043551e-01
8.789672505440411232e-01
7.957423699808922057e-01
7.061453408051154845e-01
8.922653825049696730e-01
8.036727186116227051e-01
9.434701697483263150e-01
6.958073148974130984e-02
7.146067415730336658e-02
6.715063520871142333e-02
7.641196013289036637e-02
1.250000000000000000e-01
7.040357338515093599e-02
1.878720238095228368e-01
9.204287775716344377e-01
9.633278598795813608e-02
4.511748414187444212e-02
1.819943895145570423e-01
2.479784366576822663e-01
7.555555555555564240e-01
1.075949367088604447e-01
6.460002342073600801e-02
1.060834590246360065e-01
3.793262443374398885e-01
1.244652406417112722e-01
6.459380173690787430e-01
7.189542483660193994e-02
9.444255713082818637e-01
9.234042553191486036e-01
2.201573907272216246e-01
3.923182441700934220e-02
8.491512345679010920e-01
3.071268123340820111e-01
7.146428571428571352e-01
