4.397788225568005638e-02
4.446167718542437530e-02
4.186276242127701108e-02
5.396656019660583947e-02
7.193947067555728214e-02
4.510440792640080243e-02
2.707899919358460750e-01
9.300887276556093486e-01
8.971000086514990812e-02
3.340659582117622151e-02
2.578037096271286188e-01
3.992642444398217805e-01
7.983768850338579526e-01
6.168147890543584921e-02
9.599703268407733248e-02
5.216315951271521811e-02
5.917224308106625585e-01
9.358867673875037596e-02
8.974452464764901549e-01
1.026614802671135251e-01
9.501173434029819287e-01
8.414017146667784885e-01
2.214059118953333183e-01
1.362029882099742295e-01
6.206654564498821358e-01
4.245818085186883195e-01
8.353638690776408193e-01
1.986056793062404568e-02
1.762367781354707424e-02
1.220342831195368044e-02
2.043596730245231252e-02
2.542372881355933756e-02
1.730707135560040355e-02
5.741288473980958873e-01
1.393309222423146920e-01
5.375420875420876543e-01
3.583333333333331705e-01
1.687742370595178842e-01
6.986046487284297557e-02
2.935903182429404623e-01
2.603129445234710904e-01
5.585964081777566870e-02
2.810201807601833135e-01
3.137887753272368130e-01
3.551316984559491630e-01
1.220437956204379892e-01
4.500000000000001776e-01
3.648648648648649129e-01
4.608294930875573847e-01
3.800696550949331787e-01
6.116910229645093899e-01
1.964478764478767570e-01
4.429012345679012030e-01
0.000000000000000000e+00
8.281250000000000000e-01
7.904411764705882026e-01
8.813559322033898136e-01
8.000000000000000444e-01
1.000000000000000000e+00
8.852886710050261732e-01
0.000000000000000000e+00
0.000000000000000000e+00
0.000000000000000000e+00
0.000000000000000000e+00
0.000000000000000000e+00
0.000000000000000000e+00
0.000000000000000000e+00
0.000000000000000000e+00
0.000000000000000000e+00
0.000000000000000000e+00
8.437500000000000000e-01
0.000000000000000000e+00
0.000000000000000000e+00
0.000000000000000000e+00
0.000000000000000000e+00
0.000000000000000000e+00
0.000000000000000000e+00
0.000000000000000000e+00
0.000000000000000000e+00
0.000000000000000000e+00
7.505995203836930418e-01
2.429246555586800360e-02
2.406847856027433119e-02
2.244289491538287162e-02
2.997642482258730534e-02
5.519927117115808191e-02
2.484615925299571426e-02
7.987779266001422407e-01
9.019212346486782383e-01
6.701493553356594468e-01
3.498971171201228358e-01
7.287730909234513277e-01
7.356833083455518452e-01
8.356140989469491576e-01
7.384268434578946660e-01
4.983516242071921454e-01
5.682987207293148657e-01
8.477818029926282861e-01
8.075523474798607104e-01
9.277070530756386102e-01
6.565181944460998231e-01
9.024904272101852420e-01
8.936931686371081263e-01
8.096158178592538501e-01
7.930124995095764184e-01
8.148443011162198601e-01
8.423274934207578557e-01
9.420365122917879752e-01
7.243338300252605971e-03
7.162305270260814483e-03
6.234454986334927312e-03
9.872105616547936779e-03
2.764016795945543892e-02
7.424248392663874985e-03
7.695496034446002165e-01
8.814459140086153832e-01
6.312734656535182731e-01
3.251821836619406270e-01
6.867486651381322638e-01
6.914007926476991583e-01
8.061026202987036093e-01
7.090130486593198000e-01
4.763841013733887131e-01
5.387963899734298234e-01
8.210933270650457860e-01
7.793384743362931077e-01
9.106096066018922741e-01
6.240568211889301331e-01
8.785394196248484944e-01
8.711208381511061916e-01
7.745095050946876336e-01
7.568056117631667412e-01
7.853260456674405754e-01
8.115800962487565995e-01
9.261415619535844357e-01
7.225691347011597987e-02
7.325842696629217277e-02
6.896551724137930939e-02
7.973421926910295721e-02
1.250000000000000000e-01
7.315900153802426531e-02
1.878720238095228368e-01
9.332364743323646739e-01
9.633278598795813608e-02
3.580290677064867921e-02
2.452684245787590811e-01
3.504761904761899416e-01
8.764044943820223921e-01
5.685618729096963975e-02
8.715876175813574989e-02
1.095534787123573217e-01
2.493718828514648322e-01
7.885375494071134028e-02
8.188520088865054447e-01
1.074380165289259281e-01
9.254614049631864070e-01
7.750000000000003553e-01
2.201573907272216246e-01
1.059259259259253128e-01
5.102880658436212968e-01
2.276029055690065306e-01
7.018327067669172248e-01
