3.902361064466969287e-02
3.953297444488124146e-02
3.676119992777626688e-02
4.833768403908539346e-02
6.328107117890224842e-02
3.998513870834935480e-02
2.759110416858190362e-01
9.077234728927898733e-01
3.872041934144254682e-02
6.824890496153024344e-02
1.248386013288014240e-01
4.763215665926239240e-01
6.258382908154276336e-01
9.229195885511431996e-02
7.580533699119662572e-02
8.547429482250379351e-02
5.855175537549897058e-01
7.282658717561174555e-02
8.083621549865505074e-01
7.879716800542890809e-02
9.583369473406666561e-01
8.634696698703105966e-01
1.430584752128938320e-01
1.809081882102647754e-01
8.017557911377597435e-01
3.672674501082209275e-01
8.496418236321114925e-01
8.876041489542595142e-03
8.278036922672628306e-03
9.705982517879442606e-03
1.560564775823630734e-02
4.237288135593220151e-02
8.947958564069713461e-03
1.865835159278610433e-01
3.009699161597894079e-01
5.375420875420876543e-01
3.003676470588234615e-01
8.544692535587833371e-02
3.696139255352709485e-02
6.157704095848426373e-01
2.677345537757438443e-01
6.371490280777536430e-02
3.795846792801107483e-01
3.706010588601680311e-01
2.562518922191947546e-01
1.046856604662114165e-01
2.643750000000000266e-01
4.404761904761906877e-01
2.597402597402598268e-01
2.330591461026243483e-01
4.175365344467640849e-01
2.355555555555555181e-01
6.146384479717813543e-01
0.000000000000000000e+00
8.359375000000000000e-01
7.977941176470587648e-01
8.813559322033898136e-01
9.000000000000000222e-01
1.000000000000000000e+00
8.849234132670812381e-01
0.000000000000000000e+00
0.000000000000000000e+00
0.000000000000000000e+00
0.000000000000000000e+00
0.000000000000000000e+00
0.000000000000000000e+00
0.000000000000000000e+00
0.000000000000000000e+00
0.000000000000000000e+00
0.000000000000000000e+00
9.350649350649350433e-01
0.000000000000000000e+00
0.000000000000000000e+00
0.000000000000000000e+00
0.000000000000000000e+00
0.000000000000000000e+00
0.000000000000000000e+00
0.000000000000000000e+00
0.000000000000000000e+00
0.000000000000000000e+00
8.193717277486911588e-01
1.954765908836939015e-02
1.946120538206369543e-02
1.772727982417388048e-02
2.475482556048899663e-02
4.275031752190328049e-02
2.000521901065249741e-02
7.585787452125347663e-01
9.101297663731349186e-01
6.525042628073096651e-01
4.531165135889221318e-01
6.982151123715585328e-01
7.775618460015383260e-01
8.172827563603928258e-01
8.259651046505687155e-01
5.001608444623224514e-01
6.710640347193148614e-01
7.694519751391397655e-01
7.812164685103257789e-01
8.914170955522437989e-01
6.872933673053309711e-01
8.744071375493982501e-01
8.771927971185213835e-01
8.013077260779344346e-01
7.970731713741430191e-01
9.413398977856193284e-01
8.343880346499019662e-01
9.402129734214295098e-01
5.761853736265216269e-03
5.726737133786831413e-03
4.862736135055480136e-03
8.063111848619498867e-03
2.112531863202900262e-02
5.908096944732120492e-03
7.252761254801675106e-01
8.911973390445494525e-01
6.126271015683607546e-01
4.261923829496021554e-01
6.534166180715006433e-01
7.381741101018709506e-01
7.851999377753158260e-01
8.040749693841422463e-01
4.781930851436486662e-01
6.445197126346957628e-01
7.327646512081233965e-01
7.501876366840679600e-01
8.667415434358805015e-01
6.563551254185282513e-01
8.445180550793393026e-01
8.515983539699192306e-01
7.650453981826966787e-01
7.613948262411054380e-01
9.305363038550144017e-01
8.023967862204340884e-01
9.238497023672660458e-01
6.868867082961643833e-02
6.831460674157305291e-02
6.352087114337565121e-02
7.641196013289036637e-02
1.250000000000000000e-01
6.804392792224120412e-02
2.569401746187889302e-01
9.204287775716344377e-01
5.588893864755917207e-02
5.458475950279240152e-02
2.452684245787590811e-01
3.504761904761899416e-01
7.555555555555564240e-01
5.685618729096963975e-02
6.460002342073600801e-02
1.078184688684964421e-01
2.493718828514648322e-01
1.244652406417112722e-01
7.603272732959922564e-01
6.106398020502012969e-02
9.629850145911347248e-01
8.632911392405073769e-01
1.206030150753774066e-01
1.276215975011156800e-01
7.772079772079774074e-01
2.276029055690065306e-01
7.146428571428571352e-01
