4.123008122828558664e-02
4.177400577238188362e-02
3.941900618713012339e-02
5.108371517021886854e-02
6.737794624588855363e-02
4.243032553113984529e-02
2.418656726653729550e-01
9.258238691485713989e-01
4.091850610787872711e-02
8.972529456550626392e-02
8.473383138389234404e-02
3.956403971831505828e-01
7.948303206207585347e-01
5.971596635785036966e-02
9.563090548850183836e-02
5.835477234758634779e-02
6.112789819468762431e-01
1.095678720067341239e-01
8.022946736878324714e-01
1.593953248453647831e-01
9.462175089389679439e-01
8.337445399774043864e-01
1.422637700720352782e-01
1.456320275595262004e-01
6.948158799675692165e-01
4.671338889611522660e-01
8.454349536897167727e-01
1.669784050331576952e-02
1.680244399185335663e-02
1.407651265750936576e-02
1.696804557839980132e-02
2.542372881355933756e-02
1.607235923139006817e-02
1.997134670487106245e-01
3.526943942133815568e-01
1.540404040404040886e-01
3.003676470588234615e-01
1.057157309054121974e-01
1.219725954266393519e-01
6.069171932158297089e-01
6.172248803827751207e-01
1.019438444924405940e-01
4.888047992616522119e-01
3.706010588601680311e-01
2.770686935321955424e-01
1.154005587095611185e-01
2.596153846153848033e-01
4.404761904761906877e-01
7.142857142857144126e-01
2.802982566687670651e-01
7.281837160751565285e-01
2.355555555555555181e-01
4.149440137812231422e-01
0.000000000000000000e+00
7.812500000000000000e-01
7.426470588235293269e-01
8.644067796610169774e-01
9.333333333333332371e-01
0.000000000000000000e+00
8.590592451573966226e-01
0.000000000000000000e+00
0.000000000000000000e+00
0.000000000000000000e+00
0.000000000000000000e+00
0.000000000000000000e+00
0.000000000000000000e+00
0.000000000000000000e+00
0.000000000000000000e+00
0.000000000000000000e+00
0.000000000000000000e+00
0.000000000000000000e+00
0.000000000000000000e+00
0.000000000000000000e+00
0.000000000000000000e+00
0.000000000000000000e+00
0.000000000000000000e+00
0.000000000000000000e+00
0.000000000000000000e+00
0.000000000000000000e+00
0.000000000000000000e+00
7.313084112149532690e-01
2.274705047558361892e-02
2.276059291397602991e-02
2.129276521134312872e-02
2.823309944036692110e-02
4.840604222288874547e-02
2.334536721232016721e-02
7.856283630335920698e-01
9.005859708280292697e-01
6.841791089411524140e-01
3.705905724134721524e-01
6.656413505764993133e-01
7.288379867141145940e-01
8.661477377422699409e-01
8.169879948088922816e-01
5.292498331309332116e-01
6.330118507767075187e-01
8.628105138462265344e-01
8.107465069952835002e-01
9.320749649376247614e-01
7.430745033015249135e-01
8.626965591666899691e-01
8.891394715605462906e-01
8.152660697296087999e-01
7.559497798208378860e-01
8.874300983499474604e-01
8.206484969238891924e-01
9.529841119485040757e-01
6.757252401956143767e-03
6.751678770634442217e-03
5.896865720453264154e-03
9.263947853729519177e-03
2.406479825610123580e-02
6.950605409042201477e-03
7.550026150798904157e-01
8.798626208056957720e-01
6.461774931028086977e-01
3.452471886484813623e-01
6.183230062459774690e-01
6.838313414509366028e-01
8.412397676519010048e-01
7.942189053489179251e-01
5.073572498532810116e-01
6.050761098466173049e-01
8.383306291620975514e-01
7.828911712396936506e-01
9.159349036207493633e-01
7.155920214726432249e-01
8.304581637870381838e-01
8.657201870215394113e-01
7.809639144614163309e-01
7.152549542505448610e-01
8.678851101967687276e-01
7.865736739061720550e-01
9.399414200925897411e-01
6.868867082961643833e-02
6.876404494382024057e-02
6.533575317604353727e-02
7.973421926910295721e-02
1.250000000000000000e-01
6.859436719154690665e-02
1.878720238095228368e-01
9.397063417681974506e-01
4.797601199400292060e-02
7.399267399267395184e-02
2.071417624246887357e-01
3.504761904761899416e-01
7.555555555555564240e-01
2.406795658329397014e-02
1.024987038275675388e-01
7.514245014245002352e-02
2.493718828514648322e-01
9.390997352162422374e-02
7.603272732959922564e-01
1.333333333333337478e-01
9.372806213120661312e-01
7.750000000000003553e-01
1.755653266331664852e-01
1.276215975011156800e-01
6.733500417710942543e-01
2.671267634223077891e-01
7.146428571428571352e-01
