4.051645116994445628e-02
4.073901923296602279e-02
3.804235380843867809e-02
4.897432154363595691e-02
6.276469606637247178e-02
4.126749323770900757e-02
2.833650007869952248e-01
9.227468420087514556e-01
3.444440187481312421e-02
4.146848640476585857e-02
2.755635320618958772e-01
2.984308616368274159e-01
7.171987013800498190e-01
1.341889551927377688e-01
9.169883744178131124e-02
7.929637111498788471e-02
5.645303507656489472e-01
1.283701118542248665e-01
7.475041285412089564e-01
1.676549464632319797e-01
9.189354297570975216e-01
8.344592970916586694e-01
2.608423398748609401e-01
1.076950248091534945e-01
7.366421540293579540e-01
5.278030887569062912e-01
8.467117664263801302e-01
1.132460465907159097e-02
1.065961500558439135e-02
8.286979225791801795e-03
1.399554124349765283e-02
1.694915254237289171e-02
1.073402890488965589e-02
5.858050027104468871e-01
3.105485232067510815e-01
4.875901875901874627e-01
1.548619447779111535e-01
1.435508345978756539e-01
1.852516110991064280e-01
6.157704095848426373e-01
3.157894736842106198e-01
1.545086393088552779e-01
1.036601656425326645e-01
4.487179487179486781e-01
4.540115046927037934e-01
9.295719076740982523e-02
6.240234375000002220e-01
2.819548872180410726e-02
5.714285714285716189e-01
2.330591461026243483e-01
3.796527318091551528e-01
4.164285714285715923e-01
4.429012345679012030e-01
0.000000000000000000e+00
8.359375000000000000e-01
7.904411764705882026e-01
8.983050847457626498e-01
8.666666666666666963e-01
1.000000000000000000e+00
9.004639263434158769e-01
0.000000000000000000e+00
0.000000000000000000e+00
0.000000000000000000e+00
0.000000000000000000e+00
0.000000000000000000e+00
0.000000000000000000e+00
0.000000000000000000e+00
0.000000000000000000e+00
0.000000000000000000e+00
0.000000000000000000e+00
8.780487804878049918e-01
0.000000000000000000e+00
0.000000000000000000e+00
0.000000000000000000e+00
0.000000000000000000e+00
0.000000000000000000e+00
0.000000000000000000e+00
0.000000000000000000e+00
0.000000000000000000e+00
0.000000000000000000e+00
8.215223097112860362e-01
2.264516446300934849e-02
2.215725471876517361e-02
2.028958005372302753e-02
2.698868367729220785e-02
4.002717845212111492e-02
2.278957004294229760e-02
7.836430446981283993e-01
8.878669628927127189e-01
6.691542855009333657e-01
2.942414981934362572e-01
7.028288269778020236e-01
8.103377092379762114e-01
8.802543194602840959e-01
7.837819347023611272e-01
5.726212861238257901e-01
6.883762922814238294e-01
8.406169627984971804e-01
7.990110527514042715e-01
9.083143940671438710e-01
7.643683451190370626e-01
8.773591391997412892e-01
8.885198557980742429e-01
8.339356234211752206e-01
7.570385346981503005e-01
9.047310707620206394e-01
8.462600691328121538e-01
9.283315678012229455e-01
6.725326491688634473e-03
6.563083400885634522e-03
5.604003937688339931e-03
8.832404947630725922e-03
1.972206440303789221e-02
6.776020324655865346e-03
7.528117778520867498e-01
8.648223938474509653e-01
6.302190167366156226e-01
2.716784884439320535e-01
6.584237191025583691e-01
7.753380485549877799e-01
8.576084673997672603e-01
7.579749279531731165e-01
5.511169433550273666e-01
6.625802720468898510e-01
8.129084410029820962e-01
7.698566351750749659e-01
8.870838158767386794e-01
7.384413186243814486e-01
8.480740517616861540e-01
8.649860888839056017e-01
8.023939757723196342e-01
7.164669074032914420e-01
8.878674914322587375e-01
8.161395855393674958e-01
9.089643180556785662e-01
6.690454950936663980e-02
6.696629213483148990e-02
6.352087114337565121e-02
7.308970099667772002e-02
1.250000000000000000e-01
6.772671317717002260e-02
1.878720238095228368e-01
9.397063417681974506e-01
8.268608903260910026e-02
4.511748414187444212e-02
2.452684245787590811e-01
1.723653395784552345e-01
5.217391304347831493e-01
1.469317199654276429e-01
7.863657171956250913e-02
1.270013241844227814e-01
2.493718828514648322e-01
1.244652406417112722e-01
6.459380173690787430e-01
1.333333333333337478e-01
9.021512838306731119e-01
8.427184466019417286e-01
2.881072026800666208e-01
5.243857719105182724e-02
7.074448185559294444e-01
3.885903265812320484e-01
7.277992277992277881e-01
