4.249329260621770299e-02
4.291269490596189007e-02
4.050866328889057844e-02
5.247035588681409068e-02
6.693372676653330799e-02
4.362255095680894756e-02
2.807988065488471463e-01
9.270136645174715806e-01
1.037626113725260701e-01
6.012877137553407358e-02
2.377393436054484610e-01
5.579010156950641175e-01
7.774443713826029168e-01
3.520005303568174426e-02
3.169544986838790379e-02
4.610744407284705915e-02
5.668195773210831234e-01
7.632180846238245664e-02
8.831045258235130646e-01
7.395320853295661578e-02
9.730234695569588421e-01
8.775004215220931769e-01
1.630402706258555767e-01
1.352332523981738532e-01
6.873770610531764191e-01
2.523741820833986793e-01
8.429104901888821999e-01
1.329705832341439298e-02
1.271269955981867150e-02
1.169258712680212864e-02
1.411939559078523310e-02
1.101694915254237128e-01
1.315562179959866435e-02
6.461318051575928312e-01
5.563994374120955211e-01
1.379268879268878978e-01
1.264705882352941124e-01
1.007374277879828361e-01
1.773417341400480574e-01
1.637355973317162761e-01
8.086124401913876714e-01
9.026277897768175684e-02
1.843827627173562078e-01
3.137887753272368130e-01
3.551316984559491630e-01
7.720194647201944482e-02
2.812500000000002220e-01
4.404761904761906877e-01
7.902735562310030382e-01
3.120772946859904362e-01
2.672233820459288811e-01
1.242490842490844294e-01
4.429012345679012030e-01
0.000000000000000000e+00
7.656250000000000000e-01
7.647058823529411242e-01
8.983050847457626498e-01
8.333333333333333703e-01
1.000000000000000000e+00
8.128009031516433280e-01
0.000000000000000000e+00
0.000000000000000000e+00
0.000000000000000000e+00
0.000000000000000000e+00
0.000000000000000000e+00
0.000000000000000000e+00
0.000000000000000000e+00
0.000000000000000000e+00
0.000000000000000000e+00
0.000000000000000000e+00
8.780487804878049918e-01
0.000000000000000000e+00
0.000000000000000000e+00
0.000000000000000000e+00
0.000000000000000000e+00
0.000000000000000000e+00
0.000000000000000000e+00
0.000000000000000000e+00
0.000000000000000000e+00
0.000000000000000000e+00
7.924050632911392444e-01
2.184482143611915506e-02
2.167695305709804732e-02
1.975041185351267270e-02
2.621921496395998585e-02
4.785403215823402778e-02
2.209278668366071452e-02
8.237362957647662576e-01
8.891654876176542377e-01
7.170729377519653447e-01
3.626055030148895852e-01
7.038977929364373942e-01
8.164347224650285728e-01
8.302456469416525930e-01
7.362567650650073681e-01
4.479877942682453096e-01
6.311747132088090240e-01
8.318652739382303984e-01
8.306240973677176953e-01
9.215331105419182212e-01
6.833108221380488345e-01
9.018893979420914420e-01
9.421069288344021686e-01
8.414234581802901847e-01
7.705001710391359282e-01
8.629357740570564594e-01
7.626331300742335007e-01
9.679877952972972821e-01
6.475058970302410150e-03
6.413322196942447539e-03
5.447217890170302779e-03
8.566637264502428850e-03
2.377641039348864227e-02
6.557776722660738078e-03
7.973332930258542062e-01
8.663544667532773191e-01
6.813925781751816180e-01
3.374935962779992416e-01
6.595851214898000858e-01
7.823053113493773081e-01
7.999661837490159577e-01
7.066861038168466003e-01
4.262577475418991568e-01
6.031806077855790260e-01
8.029395973989716939e-01
8.050832350200171073e-01
9.030990144644841511e-01
6.521601152406790725e-01
8.778068101025203740e-01
9.291484633766879941e-01
8.110335821336950302e-01
7.314950034439959836e-01
8.397948039174695234e-01
7.207241414266890578e-01
9.589674659013160962e-01
7.047279214986618134e-02
7.056179775280899125e-02
6.715063520871142333e-02
7.641196013289036637e-02
1.250000000000000000e-01
7.131954663471426481e-02
2.716222030981052526e-01
9.204287775716344377e-01
9.633278598795813608e-02
4.825609173435263521e-02
2.452684245787590811e-01
3.504761904761899416e-01
7.555555555555564240e-01
5.685618729096963975e-02
1.045905141097636104e-02
7.514245014245002352e-02
2.493718828514648322e-01
3.454545454545465688e-02
7.936592419104568918e-01
6.521739130434811571e-02
9.552190064089480792e-01
8.193166833166838359e-01
1.206030150753774066e-01
1.059259259259253128e-01
6.397641422517041931e-01
2.015140349701871614e-01
7.146428571428571352e-01
