4.419768465466472618e-02
4.482665629670656848e-02
4.233959084301447406e-02
5.435718858888960447e-02
7.096144924854386193e-02
4.540330907373685276e-02
3.184180870178234812e-01
9.353787461157663241e-01
9.378092907051582827e-02
3.984650205217854513e-02
1.369774786097854857e-01
3.912133043526058174e-01
8.551823241566482992e-01
6.803824488692766792e-02
6.888250374686766264e-02
4.796671578504962952e-02
5.853601120510578681e-01
5.739295881643791120e-02
8.067391952295981383e-01
1.002001268763792474e-01
9.313220310882373010e-01
8.333272986322484144e-01
1.894312925963443917e-01
9.088297088768904075e-02
6.709791606384465368e-01
3.347746292169588855e-01
8.380545263443386350e-01
4.659071586464891279e-03
3.958347020563697527e-03
5.278692246566012158e-03
3.839484765915286701e-03
1.694915254237289171e-02
3.707940014625508984e-03
4.048245953690081667e-01
3.105485232067510815e-01
3.232323232323232043e-01
1.911764705882352811e-01
1.435508345978756539e-01
1.711896076163359481e-01
4.197349042709865863e-01
3.157894736842106198e-01
7.921312240966671414e-02
1.463849636438470103e-01
3.002958579881656043e-01
2.624318801089919884e-01
1.114927722913983121e-01
3.034539473684210176e-01
2.326530612244894769e-01
6.493506493506493449e-01
1.658937198067631513e-01
2.672233820459288811e-01
1.739817629179332137e-01
8.003003003003005267e-01
0.000000000000000000e+00
7.968750000000000000e-01
8.051470588235293269e-01
8.983050847457626498e-01
8.666666666666666963e-01
1.000000000000000000e+00
9.026450814938401512e-01
0.000000000000000000e+00
0.000000000000000000e+00
0.000000000000000000e+00
0.000000000000000000e+00
0.000000000000000000e+00
0.000000000000000000e+00
0.000000000000000000e+00
0.000000000000000000e+00
0.000000000000000000e+00
0.000000000000000000e+00
7.912087912087911734e-01
0.000000000000000000e+00
0.000000000000000000e+00
0.000000000000000000e+00
0.000000000000000000e+00
0.000000000000000000e+00
0.000000000000000000e+00
0.000000000000000000e+00
0.000000000000000000e+00
0.000000000000000000e+00
8.994252873563218786e-01
2.649689371843194641e-02
2.658879740915101597e-02
2.424823060446698597e-02
3.190436546030636644e-02
4.591215442106094669e-02
2.683353295078244605e-02
7.969750912197191006e-01
8.791063333811550695e-01
7.018860397481621050e-01
4.045227720919504222e-01
6.988570811282079909e-01
7.708973021101155343e-01
8.466779768331191836e-01
8.058407255043009698e-01
5.225772413458447119e-01
5.862424084997295282e-01
8.585961490913835981e-01
7.704484817126973084e-01
9.171391314577641563e-01
6.741540700085963955e-01
8.788192754779786675e-01
9.133995443046760698e-01
7.915763451509831850e-01
7.813764770142244132e-01
8.962298864171920343e-01
8.301574891345568918e-01
9.714389882321157188e-01
7.942652284500365673e-03
7.960534113214845497e-03
6.768304019061244930e-03
1.054955996735181672e-02
2.276446994719656669e-02
8.056438994412995491e-03
7.675514580331411763e-01
8.545065055370805185e-01
6.650866753007061982e-01
3.783502773041176326e-01
6.541127819319161318e-01
7.306771672865065570e-01
8.187883021040847087e-01
7.820143620907915594e-01
5.006542704228511553e-01
5.570735441573309021e-01
8.334875037198958836e-01
7.383412264585403895e-01
8.977655831100108674e-01
6.425321783485624660e-01
8.498346929677825790e-01
8.946060404924158771e-01
7.539999438507239971e-01
7.436953170166979987e-01
8.780341060997866043e-01
7.975153733064551664e-01
9.633624352219936071e-01
6.958073148974130984e-02
7.168539325842696042e-02
6.715063520871142333e-02
7.973421926910295721e-02
1.250000000000000000e-01
7.094548402143410759e-02
3.002523165393924387e-01
9.593855218855218414e-01
9.633278598795813608e-02
3.580290677064867921e-02
1.508595468639191139e-01
3.504761904761899416e-01
8.764044943820223921e-01
5.685618729096963975e-02
6.460002342073600801e-02
7.514245014245002352e-02
2.493718828514648322e-01
9.390997352162422374e-02
8.188520088865054447e-01
8.196721311475485550e-02
9.284058413167670665e-01
8.378378378378377178e-01
2.033697901271063202e-01
5.484791722415494064e-02
4.483245149911816441e-01
2.276029055690065306e-01
7.018327067669172248e-01
