4.239368432268186826e-02
4.283088509475890815e-02
4.013317528964693848e-02
5.195878779274537562e-02
7.513011643737799172e-02
4.346182457613029237e-02
2.511850413444411956e-01
9.748552757491639742e-01
4.132282370912676583e-02
2.788508469745920593e-02
1.328860516310426121e-01
3.387809205969425363e-01
7.019757659508814029e-01
1.965356742142310154e-02
0.000000000000000000e+00
6.381188224535705444e-02
5.793246546252506235e-01
2.484216999562915973e-02
7.653300728648781970e-01
1.548883895393795562e-01
9.527192238060455676e-01
7.618636051335254677e-01
1.626370920880111370e-01
7.187107973521289495e-02
6.835471046038801290e-01
3.012291774813000700e-01
8.313425917875294502e-01
9.998299608910056480e-03
8.770777215688856099e-03
7.832898172323757291e-03
1.114689125588308460e-02
7.627118644067798492e-02
9.541844061878773653e-03
1.997134670487106245e-01
9.981916817359848260e-02
3.627104377104376498e-01
3.719723183391001609e-01
1.435508345978756539e-01
1.242505216570177762e-02
4.197349042709865863e-01
8.961593172119508566e-02
3.185745140388768215e-02
3.087391960488410358e-01
4.487179487179486781e-01
2.877136487490712380e-01
2.259953550099536024e-01
4.500000000000001776e-01
1.607142857142855874e-01
1.843317972350231315e-01
2.649213027894654626e-01
2.844020280345957996e-01
5.644155844155844814e-01
4.429012345679012030e-01
0.000000000000000000e+00
7.812500000000000000e-01
7.794117647058823595e-01
8.983050847457626498e-01
9.000000000000000222e-01
1.000000000000000000e+00
8.645938109119557513e-01
0.000000000000000000e+00
0.000000000000000000e+00
0.000000000000000000e+00
0.000000000000000000e+00
0.000000000000000000e+00
0.000000000000000000e+00
0.000000000000000000e+00
0.000000000000000000e+00
0.000000000000000000e+00
0.000000000000000000e+00
8.275862068965517127e-01
0.000000000000000000e+00
0.000000000000000000e+00
0.000000000000000000e+00
0.000000000000000000e+00
0.000000000000000000e+00
0.000000000000000000e+00
0.000000000000000000e+00
0.000000000000000000e+00
0.000000000000000000e+00
8.346666666666666679e-01
2.156949391090390300e-02
2.118989639571161598e-02
1.889913703089207697e-02
2.430564224884271263e-02
5.236427055922532325e-02
2.140859671932129893e-02
7.847602022366366725e-01
8.886685788729848934e-01
6.839678926275780668e-01
3.504316214213201164e-01
7.053042703739222929e-01
7.610584143428045234e-01
8.229398521028798985e-01
6.571834238168117182e-01
2.933909093635405085e-01
6.835057302599993889e-01
8.781074273645410599e-01
7.380026915424493517e-01
8.696072222699233745e-01
7.544271247901606081e-01
8.853194432359359212e-01
9.003814373883578526e-01
7.856446202664943979e-01
7.254883643752698674e-01
8.569892981479041438e-01
7.874218308160469970e-01
9.384475462116910194e-01
6.389176994328362585e-03
6.261793852651367787e-03
5.200548056534221031e-03
7.909255950394725176e-03
2.614213832273316884e-02
6.344156971484715690e-03
7.540444064621919518e-01
8.657680935148562851e-01
6.459526013864732574e-01
3.256992845956943050e-01
6.611139611252110360e-01
7.196463837459171620e-01
7.916351510126884428e-01
6.228751535219134716e-01
2.751741269244343258e-01
6.574918986408160304e-01
8.559714856049107645e-01
7.029005039411674316e-01
8.407003475051475494e-01
7.277576738568503067e-01
8.576867175620120909e-01
8.790709397019438320e-01
7.472883916077920352e-01
6.815586629475824942e-01
8.330107487134058575e-01
7.486695272673774548e-01
9.216327230653311720e-01
6.868867082961643833e-02
7.056179775280899125e-02
6.715063520871142333e-02
7.973421926910295721e-02
1.250000000000000000e-01
7.104203802023820180e-02
1.878720238095228368e-01
9.794790005316320602e-01
5.588893864755917207e-02
3.580290677064867921e-02
1.508595468639191139e-01
2.606847697756791149e-01
7.555555555555564240e-01
3.381962864721499429e-02
1.045905141097636104e-02
7.514245014245002352e-02
2.493718828514648322e-01
3.454545454545465688e-02
7.314012545558528089e-01
8.196721311475485550e-02
9.322016809533106851e-01
7.750000000000003553e-01
2.033697901271063202e-01
7.904919845218305596e-02
7.772079772079774074e-01
2.276029055690065306e-01
7.018327067669172248e-01
