4.376489000207711699e-02
4.413046386026248102e-02
4.176942720989568203e-02
5.336575083128625163e-02
7.326020271293720576e-02
4.487745018923727791e-02
1.977761099061563499e-01
9.663006265160072328e-01
6.318626397182169896e-02
4.771959337133546697e-02
2.343301702452071922e-01
3.657797815416525822e-01
7.774963881889815909e-01
3.317607248142540044e-02
4.335915240807608484e-02
1.099850431976197029e-01
5.396393774664076659e-01
1.463226357502991348e-01
8.443154004917223787e-01
1.473554921189275113e-01
9.355324007780925211e-01
8.308996975727573897e-01
1.700427148088952123e-01
9.405684647846523916e-02
7.044702266357694143e-01
5.526745829742445437e-01
8.339045964321976090e-01
2.054072436660432655e-02
2.015307798436371395e-02
1.827676240208877395e-02
2.365618033192964931e-02
5.084745762711864736e-02
2.074922106911376851e-02
2.106017191977078706e-01
3.105485232067510815e-01
2.187314319667260643e-01
2.810457516339868178e-01
1.435508345978756539e-01
4.172746685648189291e-01
6.157704095848426373e-01
1.950464396284830038e-01
1.429700258125691237e-01
1.843827627173562078e-01
3.137887753272368130e-01
4.331947033797025615e-01
7.657037113190090505e-02
5.363372093023257570e-01
3.648648648648649129e-01
2.915451895043732478e-01
3.890160183066360133e-01
2.449547668754348262e-01
5.085714285714286742e-01
3.677662037037038312e-01
0.000000000000000000e+00
7.500000000000000000e-01
7.720588235294116863e-01
8.813559322033898136e-01
8.666666666666666963e-01
1.000000000000000000e+00
8.438799434486252693e-01
0.000000000000000000e+00
0.000000000000000000e+00
0.000000000000000000e+00
0.000000000000000000e+00
0.000000000000000000e+00
0.000000000000000000e+00
0.000000000000000000e+00
0.000000000000000000e+00
0.000000000000000000e+00
0.000000000000000000e+00
8.537549407114624067e-01
0.000000000000000000e+00
0.000000000000000000e+00
0.000000000000000000e+00
0.000000000000000000e+00
0.000000000000000000e+00
0.000000000000000000e+00
0.000000000000000000e+00
0.000000000000000000e+00
0.000000000000000000e+00
0.000000000000000000e+00
2.209532814290321445e-02
2.240213877096483563e-02
2.102576470152139887e-02
2.740176580163131148e-02
5.719317646460908566e-02
2.280959411340935383e-02
8.252504917353196134e-01
9.160958338285032365e-01
6.261460082517964487e-01
3.884119118744413512e-01
7.188142268052186701e-01
8.206483447571295553e-01
8.777385594475728414e-01
7.769890839085356049e-01
4.861184590209148837e-01
7.392378989689332158e-01
8.323237930958540254e-01
8.634085154263568818e-01
9.485944843458724574e-01
6.687987865000599719e-01
8.931955744704538347e-01
8.952026587303727467e-01
8.050407557820438154e-01
7.609033256636097420e-01
8.835807314916004351e-01
8.544021996182984413e-01
9.410980260035239908e-01
6.553293423007745117e-03
6.639567668825903379e-03
5.818774527832630550e-03
8.975417598001224351e-03
2.869884625955572421e-02
6.782302502106936359e-03
7.990261871918992176e-01
8.983043756867857832e-01
5.849771295899889312e-01
3.626018795840519893e-01
6.758421154583080792e-01
7.871302534355552050e-01
8.546830177489119773e-01
7.506019969550012938e-01
4.641676299317696319e-01
7.160572810173853053e-01
8.034610994079465218e-01
8.419983826633631319e-01
9.361632349065789338e-01
6.369125119919887279e-01
8.672316856008667196e-01
8.729132567557758016e-01
7.692939640210011421e-01
7.207732424466191112e-01
8.634550741904513105e-01
8.256024586637104035e-01
9.249618121054443698e-01
7.270294380017844338e-02
7.235955056179774192e-02
6.896551724137930939e-02
7.973421926910295721e-02
1.250000000000000000e-01
7.337323032347778384e-02
1.878720238095228368e-01
9.593855218855218414e-01
9.633278598795813608e-02
4.511748414187444212e-02
2.452684245787590811e-01
3.504761904761899416e-01
7.555555555555564240e-01
0.000000000000000000e+00
1.045905141097636104e-02
1.195036556482338419e-01
1.857390575721247217e-01
1.244652406417112722e-01
7.603272732959922564e-01
1.333333333333337478e-01
9.372806213120661312e-01
7.750000000000003553e-01
1.755653266331664852e-01
0.000000000000000000e+00
6.509314538419017637e-01
2.276029055690065306e-01
7.018327067669172248e-01
