4.264671513357531918e-02
4.282579935065733423e-02
4.029915261774080770e-02
5.144898350957655131e-02
7.108800631819522930e-02
4.351502332675816209e-02
2.049230471195109260e-01
9.400262325561208332e-01
2.671968210793140841e-02
3.746750802122189583e-02
1.433618087046637513e-01
4.037296768243994194e-01
7.628603419795014773e-01
9.296564183918842872e-02
5.939438977005639941e-02
5.952459999262504908e-02
5.698301119431432582e-01
1.170158081914234316e-01
7.067378995263480235e-01
1.163121780666060978e-01
9.025341361263226059e-01
8.358102793415422838e-01
1.282286657913731531e-01
7.073636170076369467e-02
7.872249485542832659e-01
5.466975392141257828e-01
8.294241197532947751e-01
8.671994558748515047e-03
7.194008278036921611e-03
6.981496197071175580e-03
9.412930393856822064e-03
5.084745762711864736e-02
8.004121925577367680e-03
7.667854100518860516e-01
3.105485232067510815e-01
6.140309343434343647e-01
3.719723183391001609e-01
1.687742370595178842e-01
2.029425187064627933e-01
4.197349042709865863e-01
3.157894736842106198e-01
1.545086393088552779e-01
2.617419182473952333e-01
4.008398549341476436e-01
4.540115046927037934e-01
7.312541473125416802e-02
3.984375000000002220e-01
3.648648648648649129e-01
2.597402597402598268e-01
2.802982566687670651e-01
2.763332700702219036e-01
3.389115646258504810e-01
4.722222222222224319e-01
0.000000000000000000e+00
7.031250000000000000e-01
6.617647058823529216e-01
7.118644067796610075e-01
7.000000000000000666e-01
1.000000000000000000e+00
7.233273044040883226e-01
0.000000000000000000e+00
0.000000000000000000e+00
0.000000000000000000e+00
0.000000000000000000e+00
0.000000000000000000e+00
0.000000000000000000e+00
0.000000000000000000e+00
0.000000000000000000e+00
0.000000000000000000e+00
0.000000000000000000e+00
8.275862068965517127e-01
0.000000000000000000e+00
0.000000000000000000e+00
0.000000000000000000e+00
0.000000000000000000e+00
0.000000000000000000e+00
0.000000000000000000e+00
0.000000000000000000e+00
0.000000000000000000e+00
0.000000000000000000e+00
8.670360110803324583e-01
2.124392336690197891e-02
2.089684149655965384e-02
1.941325338973515224e-02
2.502475935116005301e-02
4.799310916089249979e-02
2.141566547759632400e-02
7.895637295961317470e-01
8.837877007354724146e-01
7.082768605469369483e-01
3.555687799584790199e-01
6.915604071688790100e-01
7.864356457982657478e-01
8.667128370793670822e-01
8.141561475120364655e-01
4.933482655924406046e-01
6.842551940179557590e-01
8.285134173296029303e-01
7.962644350047853870e-01
8.964933731427133790e-01
6.729639120214034875e-01
8.733379596860286753e-01
8.741287119505325443e-01
7.914222709375409170e-01
7.653338691235589408e-01
8.968848508159177335e-01
8.631510023063431181e-01
9.178845052113620007e-01
6.287763605170328812e-03
6.170785999281259981e-03
5.349393034129772823e-03
8.155704760095770778e-03
2.384903835779379755e-02
6.346360557749113063e-03
7.593496052966975940e-01
8.600145274219034297e-01
6.719384998036924683e-01
3.306723438453254005e-01
6.462104451880601452e-01
7.481876441285880697e-01
8.418938417440802180e-01
7.911148826983607218e-01
4.713843919050493270e-01
6.582745069796975823e-01
7.991299662952917604e-01
7.668131957416314259e-01
8.728374606397475421e-01
6.412825503375134684e-01
8.432312879519884286e-01
8.479873114765279496e-01
7.538254111813217362e-01
7.257180729517680451e-01
8.787907030162481758e-01
8.358046244816302872e-01
8.959438252451044082e-01
7.225691347011597987e-02
7.235955056179774192e-02
6.715063520871142333e-02
7.641196013289036637e-02
1.250000000000000000e-01
7.235835975790219643e-02
1.240989515072081772e-01
9.593855218855218414e-01
3.232094127653528659e-02
2.663736263736260490e-02
1.323362860464509794e-01
2.479784366576822663e-01
6.961325966850822056e-01
8.622147083685538504e-02
3.713721153172744316e-02
7.514245014245002352e-02
2.493718828514648322e-01
1.244652406417112722e-01
6.459380173690787430e-01
9.890109890109943791e-02
9.021512838306731119e-01
7.750000000000003553e-01
1.206030150753774066e-01
0.000000000000000000e+00
7.074448185559294444e-01
2.276029055690065306e-01
7.018327067669172248e-01
