4.262372325271313045e-02
4.314566415885223716e-02
4.087558064203766772e-02
5.243540372111860082e-02
6.820082779761793557e-02
4.379664586699061335e-02
3.224688438676768243e-01
9.183426287352605133e-01
1.096493309152335449e-01
5.441830149696214036e-02
1.437481148626469363e-01
4.039914126306634046e-01
7.656168047253428810e-01
6.002926109904960228e-02
4.222765889199164846e-02
5.163616238607104947e-02
5.954001819816197028e-01
5.952363362191359641e-02
8.736625685727812396e-01
1.024150186416643571e-01
9.567585616174032470e-01
8.822815815390416816e-01
2.549242814383783085e-01
9.959685408535534634e-02
7.367883370747252414e-01
1.972654198895398281e-01
8.372543022676970370e-01
9.012072776738655477e-03
8.540831745614610448e-03
8.116698830741286841e-03
9.289076046569227918e-03
2.542372881355933756e-02
8.890051770347968951e-03
2.741165234001909923e-01
3.526943942133815568e-01
3.627104377104376498e-01
3.059772296015179638e-01
1.057157309054121974e-01
1.471813089872157088e-01
2.793481875623544664e-01
1.171477079796265919e-01
1.376482334243449013e-01
2.810201807601833135e-01
5.674556213017751816e-01
3.913072373230546130e-01
1.688352903840051322e-01
4.047256097560978372e-01
3.648648648648649129e-01
4.878048780487804770e-01
6.775362318840578713e-01
6.680584551148227579e-01
5.484169884169887155e-01
5.521885521885522286e-01
0.000000000000000000e+00
8.125000000000000000e-01
8.014705882352940458e-01
9.322033898305085442e-01
9.000000000000000222e-01
1.000000000000000000e+00
8.919427995857672764e-01
0.000000000000000000e+00
0.000000000000000000e+00
0.000000000000000000e+00
0.000000000000000000e+00
0.000000000000000000e+00
0.000000000000000000e+00
0.000000000000000000e+00
0.000000000000000000e+00
0.000000000000000000e+00
0.000000000000000000e+00
7.552447552447552059e-01
0.000000000000000000e+00
0.000000000000000000e+00
0.000000000000000000e+00
0.000000000000000000e+00
0.000000000000000000e+00
0.000000000000000000e+00
0.000000000000000000e+00
0.000000000000000000e+00
0.000000000000000000e+00
8.236842105263157965e-01
2.257201893241966850e-02
2.242701711385111651e-02
2.077578944920729920e-02
2.691224816946283238e-02
4.205791215485205070e-02
2.287380840223332545e-02
7.993356896042582704e-01
8.631877024201333182e-01
7.665462398814306688e-01
3.711487414170271393e-01
6.855419505982460748e-01
7.660447127093934494e-01
8.264694267605288136e-01
6.899369908975319099e-01
4.859661833102313366e-01
5.986421300512168031e-01
8.223247608317216795e-01
7.514486877676880283e-01
9.172157708915247287e-01
7.150807287257938683e-01
8.769083173372949069e-01
8.927291686785432390e-01
8.351657722731038458e-01
8.080259554999535965e-01
8.613041208186840159e-01
7.762195095372914633e-01
9.367038657847590599e-01
6.702415600258918721e-03
6.647342714632825666e-03
5.745758285836628787e-03
8.805968174846266761e-03
2.076777386405796733e-02
6.802452423351958155e-03
7.701680310879871483e-01
8.358528023771497617e-01
7.350737842016271673e-01
3.457896951548731224e-01
6.397094622350634197e-01
7.252312186232211522e-01
7.956571749501168966e-01
6.573600877382295149e-01
4.640157277460481566e-01
5.697489479812822832e-01
7.921083145795877467e-01
7.175412636739170180e-01
8.978585240440311033e-01
6.857519969477341437e-01
8.475306824891700730e-01
8.699767191439526925e-01
8.038115916856779508e-01
7.738095118170793540e-01
8.379319499058982545e-01
7.360054251233482114e-01
9.194448339790002311e-01
6.868867082961643833e-02
6.786516853932586524e-02
6.533575317604353727e-02
7.641196013289036637e-02
1.250000000000000000e-01
6.858736058442835293e-02
3.357712765957439061e-01
9.204287775716344377e-01
9.633278598795813608e-02
6.420851875397337594e-02
1.819943895145570423e-01
3.504761904761899416e-01
8.764044943820223921e-01
5.685618729096963975e-02
6.460002342073600801e-02
7.514245014245002352e-02
2.493718828514648322e-01
7.885375494071134028e-02
8.188520088865054447e-01
9.890109890109943791e-02
9.492113397019732446e-01
7.750000000000003553e-01
2.881072026800666208e-01
3.528542787802013692e-02
8.249216401202579263e-01
7.410327158060692199e-02
7.146428571428571352e-01
