4.123303222113317013e-02
4.167301738675610601e-02
3.938913049918152387e-02
5.090833921996168465e-02
6.662111038624196624e-02
4.236612075514173403e-02
2.549794550728075038e-01
9.268816137305531111e-01
4.108687126523946631e-02
5.102216123449521135e-02
1.610027159486975279e-01
4.567112646407061050e-01
6.839196327914480733e-01
4.194040692274825233e-02
2.835186889403473742e-02
4.641022662894744855e-02
5.543323886500957087e-01
4.774695279338558862e-02
7.328410216715450787e-01
1.433544689785213322e-01
9.297094882114180781e-01
8.111873798475741637e-01
1.337278154516763351e-01
4.930414925477411003e-02
6.233701618712039760e-01
4.846957697687201971e-01
8.406806821846173339e-01
9.148104063934708874e-03
8.557256422048485633e-03
8.116698830741286841e-03
1.473866732722318995e-02
3.389830508474578341e-02
9.175113206335655525e-03
5.858050027104468871e-01
5.563994374120955211e-01
1.311766311766312532e-01
1.673875432525950835e-01
1.057157309054121974e-01
2.643368941134599526e-02
2.793481875623544664e-01
1.738840772818122105e-01
1.429700258125691237e-01
5.954432770629214389e-02
4.008398549341476436e-01
2.562518922191947546e-01
9.295719076740982523e-02
4.500000000000001776e-01
3.648648648648649129e-01
2.764976958525346973e-01
1.065066425120773097e-01
5.901183020180933436e-01
2.536428571428572809e-01
4.429012345679012030e-01
0.000000000000000000e+00
7.968750000000000000e-01
7.279411764705882026e-01
8.135593220338982468e-01
9.000000000000000222e-01
1.000000000000000000e+00
8.645552070305518866e-01
0.000000000000000000e+00
0.000000000000000000e+00
0.000000000000000000e+00
0.000000000000000000e+00
0.000000000000000000e+00
0.000000000000000000e+00
0.000000000000000000e+00
0.000000000000000000e+00
0.000000000000000000e+00
0.000000000000000000e+00
8.275862068965517127e-01
0.000000000000000000e+00
0.000000000000000000e+00
0.000000000000000000e+00
0.000000000000000000e+00
0.000000000000000000e+00
0.000000000000000000e+00
0.000000000000000000e+00
0.000000000000000000e+00
0.000000000000000000e+00
0.000000000000000000e+00
2.362832648871837637e-02
2.355394343146782754e-02
2.145106705508093015e-02
2.910049186570087820e-02
4.475448371259999059e-02
2.403650362503137461e-02
7.796406958658534947e-01
8.928755107538541846e-01
6.231692085151356864e-01
3.589825467400338255e-01
7.101101574099599745e-01
7.725492689909840838e-01
8.785329149460110454e-01
7.396371818072111637e-01
4.170291805481456393e-01
6.344711963147560141e-01
8.311783010570144015e-01
7.478248887209173468e-01
9.136324371900486074e-01
7.612340249943696513e-01
8.734414968839421256e-01
9.320142691976234239e-01
7.866814654004177232e-01
7.640518911673739311e-01
8.440369145693868980e-01
8.628640618288898612e-01
9.577060032465078976e-01
7.034022849281135886e-03
7.000466946470586260e-03
5.943214921544832247e-03
9.566011748432613759e-03
2.216308723393860258e-02
7.168322472702159942e-03
7.483994662878040716e-01
8.707360629224766280e-01
5.818698060246770831e-01
3.339802342999607099e-01
6.663443033228031442e-01
7.325335784557197583e-01
8.556064396692093510e-01
7.103115006739211257e-01
3.956663370246169542e-01
6.065823962087935062e-01
8.021584236780836541e-01
7.135890049240486421e-01
8.935162049675053897e-01
7.350698518186487007e-01
8.433558688788901359e-01
9.169597420121513576e-01
7.484603919558588947e-01
7.242863956660181568e-01
8.182818744879530870e-01
8.354694549374152013e-01
9.459150785046517296e-01
6.601248884924176830e-02
6.741573033707867757e-02
6.352087114337565121e-02
7.308970099667772002e-02
1.250000000000000000e-01
6.717165996293014696e-02
1.878720238095228368e-01
9.204287775716344377e-01
5.588893864755917207e-02
4.825609173435263521e-02
1.508595468639191139e-01
4.549450549450551051e-01
7.555555555555564240e-01
5.685618729096963975e-02
2.815898456801324556e-02
7.514245014245002352e-02
1.857390575721247217e-01
3.454545454545465688e-02
7.314012545558528089e-01
1.333333333333337478e-01
9.405233293872719003e-01
7.750000000000003553e-01
1.206030150753774066e-01
0.000000000000000000e+00
5.102880658436212968e-01
2.276029055690065306e-01
7.146428571428571352e-01
