4.659390064542517917e-02
4.707095636395619564e-02
4.427200351619015040e-02
5.693160922099166354e-02
7.050268129648284976e-02
4.766714976313918273e-02
3.233967306011642506e-01
9.207597909594797958e-01
2.293809480555930591e-02
2.535399799084103734e-02
1.759278542439348669e-01
5.663741114639311292e-01
8.395857068167691395e-01
7.344137773684389359e-02
1.957076244746547289e-02
1.101480098498548443e-01
5.112104916511821529e-01
1.097434884430490420e-01
7.558278412012828795e-01
1.797256420556316847e-01
9.539734971928999219e-01
9.122682997221041035e-01
1.852011862402518361e-01
6.929922735208471352e-02
7.441486016226495082e-01
3.573599567949656830e-01
8.310184570132610471e-01
2.485971773507907046e-02
2.302739636029171172e-02
1.776592121693722215e-02
2.179836512261580650e-02
3.389830508474578341e-02
2.200909505721451720e-02
9.477658173933247721e-01
3.009699161597894079e-01
1.379268879268878978e-01
3.583333333333331705e-01
2.434487838209585808e-01
1.471813089872157088e-01
1.779577810505645896e-01
9.774436090225568918e-02
2.370787081219549730e-02
3.795846792801107483e-01
2.741037243299686565e-01
3.551316984559491630e-01
4.329713370126403449e-02
2.812500000000002220e-01
4.404761904761906877e-01
7.518796992481213692e-02
1.966692092550215154e-01
3.261697163207661898e-01
4.164285714285715923e-01
4.429012345679012030e-01
0.000000000000000000e+00
7.031250000000000000e-01
6.948529411764705621e-01
7.966101694915254106e-01
9.000000000000000222e-01
1.000000000000000000e+00
7.747254038737418913e-01
0.000000000000000000e+00
0.000000000000000000e+00
0.000000000000000000e+00
0.000000000000000000e+00
0.000000000000000000e+00
0.000000000000000000e+00
0.000000000000000000e+00
0.000000000000000000e+00
0.000000000000000000e+00
0.000000000000000000e+00
8.307692307692308153e-01
0.000000000000000000e+00
0.000000000000000000e+00
0.000000000000000000e+00
0.000000000000000000e+00
0.000000000000000000e+00
0.000000000000000000e+00
0.000000000000000000e+00
0.000000000000000000e+00
0.000000000000000000e+00
6.659574468085106558e-01
2.703159200256016748e-02
2.668235349616165930e-02
2.430589665603619109e-02
3.158396971448743096e-02
5.195761115821967424e-02
2.712642845698931549e-02
7.830559063361302030e-01
9.041148117256454508e-01
5.794003039600821303e-01
3.816205905789011865e-01
6.954494379539730708e-01
7.908730060931217221e-01
8.572859475289555942e-01
7.837109899661518497e-01
3.003826289783635417e-01
6.189347489444800843e-01
8.291108465274610317e-01
7.947780918961955265e-01
8.980331970363037986e-01
6.945091842204904609e-01
8.735559546676818776e-01
9.284078317199724317e-01
7.911086026562876850e-01
7.443979520338430689e-01
9.063005484436441606e-01
8.468252339959831954e-01
9.625726577825997055e-01
8.113328899909743458e-03
7.990340962937658720e-03
6.785435599986087973e-03
1.043662078474150157e-02
2.592795390880449358e-02
8.150090335080996395e-03
7.521641339570565021e-01
8.840487465364673669e-01
5.365415961523708477e-01
3.559802488653529551e-01
6.504194686791269220e-01
7.532083817582398977e-01
8.310006384664223589e-01
7.578978522208816848e-01
2.819162733023752310e-01
5.905725089651603366e-01
7.998086481147188564e-01
7.651673685991718932e-01
8.746891763251618546e-01
6.639675313815871505e-01
8.434935967697835268e-01
9.126160511868739444e-01
7.534701264604933835e-01
7.024281866484829440e-01
8.896860107156808750e-01
8.167954349422511529e-01
9.520854604631963092e-01
7.404103479036577840e-02
7.370786516853936043e-02
7.078039927404719545e-02
8.305647840531560355e-02
1.250000000000000000e-01
7.409144544551440892e-02
2.857771629778662614e-01
9.204287775716344377e-01
5.588893864755917207e-02
1.761730333158895156e-02
1.508595468639191139e-01
3.504761904761899416e-01
7.555555555555564240e-01
8.622147083685538504e-02
5.076838823576079740e-02
1.446137719722626613e-01
1.479789194942764397e-01
1.244652406417112722e-01
7.314012545558528089e-01
1.333333333333337478e-01
9.322016809533106851e-01
9.234042553191486036e-01
2.881072026800666208e-01
5.243857719105182724e-02
5.740740740740735149e-01
1.499501495513460014e-01
7.018327067669172248e-01
