3.831508230476976529e-02
3.881426239292085079e-02
3.650518208968112077e-02
4.664383563559071355e-02
6.609228203407768731e-02
3.927143241844482935e-02
2.504784714307772830e-01
9.733481910470913601e-01
7.643128233320606313e-02
4.602524910834548955e-02
1.747006659343792734e-01
4.812747966483090778e-01
5.570386557180535547e-01
8.125154823878055765e-02
7.011991615331547578e-02
1.104862992830240032e-01
5.872278011871703285e-01
1.711274888481266743e-01
6.670316165655290064e-01
9.035071546697182043e-02
8.990363087377748474e-01
7.969343363732352969e-01
3.213801647358227598e-01
1.721052549368744522e-01
7.510240067636511085e-01
3.394603150982735684e-01
8.589098823850804809e-01
1.503145723516409460e-02
1.460153734971420675e-02
1.282778976047223990e-02
1.870200644042606386e-02
3.389830508474578341e-02
1.496655062270407788e-02
3.739255014326645643e-01
2.477780770266631016e-01
4.103917967554332469e-01
3.252100840336131782e-01
2.791266228292025309e-01
5.869357975417227591e-02
4.197349042709865863e-01
6.992481203007518964e-01
8.837873615272068273e-02
3.249746192893401275e-01
3.706010588601680311e-01
7.041192498797883559e-01
3.236009732360095592e-02
9.072580645161298918e-02
1.607142857142855874e-01
2.285714285714286476e-01
5.700483091787438283e-01
4.175365344467640849e-01
3.079047619047621254e-01
4.772486772486773665e-01
0.000000000000000000e+00
7.734375000000000000e-01
7.977941176470587648e-01
7.966101694915254106e-01
8.333333333333333703e-01
1.000000000000000000e+00
7.855018085013659723e-01
0.000000000000000000e+00
0.000000000000000000e+00
0.000000000000000000e+00
0.000000000000000000e+00
0.000000000000000000e+00
0.000000000000000000e+00
0.000000000000000000e+00
0.000000000000000000e+00
0.000000000000000000e+00
0.000000000000000000e+00
0.000000000000000000e+00
0.000000000000000000e+00
0.000000000000000000e+00
0.000000000000000000e+00
0.000000000000000000e+00
0.000000000000000000e+00
0.000000000000000000e+00
0.000000000000000000e+00
0.000000000000000000e+00
0.000000000000000000e+00
7.399527186761228892e-01
2.206110122977594790e-02
2.194656481001186488e-02
2.006624747169000189e-02
2.624029806842659296e-02
4.760385034933878323e-02
2.230894815814257748e-02
8.109880942398524084e-01
9.399103290475945283e-01
7.294023625450170023e-01
4.319025725026337525e-01
7.188933251585485351e-01
7.866387806489842927e-01
8.689745144065252891e-01
8.560748035629011099e-01
4.764077150792704884e-01
6.490182898735099570e-01
7.978266858313198817e-01
8.394205406141783676e-01
9.151372022388162275e-01
6.688382296420884998e-01
8.747421688570473641e-01
9.113506351703986041e-01
8.465947199740113671e-01
8.033340655326477453e-01
9.384868526571881198e-01
8.190113889132148994e-01
9.715373046292890002e-01
6.542598868270989992e-03
6.497348022766420705e-03
5.539008395188959460e-03
8.573908273124063173e-03
2.364581340064160486e-02
6.625407221449032547e-03
7.831136725921882258e-01
9.268373863537217039e-01
6.946901284553032019e-01
4.052434651917664610e-01
6.759285746650156579e-01
7.484172891339163636e-01
8.445129931685797509e-01
8.373119471569503425e-01
4.544888621521110394e-01
6.216254073456390916e-01
7.644682638156465870e-01
8.149496942094111018e-01
8.953388967103868001e-01
6.369538722038885492e-01
8.449213969248327016e-01
8.921556439714801723e-01
8.170151923809766403e-01
7.684849013631638304e-01
9.271921419453487134e-01
7.846941294770090058e-01
9.634877391815832581e-01
6.333630686886709826e-02
6.471910112359549605e-02
5.989110707803993461e-02
6.976744186046507368e-02
1.250000000000000000e-01
6.378696435153499711e-02
1.878720238095228368e-01
9.794790005316320602e-01
5.588893864755917207e-02
1.761730333158895156e-02
2.452684245787590811e-01
3.504761904761899416e-01
5.217391304347831493e-01
8.622147083685538504e-02
6.460002342073600801e-02
1.270013241844227814e-01
2.493718828514648322e-01
1.517016701670166334e-01
5.623953023662764394e-01
9.890109890109943791e-02
9.021512838306731119e-01
7.750000000000003553e-01
3.748864805957499158e-01
1.059259259259253128e-01
5.740740740740735149e-01
2.276029055690065306e-01
7.277992277992277881e-01
