4.020682414594378695e-02
4.067802434664524736e-02
3.830148464010968423e-02
4.905599141953131959e-02
6.397391122479534342e-02
4.119113304292748579e-02
1.845483646530832189e-01
9.158587044787156461e-01
7.230441341264937094e-02
5.985986318168778908e-02
1.095695451164138134e-01
5.101742463034284469e-01
7.107759935303237242e-01
9.507863922919401745e-02
7.663871656550735878e-02
1.095063602774093425e-01
6.134331930814393985e-01
9.765708857126753628e-02
7.152146377831183344e-01
1.239419851996084176e-01
9.240045943010330998e-01
7.978374701505810407e-01
2.576043477075806720e-01
1.660935300576102946e-01
6.967024137238722048e-01
6.617603049225948553e-01
8.583266623438365883e-01
2.054072436660432655e-02
2.025162604296695118e-02
1.833352253377227431e-02
2.365618033192964931e-02
5.084745762711864736e-02
2.078142490907428086e-02
3.835327827406034285e-01
4.636255075232862399e-01
1.311766311766312532e-01
3.719723183391001609e-01
1.435508345978756539e-01
8.170413090779665710e-02
3.052088985349972194e-01
8.086124401913876714e-01
7.921312240966671414e-02
2.810201807601833135e-01
3.137887753272368130e-01
4.423785863119091832e-01
7.312541473125416802e-02
4.500000000000001776e-01
4.043778801843314064e-01
6.493506493506493449e-01
3.120772946859904362e-01
6.394273784670443384e-01
1.357635467980295996e-01
3.014705882352942679e-01
0.000000000000000000e+00
8.125000000000000000e-01
7.867647058823529216e-01
9.152542372881354860e-01
8.666666666666666963e-01
1.000000000000000000e+00
8.808226087073151023e-01
0.000000000000000000e+00
0.000000000000000000e+00
0.000000000000000000e+00
0.000000000000000000e+00
0.000000000000000000e+00
0.000000000000000000e+00
0.000000000000000000e+00
0.000000000000000000e+00
0.000000000000000000e+00
0.000000000000000000e+00
8.150943396226415505e-01
0.000000000000000000e+00
0.000000000000000000e+00
0.000000000000000000e+00
0.000000000000000000e+00
0.000000000000000000e+00
0.000000000000000000e+00
0.000000000000000000e+00
0.000000000000000000e+00
0.000000000000000000e+00
6.940133037694012907e-01
2.611522090510740024e-02
2.609393509685212220e-02
2.442855368540625127e-02
3.098115135113568841e-02
5.099416916059418270e-02
2.654792687247797822e-02
8.115490960195637093e-01
8.822820294991930989e-01
6.419960425979898133e-01
5.437000077997566905e-01
7.350160319189087410e-01
8.328609170513334714e-01
8.690775503001126889e-01
8.026138177462369683e-01
5.814268859513331833e-01
7.162522551676504534e-01
8.337670213158498989e-01
8.732332818352190884e-01
9.353063157747405487e-01
6.995122665322051070e-01
9.066832920680827357e-01
9.240138654456493406e-01
8.447935386565841309e-01
8.416802158489531394e-01
8.806400745241509398e-01
8.981113038588610653e-01
9.832338143366121663e-01
7.821073242048916935e-03
7.803081192224108065e-03
6.821891210463591065e-03
1.022451269282290826e-02
2.542121387658020926e-02
7.965237203788076703e-03
7.837381828588140253e-01
8.582418719826711007e-01
6.015746214879672538e-01
5.167445451692991298e-01
6.936071889298789372e-01
8.011603310359035612e-01
8.446323669603756912e-01
7.784884585253180056e-01
5.600417390757219671e-01
6.918126190987778923e-01
8.051031391574652307e-01
8.531370360194353575e-01
9.198807814250002934e-01
6.692543885405597415e-01
8.836556774538893988e-01
9.073321914768635033e-01
8.149303793400485274e-01
8.122868479365350503e-01
8.600747316719127289e-01
8.769263473402982845e-01
9.784350656412013070e-01
6.422836752899196977e-02
6.516853932584268372e-02
5.807622504537204855e-02
7.308970099667772002e-02
1.250000000000000000e-01
6.466205701614977097e-02
1.878720238095228368e-01
9.204287775716344377e-01
9.633278598795813608e-02
3.580290677064867921e-02
5.940094657766792352e-02
3.504761904761899416e-01
7.555555555555564240e-01
8.622147083685538504e-02
6.460002342073600801e-02
1.534824513547916602e-01
2.493718828514648322e-01
1.244652406417112722e-01
6.459380173690787430e-01
1.125827814569544394e-01
9.211908484198252367e-01
7.750000000000003553e-01
2.881072026800666208e-01
9.514304723885569359e-02
7.074448185559294444e-01
2.276029055690065306e-01
7.413160469667319230e-01
