4.649009356472605381e-02
4.719717704854142770e-02
4.398229310603640752e-02
5.781140193022216156e-02
7.458480290474378549e-02
4.771048784611975346e-02
3.736781903150783180e-01
9.653048328489599594e-01
1.478589377800965110e-02
0.000000000000000000e+00
1.520445748350658377e-01
4.163505339172939301e-01
8.131625835987827955e-01
7.026111629819720150e-02
5.444554626744046999e-02
8.140248674764993808e-02
5.415574353918408690e-01
1.393443775088165637e-01
9.241534690548531827e-01
1.438447272250318321e-01
9.861554353398573891e-01
7.726000039479536952e-01
1.858792456215860867e-01
4.874318896522922273e-02
6.764332371304639935e-01
4.689526843713807125e-01
8.324225113357337502e-01
1.064444822309131705e-02
1.102095788712962460e-02
1.152230673175161368e-02
1.325241515977210183e-02
2.542372881355933756e-02
1.103166859110030901e-02
4.229226361031519499e-01
5.563994374120955211e-01
1.304713804713808489e-02
1.580882352941175295e-01
1.057157309054121974e-01
4.248855467384832774e-01
4.624014554275319711e-01
8.086124401913876714e-01
7.814091853783772246e-02
4.107904278462655157e-01
2.741037243299686565e-01
3.551316984559491630e-01
1.157867934136819210e-01
2.220394736842106198e-01
2.819548872180410726e-02
4.081632653061224580e-01
3.550724637681157425e-01
3.554070981210855074e-01
5.484169884169887155e-01
3.999669312169312763e-01
0.000000000000000000e+00
7.734375000000000000e-01
7.941176470588234837e-01
9.152542372881354860e-01
9.000000000000000222e-01
1.000000000000000000e+00
8.475682359233157603e-01
0.000000000000000000e+00
0.000000000000000000e+00
0.000000000000000000e+00
0.000000000000000000e+00
0.000000000000000000e+00
0.000000000000000000e+00
0.000000000000000000e+00
0.000000000000000000e+00
0.000000000000000000e+00
0.000000000000000000e+00
6.990291262135922556e-01
0.000000000000000000e+00
0.000000000000000000e+00
0.000000000000000000e+00
0.000000000000000000e+00
0.000000000000000000e+00
0.000000000000000000e+00
0.000000000000000000e+00
0.000000000000000000e+00
0.000000000000000000e+00
0.000000000000000000e+00
2.720242581383131020e-02
2.742983103790280763e-02
2.505783497254035486e-02
3.343644813257026782e-02
5.175141993827664377e-02
2.776674852732766152e-02
7.518678604649138286e-01
8.913179080743798277e-01
6.023177715182015390e-01
2.935415852672109693e-01
6.666929862797763562e-01
7.771757748099930030e-01
8.510906170465293297e-01
7.192669456981848342e-01
3.725730535223297224e-01
6.417761330026712230e-01
8.384251610367892127e-01
7.839702284097533891e-01
9.134872029293321649e-01
7.082823022922539735e-01
8.878551541691139803e-01
9.045568728297856964e-01
8.058199204163625229e-01
7.478210922440147179e-01
8.776337765580346506e-01
8.349173582306270713e-01
9.613905783923644144e-01
8.167946043886643165e-03
8.228938821201153830e-03
7.009273149451499679e-03
1.109157987705056830e-02
2.581942133668453654e-02
8.355257988189708496e-03
7.179423206590552775e-01
8.688957334361883111e-01
5.601914768949817214e-01
2.710099232994229723e-01
6.194489468095387696e-01
7.377392667707033391e-01
8.238624434334920199e-01
6.885177286260337759e-01
3.520321091780105327e-01
6.141299999731371084e-01
8.104088374821600826e-01
7.532239479486536604e-01
8.933403467095057948e-01
6.785392487769508207e-01
8.607560228799239210e-01
8.840449050010401599e-01
7.701815330206157606e-01
7.062229905563992549e-01
8.566224314315119548e-01
8.030081292744021271e-01
9.505854461266123323e-01
7.404103479036577840e-02
7.505617977528092344e-02
7.168784029038113847e-02
8.305647840531560355e-02
1.250000000000000000e-01
7.482429256099346060e-02
3.599709950011371618e-01
9.593855218855218414e-01
4.273250638020043013e-02
0.000000000000000000e+00
2.452684245787590811e-01
2.606847697756791149e-01
8.968488637323641655e-01
5.685618729096963975e-02
3.173989590036163655e-02
1.270013241844227814e-01
8.161261620593407429e-02
1.430876815492201359e-01
8.188520088865054447e-01
1.333333333333337478e-01
9.734136541500708617e-01
7.750000000000003553e-01
2.881072026800666208e-01
0.000000000000000000e+00
5.740740740740735149e-01
2.276029055690065306e-01
6.893552875695733162e-01
