4.689805338104091614e-02
4.746134645647898109e-02
4.473433634598938946e-02
5.786221673074332106e-02
7.506962822090434972e-02
4.812684424374719105e-02
3.833555559438694971e-01
9.531098425630599724e-01
6.656083005602830838e-02
2.862455915863537648e-02
1.284773107704992867e-01
5.813354336908744813e-01
7.896890447951472325e-01
1.036341762691694868e-02
2.209116151835921471e-02
5.731442194730540507e-02
5.151829141286832225e-01
4.947907883510183069e-02
9.161170390146740061e-01
1.239864029599173634e-01
9.720904081951429188e-01
8.407266651688338754e-01
1.284678336067877069e-01
1.157468617355785767e-01
8.379026444788477690e-01
4.177839660604831806e-01
8.321638223041034621e-01
2.557388199285835773e-02
2.329019118323368692e-02
2.003632648427744467e-02
2.922962595987119161e-02
1.101694915254237128e-01
2.423308984344939299e-02
2.402969523313360778e-01
3.105485232067510815e-01
3.408564814814815103e-01
3.252100840336131782e-01
9.425054796830217851e-02
8.916125396684165816e-02
3.794387170675832532e-01
1.304347826086957873e-01
1.429700258125691237e-01
3.249746192893401275e-01
4.008398549341476436e-01
3.913072373230546130e-01
8.841240875912403929e-02
2.596153846153848033e-01
6.642857142857141461e-01
3.861003861003862170e-01
5.813628273582505113e-01
2.672233820459288811e-01
1.242490842490844294e-01
4.104104104104105977e-01
0.000000000000000000e+00
7.734375000000000000e-01
7.500000000000000000e-01
9.152542372881354860e-01
8.333333333333333703e-01
1.000000000000000000e+00
8.686567629851836836e-01
0.000000000000000000e+00
0.000000000000000000e+00
0.000000000000000000e+00
0.000000000000000000e+00
0.000000000000000000e+00
0.000000000000000000e+00
0.000000000000000000e+00
0.000000000000000000e+00
0.000000000000000000e+00
0.000000000000000000e+00
9.000000000000000222e-01
0.000000000000000000e+00
0.000000000000000000e+00
0.000000000000000000e+00
0.000000000000000000e+00
0.000000000000000000e+00
0.000000000000000000e+00
0.000000000000000000e+00
0.000000000000000000e+00
0.000000000000000000e+00
0.000000000000000000e+00
3.028724777803620816e-02
3.073529327806739930e-02
2.820365045357878242e-02
3.701837966400914337e-02
6.285826233813585073e-02
3.099720047090115393e-02
8.148452227350779786e-01
8.942483985707514460e-01
6.552125209503980585e-01
2.785821752318646816e-01
7.086761595431099181e-01
7.455851441760643628e-01
8.664118690207842644e-01
6.854958056792215260e-01
3.509580888578938129e-01
6.058435633226642025e-01
8.150188702555882792e-01
7.732332722728396668e-01
9.300997625900981891e-01
6.394691635297924392e-01
8.759820552666512938e-01
8.898227254315300705e-01
7.887795862216993026e-01
7.384909741957392804e-01
9.331640819042594792e-01
8.439591431725028681e-01
9.661391135428640808e-01
9.161416086565409705e-03
9.293698032650100915e-03
7.954780549912724569e-03
1.237145995413625049e-02
3.172969236945256954e-02
9.399332050685875461e-03
7.874097611531990504e-01
8.723590804409305788e-01
6.154819255111289023e-01
2.567459692121230042e-01
6.647826269848262637e-01
7.023878537751812035e-01
8.415454692579242835e-01
6.526649915272864089e-01
3.309422499878982293e-01
5.771274647877333575e-01
7.838394381145887824e-01
7.414008802854782365e-01
9.135255597283178375e-01
6.062813678431195896e-01
8.464146189558675593e-01
8.665298927669116136e-01
7.508335058785357008e-01
6.958920219706281607e-01
9.209616356666993076e-01
8.134709871218500643e-01
9.566160886813985798e-01
7.314897413024085138e-02
7.370786516853936043e-02
7.078039927404719545e-02
8.305647840531560355e-02
1.250000000000000000e-01
7.457452996133376311e-02
3.357712765957439061e-01
9.528031754324854941e-01
4.273250638020043013e-02
3.317517049390383832e-02
1.695007902343652617e-01
3.504761904761899416e-01
8.764044943820223921e-01
1.868131868131861495e-02
2.815898456801324556e-02
7.514245014245002352e-02
8.986307194259879338e-02
9.390997352162422374e-02
8.188520088865054447e-01
1.333333333333337478e-01
9.734136541500708617e-01
7.750000000000003553e-01
1.755653266331664852e-01
5.243857719105182724e-02
7.772079772079774074e-01
2.119619476033633987e-01
7.018327067669172248e-01
