3.849793841009369055e-02
3.898368666244617087e-02
3.639219328949100385e-02
4.697513185833551708e-02
6.405845389616460217e-02
3.939418344031658803e-02
1.643025511297135921e-01
9.512144717348112177e-01
4.009626288409817718e-02
3.202155605857481824e-02
1.011337290317708693e-01
4.155718618380142004e-01
6.152538235096747243e-01
6.112805523159581256e-02
1.005094590249551167e-01
1.152283727634451083e-01
5.932952525998240745e-01
1.125206774690292733e-01
6.488215995582438111e-01
1.298137412619353448e-01
9.110352541488857536e-01
8.000481631604277055e-01
2.744344813267440841e-01
2.142241659628041361e-01
8.573540553039995515e-01
7.585076893872013670e-01
8.485393069258526655e-01
9.658221390919916050e-03
8.721503186387230544e-03
7.095016460438183237e-03
1.003220213029477892e-02
4.237288135593220151e-02
8.716913833533089517e-03
4.229226361031519499e-01
5.670886075949366223e-01
1.878787878787878673e-01
3.583333333333331705e-01
1.007374277879828361e-01
4.700071816252081036e-01
3.859985614960441680e-01
3.157894736842106198e-01
8.191916075285404775e-02
1.345053856629938593e-01
2.366863905325442552e-01
6.517711171662126102e-01
9.295719076740982523e-02
3.616071428571427937e-01
3.285714285714282923e-01
6.060606060606059664e-01
3.349184782608694011e-01
5.434745810528691656e-01
5.249523809523810591e-01
6.053553553553555622e-01
0.000000000000000000e+00
8.046875000000000000e-01
7.463235294117647189e-01
8.983050847457626498e-01
9.000000000000000222e-01
1.000000000000000000e+00
8.944580844726844893e-01
0.000000000000000000e+00
0.000000000000000000e+00
0.000000000000000000e+00
0.000000000000000000e+00
0.000000000000000000e+00
0.000000000000000000e+00
0.000000000000000000e+00
0.000000000000000000e+00
0.000000000000000000e+00
0.000000000000000000e+00
8.339768339768339755e-01
0.000000000000000000e+00
0.000000000000000000e+00
0.000000000000000000e+00
0.000000000000000000e+00
0.000000000000000000e+00
0.000000000000000000e+00
0.000000000000000000e+00
0.000000000000000000e+00
0.000000000000000000e+00
8.436657681940701314e-01
1.712804802616871291e-02
1.769088937462931499e-02
1.638474574890333435e-02
2.244958277169850636e-02
4.182136745643083575e-02
1.789534155594049714e-02
6.999169732928627319e-01
9.180621057602469381e-01
6.531152652494229827e-01
3.480529902536044773e-01
7.159146539035563528e-01
8.852724982669963882e-01
8.526472926658990037e-01
7.465340198931298410e-01
6.348170739591463274e-01
6.834885691533605367e-01
8.863182157836599906e-01
8.380667235679393201e-01
9.178811371886601567e-01
7.047033305020260485e-01
8.725112609263572239e-01
9.171419696927540777e-01
8.603897910662097193e-01
8.210433999463861987e-01
9.444977488190957615e-01
9.337949686751543243e-01
9.359461174670302697e-01
5.018840782574984088e-03
5.183255170334563622e-03
4.478216995064360911e-03
7.276469978046533338e-03
2.064574286450489293e-02
5.257842093824245666e-03
6.617234095960103923e-01
9.006502937482850912e-01
6.132709449404295521e-01
3.233985778476360373e-01
6.726745460023797474e-01
8.621432614825234042e-01
8.256544774592211589e-01
7.177189491753823702e-01
6.144464251738503968e-01
6.574739801766924518e-01
8.654803293936437214e-01
8.134293670863977921e-01
8.986655421550979739e-01
6.747475073738002926e-01
8.422367736205874644e-01
8.990869502104581468e-01
8.330315736816672478e-01
7.886332621823164413e-01
9.342414539995113065e-01
9.194825202492330485e-01
9.184945983990122631e-01
6.690454950936663980e-02
6.741573033707867757e-02
6.352087114337565121e-02
7.308970099667772002e-02
1.250000000000000000e-01
6.714836711749191944e-02
1.878720238095228368e-01
9.397063417681974506e-01
7.112316654850925346e-02
3.580290677064867921e-02
5.940094657766792352e-02
3.204630360431455216e-01
5.217391304347831493e-01
1.058737106961591401e-01
8.336174639441495948e-02
1.446137719722626613e-01
1.229779148308587367e-01
8.638186423116822610e-02
5.449284368231994691e-01
6.521739130434811571e-02
9.021512838306731119e-01
7.750000000000003553e-01
2.881072026800666208e-01
1.059259259259253128e-01
7.074448185559294444e-01
3.071268123340820111e-01
7.146428571428571352e-01
