4.718575045206735430e-02
4.783127725569769062e-02
4.503983578285764011e-02
5.843022001156100709e-02
7.297544041396653025e-02
4.848931772202635937e-02
2.510834765484446507e-01
9.286626582889037085e-01
1.834491052184583637e-02
6.376189303025325827e-02
1.567519520480402662e-01
4.281071979587292020e-01
8.404333147563898265e-01
1.138590596402755395e-02
4.464078364976131752e-02
9.043694011434766367e-02
5.491988464557460148e-01
3.287807231331063562e-02
8.603149649138703836e-01
1.840513174873659175e-01
9.821261244556656056e-01
8.718935599526442815e-01
2.391461727533830128e-01
1.210493012824755965e-01
6.903688463690338395e-01
2.716151616874338259e-01
8.317054217576429487e-01
2.380547525930964969e-02
2.342158859470468840e-02
2.037688727437847458e-02
2.625712162496902924e-02
1.186440677966101864e-01
2.378811735284189210e-02
2.402969523313360778e-01
2.837284234752588397e-01
1.622936683912293843e-01
3.583333333333331705e-01
1.687742370595178842e-01
5.106172778901054699e-01
6.157704095848426373e-01
1.304347826086957873e-01
7.814091853783772246e-02
3.249746192893401275e-01
7.912304657866788826e-01
3.551316984559491630e-01
8.841240875912403929e-02
3.204941860465118086e-01
3.648648648648649129e-01
6.451612903225809603e-01
3.120772946859904362e-01
4.175365344467640849e-01
3.079047619047621254e-01
4.041218637992830542e-01
0.000000000000000000e+00
7.421875000000000000e-01
7.426470588235293269e-01
8.813559322033898136e-01
8.333333333333333703e-01
1.000000000000000000e+00
8.305308744210233574e-01
0.000000000000000000e+00
0.000000000000000000e+00
0.000000000000000000e+00
0.000000000000000000e+00
0.000000000000000000e+00
0.000000000000000000e+00
0.000000000000000000e+00
0.000000000000000000e+00
0.000000000000000000e+00
0.000000000000000000e+00
7.500000000000000000e-01
0.000000000000000000e+00
0.000000000000000000e+00
0.000000000000000000e+00
0.000000000000000000e+00
0.000000000000000000e+00
0.000000000000000000e+00
0.000000000000000000e+00
0.000000000000000000e+00
0.000000000000000000e+00
6.589473684210526150e-01
2.933659751043846131e-02
2.935762701129038255e-02
2.711481728730427698e-02
3.617322228019534402e-02
5.628494152922303151e-02
2.995783122561865297e-02
7.610631278465871397e-01
8.817219967119263035e-01
5.914771192437151548e-01
4.088310275607964783e-01
6.648060627396232825e-01
7.745835856147091913e-01
8.479104139285345010e-01
7.150621153698923926e-01
3.701072448768707446e-01
6.236213995750530259e-01
8.643679656811045220e-01
7.967418175407336989e-01
9.261746972477629125e-01
7.343354498368679373e-01
8.686699269305675486e-01
9.133912954356389058e-01
8.195646801507809887e-01
8.375868698007722379e-01
8.168746021056598750e-01
8.170473968810461063e-01
9.679800142845453870e-01
8.853798848324382492e-03
8.848011090831858771e-03
7.625865800201882955e-03
1.206787281789766658e-02
2.821609135396409285e-02
9.061772945980400840e-03
7.279952685191691808e-01
8.575828024841359865e-01
5.489813461501585889e-01
3.825711637275830412e-01
6.174290350184459264e-01
7.348213659960020072e-01
8.202046524103367986e-01
6.840347875490384588e-01
3.496220548120718696e-01
5.953958604352023176e-01
8.401223035724196819e-01
7.673419714240056200e-01
9.087436847396153095e-01
7.062523860932601316e-01
8.376205490326708025e-01
8.945961712434560287e-01
7.858840539044565920e-01
8.075801833743059266e-01
7.876072828294212735e-01
7.824409307200895780e-01
9.589575648977970435e-01
7.404103479036577840e-02
7.685393258426967411e-02
7.259528130671508150e-02
8.305647840531560355e-02
1.250000000000000000e-01
7.561787018150031847e-02
2.346005808707420925e-01
9.397063417681974506e-01
2.169886046269464686e-02
4.261915690487128039e-02
2.452684245787590811e-01
3.504761904761899416e-01
8.764044943820223921e-01
1.117685733070361565e-02
6.460002342073600801e-02
1.139001349527664075e-01
1.229779148308587367e-01
7.885375494071134028e-02
8.188520088865054447e-01
1.864406779661020863e-01
9.881575928368429018e-01
9.082802547770700841e-01
2.881072026800666208e-01
6.305114638447939512e-02
7.074448185559294444e-01
7.410327158060692199e-02
6.893552875695733162e-01
