4.322354992478738556e-02
4.373876613945198999e-02
4.098257967732493734e-02
5.276445063374846089e-02
7.045511488914202314e-02
4.421920455524436244e-02
2.945864366962425152e-01
9.808541870229994242e-01
2.726495694819464077e-02
3.026623994058930123e-02
1.529487990209954518e-01
4.309986331547062122e-01
7.968237338835342243e-01
9.106729429983850821e-02
5.634971674631694682e-02
9.069544422221298419e-02
5.053425848518919850e-01
1.069253271450745224e-01
9.286926856931048135e-01
1.413385050009949850e-01
9.184865837074183137e-01
8.570853698276277299e-01
2.310946036317895746e-01
1.567115361740105683e-01
7.221839914241714453e-01
4.471680206835593197e-01
8.398673299616823407e-01
1.448733208637986714e-02
1.192431509099271120e-02
8.968100805993868552e-03
1.263314342333415885e-02
4.237288135593220151e-02
1.257674689378317917e-02
1.762177650429799236e-01
1.119766309639729229e-01
5.375420875420876543e-01
3.059772296015179638e-01
1.260571845035107774e-01
6.005441880089201767e-02
3.459723921020443349e-01
2.344497607655504634e-01
7.566144708423322429e-02
1.992444811710543107e-01
3.137887753272368130e-01
4.423785863119091832e-01
3.236009732360095592e-02
4.500000000000001776e-01
1.000000000000000000e+00
2.597402597402598268e-01
2.802982566687670651e-01
3.796527318091551528e-01
4.767195767195768763e-01
2.711640211640210518e-01
0.000000000000000000e+00
8.125000000000000000e-01
7.867647058823529216e-01
8.644067796610169774e-01
9.000000000000000222e-01
1.000000000000000000e+00
8.763943024307898622e-01
0.000000000000000000e+00
0.000000000000000000e+00
0.000000000000000000e+00
0.000000000000000000e+00
0.000000000000000000e+00
0.000000000000000000e+00
0.000000000000000000e+00
0.000000000000000000e+00
0.000000000000000000e+00
0.000000000000000000e+00
7.605633802816901268e-01
0.000000000000000000e+00
0.000000000000000000e+00
0.000000000000000000e+00
0.000000000000000000e+00
0.000000000000000000e+00
0.000000000000000000e+00
0.000000000000000000e+00
0.000000000000000000e+00
0.000000000000000000e+00
8.025641025641025994e-01
2.314691658935866259e-02
2.330385512521371272e-02
2.108876788671859570e-02
2.862733912245465917e-02
5.116828850868859746e-02
2.359145420881658683e-02
8.013123671291983996e-01
9.247996233222959273e-01
6.779729746285139136e-01
4.029024428529108803e-01
6.840376732384854108e-01
7.565315417581157664e-01
8.705877062365401375e-01
8.026891132163904707e-01
4.528214158419583413e-01
6.591745643095539009e-01
8.046182343306842455e-01
8.052205150442768300e-01
9.383247204868447877e-01
7.666443957109847496e-01
9.044754946498962944e-01
9.149331615389066918e-01
8.723468441924981942e-01
7.845291589028122736e-01
9.289938699468680561e-01
8.410327700244810689e-01
9.562520456433558635e-01
6.882694483104963984e-03
6.921943530474365669e-03
5.837191940717363636e-03
9.401110345214069852e-03
2.551272252285412268e-02
7.028047299074753618e-03
7.723606113391615624e-01
9.087022591418670858e-01
6.395760799576309941e-01
3.767638511861139961e-01
6.380869861962350509e-01
7.145859294888384783e-01
8.463825043386059566e-01
7.785706945158767933e-01
4.310492392772369286e-01
6.321580849809216307e-01
7.721059855082685885e-01
7.767472381386771874e-01
9.235714348667560802e-01
7.408913507831251799e-01
8.809604648803878169e-01
8.964414781182017400e-01
8.469841070642148972e-01
7.472415410187520646e-01
9.160879887664422627e-01
8.100805407007428682e-01
9.440742955447358753e-01
7.225691347011597987e-02
7.280898876404492959e-02
6.896551724137930939e-02
7.973421926910295721e-02
1.250000000000000000e-01
7.335227216836451292e-02
2.716222030981052526e-01
9.593855218855218414e-01
6.920581521086122123e-02
3.580290677064867921e-02
2.452684245787590811e-01
3.504761904761899416e-01
7.555555555555564240e-01
5.685618729096963975e-02
6.460002342073600801e-02
1.375488917861797944e-01
0.000000000000000000e+00
1.244652406417112722e-01
8.188520088865054447e-01
1.333333333333337478e-01
9.284058413167670665e-01
7.750000000000003553e-01
2.394404454705965080e-01
1.604938271604936517e-01
5.740740740740735149e-01
2.276029055690065306e-01
7.018327067669172248e-01
