2.436875266474010024e-02
7.587285044293874681e-02
9.193550934040733980e-02
9.510161542470001173e-02
5.074612724430319771e-02
7.030176701880690160e-02
8.002618443662547210e-02
4.247230215012331306e-02
7.048397147407042818e-02
1.022137476905585207e-01
6.625076981382349572e-02
6.571083424131871076e-02
4.888699396255400537e-02
1.093928053092387276e-01
8.548486427590099024e-02
9.278033066464499989e-02
9.951980844017381533e-02
7.230429809898243632e-02
1.310981098109810228e-01
8.138708607702849207e-02
8.534274480079551140e-02
8.266616135297699328e-03
1.150446623609727714e-01
5.740774077407692633e-02
9.985735415646780633e-02
1.720877350892979774e-01
1.066336633663362149e-01
7.832783278327823395e-02
2.252943829852091517e-02
4.879387938793855461e-02
1.245364536453643645e-01
6.512936612220740495e-02
9.242503197688149708e-02
7.797621867449866517e-02
5.467008239285429255e-02
9.344355488180350333e-02
8.486124401913877624e-02
1.014761476147613140e-01
1.313183949973943110e-01
8.196000521104694625e-02
6.186934482921949835e-02
1.138888625704670837e-01
1.166327159031690062e-02
7.079377110643395032e-02
6.105065051959692596e-02
7.395739573957356428e-02
7.657871050262900214e-02
8.868044699206735493e-02
6.312741113928302394e-02
6.722014306693793739e-02
3.407124923018617357e-02
1.018056461516596151e-01
1.036349788825031704e-01
5.620825240418750313e-02
9.020902090208986202e-02
4.923384682965890879e-02
9.529110805817399277e-02
7.911380611745380542e-02
9.704391491780749168e-02
5.182623525510440116e-02
1.071825603612986538e-01
7.328176426665193588e-02
7.166611397981881293e-02
2.373868965843950116e-02
4.810744232317960140e-02
1.509031046645333274e-01
1.297261582113888312e-01
1.610416680765818787e-01
1.025723624994075989e-01
1.342805709142340653e-01
8.152360690614510186e-02
8.653778421320366954e-02
9.800774335806768101e-02
1.653335070349140068e-01
1.223762376237619021e-01
6.608555592401332834e-02
1.853001089582639871e-01
1.668719503529300097e-01
1.396333317542279850e-01
1.390639063906390083e-01
2.556345634563453872e-01
1.823866597186030170e-01
1.992988772561459995e-02
1.293453029513477182e-01
1.802443402234958081e-01
2.043846872725550434e-01
4.537751257963323903e-02
1.020972097209720680e-01
1.516229818470567203e-01
1.480348034803479484e-01
1.181773177317731460e-01
2.135847268937419163e-01
1.180775972334074941e-01
1.200883724736107605e-01
1.081051526205250163e-01
1.839262873655785058e-01
2.495831201561403978e-01
2.434199306463531998e-01
2.575227862732836770e-01
2.494741629242225867e-01
7.552193129977119446e-02
2.157173920252400123e-01
1.537512257746657673e-01
2.374963088588964988e-01
2.076013721570316994e-01
5.238025306621309912e-02
3.264610997152885830e-01
1.500206072262671997e-01
2.774075412694884668e-01
3.194129546025171185e-01
6.117740690034149942e-02
2.276553713801156009e-01
1.648620210662172236e-01
2.096252327195377851e-01
1.764417844781288047e-01
7.433760795107320629e-02
2.436875266474010024e-02
7.587285044293874681e-02
9.193550934040733980e-02
9.510161542470001173e-02
5.074612724430319771e-02
7.030176701880690160e-02
8.002618443662547210e-02
4.247230215012331306e-02
7.048397147407042818e-02
1.022137476905585207e-01
6.625076981382349572e-02
6.571083424131871076e-02
4.888699396255400537e-02
1.093928053092387276e-01
8.548486427590099024e-02
9.278033066464499989e-02
9.951980844017381533e-02
7.230429809898243632e-02
1.310981098109810228e-01
8.138708607702849207e-02
8.534274480079551140e-02
8.266616135297699328e-03
1.150446623609727714e-01
5.740774077407692633e-02
9.985735415646780633e-02
1.720877350892979774e-01
1.066336633663362149e-01
7.832783278327823395e-02
2.252943829852091517e-02
4.879387938793855461e-02
1.245364536453643645e-01
6.512936612220740495e-02
9.242503197688149708e-02
7.797621867449866517e-02
5.467008239285429255e-02
9.344355488180350333e-02
8.486124401913877624e-02
1.014761476147613140e-01
1.313183949973943110e-01
8.196000521104694625e-02
6.186934482921949835e-02
1.138888625704670837e-01
1.166327159031690062e-02
7.079377110643395032e-02
6.105065051959692596e-02
7.395739573957356428e-02
7.657871050262900214e-02
8.868044699206735493e-02
6.312741113928302394e-02
6.722014306693793739e-02
3.407124923018617357e-02
1.018056461516596151e-01
1.036349788825031704e-01
5.620825240418750313e-02
9.020902090208986202e-02
4.923384682965890879e-02
9.529110805817399277e-02
7.911380611745380542e-02
9.704391491780749168e-02
5.182623525510440116e-02
1.071825603612986538e-01
7.328176426665193588e-02
7.166611397981881293e-02
2.373868965843950116e-02
7.552193129977119446e-02
2.157173920252400123e-01
1.537512257746657673e-01
2.374963088588964988e-01
2.076013721570316994e-01
5.238025306621309912e-02
3.264610997152885830e-01
1.500206072262671997e-01
2.774075412694884668e-01
3.194129546025171185e-01
6.117740690034149942e-02
2.276553713801156009e-01
1.648620210662172236e-01
2.096252327195377851e-01
1.764417844781288047e-01
7.433760795107320629e-02
6.330475152778429482e-02
2.040190485213932425e-01
2.886446539390780108e-01
1.621324811907027819e-01
1.651486690896751264e-01
5.240892510303660212e-02
2.919199156757779079e-01
2.186050791313948194e-01
1.591145956700932285e-01
3.131624167201406683e-01
6.169880145909319852e-02
2.084383438343832828e-01
2.337881156536706639e-01
1.509664124307167343e-01
2.052419429585978228e-01
6.309630963096299339e-02
6.844980079492529734e-02
1.681141388444942208e-01
1.629974501276711674e-01
2.381416886199228256e-01
1.561977550084407418e-01
6.650749210048839677e-02
3.327060540117871001e-01
1.557697523319545585e-01
3.426174076216513820e-01
2.588395502284902006e-01
7.509628640052300186e-02
1.758878956269629978e-01
2.459216900755777091e-01
2.752350473453891722e-01
1.627559939172575909e-01
6.849243683943739835e-02
6.194572879557339734e-02
1.829052984364986645e-01
1.873720912605167932e-01
2.569027652405198592e-01
1.929550708709162621e-01
5.851587963313870100e-02
2.399209808231637930e-01
1.763719396649736093e-01
3.712579156990965523e-01
2.272017357689682382e-01
6.568824376563320300e-02
1.641238755645100245e-01
2.069340954854185233e-01
1.861105997769380016e-01
2.012918607229982615e-01
6.266107026453419937e-02
5.889514749842480329e-02
1.859212341620067876e-01
3.333740748285463074e-01
2.173901153208261938e-01
2.240586281313563521e-01
5.689597180309539926e-02
2.658050945818546396e-01
2.058092950615938166e-01
1.945501144078032041e-01
2.055136033957562225e-01
6.596332317954199664e-02
1.879874851872179453e-01
2.537531918119068086e-01
1.838344030261406248e-01
2.313565668959414456e-01
5.924097646941779705e-02
6.538567219048159462e-02
2.426411171614544782e-01
2.425390599092310806e-01
2.247283097884274217e-01
2.270782783062138266e-01
6.320172820556549387e-02
2.670515019154908742e-01
2.264371596681647725e-01
3.065539637872716217e-01
2.910740961819668349e-01
7.104687189107750100e-02
2.451794404575434461e-01
1.659607932311946699e-01
2.576359082711942028e-01
1.468045587901338211e-01
6.553253176430459681e-02
2.436875266473994758e-02
7.587285044293799741e-02
9.193550934040689571e-02
9.510161542469908191e-02
5.074612724430259403e-02
7.030176701880662404e-02
8.002618443662530556e-02
4.247230215012288285e-02
7.048397147406984531e-02
1.022137476905579656e-01
6.625076981382260755e-02
6.571083424131725359e-02
4.888699396255369312e-02
1.093928053092387831e-01
8.548486427590121228e-02
9.278033066464504153e-02
9.951980844017381533e-02
7.230429809898178406e-02
1.310981098109809950e-01
8.138708607702795084e-02
8.534274480079569181e-02
8.266616135297511977e-03
1.150446623609711616e-01
5.740774077407662795e-02
9.985735415646822266e-02
1.720877350892965341e-01
1.066336633663356320e-01
7.832783278327699883e-02
2.252943829852015883e-02
4.879387938793783991e-02
1.245364536453638787e-01
6.512936612220733557e-02
9.242503197688065053e-02
7.797621867449794353e-02
5.467008239285427867e-02
9.344355488180387803e-02
8.486124401913788806e-02
1.014761476147609393e-01
1.313183949973938391e-01
8.196000521104666869e-02
6.186934482921831874e-02
1.138888625704666951e-01
1.166327159031679134e-02
7.079377110643343685e-02
6.105065051959628758e-02
7.395739573957327284e-02
7.657871050262810009e-02
8.868044699206750758e-02
6.312741113928314884e-02
6.722014306693756269e-02
3.407124923018527846e-02
1.018056461516588379e-01
1.036349788825033508e-01
5.620825240418679536e-02
9.020902090208862689e-02
4.923384682965832593e-02
9.529110805817406216e-02
7.911380611745297275e-02
9.704391491780622880e-02
5.182623525510356849e-02
1.071825603612983069e-01
7.328176426665136689e-02
7.166611397981886844e-02
2.373868965843944911e-02
