2.377996912510629834e-02
7.250788340861108461e-02
9.791751992690800321e-02
8.210201316908699587e-02
4.529157871522600243e-02
7.415855413082950154e-02
7.960223513608698231e-02
3.988806138816472502e-02
6.822139770692101091e-02
1.062115245266370550e-01
6.629044453545872295e-02
6.104281528622272635e-02
4.145357039090676737e-02
1.092570263295822713e-01
8.232254812387750087e-02
8.648120727135250041e-02
9.244825304810794231e-02
7.404168560716826997e-02
1.282190227150998285e-01
7.696669922182650114e-02
8.745786207113800947e-02
8.588261239406400765e-03
1.295723372154485020e-01
6.012286947481135929e-02
1.108240656143998776e-01
1.884949491767165808e-01
1.134576730411768347e-01
8.338881712751433639e-02
2.116560257409464199e-02
4.776787120758640981e-02
1.402507797485901542e-01
5.811543761265073466e-02
9.454648561797000805e-02
8.031673020173667188e-02
5.179227061335353599e-02
9.571217037900500713e-02
8.448857943984089403e-02
1.138168299675493544e-01
1.448518060700853261e-01
8.893899058000687141e-02
6.237988721212299470e-02
1.232172899404552491e-01
1.120947670205720004e-02
7.164325545598969336e-02
6.099137622404033482e-02
7.558257983890429021e-02
7.983365363410099835e-02
8.739345186211984473e-02
5.619230648057708249e-02
6.067105636243302208e-02
3.174821209161619168e-02
9.434485365930439515e-02
9.636456609141776097e-02
5.645694842632550253e-02
9.861413033965840680e-02
4.705528553548442294e-02
9.230963107652549737e-02
8.527351585226249087e-02
1.008789893198070026e-01
5.257553322201560103e-02
9.498335486174523667e-02
7.154063919131178895e-02
6.831374772901473158e-02
2.151160959011999899e-02
4.529157871522630080e-02
1.464492440233591819e-01
1.269153792455050000e-01
1.444999032346624690e-01
9.786711193724199898e-02
1.386129701557693716e-01
8.399374482673677145e-02
8.082318438776876779e-02
9.426351349416121905e-02
1.755733908824544942e-01
1.251302731482940300e-01
5.864323745313622382e-02
1.874547115717839774e-01
1.592892473457040159e-01
1.314514350524557673e-01
1.438202955168390029e-01
2.684698024636905656e-01
1.883368513909449982e-01
1.979773794146370142e-02
1.414550581267128571e-01
1.985374681887074055e-01
2.246968217189695416e-01
4.245585534002778438e-02
9.826533505560608450e-02
1.516800412865439429e-01
1.518834735305541472e-01
1.224545540468163912e-01
2.350373334173463946e-01
1.188368356384485042e-01
1.142772038459003714e-01
9.601671864990574123e-02
1.747266941810274865e-01
2.406384091438940886e-01
2.512932636871719749e-01
2.665477893224620920e-01
2.415205378464717889e-01
7.241692185550639704e-02
2.106284576512544027e-01
1.522886052487957276e-01
2.233153219253303512e-01
2.007005091174876854e-01
5.574458432573430045e-02
3.536917318815920863e-01
1.522248686250045058e-01
2.809178792306305517e-01
3.435526487131340678e-01
6.269454210930899829e-02
2.301866344057564018e-01
1.498932804239471173e-01
2.082860761407885619e-01
1.812304741872620417e-01
6.909001550035910599e-02
2.377996912510629834e-02
7.250788340861108461e-02
9.791751992690800321e-02
8.210201316908699587e-02
4.529157871522600243e-02
7.415855413082950154e-02
7.960223513608698231e-02
3.988806138816472502e-02
6.822139770692101091e-02
1.062115245266370550e-01
6.629044453545872295e-02
6.104281528622272635e-02
4.145357039090676737e-02
1.092570263295822713e-01
8.232254812387750087e-02
8.648120727135250041e-02
9.244825304810794231e-02
7.404168560716826997e-02
1.282190227150998285e-01
7.696669922182650114e-02
8.745786207113800947e-02
8.588261239406400765e-03
1.295723372154485020e-01
6.012286947481135929e-02
1.108240656143998776e-01
1.884949491767165808e-01
1.134576730411768347e-01
8.338881712751433639e-02
2.116560257409464199e-02
4.776787120758640981e-02
1.402507797485901542e-01
5.811543761265073466e-02
9.454648561797000805e-02
8.031673020173667188e-02
5.179227061335353599e-02
9.571217037900500713e-02
8.448857943984089403e-02
1.138168299675493544e-01
1.448518060700853261e-01
8.893899058000687141e-02
6.237988721212299470e-02
1.232172899404552491e-01
1.120947670205720004e-02
7.164325545598969336e-02
6.099137622404033482e-02
7.558257983890429021e-02
7.983365363410099835e-02
8.739345186211984473e-02
5.619230648057708249e-02
6.067105636243302208e-02
3.174821209161619168e-02
9.434485365930439515e-02
9.636456609141776097e-02
5.645694842632550253e-02
9.861413033965840680e-02
4.705528553548442294e-02
9.230963107652549737e-02
8.527351585226249087e-02
1.008789893198070026e-01
5.257553322201560103e-02
9.498335486174523667e-02
7.154063919131178895e-02
6.831374772901473158e-02
2.151160959011999899e-02
7.241692185550639704e-02
2.106284576512544027e-01
1.522886052487957276e-01
2.233153219253303512e-01
2.007005091174876854e-01
5.574458432573430045e-02
3.536917318815920863e-01
1.522248686250045058e-01
2.809178792306305517e-01
3.435526487131340678e-01
6.269454210930899829e-02
2.301866344057564018e-01
1.498932804239471173e-01
2.082860761407885619e-01
1.812304741872620417e-01
6.909001550035910599e-02
5.880722094451969889e-02
2.059904494862433988e-01
2.895939006332499677e-01
1.476667688192215000e-01
1.666986356872445507e-01
5.505182571437570310e-02
3.121924325005511758e-01
2.152258786863869844e-01
1.601713871648655085e-01
3.357584540786077154e-01
6.401814687627989386e-02
2.138729088560536729e-01
2.154132930069415641e-01
1.512712264893985026e-01
2.085373053368087537e-01
5.947512680759899778e-02
6.422648452464960189e-02
1.687976587632550596e-01
1.606747073167656414e-01
2.217077647123516793e-01
1.571786704867566831e-01
7.120803508418180328e-02
3.467687533729088001e-01
1.563191145150720218e-01
3.393994011064087046e-01
2.731946952130437367e-01
8.240498034076010336e-02
1.742747836422387786e-01
2.277939949958297239e-01
2.752980963990137031e-01
1.628503377356586013e-01
6.487549148099600038e-02
5.740912270089409963e-02
1.854750984257041158e-01
1.863102776885124101e-01
2.367114558755547549e-01
1.949567571011398270e-01
6.223574853657459771e-02
2.551120016634846333e-01
1.752707888319690044e-01
3.669644785313673219e-01
2.438335759248405898e-01
6.950089160255319698e-02
1.687058784790333998e-01
1.901994126847274813e-01
1.834693916129048752e-01
2.063411716411342189e-01
5.818415530897329963e-02
5.492054290431119812e-02
1.873840419290380699e-01
3.362410891692183545e-01
1.956760583873032033e-01
2.234616966504402169e-01
6.127206966515860026e-02
2.823047808681261039e-01
2.053387270901857742e-01
1.972564933019115008e-01
2.155829006565763983e-01
6.914216582021649737e-02
1.936723574762160838e-01
2.309737747476399983e-01
1.840271306234986803e-01
2.366304600617968046e-01
5.544353568323019676e-02
6.124094996250809692e-02
2.424874449436359436e-01
2.386417224844202267e-01
2.113330098739137630e-01
2.247373706186187314e-01
6.652762112400040229e-02
2.855474550674958478e-01
2.291424934760513399e-01
3.047822635018052062e-01
3.158866883846563334e-01
7.671029168058170200e-02
2.398253717102566129e-01
1.557646139595842416e-01
2.555119375429262818e-01
1.466169593418825134e-01
6.198448655017919917e-02
2.377996912510608324e-02
7.250788340861025194e-02
9.791751992690719830e-02
8.210201316908689873e-02
4.529157871522590528e-02
7.415855413082930725e-02
7.960223513608717660e-02
3.988806138816383684e-02
6.822139770692084437e-02
1.062115245266372909e-01
6.629044453545804294e-02
6.104281528622150510e-02
4.145357039090659390e-02
1.092570263295822436e-01
8.232254812387679310e-02
8.648120727135241714e-02
9.244825304810724842e-02
7.404168560716753444e-02
1.282190227150994954e-01
7.696669922182591828e-02
8.745786207113706578e-02
8.588261239406216885e-03
1.295723372154469755e-01
6.012286947481127602e-02
1.108240656143994335e-01
1.884949491767159147e-01
1.134576730411770984e-01
8.338881712751371189e-02
2.116560257409451362e-02
4.776787120758602817e-02
1.402507797485894325e-01
5.811543761265010322e-02
9.454648561796905049e-02
8.031673020173614452e-02
5.179227061335191229e-02
9.571217037900470181e-02
8.448857943984035279e-02
1.138168299675487161e-01
1.448518060700841048e-01
8.893899058000576119e-02
6.237988721212221754e-02
1.232172899404545136e-01
1.120947670205707167e-02
7.164325545598852762e-02
6.099137622403913439e-02
7.558257983890345755e-02
7.983365363410077631e-02
8.739345186211955330e-02
5.619230648057620126e-02
6.067105636243273759e-02
3.174821209161653168e-02
9.434485365930393719e-02
9.636456609141774710e-02
5.645694842632503069e-02
9.861413033965782393e-02
4.705528553548431192e-02
9.230963107652455368e-02
8.527351585226219943e-02
1.008789893198065724e-01
5.257553322201496265e-02
9.498335486174482034e-02
7.154063919131151139e-02
6.831374772901446790e-02
2.151160959011984633e-02
