1.999810219670729999e-02
7.015941547658557931e-02
7.164207429899867308e-02
8.374057028988900198e-02
4.697063149404560184e-02
8.170043175024876980e-02
8.481886761528054097e-02
3.876366366799963853e-02
6.740121386418282401e-02
1.116904682829624046e-01
5.846420268539123666e-02
6.116382786924080828e-02
4.469590338072543939e-02
1.220460044770905056e-01
7.081178535844749600e-02
8.101247805664900381e-02
9.238204505557529034e-02
9.360575847741908762e-02
1.413033164112539597e-01
8.860369122740399672e-02
1.122076196802199999e-01
1.295250747260040004e-02
1.430996399445418621e-01
6.923186411728392275e-02
1.106208452604997422e-01
2.092026206938193966e-01
1.164231152441045775e-01
7.178968122176353217e-02
2.130593620492966453e-02
4.692081415761205354e-02
1.281871234046588759e-01
6.767291859672418253e-02
7.567490629596200502e-02
8.081479021366066995e-02
5.394870821639300568e-02
8.990843099112749703e-02
8.683019405038640282e-02
1.398159130806091721e-01
1.318861652930847228e-01
8.025780471604086752e-02
5.586658442852349832e-02
1.106609099966787690e-01
9.631351710395200799e-03
6.568263306651100919e-02
5.064546877897888738e-02
7.752526450633333288e-02
5.871328936755700056e-02
9.023000321572210991e-02
5.462579238444511404e-02
5.990416093371914164e-02
3.611045215163390110e-02
8.145955671694575517e-02
1.083134733084912676e-01
6.820230583100049537e-02
1.010448461461413566e-01
4.836810482775243114e-02
7.721687147127200002e-02
8.282962470939871091e-02
8.018218911609800714e-02
4.630640034160440205e-02
9.110246556277772079e-02
8.344686263744917343e-02
6.540779048251631200e-02
2.578640223940779908e-02
4.578450443611509907e-02
1.465007095196401432e-01
1.180109023804943036e-01
1.412168985827473022e-01
9.327703183565000389e-02
1.394631250042360771e-01
8.045499833942196255e-02
7.977993733123447950e-02
9.500877734022863952e-02
1.713612587180335101e-01
1.265645015894100722e-01
5.664409071499727777e-02
1.923898087963180070e-01
1.594154765858514788e-01
1.285002609479524716e-01
1.396071547184130068e-01
2.694904398159128078e-01
1.923898087963180070e-01
2.258385918299559911e-02
1.505758646866252604e-01
2.007849525285591019e-01
2.258489434842806121e-01
4.552149365370446177e-02
9.952080466859579422e-02
1.475903546406935885e-01
1.542993152093116438e-01
1.223051193243819834e-01
2.480239123214877661e-01
1.240688902595245002e-01
1.032577518794718374e-01
9.272350587528238597e-02
1.698533946956394813e-01
2.345810797988424068e-01
2.729148875604895941e-01
2.509962994591516949e-01
2.415077331815161932e-01
6.445261534811999593e-02
2.216581662910684092e-01
1.506938678685801614e-01
2.222433084252558311e-01
2.249258688174591292e-01
6.865140552722090450e-02
3.577155734788280972e-01
1.517257739295456154e-01
2.595128621962362048e-01
3.468200687937371129e-01
5.614992290357009863e-02
2.088482979480487944e-01
1.443631747035847845e-01
2.274641205076500805e-01
1.582601007105810254e-01
7.489028584983979664e-02
1.999810219670729999e-02
7.015941547658557931e-02
7.164207429899867308e-02
8.374057028988900198e-02
4.697063149404560184e-02
8.170043175024876980e-02
8.481886761528054097e-02
3.876366366799963853e-02
6.740121386418282401e-02
1.116904682829624046e-01
5.846420268539123666e-02
6.116382786924080828e-02
4.469590338072543939e-02
1.220460044770905056e-01
7.081178535844749600e-02
8.101247805664900381e-02
9.238204505557529034e-02
9.360575847741908762e-02
1.413033164112539597e-01
8.860369122740399672e-02
1.122076196802199999e-01
1.295250747260040004e-02
1.430996399445418621e-01
6.923186411728392275e-02
1.106208452604997422e-01
2.092026206938193966e-01
1.164231152441045775e-01
7.178968122176353217e-02
2.130593620492966453e-02
4.692081415761205354e-02
1.281871234046588759e-01
6.767291859672418253e-02
7.567490629596200502e-02
8.081479021366066995e-02
5.394870821639300568e-02
8.990843099112749703e-02
8.683019405038640282e-02
1.398159130806091721e-01
1.318861652930847228e-01
8.025780471604086752e-02
5.586658442852349832e-02
1.106609099966787690e-01
9.631351710395200799e-03
6.568263306651100919e-02
5.064546877897888738e-02
7.752526450633333288e-02
5.871328936755700056e-02
9.023000321572210991e-02
5.462579238444511404e-02
5.990416093371914164e-02
3.611045215163390110e-02
8.145955671694575517e-02
1.083134733084912676e-01
6.820230583100049537e-02
1.010448461461413566e-01
4.836810482775243114e-02
7.721687147127200002e-02
8.282962470939871091e-02
8.018218911609800714e-02
4.630640034160440205e-02
9.110246556277772079e-02
8.344686263744917343e-02
6.540779048251631200e-02
2.578640223940779908e-02
6.445261534811999593e-02
2.216581662910684092e-01
1.506938678685801614e-01
2.222433084252558311e-01
2.249258688174591292e-01
6.865140552722090450e-02
3.577155734788280972e-01
1.517257739295456154e-01
2.595128621962362048e-01
3.468200687937371129e-01
5.614992290357009863e-02
2.088482979480487944e-01
1.443631747035847845e-01
2.274641205076500805e-01
1.582601007105810254e-01
7.489028584983979664e-02
5.624614508706170246e-02
2.181683035220064459e-01
2.566778953361480431e-01
1.448584626930690400e-01
1.817615586702577557e-01
6.542676851544329542e-02
3.219623286046400246e-01
2.291843825387496758e-01
1.439365184798594988e-01
3.495063554844354825e-01
5.608008729895139904e-02
2.026664136262276428e-01
2.087899922506364081e-01
1.622621815248847521e-01
1.952860216473342458e-01
6.070598282488019748e-02
6.277133300120979476e-02
1.708818309060282647e-01
1.525069390078997722e-01
2.136049844398004161e-01
1.630935810246061934e-01
8.701634521860840410e-02
3.530276960261008456e-01
1.629317604915425377e-01
3.200650517794598748e-01
2.841596521761634575e-01
6.972220245296889551e-02
1.708862577053263387e-01
2.170577743846549834e-01
2.869740749606948804e-01
1.606291367162477890e-01
6.533342822574900177e-02
5.368665780983099961e-02
1.936368812436377873e-01
1.733013854621369976e-01
2.336026328956673503e-01
2.068347883848926094e-01
7.385177453027140515e-02
2.582567849686845385e-01
1.907382805086353939e-01
3.472519367138836022e-01
2.433194154488517169e-01
6.127823116340860160e-02
1.598546581036983105e-01
1.797222474357809130e-01
2.043624434021091563e-01
1.952607143108185672e-01
5.731637881951030106e-02
5.195606272686290050e-02
1.971114432503248137e-01
3.062766403327719100e-01
1.938107798585602115e-01
2.327433189334448538e-01
7.283338473583070294e-02
2.918633800700654035e-01
2.224792347090748523e-01
1.859742354867023884e-01
2.167653199212352388e-01
6.120851225356450237e-02
1.818981869039993648e-01
2.233873454959547922e-01
2.026398824277127753e-01
2.226055242946892720e-01
5.492159142131849969e-02
6.002372479240800085e-02
2.522081003219790452e-01
2.184398576512454893e-01
2.043938315539736705e-01
2.378356518925914265e-01
7.855278766310790084e-02
2.962633451957291664e-01
2.433248601931875255e-01
2.780130486358241559e-01
3.295247133254246563e-01
6.600237247924080342e-02
2.318786289567331960e-01
1.491182285488333314e-01
2.739224990114667024e-01
1.411640454597634653e-01
6.227758007117430161e-02
1.999810219670714387e-02
7.015941547658507971e-02
7.164207429899779878e-02
8.374057028988846074e-02
4.697063149404558796e-02
8.170043175024876980e-02
8.481886761528055485e-02
3.876366366799989527e-02
6.740121386418269911e-02
1.116904682829623352e-01
5.846420268539067461e-02
6.116382786924067644e-02
4.469590338072552960e-02
1.220460044770891872e-01
7.081178535844752375e-02
8.101247805664885115e-02
9.238204505557444379e-02
9.360575847741840760e-02
1.413033164112525719e-01
8.860369122740406611e-02
1.122076196802195558e-01
1.295250747260024739e-02
1.430996399445410294e-01
6.923186411728408929e-02
1.106208452604985626e-01
2.092026206938191468e-01
1.164231152441034256e-01
7.178968122176249134e-02
2.130593620492914064e-02
4.692081415761158864e-02
1.281871234046584596e-01
6.767291859672401599e-02
7.567490629596212992e-02
8.081479021366021198e-02
5.394870821639316527e-02
8.990843099112760806e-02
8.683019405038658323e-02
1.398159130806081729e-01
1.318861652930845563e-01
8.025780471604028465e-02
5.586658442852368567e-02
1.106609099966772564e-01
9.631351710394954468e-03
6.568263306651092592e-02
5.064546877897819349e-02
7.752526450633272226e-02
5.871328936755682709e-02
9.023000321572151317e-02
5.462579238444490587e-02
5.990416093371787182e-02
3.611045215163338068e-02
8.145955671694479761e-02
1.083134733084910456e-01
6.820230583099999577e-02
1.010448461461398301e-01
4.836810482775186909e-02
7.721687147127169470e-02
8.282962470939865540e-02
8.018218911609771571e-02
4.630640034160414531e-02
9.110246556277751262e-02
8.344686263744947874e-02
6.540779048251647854e-02
2.578640223940774009e-02
