2.333959899749369835e-02
7.179027113237609892e-02
9.106098579782734292e-02
9.069548872180449584e-02
5.576441102756880125e-02
8.333333333333310666e-02
8.295454545454515605e-02
4.040808543096859745e-02
7.637362637362588025e-02
1.062813283208015325e-01
6.355145676691703605e-02
6.321428571428563958e-02
4.942216652742935368e-02
1.147257347915237730e-01
7.487468671679151089e-02
8.192355889724299567e-02
9.868278651173358063e-02
9.008458646616490650e-02
1.433928571428570442e-01
8.302005012531299410e-02
9.774436090225549489e-02
9.523809523809500382e-03
1.386556669451401991e-01
5.999999999999954675e-02
1.080792258423834556e-01
1.891660970608335102e-01
1.178571428571428548e-01
7.290448343079881932e-02
2.193935926773421530e-02
4.142857142857108571e-02
1.141071428571428792e-01
6.603680253264715416e-02
8.615288220551350906e-02
8.187134502923934520e-02
4.908424908424885436e-02
9.382832080200499691e-02
8.631829573934832189e-02
1.214285714285714274e-01
1.320064868052480411e-01
7.447916666666630492e-02
5.513784461152849981e-02
1.121052631578947634e-01
1.074561403508770066e-02
7.327470461868926255e-02
5.974025974025952423e-02
6.666666666666616614e-02
7.440476190476150165e-02
8.822055137844571349e-02
6.073607932875647181e-02
7.559837092731801211e-02
3.253132832080152248e-02
8.202718334297258440e-02
1.113553113553111262e-01
5.686090225563899397e-02
9.132205513784408257e-02
4.334415584415580308e-02
8.302005012531299410e-02
7.825396825396811751e-02
8.427318295739300025e-02
4.786967418546359682e-02
9.376566416040037211e-02
8.059285117555779754e-02
6.421052631578935688e-02
2.409147869674179918e-02
4.743107769423549752e-02
1.464314194577350237e-01
1.300191267642789583e-01
1.479591836734693022e-01
1.036340852130323981e-01
1.485298066595057698e-01
8.011363636363626195e-02
8.279938977879465478e-02
9.619360902255641443e-02
1.611705043859646136e-01
1.223214285714284283e-01
6.001879699248113820e-02
1.901629072681700061e-01
1.578947368421049768e-01
1.316060985797824490e-01
1.522556390977439778e-01
2.574999999999999512e-01
1.820175438596489947e-01
2.026942355889720104e-02
1.491110588972428541e-01
1.887705374547477832e-01
2.146092503987239719e-01
4.375476735316526089e-02
8.928571428571427382e-02
1.536176751402315854e-01
1.444444444444441811e-01
1.185714285714284250e-01
2.314035087719298611e-01
1.119987468671675007e-01
1.261363636363631857e-01
9.933166248955706268e-02
1.782581453634085045e-01
2.481987344151369013e-01
2.577845999624083784e-01
2.545266587306559969e-01
2.394900068917986957e-01
7.249146330002190219e-02
2.320729300460512012e-01
1.561438936991081383e-01
2.262019545939220611e-01
2.240129930140031811e-01
6.005450957050210287e-02
3.460887816797718064e-01
1.407850631245887163e-01
2.700213947300044715e-01
3.289997180539456223e-01
5.920867140753729996e-02
2.199179223708528086e-01
1.571634602554686233e-01
2.102847655148648021e-01
1.611706172340236776e-01
7.261677265749820476e-02
2.333959899749369835e-02
7.179027113237609892e-02
9.106098579782734292e-02
9.069548872180449584e-02
5.576441102756880125e-02
8.333333333333310666e-02
8.295454545454515605e-02
4.040808543096859745e-02
7.637362637362588025e-02
1.062813283208015325e-01
6.355145676691703605e-02
6.321428571428563958e-02
4.942216652742935368e-02
1.147257347915237730e-01
7.487468671679151089e-02
8.192355889724299567e-02
9.868278651173358063e-02
9.008458646616490650e-02
1.433928571428570442e-01
8.302005012531299410e-02
9.774436090225549489e-02
9.523809523809500382e-03
1.386556669451401991e-01
5.999999999999954675e-02
1.080792258423834556e-01
1.891660970608335102e-01
1.178571428571428548e-01
7.290448343079881932e-02
2.193935926773421530e-02
4.142857142857108571e-02
1.141071428571428792e-01
6.603680253264715416e-02
8.615288220551350906e-02
8.187134502923934520e-02
4.908424908424885436e-02
9.382832080200499691e-02
8.631829573934832189e-02
1.214285714285714274e-01
1.320064868052480411e-01
7.447916666666630492e-02
5.513784461152849981e-02
1.121052631578947634e-01
1.074561403508770066e-02
7.327470461868926255e-02
5.974025974025952423e-02
6.666666666666616614e-02
7.440476190476150165e-02
8.822055137844571349e-02
6.073607932875647181e-02
7.559837092731801211e-02
3.253132832080152248e-02
8.202718334297258440e-02
1.113553113553111262e-01
5.686090225563899397e-02
9.132205513784408257e-02
4.334415584415580308e-02
8.302005012531299410e-02
7.825396825396811751e-02
8.427318295739300025e-02
4.786967418546359682e-02
9.376566416040037211e-02
8.059285117555779754e-02
6.421052631578935688e-02
2.409147869674179918e-02
7.249146330002190219e-02
2.320729300460512012e-01
1.561438936991081383e-01
2.262019545939220611e-01
2.240129930140031811e-01
6.005450957050210287e-02
3.460887816797718064e-01
1.407850631245887163e-01
2.700213947300044715e-01
3.289997180539456223e-01
5.920867140753729996e-02
2.199179223708528086e-01
1.571634602554686233e-01
2.102847655148648021e-01
1.611706172340236776e-01
7.261677265749820476e-02
6.469298245614030218e-02
2.140291204200978625e-01
2.778822055137840086e-01
1.512303485987694929e-01
1.755180101416330962e-01
5.773809523809519950e-02
3.128720238095238360e-01
2.180836707152493947e-01
1.528822055137842584e-01
3.264752791068578075e-01
5.952380952380949969e-02
2.055388471177943543e-01
2.211413951545528611e-01
1.585996240601502683e-01
1.893184047074207288e-01
5.823934837092729910e-02
6.914377016823830546e-02
1.724464482539609378e-01
1.619587863028288666e-01
2.254428112067758949e-01
1.609233255398657692e-01
7.860521946176249330e-02
3.389296067435401127e-01
1.546110858736173821e-01
3.320772727242428113e-01
2.732997445237800305e-01
7.271531063003219830e-02
1.716581940141243268e-01
2.397403655275141543e-01
2.665838813587801948e-01
1.586515868291613063e-01
6.350449575487950027e-02
6.347515508490500502e-02
1.985898524058809789e-01
1.742590387868913071e-01
2.410865342440000059e-01
1.990761047406200135e-01
6.551162353530920468e-02
2.538429726173319079e-01
1.816843160599035112e-01
3.609590484707972391e-01
2.289053198821977830e-01
6.563694467071870542e-02
1.603423288305313721e-01
1.949288530119300533e-01
1.907566711125831538e-01
1.950739510737002358e-01
5.626918979885949662e-02
5.661559670395079763e-02
1.948735087187948301e-01
3.459055257908532077e-01
2.006012754673340837e-01
2.373913018710462342e-01
6.451107560234349558e-02
2.730310910591009499e-01
2.103233038471311322e-01
1.952251151424005959e-01
2.155101513300120009e-01
6.140928032083210059e-02
1.834460512907733210e-01
2.416267193031924054e-01
1.861670813936804891e-01
2.218652356823237748e-01
5.417175799730550301e-02
6.457576137360569735e-02
2.571437523499182087e-01
2.393695951873665573e-01
2.131582905125952443e-01
2.357908259180346300e-01
7.150018799348280274e-02
2.793792037431587771e-01
2.299831701072456158e-01
2.998887705226220279e-01
3.083218448427118563e-01
6.839829552575510396e-02
2.351155335386968803e-01
1.623428165601367990e-01
2.536606508752137779e-01
1.405706107564613505e-01
6.043990474996859680e-02
2.333959899749364977e-02
7.179027113237576585e-02
9.106098579782723190e-02
9.069548872180414889e-02
5.576441102756890533e-02
8.333333333333235726e-02
8.295454545454478135e-02
4.040808543096869460e-02
7.637362637362560269e-02
1.062813283208008247e-01
6.355145676691718870e-02
6.321428571428454324e-02
4.942216652742970062e-02
1.147257347915240921e-01
7.487468671679065046e-02
8.192355889724299567e-02
9.868278651173374716e-02
9.008458646616525345e-02
1.433928571428570997e-01
8.302005012531257777e-02
9.774436090225507856e-02
9.523809523809451810e-03
1.386556669451396162e-01
5.999999999999886674e-02
1.080792258423834418e-01
1.891660970608330661e-01
1.178571428571421331e-01
7.290448343079922178e-02
2.193935926773407999e-02
4.142857142857058611e-02
1.141071428571429069e-01
6.603680253264734845e-02
8.615288220551264864e-02
8.187134502923859580e-02
4.908424908424906252e-02
9.382832080200381730e-02
8.631829573934834965e-02
1.214285714285700674e-01
1.320064868052479579e-01
7.447916666666663799e-02
5.513784461152855532e-02
1.121052631578937919e-01
1.074561403508767637e-02
7.327470461868909601e-02
5.974025974025854585e-02
6.666666666666509755e-02
7.440476190476076612e-02
8.822055137844583839e-02
6.073607932875631915e-02
7.559837092731705455e-02
3.253132832080039144e-02
8.202718334297111336e-02
1.113553113553100993e-01
5.686090225563885520e-02
9.132205513784336093e-02
4.334415584415515776e-02
8.302005012531313288e-02
7.825396825396768730e-02
8.427318295739225085e-02
4.786967418546259762e-02
9.376566416040049701e-02
8.059285117555757549e-02
6.421052631578860748e-02
2.409147869674181999e-02
