1.524714323677909926e-02
7.460953542869563915e-02
7.773053414828533236e-02
5.929444592080750087e-02
4.889715652404959950e-02
8.712020550978830102e-02
1.117127292054207605e-01
4.008567401125363167e-02
8.195179786994814808e-02
1.177883337762421490e-01
5.927576069625287852e-02
6.741961201169242857e-02
3.661381285617255205e-02
1.099763244993113565e-01
6.643635397289350542e-02
6.112144565506200111e-02
8.129544850578594717e-02
9.417353175657706965e-02
1.647289396757902202e-01
7.258171671538650449e-02
1.069625298963590154e-01
9.600053149083100784e-03
1.328357988602473783e-01
6.343010895562031792e-02
1.260814362063365501e-01
2.295496823134342834e-01
1.223159712994948412e-01
7.957598842531067584e-02
1.879426683150578481e-02
5.169080520861001060e-02
1.234520329524314147e-01
8.713652321076405249e-02
8.869253255381299994e-02
8.968907786340667154e-02
5.942476338436965960e-02
9.782753122508600074e-02
8.602311985118252236e-02
1.242094073877224869e-01
1.363586625189536494e-01
9.240051155992531906e-02
6.942598990167399287e-02
1.054743555673662847e-01
8.869253255381299994e-03
6.425581792642622025e-02
5.490964655859642551e-02
8.457347860749349355e-02
5.846399149614649876e-02
8.720878731508535653e-02
4.021710245063461059e-02
8.741031092213627507e-02
2.881012490034543308e-02
6.226108465013589083e-02
1.077802080991022010e-01
5.829790061121400274e-02
1.199729825493839747e-01
5.509687628342932464e-02
7.208344406058950216e-02
7.359819293117186856e-02
8.155062450172700927e-02
4.212064841881440341e-02
8.602954203206658601e-02
9.516849524821864581e-02
5.552086101514744354e-02
2.335237842147220091e-02
3.859952165825129844e-02
1.483946561012730314e-01
1.417524511517965768e-01
1.032136213507457434e-01
9.101780494286440537e-02
1.429306973918983148e-01
9.802835020414077394e-02
8.529705715837236635e-02
1.118063440678372239e-01
1.884778600850380847e-01
1.215585968642037690e-01
4.494917618921064062e-02
1.901740632474084869e-01
1.390180706882804818e-01
1.110417220302948871e-01
1.398485251129414908e-01
2.881809726282221762e-01
1.885131543980864688e-01
1.846930640446450139e-02
1.488340419877754728e-01
2.336529660141136167e-01
2.410069335394873780e-01
3.811424742053625553e-02
1.096299495083709885e-01
1.703459752224034673e-01
1.697781025777305164e-01
1.149315705554078137e-01
2.275046505447778367e-01
1.277238905128885160e-01
1.316798734085471434e-01
7.774437505536335724e-02
1.642638851979799919e-01
2.296220022586858978e-01
2.762572244735267968e-01
2.598485351757124917e-01
2.342722380920745917e-01
5.680119581464870143e-02
2.503238664673639868e-01
1.646774749913761104e-01
1.902354106306935466e-01
2.223218734429494858e-01
6.171732270386969671e-02
3.920777279521672765e-01
1.622321873442947870e-01
2.902664204695328820e-01
3.485843990477770493e-01
5.683441288822450171e-02
2.139179538282675874e-01
1.342634113934559892e-01
2.375435974090680802e-01
1.479820627802690136e-01
7.204783258594910089e-02
1.524714323677909926e-02
7.460953542869563915e-02
7.773053414828533236e-02
5.929444592080750087e-02
4.889715652404959950e-02
8.712020550978830102e-02
1.117127292054207605e-01
4.008567401125363167e-02
8.195179786994814808e-02
1.177883337762421490e-01
5.927576069625287852e-02
6.741961201169242857e-02
3.661381285617255205e-02
1.099763244993113565e-01
6.643635397289350542e-02
6.112144565506200111e-02
8.129544850578594717e-02
9.417353175657706965e-02
1.647289396757902202e-01
7.258171671538650449e-02
1.069625298963590154e-01
9.600053149083100784e-03
1.328357988602473783e-01
6.343010895562031792e-02
1.260814362063365501e-01
2.295496823134342834e-01
1.223159712994948412e-01
7.957598842531067584e-02
1.879426683150578481e-02
5.169080520861001060e-02
1.234520329524314147e-01
8.713652321076405249e-02
8.869253255381299994e-02
8.968907786340667154e-02
5.942476338436965960e-02
9.782753122508600074e-02
8.602311985118252236e-02
1.242094073877224869e-01
1.363586625189536494e-01
9.240051155992531906e-02
6.942598990167399287e-02
1.054743555673662847e-01
8.869253255381299994e-03
6.425581792642622025e-02
5.490964655859642551e-02
8.457347860749349355e-02
5.846399149614649876e-02
8.720878731508535653e-02
4.021710245063461059e-02
8.741031092213627507e-02
2.881012490034543308e-02
6.226108465013589083e-02
1.077802080991022010e-01
5.829790061121400274e-02
1.199729825493839747e-01
5.509687628342932464e-02
7.208344406058950216e-02
7.359819293117186856e-02
8.155062450172700927e-02
4.212064841881440341e-02
8.602954203206658601e-02
9.516849524821864581e-02
5.552086101514744354e-02
2.335237842147220091e-02
5.680119581464870143e-02
2.503238664673639868e-01
1.646774749913761104e-01
1.902354106306935466e-01
2.223218734429494858e-01
6.171732270386969671e-02
3.920777279521672765e-01
1.622321873442947870e-01
2.902664204695328820e-01
3.485843990477770493e-01
5.683441288822450171e-02
2.139179538282675874e-01
1.342634113934559892e-01
2.375435974090680802e-01
1.479820627802690136e-01
7.204783258594910089e-02
5.211931969173529827e-02
2.218404768232031532e-01
2.835171405793249777e-01
1.244775686710312135e-01
1.779088307819713388e-01
6.573877225617849596e-02
3.321070289662501063e-01
2.351105909769210522e-01
1.587828859952164773e-01
3.432947599835717845e-01
5.706882806271589698e-02
2.119602046239701942e-01
1.899913632739833602e-01
1.699109752856762245e-01
1.942252365711906736e-01
5.620515546106819721e-02
5.776832873799950252e-02
1.694032307260223968e-01
1.516366724246750730e-01
2.171634962386713164e-01
1.648062582034240664e-01
8.690163771052719643e-02
3.725346897221500919e-01
1.611498438693816648e-01
3.126075650903525904e-01
3.043006888470793925e-01
7.401255688801780530e-02
1.767265721024481040e-01
2.212253082598228948e-01
2.866068920947172916e-01
1.645350961698167913e-01
5.587482975118750195e-02
5.169091754700679692e-02
1.945974595466322676e-01
1.778951564680086028e-01
2.137731712178592702e-01
2.021847939228842983e-01
7.374925254135930586e-02
2.756029499701014296e-01
1.928443292804463138e-01
3.392586418298992879e-01
2.585010962726727590e-01
6.627466613514050586e-02
1.635793142026785718e-01
1.801700305916404121e-01
2.025494271856639883e-01
1.893463458807952415e-01
5.262108829978069668e-02
4.870270090694660270e-02
1.935779173080257876e-01
3.189705768357639082e-01
1.829990546976690835e-01
2.341767564351531217e-01
7.238962160725549710e-02
3.079299691040162101e-01
2.217054435253166256e-01
1.847779143550047076e-01
2.369626424371280848e-01
6.448290754459980179e-02
1.820996296595113473e-01
2.166040995315768047e-01
2.003360615751529350e-01
2.204577920999301610e-01
5.072921165409779998e-02
5.358803986710960338e-02
2.456810631229233710e-01
2.290617940199334845e-01
2.054392026578069907e-01
2.299154334038054082e-01
8.106312292358799909e-02
3.060631229235879491e-01
2.455244423350732841e-01
2.927325581395345822e-01
3.385647840531558761e-01
7.096345514950160027e-02
2.275310368945618889e-01
1.501661129568103992e-01
2.764396456256921208e-01
1.383817382917155725e-01
5.514950166112950192e-02
1.524714323677910099e-02
7.460953542869551425e-02
7.773053414828422214e-02
5.929444592080675147e-02
4.889715652404973828e-02
8.712020550978734346e-02
1.117127292054210103e-01
4.008567401125374963e-02
8.195179786994763460e-02
1.177883337762408722e-01
5.927576069625253158e-02
6.741961201169160978e-02
3.661381285617269776e-02
1.099763244993102046e-01
6.643635397289326949e-02
6.112144565506233418e-02
8.129544850578498960e-02
9.417353175657650066e-02
1.647289396757901092e-01
7.258171671538626857e-02
1.069625298963591403e-01
9.600053149083083437e-03
1.328357988602455464e-01
6.343010895561937423e-02
1.260814362063356342e-01
2.295496823134345610e-01
1.223159712994941750e-01
7.957598842530974603e-02
1.879426683150520888e-02
5.169080520860935141e-02
1.234520329524302490e-01
8.713652321076367779e-02
8.869253255381240320e-02
8.968907786340574173e-02
5.942476338436982614e-02
9.782753122508527910e-02
8.602311985118206439e-02
1.242094073877213628e-01
1.363586625189535384e-01
9.240051155992551335e-02
6.942598990167304918e-02
1.054743555673661459e-01
8.869253255381306933e-03
6.425581792642623413e-02
5.490964655859678634e-02
8.457347860749332702e-02
5.846399149614522894e-02
8.720878731508438508e-02
4.021710245063444406e-02
8.741031092213623344e-02
2.881012490034513818e-02
6.226108465013598103e-02
1.077802080991024092e-01
5.829790061121419703e-02
1.199729825493831836e-01
5.509687628342912341e-02
7.208344406058952991e-02
7.359819293117086936e-02
8.155062450172717581e-02
4.212064841881472260e-02
8.602954203206630845e-02
9.516849524821884010e-02
5.552086101514674965e-02
2.335237842147215928e-02
