2.318718381112979884e-02
7.609437932908715008e-02
1.088456231795180001e-01
8.010118043844849378e-02
4.982370075118799924e-02
7.959016812305162725e-02
8.499993031650240893e-02
4.033553512987458206e-02
7.797261760162264854e-02
1.150965813276095401e-01
6.460313506055485877e-02
5.675686034033373267e-02
3.854736232476520946e-02
1.232352654244419365e-01
8.431703204047200084e-02
7.569369921815100044e-02
9.835999888506349875e-02
8.293182365694974634e-02
1.304192856047827198e-01
7.684347692779350258e-02
8.834125402422149387e-02
9.389851295416199589e-03
1.319604135793005506e-01
7.012494251111404953e-02
1.119585398674769194e-01
1.779925578024610655e-01
9.393683887781680009e-02
8.619074386359361351e-02
2.016776756493709327e-02
5.548827226736131879e-02
1.398129694925645261e-01
6.804061741045822065e-02
1.013720680668400015e-01
8.303950125198000798e-02
5.399827828158307308e-02
9.619806837344750672e-02
8.159895753487635128e-02
1.131611221830445269e-01
1.172502727903977776e-01
8.484401349072494269e-02
5.883029281005650035e-02
9.937145485206187734e-02
9.159895753487599934e-03
7.558967171108818550e-02
6.295555586525977687e-02
7.888752618938102423e-02
6.860340334202050250e-02
8.843919805133944323e-02
5.519599544088116955e-02
6.444504062547894152e-02
3.007435229188970202e-02
9.486550548945094086e-02
1.097890305310202236e-01
6.266288517553250670e-02
9.766722878021329157e-02
5.566143575878334387e-02
9.792273493791199546e-02
7.424497930400124346e-02
9.926414226582849776e-02
4.491798252337880076e-02
1.010910112933715715e-01
7.699130549046202809e-02
6.000562113546924203e-02
1.973785068220140076e-02
4.292503449333120308e-02
1.509205190026898513e-01
1.445189894865937241e-01
1.335384682770853204e-01
9.474168327456680694e-02
1.474644663936399147e-01
8.817749780496970946e-02
7.839651000806489856e-02
1.096173679149301111e-01
1.787257588532882857e-01
1.334776943124329207e-01
5.685075885328830236e-02
1.996780622412999973e-01
1.611605089682660030e-01
1.271807450559557517e-01
1.402728805764215103e-01
2.702322550973478288e-01
1.876053962900504912e-01
1.854974704890379952e-02
1.303177219070978110e-01
1.986134532508897765e-01
1.962621771911975121e-01
4.033553512987458206e-02
1.081365935919053889e-01
1.629162012804506732e-01
1.577750523787620485e-01
1.122872911237158960e-01
2.105472941897898742e-01
1.214931779855889932e-01
1.195559767535849111e-01
9.821017936532250303e-02
1.918212478920739983e-01
2.474898444086763016e-01
2.563041312179045184e-01
2.545412738560587917e-01
2.416647505173603050e-01
7.392787337600119357e-02
2.244280075115928086e-01
1.586720871203299299e-01
2.224209416176607390e-01
2.094563197026020895e-01
5.882803817115699746e-02
3.352623308933426749e-01
1.616525504924690992e-01
2.916197943554837968e-01
3.159570255113119952e-01
5.660521979074840254e-02
2.256543900663011970e-01
1.505043924083512563e-01
2.289407120683706887e-01
1.714879992195746383e-01
6.748936496378339644e-02
2.318718381112979884e-02
7.609437932908715008e-02
1.088456231795180001e-01
8.010118043844849378e-02
4.982370075118799924e-02
7.959016812305162725e-02
8.499993031650240893e-02
4.033553512987458206e-02
7.797261760162264854e-02
1.150965813276095401e-01
6.460313506055485877e-02
5.675686034033373267e-02
3.854736232476520946e-02
1.232352654244419365e-01
8.431703204047200084e-02
7.569369921815100044e-02
9.835999888506349875e-02
8.293182365694974634e-02
1.304192856047827198e-01
7.684347692779350258e-02
8.834125402422149387e-02
9.389851295416199589e-03
1.319604135793005506e-01
7.012494251111404953e-02
1.119585398674769194e-01
1.779925578024610655e-01
9.393683887781680009e-02
8.619074386359361351e-02
2.016776756493709327e-02
5.548827226736131879e-02
1.398129694925645261e-01
6.804061741045822065e-02
1.013720680668400015e-01
8.303950125198000798e-02
5.399827828158307308e-02
9.619806837344750672e-02
8.159895753487635128e-02
1.131611221830445269e-01
1.172502727903977776e-01
8.484401349072494269e-02
5.883029281005650035e-02
9.937145485206187734e-02
9.159895753487599934e-03
7.558967171108818550e-02
6.295555586525977687e-02
7.888752618938102423e-02
6.860340334202050250e-02
8.843919805133944323e-02
5.519599544088116955e-02
6.444504062547894152e-02
3.007435229188970202e-02
9.486550548945094086e-02
1.097890305310202236e-01
6.266288517553250670e-02
9.766722878021329157e-02
5.566143575878334387e-02
9.792273493791199546e-02
7.424497930400124346e-02
9.926414226582849776e-02
4.491798252337880076e-02
1.010910112933715715e-01
7.699130549046202809e-02
6.000562113546924203e-02
1.973785068220140076e-02
7.392787337600119357e-02
2.244280075115928086e-01
1.586720871203299299e-01
2.224209416176607390e-01
2.094563197026020895e-01
5.882803817115699746e-02
3.352623308933426749e-01
1.616525504924690992e-01
2.916197943554837968e-01
3.159570255113119952e-01
5.660521979074840254e-02
2.256543900663011970e-01
1.505043924083512563e-01
2.289407120683706887e-01
1.714879992195746383e-01
6.748936496378339644e-02
6.017170013797330103e-02
2.233634830599417476e-01
3.035413153456995028e-01
1.390185776204479473e-01
1.700031017259141519e-01
5.733558178752100332e-02
3.021759543154988181e-01
2.324039788205047030e-01
1.609688793499922388e-01
3.182305966301056110e-01
5.476774490265209905e-02
2.150429250344931542e-01
2.292880320915734182e-01
1.520581021002604949e-01
1.985382825986972410e-01
5.798712248965200156e-02
6.799279445019350276e-02
1.747293563437059827e-01
1.615176210187420081e-01
2.248424221518388888e-01
1.609483088260852401e-01
7.381855812349079338e-02
3.434450013189130901e-01
1.607606550151391145e-01
3.316053387611442860e-01
2.816645238169898646e-01
7.121229542754199671e-02
1.715937538453467248e-01
2.419259863206049965e-01
2.699990592367271791e-01
1.612050132229502775e-01
6.335517994710819500e-02
6.094288999616710029e-02
1.893489320185372526e-01
1.859333077807586998e-01
2.455486253876438540e-01
2.019015374132277496e-01
6.527405136067450375e-02
2.536282100421614061e-01
1.752395553852048038e-01
3.663472594863930176e-01
2.297983901878110913e-01
6.262935990801070385e-02
1.651058989354466100e-01
1.943773226456913250e-01
1.955867053605648553e-01
1.926692503158581316e-01
5.760827903411259998e-02
6.083023496492769716e-02
1.957742939766013435e-01
3.225778425134471772e-01
1.984779374100543725e-01
2.313740726673377546e-01
6.305339415079150300e-02
2.752245518545489156e-01
2.139620359368145930e-01
1.889302004676299829e-01
2.175366054659050030e-01
6.190348422706880294e-02
1.866267301124903133e-01
2.370347656100272038e-01
1.834691370228627993e-01
2.348150909996896962e-01
5.469738203840689844e-02
6.723397730757429969e-02
2.420160336443682447e-01
2.370714504753143048e-01
2.164274762342836556e-01
2.338954169105961489e-01
6.930389451088619923e-02
2.812595829500150191e-01
2.325699829149688869e-01
3.038849279362158540e-01
3.206761729530815397e-01
6.554737810487580585e-02
2.336222340580058343e-01
1.524072370438514512e-01
2.614548195849941692e-01
1.479162338882789030e-01
6.136921189819070227e-02
2.318718381112962884e-02
7.609437932908678925e-02
1.088456231795169316e-01
8.010118043844746683e-02
4.982370075118756209e-02
7.959016812305079458e-02
8.499993031650202036e-02
4.033553512987397838e-02
7.797261760162134403e-02
1.150965813276093042e-01
6.460313506055384569e-02
5.675686034033323307e-02
3.854736232476518171e-02
1.232352654244412427e-01
8.431703204047191758e-02
7.569369921815012614e-02
9.835999888506384570e-02
8.293182365694984348e-02
1.304192856047826365e-01
7.684347692779287808e-02
8.834125402422081386e-02
9.389851295416168364e-03
1.319604135792991073e-01
7.012494251111371646e-02
1.119585398674763088e-01
1.779925578024602328e-01
9.393683887781652253e-02
8.619074386359364126e-02
2.016776756493648959e-02
5.548827226736046531e-02
1.398129694925638322e-01
6.804061741045758227e-02
1.013720680668400709e-01
8.303950125197885612e-02
5.399827828158258042e-02
9.619806837344750672e-02
8.159895753487604597e-02
1.131611221830434721e-01
1.172502727903971670e-01
8.484401349072499821e-02
5.883029281005571626e-02
9.937145485206126672e-02
9.159895753487592995e-03
7.558967171108758876e-02
6.295555586525854175e-02
7.888752618938041361e-02
6.860340334201900370e-02
8.843919805133895751e-02
5.519599544088100301e-02
6.444504062547908030e-02
3.007435229188924752e-02
9.486550548945039962e-02
1.097890305310195991e-01
6.266288517553175730e-02
9.766722878021256993e-02
5.566143575878357980e-02
9.792273493791091299e-02
7.424497930400109080e-02
9.926414226582795652e-02
4.491798252337859260e-02
1.010910112933705585e-01
7.699130549046159788e-02
6.000562113546915877e-02
1.973785068220124811e-02
