9.277155005798199197e-03
4.476930105070772020e-02
5.025125628140666989e-02
4.735214534209500337e-02
4.020100502512560098e-02
7.395954129622429873e-02
6.009066310573810132e-02
4.205811667030769085e-02
4.971603580030309333e-02
9.008504058755312238e-02
4.718303053730165536e-02
5.815616544259755161e-02
4.060902804621371875e-02
1.024264680043570491e-01
4.831851565519899860e-02
6.184770003865449478e-02
3.107319815862469997e-02
1.062317079905017031e-01
1.355044453034400798e-01
8.214147661383799925e-02
9.083880943177399803e-02
3.478933127174330120e-02
2.921230082034099174e-01
8.813297255508312222e-02
3.143924751964947278e-02
2.334047861686053271e-01
1.377077696173172050e-01
1.530730575956706918e-01
8.411623334061381005e-03
8.482798608426743436e-02
1.751642829532276679e-01
5.069883832116003908e-02
4.445303440278300378e-02
4.638577502899066812e-02
2.711783770925628445e-02
7.151140316969449573e-02
6.090452261306529558e-02
1.718592964824119940e-01
1.090520475681570761e-01
8.185156551990686868e-02
3.962118283726299983e-02
7.901043679938139774e-02
7.730962504831799705e-03
8.389474846761273141e-02
9.614506096918136457e-02
1.787140832366960197e-01
8.890606880556600755e-02
7.464673796332087219e-02
5.429320515621573195e-02
7.069965210668688327e-02
3.420950908388042250e-02
7.742856293300760806e-02
1.197704498825488406e-01
1.546192500966369898e-01
9.448954172572263110e-02
6.255051481182134776e-02
6.861229223038249614e-02
8.743718592964799807e-02
4.831851565519899860e-02
7.499033629686879809e-02
6.735601082334745360e-02
9.337898282621871771e-02
2.672336039170179756e-02
2.126014688828749971e-02
3.053730189408580126e-02
1.079259936043855950e-01
8.600695786625414674e-02
9.359986746921386547e-02
1.151913413219944060e-01
1.506847423932851093e-01
1.111677267456160079e-01
8.105746121913916247e-02
9.695329795832295650e-02
1.553319482025508069e-01
1.344027831465015033e-01
5.257537688442196627e-02
1.575183610359484898e-01
1.304599922690375113e-01
4.794485246746522933e-02
1.807112485504444865e-01
3.106687282566677477e-01
1.391573250869729828e-01
4.252029377657509657e-02
2.438152299961345582e-01
1.228364042434393621e-01
2.209368520926306700e-01
3.135241424513855735e-02
1.112678778507923266e-01
1.310582215104828530e-01
2.227805695142378029e-01
1.074120603015073089e-01
2.478546579049089871e-01
1.942404329338999758e-01
1.582387461784446614e-01
8.056307176910176837e-02
1.710475454194045064e-01
1.779366306027820033e-01
3.255409582689334780e-01
2.474884080370942929e-01
2.490340030911900870e-01
3.710144927536229709e-02
1.924637681159420133e-01
1.236120401337792579e-01
1.776060118089100304e-01
1.932971014492751438e-01
1.116908212560386027e-01
4.113043478260866026e-01
1.756521739130433024e-01
1.657289002557541524e-01
3.275877616747179255e-01
4.966183574879220325e-02
3.192270531400964173e-01
1.473322597960277369e-01
3.086956521739129822e-01
1.588932806324110658e-01
5.971014492753620034e-02
9.277155005798199197e-03
4.476930105070772020e-02
5.025125628140666989e-02
4.735214534209500337e-02
4.020100502512560098e-02
7.395954129622429873e-02
6.009066310573810132e-02
4.205811667030769085e-02
4.971603580030309333e-02
9.008504058755312238e-02
4.718303053730165536e-02
5.815616544259755161e-02
4.060902804621371875e-02
1.024264680043570491e-01
4.831851565519899860e-02
6.184770003865449478e-02
3.107319815862469997e-02
1.062317079905017031e-01
1.355044453034400798e-01
8.214147661383799925e-02
9.083880943177399803e-02
3.478933127174330120e-02
2.921230082034099174e-01
8.813297255508312222e-02
3.143924751964947278e-02
2.334047861686053271e-01
1.377077696173172050e-01
1.530730575956706918e-01
8.411623334061381005e-03
8.482798608426743436e-02
1.751642829532276679e-01
5.069883832116003908e-02
4.445303440278300378e-02
4.638577502899066812e-02
2.711783770925628445e-02
7.151140316969449573e-02
6.090452261306529558e-02
1.718592964824119940e-01
1.090520475681570761e-01
8.185156551990686868e-02
3.962118283726299983e-02
7.901043679938139774e-02
7.730962504831799705e-03
8.389474846761273141e-02
9.614506096918136457e-02
1.787140832366960197e-01
8.890606880556600755e-02
7.464673796332087219e-02
5.429320515621573195e-02
7.069965210668688327e-02
3.420950908388042250e-02
7.742856293300760806e-02
1.197704498825488406e-01
1.546192500966369898e-01
9.448954172572263110e-02
6.255051481182134776e-02
6.861229223038249614e-02
8.743718592964799807e-02
4.831851565519899860e-02
7.499033629686879809e-02
6.735601082334745360e-02
9.337898282621871771e-02
2.672336039170179756e-02
2.126014688828749971e-02
3.710144927536229709e-02
1.924637681159420133e-01
1.236120401337792579e-01
1.776060118089100304e-01
1.932971014492751438e-01
1.116908212560386027e-01
4.113043478260866026e-01
1.756521739130433024e-01
1.657289002557541524e-01
3.275877616747179255e-01
4.966183574879220325e-02
3.192270531400964173e-01
1.473322597960277369e-01
3.086956521739129822e-01
1.588932806324110658e-01
5.971014492753620034e-02
3.962118283726320106e-02
1.746093102877020742e-01
1.845767298028599956e-01
1.154373264926026599e-01
9.185462194694395122e-02
9.934286818708920608e-02
4.413896405102433751e-01
2.875546370907791083e-01
1.261113258600695120e-01
4.043996204800222039e-01
5.121762659451099819e-02
1.961345187475840024e-01
1.974455611390281973e-01
2.188828759180517225e-01
1.336784255726791437e-01
6.629300347893310463e-02
4.136864488691280317e-02
1.382176686642180019e-01
1.040377923835298229e-01
1.953324077816634974e-01
1.414320330517579716e-01
1.242992460854435988e-01
4.128790893894769276e-01
1.904177943166440456e-01
2.194701621759462262e-01
3.701035094810465331e-01
7.268509568915519636e-02
1.606723167865535817e-01
1.863082790011071355e-01
3.226543415988611385e-01
1.664411366711772144e-01
6.978542431857720496e-02
3.634957463263720212e-02
1.581549251212824025e-01
1.380510440835266972e-01
1.708500316388944229e-01
1.753458795222135047e-01
1.086620262954369059e-01
3.047331786542921139e-01
2.401392111368907123e-01
2.219292694930744825e-01
3.077958236658933089e-01
6.109822119102859689e-02
1.692987051867373971e-01
1.588822757994549362e-01
2.430670644127720104e-01
1.855575606542350930e-01
6.013147718484140175e-02
3.964416940630430264e-02
1.474892026042673443e-01
2.136014955198863308e-01
1.624971431585237325e-01
1.548583885656017456e-01
1.137110810288144980e-01
3.678849996776895614e-01
2.732009712284318437e-01
1.467801198994391765e-01
2.519459485592727144e-01
6.227035389673170329e-02
1.771233343463084475e-01
1.848771997679364010e-01
2.576311209274393388e-01
2.083296707160562922e-01
5.762908528331069785e-02
4.003868471953569985e-02
2.083448466427186285e-01
1.373384912959378368e-01
1.866073500967115606e-01
2.103481624758219704e-01
1.116054158607349966e-01
3.852353320438425266e-01
2.611218568665374384e-01
1.791586073500963938e-01
4.396002578981300091e-01
5.996131528046420162e-02
2.351623740201564949e-01
1.253384912959378539e-01
3.054480980012891922e-01
1.455793348724026826e-01
6.963249516441000209e-02
9.277155005798148890e-03
4.476930105070774102e-02
5.025125628140509476e-02
4.735214534209468418e-02
4.020100502512538587e-02
7.395954129622372974e-02
6.009066310573708131e-02
4.205811667030723983e-02
4.971603580030186514e-02
9.008504058755295585e-02
4.718303053730004554e-02
5.815616544259639281e-02
4.060902804621369100e-02
1.024264680043572712e-01
4.831851565519847125e-02
6.184770003865393967e-02
3.107319815862471038e-02
1.062317079905020084e-01
1.355044453034401908e-01
8.214147661383734700e-02
9.083880943177412293e-02
3.478933127174328038e-02
2.921230082034094733e-01
8.813297255508210915e-02
3.143924751964882053e-02
2.334047861686043279e-01
1.377077696173158172e-01
1.530730575956697481e-01
8.411623334061448659e-03
8.482798608426718456e-02
1.751642829532267798e-01
5.069883832116044153e-02
4.445303440278262214e-02
4.638577502899001587e-02
2.711783770925588546e-02
7.151140316969420430e-02
6.090452261306449067e-02
1.718592964824105229e-01
1.090520475681569235e-01
8.185156551990686868e-02
3.962118283726322882e-02
7.901043679938132835e-02
7.730962504831679141e-03
8.389474846761266202e-02
9.614506096918086497e-02
1.787140832366949650e-01
8.890606880556496672e-02
7.464673796332066402e-02
5.429320515621582910e-02
7.069965210668638367e-02
3.420950908387952044e-02
7.742856293300676152e-02
1.197704498825485075e-01
1.546192500966363514e-01
9.448954172572215926e-02
6.255051481182093143e-02
6.861229223038223246e-02
8.743718592964819236e-02
4.831851565519849900e-02
7.499033629686881197e-02
6.735601082334718992e-02
9.337898282621813484e-02
2.672336039170190164e-02
2.126014688828739216e-02
