4.615384615384610090e-02
6.363636363636331061e-02
1.538461538461533273e-01
3.846153846153799877e-02
1.538461538461519985e-02
3.589743589743548541e-02
9.965034965034952341e-02
3.043478260869529606e-02
6.745562130177494564e-02
1.134615384615382944e-01
4.471153846153794187e-02
9.076923076923028300e-02
3.974358974358960239e-02
2.290209790209762897e-02
5.769230769230749428e-02
0.000000000000000000e+00
2.290209790209762897e-02
4.450549450549397962e-02
6.576923076923056610e-02
1.923076923076899938e-02
3.846153846153799877e-02
3.846153846153840122e-02
3.128205128205126528e-01
2.192307692307666686e-02
0.000000000000000000e+00
3.153846153846154299e-01
2.850000000000000866e-01
1.504273504273501427e-01
0.000000000000000000e+00
4.384615384615333372e-02
6.576923076923056610e-02
3.603238866396718532e-02
1.153846153846149886e-01
1.025641025641020054e-01
4.497041420118291083e-02
5.769230769230749428e-02
4.661538461538446837e-02
2.411538461538462186e-01
2.787330316742080427e-01
3.701923076923032546e-02
1.346153846153844980e-01
1.723076923076919953e-01
1.923076923076920061e-02
1.134615384615383915e-01
3.986013986013939303e-02
7.307692307692285894e-02
2.307692307692305045e-01
7.521367521367482156e-02
7.608695652173903812e-02
0.000000000000000000e+00
6.807692307692285449e-02
2.751479289940796102e-02
2.248520710059145541e-02
3.846153846153799877e-02
2.350427350427322648e-02
3.111888111888075348e-02
9.615384615384600653e-02
7.435897435897424745e-02
1.346153846153844980e-01
4.615384615384599681e-02
1.051282051282045743e-01
0.000000000000000000e+00
3.128205128205090169e-02
0.000000000000000000e+00
4.615384615384610090e-02
1.272727272727270376e-01
1.441295546558701568e-01
3.296703296703257929e-02
6.153846153846120187e-02
1.458791208791208605e-01
1.295454545454545747e-01
9.130434782608666533e-02
7.779720279720270248e-02
1.295673076923075928e-01
6.576923076923056610e-02
3.576923076923057415e-02
7.692307692307649714e-02
7.692307692307649714e-02
4.692307692307676192e-02
2.692307692307689959e-01
1.315384615384611322e-01
1.730769230769230171e-01
5.769230769230759837e-02
3.485576923076922351e-01
2.350427350427322648e-02
4.055944055944055160e-01
4.565217391304333266e-02
8.769230769230723643e-02
9.780219780219751025e-02
1.705128205128204344e-01
8.769230769230750011e-02
4.092307692307689537e-01
1.730769230769230171e-01
3.986013986013939303e-02
1.182692307692307376e-01
1.153846153846149886e-01
2.099236641221373934e-01
2.709923664122136922e-01
3.587786259541984046e-01
1.603053435114502878e-01
9.195402298850570422e-02
1.532567049808427895e-01
1.588564692012967572e-01
9.337306655314313308e-02
8.129789272030649161e-02
9.578544061302679546e-02
5.517241379310343641e-01
8.045977011494249986e-02
2.738336713995939142e-01
4.521072796934862970e-01
1.034482758620688947e-01
3.371647509578544200e-01
1.200510855683267347e-01
8.620689655172401877e-02
1.880877742946706899e-01
2.298850574712639830e-02
4.615384615384610090e-02
6.363636363636331061e-02
1.538461538461533273e-01
3.846153846153799877e-02
1.538461538461519985e-02
3.589743589743548541e-02
9.965034965034952341e-02
3.043478260869529606e-02
6.745562130177494564e-02
1.134615384615382944e-01
4.471153846153794187e-02
9.076923076923028300e-02
3.974358974358960239e-02
2.290209790209762897e-02
5.769230769230749428e-02
0.000000000000000000e+00
2.290209790209762897e-02
4.450549450549397962e-02
6.576923076923056610e-02
1.923076923076899938e-02
3.846153846153799877e-02
3.846153846153840122e-02
3.128205128205126528e-01
2.192307692307666686e-02
0.000000000000000000e+00
3.153846153846154299e-01
2.850000000000000866e-01
1.504273504273501427e-01
0.000000000000000000e+00
4.384615384615333372e-02
6.576923076923056610e-02
3.603238866396718532e-02
1.153846153846149886e-01
1.025641025641020054e-01
4.497041420118291083e-02
5.769230769230749428e-02
4.661538461538446837e-02
2.411538461538462186e-01
2.787330316742080427e-01
3.701923076923032546e-02
1.346153846153844980e-01
1.723076923076919953e-01
1.923076923076920061e-02
1.134615384615383915e-01
3.986013986013939303e-02
7.307692307692285894e-02
2.307692307692305045e-01
7.521367521367482156e-02
7.608695652173903812e-02
0.000000000000000000e+00
6.807692307692285449e-02
2.751479289940796102e-02
2.248520710059145541e-02
3.846153846153799877e-02
2.350427350427322648e-02
3.111888111888075348e-02
9.615384615384600653e-02
7.435897435897424745e-02
1.346153846153844980e-01
4.615384615384599681e-02
1.051282051282045743e-01
0.000000000000000000e+00
3.128205128205090169e-02
0.000000000000000000e+00
9.195402298850570422e-02
1.532567049808427895e-01
1.588564692012967572e-01
9.337306655314313308e-02
8.129789272030649161e-02
9.578544061302679546e-02
5.517241379310343641e-01
8.045977011494249986e-02
2.738336713995939142e-01
4.521072796934862970e-01
1.034482758620688947e-01
3.371647509578544200e-01
1.200510855683267347e-01
8.620689655172401877e-02
1.880877742946706899e-01
2.298850574712639830e-02
7.307692307692299771e-02
1.362637362637361127e-01
3.076923076923074873e-01
8.391608391608375295e-02
3.515205724508038004e-02
9.615384615384610367e-02
4.322115384615384248e-01
1.792899408284021889e-01
1.730769230769230171e-01
5.090909090909091494e-01
1.269230769230768885e-01
1.815384615384614264e-01
1.971153846153843037e-01
6.730769230769224898e-02
1.782608695652173891e-01
2.307692307692299841e-02
3.861003861003860227e-02
1.711126711126710886e-01
1.906370656370655892e-01
1.421551421551419947e-01
1.517464308161980135e-01
8.494208494208489724e-02
5.373608903020663519e-01
9.531853281853279458e-02
4.534625811221553726e-01
3.601263601263598457e-01
1.467181467181467025e-01
1.365576102418206705e-01
1.277641277641274331e-01
2.211302211302209608e-01
1.042471042471040943e-01
3.861003861003860227e-02
4.651162790697670191e-02
1.249999999999997918e-01
2.674418604651161990e-01
1.109936575052852953e-01
1.597760551248921523e-01
1.085271317829456933e-01
3.530232558139534405e-01
6.976744186046489327e-02
3.949964763918247801e-01
3.837209302325579885e-01
1.085271317829456933e-01
2.048012003000750092e-01
1.516683518705762845e-01
6.644518272425228855e-02
2.154751650875680047e-01
2.325581395348829891e-02
3.501945525291819822e-02
1.461305663640292962e-01
4.140077821011672876e-01
1.257516802263881073e-01
2.095861337106473266e-01
8.560311284046689950e-02
3.709468223086900274e-01
1.530479896238649551e-01
2.334630350194550896e-01
4.012645914396886226e-01
1.206225680933852018e-01
1.311839911061699615e-01
1.712062256809336047e-01
5.734179807495380643e-02
2.515033604527765476e-01
2.723735408560309934e-02
4.687500000000000000e-02
1.941964285714285476e-01
2.425000000000000766e-01
1.529687499999999867e-01
1.699218750000000278e-01
1.093750000000000000e-01
4.231770833333333703e-01
9.040178571428574006e-02
3.710937500000001110e-01
3.802083333333333703e-01
1.406250000000000000e-01
2.621299342105263830e-01
1.250000000000000000e-01
1.464843750000000000e-01
1.340725806451613100e-01
2.343750000000000000e-02
4.615384615384603151e-02
6.363636363636322735e-02
1.538461538461535494e-01
3.846153846153826245e-02
1.538461538461450770e-02
3.589743589743555480e-02
9.965034965034967607e-02
3.043478260869489360e-02
6.745562130177501503e-02
1.134615384615385303e-01
4.471153846153709532e-02
9.076923076922928380e-02
3.974358974358956770e-02
2.290209790209733753e-02
5.769230769230667549e-02
0.000000000000000000e+00
2.290209790209660548e-02
4.450549450549410452e-02
6.576923076923085754e-02
1.923076923076874264e-02
3.846153846153807510e-02
3.846153846153830408e-02
3.128205128205114871e-01
2.192307692307596256e-02
0.000000000000000000e+00
3.153846153846148748e-01
2.850000000000001421e-01
1.504273504273500872e-01
0.000000000000000000e+00
4.384615384615334760e-02
6.576923076922985834e-02
3.603238866396662327e-02
1.153846153846151690e-01
1.025641025641025605e-01
4.497041420118209898e-02
5.769230769230667549e-02
4.661538461538462103e-02
2.411538461538455524e-01
2.787330316742079872e-01
3.701923076923068628e-02
1.346153846153830269e-01
1.723076923076919120e-01
1.923076923076922837e-02
1.134615384615375450e-01
3.986013986013918486e-02
7.307692307692202627e-02
2.307692307692296996e-01
7.521367521367509912e-02
7.608695652173876056e-02
0.000000000000000000e+00
6.807692307692195244e-02
2.751479289940718040e-02
2.248520710059117439e-02
3.846153846153798489e-02
2.350427350427259504e-02
3.111888111888028857e-02
9.615384615384592326e-02
7.435897435897360908e-02
1.346153846153834432e-01
4.615384615384579559e-02
1.051282051282043661e-01
0.000000000000000000e+00
3.128205128205067964e-02
0.000000000000000000e+00
