3.714285714285710249e-02
9.454545454545434935e-02
9.523809523809467770e-02
1.285714285714285032e-01
1.371428571428567889e-01
3.999999999999968858e-02
2.961038961038954878e-02
7.913043478260871344e-02
3.340659340659334064e-02
1.348571428571425368e-01
1.660714285714253238e-02
1.348571428571425368e-01
5.904761904761889058e-02
3.402597402597394571e-02
4.285714285714250366e-02
1.857142857142854986e-01
1.020779220779218233e-01
9.918367346938751494e-02
1.628571428571425062e-01
8.571428571428549303e-02
5.714285714285700229e-02
5.714285714285700403e-03
7.746031746031732668e-02
4.885714285714247429e-02
3.873015873015866334e-02
4.259740259740250889e-02
9.771428571428548981e-02
5.587301587301575501e-02
1.130434782608673305e-02
1.628571428571396612e-02
4.885714285714247429e-02
1.338345864661651119e-01
8.571428571428549303e-02
5.714285714285667617e-02
1.670329670329637542e-02
4.285714285714250366e-02
6.925714285714269780e-02
3.257142857142850123e-02
5.915966386554610129e-02
4.124999999999966194e-02
2.857142857142850115e-02
6.399999999999987643e-02
1.714285714285709861e-02
4.816326530612234647e-02
7.402597402597360654e-02
1.085714285714283328e-01
1.142857142857140046e-01
8.380952380952361169e-02
1.130434782608693151e-01
1.180000000000000077e-01
5.057142857142815640e-02
1.226373626373623571e-01
1.002197802197799942e-01
8.571428571428549303e-02
6.984126984126969029e-02
2.311688311688306699e-02
1.000000000000000056e-01
1.104761904761882713e-02
2.857142857142850115e-02
1.028571428571427998e-01
2.733333333333333726e-01
1.210884353741494140e-01
5.809523809523774174e-02
4.857142857142850156e-02
8.571428571428570120e-02
1.654545454545454930e-01
2.007518796992479038e-01
2.693877551020406602e-01
2.399999999999999911e-01
8.428571428571431101e-02
4.441558441558430409e-02
1.695652173913041738e-01
4.623376623376613398e-02
1.512499999999998845e-01
6.514285714285700246e-02
7.971428571428551546e-02
7.142857142857100827e-02
1.285714285714285032e-01
1.278095238095237063e-01
2.000000000000000111e-01
2.117142857142855494e-01
8.571428571428549303e-02
2.285714285714280161e-02
1.035714285714283422e-01
1.047619047619045146e-01
7.231168831168814648e-02
4.521739130434773019e-02
3.257142857142850123e-02
1.937414965986394844e-01
1.628571428571428392e-01
5.700000000000000205e-02
9.599999999999979383e-02
1.142857142857140046e-01
1.776623376623372719e-01
2.342857142857140695e-01
1.857142857142854986e-01
2.897727272727272929e-01
2.017045454545453864e-01
1.960227272727272096e-01
3.125000000000000000e-01
9.971509971509970316e-02
2.735042735042731987e-01
1.603111987727371957e-01
2.380500158277933098e-01
2.418091168091166254e-01
3.703703703703700029e-02
1.794871794871790993e-01
1.282051282051281105e-01
1.764705882352939625e-01
1.680911680911679751e-01
4.558404558404550305e-02
2.849002849002847948e-01
2.578875171467761018e-01
2.029914529914529364e-01
1.328671328671328089e-01
1.310541310541309956e-01
3.714285714285710249e-02
9.454545454545434935e-02
9.523809523809467770e-02
1.285714285714285032e-01
1.371428571428567889e-01
3.999999999999968858e-02
2.961038961038954878e-02
7.913043478260871344e-02
3.340659340659334064e-02
1.348571428571425368e-01
1.660714285714253238e-02
1.348571428571425368e-01
5.904761904761889058e-02
3.402597402597394571e-02
4.285714285714250366e-02
1.857142857142854986e-01
1.020779220779218233e-01
9.918367346938751494e-02
1.628571428571425062e-01
8.571428571428549303e-02
5.714285714285700229e-02
5.714285714285700403e-03
7.746031746031732668e-02
4.885714285714247429e-02
3.873015873015866334e-02
4.259740259740250889e-02
9.771428571428548981e-02
5.587301587301575501e-02
1.130434782608673305e-02
1.628571428571396612e-02
4.885714285714247429e-02
1.338345864661651119e-01
8.571428571428549303e-02
5.714285714285667617e-02
1.670329670329637542e-02
4.285714285714250366e-02
6.925714285714269780e-02
3.257142857142850123e-02
5.915966386554610129e-02
4.124999999999966194e-02
2.857142857142850115e-02
6.399999999999987643e-02
1.714285714285709861e-02
4.816326530612234647e-02
7.402597402597360654e-02
1.085714285714283328e-01
1.142857142857140046e-01
8.380952380952361169e-02
1.130434782608693151e-01
1.180000000000000077e-01
5.057142857142815640e-02
1.226373626373623571e-01
1.002197802197799942e-01
8.571428571428549303e-02
6.984126984126969029e-02
2.311688311688306699e-02
1.000000000000000056e-01
1.104761904761882713e-02
2.857142857142850115e-02
1.028571428571427998e-01
2.733333333333333726e-01
1.210884353741494140e-01
5.809523809523774174e-02
4.857142857142850156e-02
9.971509971509970316e-02
2.735042735042731987e-01
1.603111987727371957e-01
2.380500158277933098e-01
2.418091168091166254e-01
3.703703703703700029e-02
1.794871794871790993e-01
1.282051282051281105e-01
1.764705882352939625e-01
1.680911680911679751e-01
4.558404558404550305e-02
2.849002849002847948e-01
2.578875171467761018e-01
2.029914529914529364e-01
1.328671328671328089e-01
1.310541310541309956e-01
9.428571428571419499e-02
1.771428571428571574e-01
1.571428571428570287e-01
2.883116883116883522e-01
1.131561461794018675e-01
3.142857142857140296e-02
2.382142857142857117e-01
2.552747252747252782e-01
1.357142857142855097e-01
2.181818181818179492e-01
5.428571428571420110e-02
1.348571428571428144e-01
3.611904761904761729e-01
1.714285714285712636e-01
1.426086956521739058e-01
9.714285714285710027e-02
8.595988538681939573e-02
1.862464183381088434e-01
1.980659025787964989e-01
2.461578536077102253e-01
1.645898580662355504e-01
4.871060171919770060e-02
1.227035226698125897e-01
1.839183381088823899e-01
3.084801560690117461e-01
1.969262828861679804e-01
4.011461318051569996e-02
1.604584527220627999e-01
3.674133889033600608e-01
1.992706433967179058e-01
1.461318051575931087e-01
1.260744985673352137e-01
9.770114942528730639e-02
2.106191222570532873e-01
1.724137931034480098e-01
2.586206896551724310e-01
1.692209450830138295e-01
4.885057471264359769e-02
1.365517241379308189e-01
1.810344827586206906e-01
4.007314524555902202e-01
1.137931034482756870e-01
4.022988505747120136e-02
1.373748609566182444e-01
2.473763118440779896e-01
1.477832512315268576e-01
1.765644955300127994e-01
1.350574712643677899e-01
8.357348703170019988e-02
1.748318924111431083e-01
3.066282420749280035e-01
3.104532355252815345e-01
2.380141472360491339e-01
3.746397694524489924e-02
1.623439000960612832e-01
1.983669548511046432e-01
1.469740634005760882e-01
1.188760806916426549e-01
4.034582132564840107e-02
2.105118704542335295e-01
3.688760806916424051e-01
2.038525709085393656e-01
1.966203824993450755e-01
9.221902017291060127e-02
1.040462427745663943e-01
2.155243600330303544e-01
1.569942196531790846e-01
3.395375722543351737e-01
2.628744088281658176e-01
3.179190751445080260e-02
2.288053949903658402e-01
1.783649876135422474e-01
2.059248554913292450e-01
2.109826589595372726e-01
4.624277456647390289e-02
2.623973227867354430e-01
2.080924855491327885e-01
3.010597302504816608e-01
1.275405556591459322e-01
1.069364161849711004e-01
3.714285714285714413e-02
9.454545454545408567e-02
9.523809523809381727e-02
1.285714285714280036e-01
1.371428571428569831e-01
3.999999999999934164e-02
2.961038961038939960e-02
7.913043478260872732e-02
3.340659340659290349e-02
1.348571428571419539e-01
1.660714285714229299e-02
1.348571428571415376e-01
5.904761904761884200e-02
3.402597402597361959e-02
4.285714285714201099e-02
1.857142857142849712e-01
1.020779220779212404e-01
9.918367346938763984e-02
1.628571428571418678e-01
8.571428571428461873e-02
5.714285714285660678e-02
5.714285714285572033e-03
7.746031746031745158e-02
4.885714285714189836e-02
3.873015873015848293e-02
4.259740259740263379e-02
9.771428571428522614e-02
5.587301587301569256e-02
1.130434782608681805e-02
1.628571428571349081e-02
4.885714285714152366e-02
1.338345864661647511e-01
8.571428571428443832e-02
5.714285714285573942e-02
1.670329670329614991e-02
4.285714285714201099e-02
6.925714285714235086e-02
3.257142857142857062e-02
5.915966386554474821e-02
4.124999999999883621e-02
2.857142857142758174e-02
6.399999999999839151e-02
1.714285714285690779e-02
4.816326530612247830e-02
7.402597402597363430e-02
1.085714285714273752e-01
1.142857142857142683e-01
8.380952380952320924e-02
1.130434782608694538e-01
1.180000000000001742e-01
5.057142857142763598e-02
1.226373626373616910e-01
1.002197802197790782e-01
8.571428571428518772e-02
6.984126984126969029e-02
2.311688311688241473e-02
9.999999999999999167e-02
1.104761904761873345e-02
2.857142857142856707e-02
1.028571428571426888e-01
2.733333333333334836e-01
1.210884353741490393e-01
5.809523809523715193e-02
4.857142857142846687e-02
