3.525641025641020054e-02
6.628787878787870125e-02
1.709401709401706659e-01
1.602564102564099993e-02
5.128205128205119701e-02
1.495726495726494021e-01
1.162587412587411106e-01
1.268115942028983853e-02
1.686390532544376486e-01
1.134615384615382944e-01
1.862980769230767122e-02
1.891025641025638124e-02
2.207977207977204065e-02
9.542540792540778194e-02
6.410256410256399973e-02
8.012820512820499619e-02
1.908508158508155639e-02
9.271978021978008466e-02
9.134615384615372979e-02
6.410256410256399973e-02
3.205128205128199986e-02
9.615384615384600306e-03
1.737891737891736066e-01
1.096153846153844758e-01
6.517094017094010594e-02
7.167832167832158263e-02
1.461538461538459677e-01
1.880341880341877825e-01
0.000000000000000000e+00
3.653846153846149192e-02
1.644230769230766998e-01
4.504048582995945349e-02
1.923076923076920131e-01
1.923076923076920131e-01
7.495069033530563085e-02
1.282051282051279995e-01
5.179487179487172327e-02
5.480769230769223788e-02
9.954751131221707683e-02
4.627403846153838735e-02
1.442307692307689959e-01
7.179487179487170634e-02
1.923076923076920061e-02
6.753663003662994935e-02
3.321678321678317447e-02
6.089743589743582680e-02
1.762820512820509888e-01
6.267806267806258491e-02
1.268115942028983853e-02
5.673076923076914718e-02
0.000000000000000000e+00
6.878698224852061727e-02
9.368836291913203163e-02
4.807692307692300326e-02
7.834757834757823114e-02
6.483100233100225207e-02
1.923076923076920131e-01
3.717948717948712373e-02
1.442307692307689959e-01
2.564102564102559850e-02
6.570512820512811047e-02
9.508547008546998358e-02
2.606837606837602433e-02
9.615384615384600306e-03
4.487179487179480258e-02
1.193181818181816567e-01
1.651484480431846535e-01
8.241758241758230519e-02
7.692307692307680245e-02
2.026098901098898619e-01
1.577797202797200371e-01
2.536231884057967706e-02
1.815268065268063058e-01
1.388221153846151690e-01
1.278846153846152356e-01
3.725961538461532857e-02
2.083333333333330095e-01
1.282051282051279995e-01
3.910256410256403997e-02
2.564102564102559989e-01
2.557692307692304712e-01
1.762820512820509888e-01
2.884615384615379918e-02
1.858974358974356256e-01
1.371082621082619357e-01
1.216783216783215160e-01
0.000000000000000000e+00
1.096153846153844758e-01
2.580891330891327828e-01
2.435897435897433072e-01
6.394230769230759004e-02
1.256410256410255000e-01
1.923076923076920131e-01
8.304195804195793618e-02
4.380341880341873800e-02
2.724358974358969676e-01
2.547770700636942109e-01
2.388535031847132950e-01
2.961783439490445757e-01
2.101910828025476963e-01
7.987220447284340552e-02
2.811501597444088230e-01
1.608503317768492369e-01
1.779671044846763139e-01
1.452675718849838205e-01
6.070287539936099902e-02
3.738019169329069857e-01
1.437699680511179967e-01
5.023491824844952269e-01
2.010649627263045580e-01
7.667731629392969539e-02
2.555910543130988088e-01
7.786060821204567051e-02
2.036741214057506688e-01
2.038919546906765301e-01
4.792332268370599890e-02
3.525641025641020054e-02
6.628787878787870125e-02
1.709401709401706659e-01
1.602564102564099993e-02
5.128205128205119701e-02
1.495726495726494021e-01
1.162587412587411106e-01
1.268115942028983853e-02
1.686390532544376486e-01
1.134615384615382944e-01
1.862980769230767122e-02
1.891025641025638124e-02
2.207977207977204065e-02
9.542540792540778194e-02
6.410256410256399973e-02
8.012820512820499619e-02
1.908508158508155639e-02
9.271978021978008466e-02
9.134615384615372979e-02
6.410256410256399973e-02
3.205128205128199986e-02
9.615384615384600306e-03
1.737891737891736066e-01
1.096153846153844758e-01
6.517094017094010594e-02
7.167832167832158263e-02
1.461538461538459677e-01
1.880341880341877825e-01
0.000000000000000000e+00
3.653846153846149192e-02
1.644230769230766998e-01
4.504048582995945349e-02
1.923076923076920131e-01
1.923076923076920131e-01
7.495069033530563085e-02
1.282051282051279995e-01
5.179487179487172327e-02
5.480769230769223788e-02
9.954751131221707683e-02
4.627403846153838735e-02
1.442307692307689959e-01
7.179487179487170634e-02
1.923076923076920061e-02
6.753663003662994935e-02
3.321678321678317447e-02
6.089743589743582680e-02
1.762820512820509888e-01
6.267806267806258491e-02
1.268115942028983853e-02
5.673076923076914718e-02
0.000000000000000000e+00
6.878698224852061727e-02
9.368836291913203163e-02
4.807692307692300326e-02
7.834757834757823114e-02
6.483100233100225207e-02
1.923076923076920131e-01
3.717948717948712373e-02
1.442307692307689959e-01
2.564102564102559850e-02
6.570512820512811047e-02
9.508547008546998358e-02
2.606837606837602433e-02
9.615384615384600306e-03
7.987220447284340552e-02
2.811501597444088230e-01
1.608503317768492369e-01
1.779671044846763139e-01
1.452675718849838205e-01
6.070287539936099902e-02
3.738019169329069857e-01
1.437699680511179967e-01
5.023491824844952269e-01
2.010649627263045580e-01
7.667731629392969539e-02
2.555910543130988088e-01
7.786060821204567051e-02
2.036741214057506688e-01
2.038919546906765301e-01
4.792332268370599890e-02
8.333333333333330095e-02
2.460317460317459626e-01
3.205128205128204844e-01
6.993006993006983807e-02
5.858676207513408007e-02
4.166666666666660190e-02
3.485576923076922351e-01
3.112672583826429085e-01
2.163461538461537437e-01
3.100233100233095729e-01
8.653846153846149469e-02
1.891025641025640969e-01
2.299679487179487336e-01
1.282051282051279995e-01
1.714046822742472109e-01
4.166666666666660190e-02
5.144694533762050187e-02
1.805027769657993608e-01
2.302049839228295647e-01
2.104647763811748340e-01
1.458161968144766618e-01
5.787781350482310017e-02
3.958766786457343922e-01
1.349477491961413034e-01
4.877881918314289078e-01
3.314820228003507174e-01
7.395498392282949529e-02
1.705872398036891169e-01
2.394036831335865367e-01
2.104647763811748340e-01
1.639871382636653996e-01
4.501607717041800072e-02
3.548387096774190119e-02
2.364369501466273837e-01
2.516129032258062059e-01
2.243401759530790074e-01
2.089605734767023548e-01
5.483870967741930058e-02
2.427096774193546191e-01
1.451612903225804885e-01
5.882697947214075018e-01
1.660645161290321137e-01
9.032258064516120177e-02
1.460978147762745649e-01
1.640953716690040920e-01
1.751152073732717140e-01
1.793309438470727379e-01
4.516129032258060089e-02
5.825242718446600049e-02
1.776339446242356790e-01
4.591154261057171504e-01
1.626949102677255066e-01
1.975581053250954344e-01
5.825242718446600049e-02
2.384034519956848008e-01
2.227615965480040372e-01
2.524271844660191944e-01
2.558656957928802655e-01
8.737864077669900420e-02
1.545692710741252696e-01
2.330097087378640019e-01
1.335377278146820390e-01
2.324213003824653623e-01
3.883495145631059992e-02
6.818181818181809350e-02
1.883116883116880691e-01
2.897402597402595759e-01
2.427272727272723751e-01
1.797520661157022970e-01
5.519480519480510217e-02
3.787878787878787845e-01
1.753246753246751610e-01
3.855519480519478681e-01
3.792207792207791806e-01
9.415584415584410394e-02
1.922419685577580473e-01
1.645021645021642609e-01
2.570346320346316715e-01
9.551738583996634280e-02
4.220779220779220103e-02
3.525641025641005483e-02
6.628787878787840981e-02
1.709401709401703884e-01
1.602564102564072585e-02
5.128205128205078067e-02
1.495726495726492911e-01
1.162587412587402641e-01
1.268115942028937189e-02
1.686390532544366494e-01
1.134615384615385303e-01
1.862980769230729305e-02
1.891025641025638818e-02
2.207977207977168330e-02
9.542540792540733785e-02
6.410256410256394421e-02
8.012820512820482965e-02
1.908508158508024841e-02
9.271978021977937690e-02
9.134615384615341060e-02
6.410256410256288950e-02
3.205128205128172925e-02
9.615384615384576020e-03
1.737891737891730237e-01
1.096153846153840872e-01
6.517094017094023084e-02
7.167832167832009771e-02
1.461538461538448852e-01
1.880341880341875882e-01
0.000000000000000000e+00
3.653846153846088823e-02
1.644230769230762834e-01
4.504048582995915512e-02
1.923076923076909306e-01
1.923076923076923184e-01
7.495069033530417368e-02
1.282051282051278884e-01
5.179487179487101550e-02
5.480769230769105133e-02
9.954751131221589722e-02
4.627403846153731182e-02
1.442307692307677747e-01
7.179487179487020754e-02
1.923076923076922837e-02
6.753663003662992159e-02
3.321678321678316059e-02
6.089743589743441127e-02
1.762820512820512386e-01
6.267806267806189102e-02
1.268115942028962169e-02
5.673076923076861983e-02
0.000000000000000000e+00
6.878698224851978460e-02
9.368836291913162917e-02
4.807692307692279510e-02
7.834757834757824502e-02
6.483100233100186349e-02
1.923076923076918465e-01
3.717948717948624943e-02
1.442307692307685796e-01
2.564102564102531748e-02
6.570512820512729169e-02
9.508547008546931745e-02
2.606837606837576760e-02
9.615384615384518774e-03
