1.333333333333329949e-02
4.412121212121185992e-02
1.066666666666666735e-01
2.666666666666650184e-02
1.066666666666639916e-02
2.488888888888874523e-02
1.105454545454544191e-01
7.385507246376786517e-02
7.794871794871778559e-02
1.416000000000000036e-01
9.300000000000004097e-02
7.866666666666646823e-02
2.755555555555555536e-02
6.351515151515112201e-02
8.000000000000000167e-02
2.666666666666650184e-02
1.587878787878748213e-02
7.714285714285695761e-02
1.671999999999998765e-01
4.000000000000000083e-02
8.000000000000000167e-02
1.333333333333329949e-02
1.445925925925924671e-01
4.560000000000001552e-02
1.084444444444445099e-01
1.987878787878783471e-01
1.671999999999998765e-01
1.173333333333333728e-01
2.110144927536219267e-02
7.599999999999983158e-02
1.824000000000000621e-01
4.996491228070145535e-02
1.199999999999999956e-01
8.888888888888867024e-02
9.353846153846158418e-02
6.666666666666649921e-02
6.464000000000001689e-02
1.519999999999996632e-01
1.656470588235294805e-01
1.283333333333329940e-01
1.199999999999999956e-01
1.792000000000000814e-01
2.133333333333330140e-02
6.742857142857144881e-02
5.527272727272694586e-02
1.182222222222218400e-01
9.333333333333299064e-02
6.518518518518504057e-02
1.055072463768089858e-02
6.293333333333295254e-02
3.146666666666647627e-02
9.538461538461516509e-02
1.091282051282047721e-01
6.666666666666649921e-02
1.303703703703701922e-01
3.236363636363637220e-02
6.666666666666649921e-02
7.217777777777752146e-02
1.333333333333329984e-01
4.266666666666640156e-02
5.466666666666668284e-02
7.911111111111085448e-02
1.084444444444417240e-02
1.600000000000000033e-02
2.933333333333330156e-02
9.927272727272730413e-02
1.249122807017540859e-01
4.571428571428543669e-02
5.333333333333319798e-02
8.990476190476179297e-02
1.174545454545453949e-01
1.266086956521739471e-01
8.630303030303020095e-02
2.438333333333330133e-01
1.368000000000000604e-01
4.959999999999992887e-02
1.199999999999999956e-01
1.199999999999999956e-01
2.168888888888875419e-02
1.600000000000000033e-01
3.495999999999999663e-01
2.133333333333330140e-01
3.466666666666660263e-02
1.836666666666664782e-01
2.281481481481480167e-01
2.474666666666664738e-01
4.220289855072438534e-02
1.671999999999998765e-01
1.808253968253966393e-01
2.026666666666667449e-01
9.879999999999981852e-02
3.285333333333331218e-01
1.866666666666665086e-01
1.105454545454544191e-01
3.644444444444422393e-02
1.600000000000000033e-01
1.989389920424403102e-01
2.679045092838195918e-01
3.236074270557028898e-01
2.095490716180370971e-01
4.521276595744679744e-02
1.914893617021276029e-01
1.969108019639933260e-01
1.388888888888888673e-01
1.612367021276595036e-01
5.851063829787229997e-02
4.308510638297871065e-01
1.835106382978722028e-01
3.168022528160198137e-01
3.975177304964537250e-01
9.308510638297870510e-02
2.553191489361700262e-01
1.111111111111108135e-01
2.293882978723403299e-01
1.697292069632493627e-01
4.521276595744679744e-02
1.333333333333329949e-02
4.412121212121185992e-02
1.066666666666666735e-01
2.666666666666650184e-02
1.066666666666639916e-02
2.488888888888874523e-02
1.105454545454544191e-01
7.385507246376786517e-02
7.794871794871778559e-02
1.416000000000000036e-01
9.300000000000004097e-02
7.866666666666646823e-02
2.755555555555555536e-02
6.351515151515112201e-02
8.000000000000000167e-02
2.666666666666650184e-02
1.587878787878748213e-02
7.714285714285695761e-02
1.671999999999998765e-01
4.000000000000000083e-02
8.000000000000000167e-02
1.333333333333329949e-02
1.445925925925924671e-01
4.560000000000001552e-02
1.084444444444445099e-01
1.987878787878783471e-01
1.671999999999998765e-01
1.173333333333333728e-01
2.110144927536219267e-02
7.599999999999983158e-02
1.824000000000000621e-01
4.996491228070145535e-02
1.199999999999999956e-01
8.888888888888867024e-02
9.353846153846158418e-02
6.666666666666649921e-02
6.464000000000001689e-02
1.519999999999996632e-01
1.656470588235294805e-01
1.283333333333329940e-01
1.199999999999999956e-01
1.792000000000000814e-01
2.133333333333330140e-02
6.742857142857144881e-02
5.527272727272694586e-02
1.182222222222218400e-01
9.333333333333299064e-02
6.518518518518504057e-02
1.055072463768089858e-02
6.293333333333295254e-02
3.146666666666647627e-02
9.538461538461516509e-02
1.091282051282047721e-01
6.666666666666649921e-02
1.303703703703701922e-01
3.236363636363637220e-02
6.666666666666649921e-02
7.217777777777752146e-02
1.333333333333329984e-01
4.266666666666640156e-02
5.466666666666668284e-02
7.911111111111085448e-02
1.084444444444417240e-02
1.600000000000000033e-02
4.521276595744679744e-02
1.914893617021276029e-01
1.969108019639933260e-01
1.388888888888888673e-01
1.612367021276595036e-01
5.851063829787229997e-02
4.308510638297871065e-01
1.835106382978722028e-01
3.168022528160198137e-01
3.975177304964537250e-01
9.308510638297870510e-02
2.553191489361700262e-01
1.111111111111108135e-01
2.293882978723403299e-01
1.697292069632493627e-01
4.521276595744679744e-02
3.733333333333330173e-02
1.495873015873014078e-01
3.466666666666665120e-01
1.163636363636362248e-01
1.218604651162790709e-01
6.666666666666659635e-02
4.060000000000000830e-01
1.968205128205126053e-01
1.866666666666665086e-01
4.615757575757573061e-01
8.799999999999999489e-02
2.045333333333332615e-01
1.457777777777775619e-01
1.533333333333332660e-01
1.996521739130434625e-01
4.800000000000000100e-02
4.010695187165769920e-02
1.421973748176956764e-01
1.650233957219250092e-01
1.859504132231403206e-01
1.374207188160675164e-01
8.021390374331549555e-02
4.866310160427807507e-01
1.320187165775400795e-01
3.532825122311978316e-01
3.937773456490033519e-01
9.893048128342239733e-02
2.048972699127497299e-01
1.548371414681575520e-01
2.406417112299465422e-01
2.085561497326202662e-01
4.278074866310160179e-02
2.949061662198389916e-02
1.965025591030951091e-01
2.171581769436995990e-01
1.316110163295150237e-01
1.894548704200179068e-01
6.434316353887399587e-02
3.078820375335120652e-01
1.849865951742626913e-01
3.738727760175477588e-01
3.397319034852545050e-01
9.651474530831090359e-02
1.753870102914466822e-01
1.258887982282317630e-01
1.378782075833011600e-01
2.353291629431037146e-01
4.825737265415540322e-02
2.956989247311820126e-02
1.863799283154120023e-01
3.132616487455198162e-01
1.641006842619746331e-01
2.220185728250244350e-01
6.989247311827949394e-02
3.611111111111111049e-01
1.762246117084824981e-01
2.096774193548384679e-01
2.864583333333332038e-01
1.021505376344085947e-01
1.812596006144391314e-01
1.397849462365587936e-01
1.426146010186755686e-01
2.895894428152490097e-01
4.569892473118279674e-02
3.234501347708890195e-02
2.903350019252982639e-01
1.568733153638811051e-01
2.015094339622639230e-01
2.451604998774807032e-01
5.390835579514820231e-02
3.818508535489666955e-01
2.391220639199073128e-01
2.688679245283017161e-01
4.197663971248877801e-01
1.159029649595686995e-01
2.447155624911332150e-01
1.221922731356693270e-01
2.358490566037733382e-01
1.916355099556559249e-01
2.964959568733150155e-02
1.333333333333333419e-02
4.412121212121176972e-02
1.066666666666666735e-01
2.666666666666666838e-02
1.066666666666632110e-02
2.488888888888850584e-02
1.105454545454540582e-01
7.385507246376780965e-02
7.794871794871677251e-02
1.416000000000000869e-01
9.300000000000006872e-02
7.866666666666560781e-02
2.755555555555557617e-02
6.351515151515106650e-02
8.000000000000000167e-02
2.666666666666666838e-02
1.587878787878737111e-02
7.714285714285673556e-02
1.671999999999996822e-01
4.000000000000000083e-02
8.000000000000000167e-02
1.333333333333333245e-02
1.445925925925926059e-01
4.560000000000005022e-02
1.084444444444445377e-01
1.987878787878789855e-01
1.672000000000000985e-01
1.173333333333333867e-01
2.110144927536165491e-02
7.599999999999960953e-02
1.824000000000002564e-01
4.996491228070135820e-02
1.200000000000000233e-01
8.888888888888824003e-02
9.353846153846169520e-02
6.666666666666569430e-02
6.464000000000000301e-02
1.520000000000000240e-01
1.656470588235295083e-01
1.283333333333324944e-01
1.200000000000000094e-01
1.792000000000000537e-01
2.133333333333333262e-02
6.742857142857146269e-02
5.527272727272680014e-02
1.182222222222211183e-01
9.333333333333219961e-02
6.518518518518424953e-02
1.055072463768116399e-02
6.293333333333292479e-02
3.146666666666554646e-02
9.538461538461545652e-02
1.091282051282047860e-01
6.666666666666624941e-02
1.303703703703699701e-01
3.236363636363638607e-02
6.666666666666569430e-02
7.217777777777704962e-02
1.333333333333321935e-01
4.266666666666628360e-02
5.466666666666668978e-02
7.911111111111075733e-02
1.084444444444406484e-02
1.599999999999999686e-02
