4.316546762589919956e-02
4.463701765860032117e-02
9.592326139088667991e-02
2.158273381294960047e-01
7.194244604316520075e-02
3.357314148681034977e-02
0.000000000000000000e+00
1.138567406944006877e-01
8.411732152739295754e-02
6.366906474820131778e-02
2.090827338129454607e-02
8.489208633093470180e-02
1.115107913669062534e-01
1.285153695225635384e-01
7.194244604316500646e-02
2.338129496402874818e-01
1.285153695225635384e-01
6.243576567317563747e-02
4.100719424460406298e-02
1.258992805755395072e-01
8.992805755395649747e-02
2.158273381294959978e-02
2.438049560351670392e-02
4.100719424460406298e-02
4.876099120703408785e-02
0.000000000000000000e+00
2.050359712230174700e-02
0.000000000000000000e+00
1.138567406944006877e-01
6.151079136690638244e-02
4.100719424460406298e-02
1.179477470655054400e-01
3.597122302158250323e-02
9.592326139088667991e-02
2.102933038184794448e-02
1.798561151079099835e-02
2.906474820143866919e-02
4.100719424460406298e-02
1.862039779940715886e-02
5.193345323740997110e-02
0.000000000000000000e+00
2.014388489208592675e-02
0.000000000000000000e+00
3.031860226104811720e-02
1.118378024852843267e-01
0.000000000000000000e+00
0.000000000000000000e+00
5.275779376498792445e-02
1.565530184548013792e-01
8.489208633093470180e-02
1.061151079136686826e-01
3.087991145545097571e-01
1.261759822910900053e-01
8.992805755395649747e-02
2.198241406874456086e-02
1.018639633747547152e-01
3.597122302158250323e-02
5.563549160671427823e-02
1.798561151079099835e-02
4.316546762589919956e-02
2.212230215827334368e-01
1.524494689962314908e-01
5.851318944844086795e-02
7.553956834532370157e-02
1.187050359712230052e-01
8.927403531720064234e-02
1.853464596743657489e-01
3.854059609455292024e-01
1.151079136690643934e-01
6.063720452209623440e-02
0.000000000000000000e+00
1.707851110416012397e-01
1.600719424460431695e-01
1.038669064748199422e-01
6.151079136690638244e-02
1.756294964028776162e-01
1.258992805755395072e-01
1.978417266187049717e-01
1.462829736211029574e-01
5.395683453237400118e-02
8.201438848920812597e-02
1.079136690647480024e-01
2.158273381294959978e-02
2.607913669064731987e-02
6.594724220623490729e-02
1.517331589274004827e-02
1.850172036284014609e-01
8.201438848920812597e-02
1.829393627954776502e-01
9.112709832134237298e-02
6.151079136690636162e-02
6.043165467625890436e-02
8.992805755395649747e-02
1.863963374754740443e-01
2.458033573141484573e-01
1.438848920863304848e-01
3.214285714285713969e-01
2.035714285714284866e-01
1.000000000000000056e-01
3.750000000000000000e-01
1.111111111111111049e-01
2.150537634408599963e-01
1.273779983457401788e-01
3.993097039692020678e-01
1.955645161290320844e-01
5.376344086021499907e-02
4.838709677419349847e-02
2.150537634408599963e-01
1.366223908918405006e-01
1.127837514934288132e-01
1.075268817204299947e-02
1.290322580645159867e-01
3.993097039692020678e-01
2.553763440860213341e-01
8.797653958944272323e-02
1.577060931899640916e-01
4.316546762589919956e-02
4.463701765860032117e-02
9.592326139088667991e-02
2.158273381294960047e-01
7.194244604316520075e-02
3.357314148681034977e-02
0.000000000000000000e+00
1.138567406944006877e-01
8.411732152739295754e-02
6.366906474820131778e-02
2.090827338129454607e-02
8.489208633093470180e-02
1.115107913669062534e-01
1.285153695225635384e-01
7.194244604316500646e-02
2.338129496402874818e-01
1.285153695225635384e-01
6.243576567317563747e-02
4.100719424460406298e-02
1.258992805755395072e-01
8.992805755395649747e-02
2.158273381294959978e-02
2.438049560351670392e-02
4.100719424460406298e-02
4.876099120703408785e-02
0.000000000000000000e+00
2.050359712230174700e-02
0.000000000000000000e+00
1.138567406944006877e-01
6.151079136690638244e-02
4.100719424460406298e-02
1.179477470655054400e-01
3.597122302158250323e-02
9.592326139088667991e-02
2.102933038184794448e-02
1.798561151079099835e-02
2.906474820143866919e-02
4.100719424460406298e-02
1.862039779940715886e-02
5.193345323740997110e-02
0.000000000000000000e+00
2.014388489208592675e-02
0.000000000000000000e+00
3.031860226104811720e-02
1.118378024852843267e-01
0.000000000000000000e+00
0.000000000000000000e+00
5.275779376498792445e-02
1.565530184548013792e-01
8.489208633093470180e-02
1.061151079136686826e-01
3.087991145545097571e-01
1.261759822910900053e-01
8.992805755395649747e-02
2.198241406874456086e-02
1.018639633747547152e-01
3.597122302158250323e-02
5.563549160671427823e-02
1.798561151079099835e-02
4.316546762589919956e-02
2.212230215827334368e-01
1.524494689962314908e-01
5.851318944844086795e-02
7.553956834532370157e-02
1.111111111111111049e-01
2.150537634408599963e-01
1.273779983457401788e-01
3.993097039692020678e-01
1.955645161290320844e-01
5.376344086021499907e-02
4.838709677419349847e-02
2.150537634408599963e-01
1.366223908918405006e-01
1.127837514934288132e-01
1.075268817204299947e-02
1.290322580645159867e-01
3.993097039692020678e-01
2.553763440860213341e-01
8.797653958944272323e-02
1.577060931899640916e-01
1.079136690647481966e-01
1.486810551558752358e-01
1.618705035971219897e-01
3.629823413996076109e-01
2.301321733311024464e-01
4.316546762589919956e-02
7.823741007194232044e-02
2.235749861649139747e-01
8.992805755395674727e-02
1.281883584041856872e-01
7.194244604316500299e-03
9.550359712230198361e-02
3.441247002398080124e-01
2.068345323741005160e-01
1.410697528933374523e-01
1.546762589928057097e-01
1.263537906137184030e-01
1.599934361667211813e-01
9.803700361010811437e-02
4.282901214309156601e-01
1.637142137519937979e-01
2.166064981949450061e-02
1.352728817158628249e-01
2.317238267148013509e-01
1.766648744143171912e-01
8.861174926156832610e-02
1.083032490974720000e-02
1.064031920957626415e-01
4.330489005579258310e-01
4.430587463078437538e-01
7.581227436823080590e-02
1.407942238267148038e-01
9.057971014492749440e-02
2.018280632411066922e-01
1.304347826086956208e-01
5.039525691699603405e-01
2.347020933977455315e-01
4.347826086956520231e-02
8.608695652173910251e-02
1.521739130434782150e-01
1.749011857707508943e-01
5.739130434782607065e-02
7.246376811594200384e-03
1.185133239831696605e-01
4.678638941398864937e-01
2.070393374741200110e-01
8.480944712828769605e-02
1.557971014492753048e-01
1.163636363636362941e-01
1.155555555555555780e-01
2.579393939393940238e-01
4.178512396694213371e-01
2.089256198347105020e-01
4.727272727272720243e-02
3.151515151515121155e-02
2.741414141414140193e-01
1.199999999999999956e-01
3.749999999999996392e-02
1.454545454545450034e-02
1.021645021645019857e-01
4.363636363636360094e-01
3.000956937799041935e-01
1.044628099173550706e-01
1.381818181818181002e-01
9.854014598540139502e-02
2.570385818560998459e-01
1.557664233576640522e-01
4.417518248175181794e-01
3.319508958195087622e-01
2.919708029197079849e-02
6.082725060827250119e-02
2.674661105318038024e-01
1.386861313868613388e-01
1.598540145985399008e-01
0.000000000000000000e+00
1.584709950057623939e-01
2.919708029197080057e-01
3.193430656934304612e-01
1.163174005180125925e-01
1.423357664233576014e-01
4.316546762589920649e-02
4.463701765859953013e-02
9.592326139088595827e-02
2.158273381294954774e-01
7.194244604316475666e-02
3.357314148681033589e-02
0.000000000000000000e+00
1.138567406944006044e-01
8.411732152739229140e-02
6.366906474820106798e-02
2.090827338129384524e-02
8.489208633093509038e-02
1.115107913669062950e-01
1.285153695225625947e-01
7.194244604316524239e-02
2.338129496402875374e-01
1.285153695225628723e-01
6.243576567317465215e-02
4.100719424460411155e-02
1.258992805755387578e-01
8.992805755395559542e-02
2.158273381294949916e-02
2.438049560351574635e-02
4.100719424460303603e-02
4.876099120703410866e-02
0.000000000000000000e+00
2.050359712230173659e-02
0.000000000000000000e+00
1.138567406944006044e-01
6.151079136690597304e-02
4.100719424460290419e-02
1.179477470655046212e-01
3.597122302158148321e-02
9.592326139088667991e-02
2.102933038184725753e-02
1.798561151079094284e-02
2.906474820143866572e-02
4.100719424460352869e-02
1.862039779940714845e-02
5.193345323740892333e-02
0.000000000000000000e+00
2.014388489208591287e-02
0.000000000000000000e+00
3.031860226104708678e-02
1.118378024852834662e-01
0.000000000000000000e+00
0.000000000000000000e+00
5.275779376498734158e-02
1.565530184548008241e-01
8.489208633093503487e-02
1.061151079136684328e-01
3.087991145545101457e-01
1.261759822910891171e-01
8.992805755395641421e-02
2.198241406874337084e-02
1.018639633747540768e-01
3.597122302158188567e-02
5.563549160671375782e-02
1.798561151079063405e-02
4.316546762589872771e-02
2.212230215827336588e-01
1.524494689962307692e-01
5.851318944844056957e-02
7.553956834532359055e-02
