0.000000000000000000e+00
5.442583732057415524e-02
8.771929824561400246e-02
6.578947368421049491e-02
0.000000000000000000e+00
1.842105263157894912e-01
6.818181818181817677e-02
0.000000000000000000e+00
0.000000000000000000e+00
1.552631578947367696e-01
1.529605263157894635e-01
7.763157894736838482e-02
0.000000000000000000e+00
1.566985645933013649e-01
6.578947368421049491e-02
0.000000000000000000e+00
0.000000000000000000e+00
7.612781954887215541e-02
7.499999999999999722e-02
0.000000000000000000e+00
6.578947368421049491e-02
6.578947368421049491e-02
1.783625730994152503e-01
1.499999999999999944e-01
1.783625730994152503e-01
9.808612440191386006e-02
7.499999999999999722e-02
0.000000000000000000e+00
5.205949656750571281e-02
2.249999999999999778e-01
7.499999999999999722e-02
6.163434903047089464e-02
6.578947368421049491e-02
1.754385964912280049e-01
1.538461538461538269e-01
1.315789473684209898e-01
0.000000000000000000e+00
7.499999999999999722e-02
0.000000000000000000e+00
1.899671052631578261e-01
1.315789473684209898e-01
0.000000000000000000e+00
3.947368421052629972e-02
1.663533834586465865e-01
6.818181818181817677e-02
0.000000000000000000e+00
2.631578947368419796e-01
0.000000000000000000e+00
1.041189931350114256e-01
0.000000000000000000e+00
0.000000000000000000e+00
0.000000000000000000e+00
7.692307692307691347e-02
1.315789473684209898e-01
8.040935672514618049e-02
5.322966507177032819e-02
1.973684210526314986e-01
5.087719298245612504e-02
1.315789473684209898e-01
5.263157894736839731e-02
0.000000000000000000e+00
0.000000000000000000e+00
5.350877192982453345e-02
0.000000000000000000e+00
0.000000000000000000e+00
5.442583732057415524e-02
1.232686980609417893e-01
5.639097744360900555e-02
5.263157894736839731e-02
3.327067669172931730e-01
3.409090909090908145e-02
5.205949656750571281e-02
5.322966507177032819e-02
3.166118421052629972e-01
2.999999999999999889e-01
0.000000000000000000e+00
2.631578947368419796e-01
6.578947368421049491e-02
5.350877192982453345e-02
3.289473684210524884e-01
1.499999999999999944e-01
1.973684210526314986e-01
1.052631578947367946e-01
1.430921052631578816e-01
2.412280701754385415e-01
5.550239234449760167e-02
5.205949656750571281e-02
3.749999999999999445e-01
5.576441102756891921e-02
1.666666666666666574e-01
3.749999999999998473e-02
7.368421052631578261e-02
2.631578947368419796e-01
6.818181818181817677e-02
8.991228070175434628e-02
2.631578947368419796e-01
1.923076923076922906e-01
3.076923076923077094e-01
3.076923076923077094e-01
1.923076923076922906e-01
3.896103896103889769e-02
2.077922077922076116e-01
1.923076923076922351e-01
1.356421356421353974e-01
7.873376623376601713e-02
1.428571428571427937e-01
2.337662337662335665e-01
2.337662337662337331e-01
4.331550802139037537e-01
2.043290043290041658e-01
1.038961038961039030e-01
2.597402597402596047e-01
9.042809042809014930e-02
2.435064935064934488e-01
2.231404958677685735e-01
1.298701298701289940e-02
0.000000000000000000e+00
5.442583732057415524e-02
8.771929824561400246e-02
6.578947368421049491e-02
0.000000000000000000e+00
1.842105263157894912e-01
6.818181818181817677e-02
0.000000000000000000e+00
0.000000000000000000e+00
1.552631578947367696e-01
1.529605263157894635e-01
7.763157894736838482e-02
0.000000000000000000e+00
1.566985645933013649e-01
6.578947368421049491e-02
0.000000000000000000e+00
0.000000000000000000e+00
7.612781954887215541e-02
7.499999999999999722e-02
0.000000000000000000e+00
6.578947368421049491e-02
6.578947368421049491e-02
1.783625730994152503e-01
1.499999999999999944e-01
1.783625730994152503e-01
9.808612440191386006e-02
7.499999999999999722e-02
0.000000000000000000e+00
5.205949656750571281e-02
2.249999999999999778e-01
7.499999999999999722e-02
6.163434903047089464e-02
6.578947368421049491e-02
1.754385964912280049e-01
1.538461538461538269e-01
1.315789473684209898e-01
0.000000000000000000e+00
7.499999999999999722e-02
0.000000000000000000e+00
1.899671052631578261e-01
1.315789473684209898e-01
0.000000000000000000e+00
3.947368421052629972e-02
1.663533834586465865e-01
6.818181818181817677e-02
0.000000000000000000e+00
2.631578947368419796e-01
0.000000000000000000e+00
1.041189931350114256e-01
0.000000000000000000e+00
0.000000000000000000e+00
0.000000000000000000e+00
7.692307692307691347e-02
1.315789473684209898e-01
8.040935672514618049e-02
5.322966507177032819e-02
1.973684210526314986e-01
5.087719298245612504e-02
1.315789473684209898e-01
5.263157894736839731e-02
0.000000000000000000e+00
0.000000000000000000e+00
5.350877192982453345e-02
0.000000000000000000e+00
3.896103896103889769e-02
2.077922077922076116e-01
1.923076923076922351e-01
1.356421356421353974e-01
7.873376623376601713e-02
1.428571428571427937e-01
2.337662337662335665e-01
2.337662337662337331e-01
4.331550802139037537e-01
2.043290043290041658e-01
1.038961038961039030e-01
2.597402597402596047e-01
9.042809042809014930e-02
2.435064935064934488e-01
2.231404958677685735e-01
1.298701298701289940e-02
0.000000000000000000e+00
3.107769423558895960e-01
3.289473684210524884e-01
7.177033492822965099e-02
1.603427172582618521e-01
1.315789473684209898e-01
2.384868421052631082e-01
1.533400809716598812e-01
1.315789473684209898e-01
2.009569377990430006e-01
1.184210526315788992e-01
3.105263157894735393e-01
2.697368421052630527e-01
9.868421052631574930e-02
1.876430205949655705e-01
2.631578947368419866e-02
2.666666666666659899e-02
1.575757575757574802e-01
1.975000000000000089e-01
1.636363636363636631e-01
2.015503875968990555e-01
1.333333333333333037e-01
2.141176470588235514e-01
9.875000000000000444e-02
3.262411347517727433e-01
3.927272727272727582e-01
1.466666666666666119e-01
7.859649122806997013e-02
1.103030303030300557e-01
2.181818181818180880e-01
1.199999999999999956e-01
8.000000000000000167e-02
5.405405405405400154e-02
1.584766584766583719e-01
2.432432432432430069e-01
0.000000000000000000e+00
3.978978978978976039e-02
1.486486486486486014e-01
2.140540540540538661e-01
2.027027027027025197e-01
3.624078624078620470e-01
2.140540540540538661e-01
1.081081081081081002e-01
2.380122057541412539e-01
2.115158636897765676e-01
1.930501930501928587e-01
1.581581581581580354e-01
2.702702702702700077e-02
6.849315068493150305e-02
2.374429223744292383e-01
1.388127853881279128e-01
4.919053549190536417e-02
1.475716064757160995e-01
1.232876712328767055e-01
1.187214611872146469e-01
2.694063926940639120e-01
1.232876712328767055e-01
2.825342465753424293e-01
1.369863013698630061e-01
1.924331376386171077e-01
1.643835616438356073e-01
1.211247296322999212e-01
3.443337484433375284e-01
2.739726027397260122e-02
0.000000000000000000e+00
2.301587301587298962e-01
3.233333333333333059e-01
1.977777777777775525e-01
2.746212121212119883e-01
9.722222222222219601e-02
2.314814814814812605e-01
2.142857142857141073e-01
3.298611111111110494e-01
5.407407407407407440e-01
9.722222222222219601e-02
2.192982456140349090e-01
1.481481481481479734e-01
2.893518518518516935e-01
1.362007168458780060e-01
1.388888888888879965e-02
0.000000000000000000e+00
5.442583732057360013e-02
8.771929824561235101e-02
6.578947368421012021e-02
0.000000000000000000e+00
1.842105263157887696e-01
6.818181818181787146e-02
0.000000000000000000e+00
0.000000000000000000e+00
1.552631578947361868e-01
1.529605263157894912e-01
7.763157894736850972e-02
0.000000000000000000e+00
1.566985645933010041e-01
6.578947368421052266e-02
0.000000000000000000e+00
0.000000000000000000e+00
7.612781954887094804e-02
7.499999999999974742e-02
0.000000000000000000e+00
6.578947368420939856e-02
6.578947368421043940e-02
1.783625730994148895e-01
1.500000000000000222e-01
1.783625730994145286e-01
9.808612440191273596e-02
7.499999999999831801e-02
0.000000000000000000e+00
5.205949656750505361e-02
2.250000000000000333e-01
7.499999999999951150e-02
6.163434903046993707e-02
6.578947368420925979e-02
1.754385964912272278e-01
1.538461538461539935e-01
1.315789473684210453e-01
0.000000000000000000e+00
7.499999999999906741e-02
0.000000000000000000e+00
1.899671052631578261e-01
1.315789473684209898e-01
0.000000000000000000e+00
3.947368421052604992e-02
1.663533834586466420e-01
6.818181818181821841e-02
0.000000000000000000e+00
2.631578947368408139e-01
0.000000000000000000e+00
1.041189931350108150e-01
0.000000000000000000e+00
0.000000000000000000e+00
0.000000000000000000e+00
7.692307692307601141e-02
1.315789473684209343e-01
8.040935672514568089e-02
5.322966507176953022e-02
1.973684210526315819e-01
5.087719298245574340e-02
1.315789473684204069e-01
5.263157894736823772e-02
0.000000000000000000e+00
0.000000000000000000e+00
5.350877192982442937e-02
0.000000000000000000e+00
