2.631578947368419866e-02
2.177033492822966210e-01
8.771929824561400246e-02
6.578947368421049491e-02
0.000000000000000000e+00
2.456140350877192846e-01
6.818181818181817677e-02
1.041189931350114256e-01
0.000000000000000000e+00
7.763157894736838482e-02
7.648026315789473173e-02
7.763157894736838482e-02
0.000000000000000000e+00
0.000000000000000000e+00
6.578947368421049491e-02
1.973684210526314986e-01
2.350478468899520890e-01
0.000000000000000000e+00
7.499999999999999722e-02
0.000000000000000000e+00
1.973684210526314986e-01
1.315789473684209933e-02
0.000000000000000000e+00
7.499999999999999722e-02
2.675438596491228616e-01
0.000000000000000000e+00
0.000000000000000000e+00
6.432748538011694162e-02
1.041189931350114256e-01
7.499999999999999722e-02
2.249999999999999778e-01
0.000000000000000000e+00
6.578947368421049491e-02
1.754385964912280049e-01
7.692307692307691347e-02
1.315789473684209898e-01
5.315789473684209149e-02
0.000000000000000000e+00
6.811145510835912853e-02
1.266447368421051989e-01
6.578947368421049491e-02
0.000000000000000000e+00
1.315789473684209933e-02
1.109022556390977243e-01
0.000000000000000000e+00
1.666666666666666574e-01
1.315789473684209898e-01
0.000000000000000000e+00
1.041189931350114256e-01
7.763157894736838482e-02
0.000000000000000000e+00
0.000000000000000000e+00
7.692307692307691347e-02
0.000000000000000000e+00
1.608187134502923610e-01
5.322966507177032819e-02
1.315789473684209898e-01
1.526315789473683682e-01
1.315789473684209898e-01
0.000000000000000000e+00
8.991228070175436016e-02
5.576441102756891921e-02
5.350877192982453345e-02
0.000000000000000000e+00
2.631578947368419866e-02
2.177033492822966210e-01
6.163434903047089464e-02
2.255639097744360222e-01
0.000000000000000000e+00
3.327067669172931730e-01
6.818181818181816289e-02
1.561784897025171315e-01
5.322966507177032819e-02
1.899671052631578261e-01
1.499999999999999944e-01
0.000000000000000000e+00
1.315789473684209898e-01
6.578947368421049491e-02
2.140350877192981338e-01
1.315789473684209898e-01
2.999999999999999889e-01
3.289473684210524884e-01
2.631578947368419866e-02
0.000000000000000000e+00
4.020467836257308747e-01
5.550239234449760167e-02
1.041189931350114256e-01
1.499999999999999944e-01
1.115288220551378384e-01
3.333333333333333148e-01
1.499999999999999389e-01
0.000000000000000000e+00
6.578947368421049491e-02
6.818181818181817677e-02
1.348684210526315264e-01
1.973684210526314986e-01
2.948717948717948789e-01
2.564102564102563875e-01
2.307692307692306988e-01
2.179487179487178961e-01
1.038961038961039030e-01
3.636363636363635909e-01
1.153846153846152245e-01
1.808561808561806594e-01
1.968344155844155008e-01
6.493506493506490118e-02
2.337662337662335665e-01
2.337662337662337331e-01
3.712757830404889159e-01
2.043290043290041658e-01
5.194805194805190290e-02
2.077922077922076116e-01
1.356421356421353974e-01
1.948051948051946758e-01
2.231404958677685735e-01
3.896103896103889769e-02
2.631578947368419866e-02
2.177033492822966210e-01
8.771929824561400246e-02
6.578947368421049491e-02
0.000000000000000000e+00
2.456140350877192846e-01
6.818181818181817677e-02
1.041189931350114256e-01
0.000000000000000000e+00
7.763157894736838482e-02
7.648026315789473173e-02
7.763157894736838482e-02
0.000000000000000000e+00
0.000000000000000000e+00
6.578947368421049491e-02
1.973684210526314986e-01
2.350478468899520890e-01
0.000000000000000000e+00
7.499999999999999722e-02
0.000000000000000000e+00
1.973684210526314986e-01
1.315789473684209933e-02
0.000000000000000000e+00
7.499999999999999722e-02
2.675438596491228616e-01
0.000000000000000000e+00
0.000000000000000000e+00
6.432748538011694162e-02
1.041189931350114256e-01
7.499999999999999722e-02
2.249999999999999778e-01
0.000000000000000000e+00
6.578947368421049491e-02
1.754385964912280049e-01
7.692307692307691347e-02
1.315789473684209898e-01
5.315789473684209149e-02
0.000000000000000000e+00
6.811145510835912853e-02
1.266447368421051989e-01
6.578947368421049491e-02
0.000000000000000000e+00
1.315789473684209933e-02
1.109022556390977243e-01
0.000000000000000000e+00
1.666666666666666574e-01
1.315789473684209898e-01
0.000000000000000000e+00
1.041189931350114256e-01
7.763157894736838482e-02
0.000000000000000000e+00
0.000000000000000000e+00
7.692307692307691347e-02
0.000000000000000000e+00
1.608187134502923610e-01
5.322966507177032819e-02
1.315789473684209898e-01
1.526315789473683682e-01
1.315789473684209898e-01
0.000000000000000000e+00
8.991228070175436016e-02
5.576441102756891921e-02
5.350877192982453345e-02
0.000000000000000000e+00
1.038961038961039030e-01
3.636363636363635909e-01
1.153846153846152245e-01
1.808561808561806594e-01
1.968344155844155008e-01
6.493506493506490118e-02
2.337662337662335665e-01
2.337662337662337331e-01
3.712757830404889159e-01
2.043290043290041658e-01
5.194805194805190290e-02
2.077922077922076116e-01
1.356421356421353974e-01
1.948051948051946758e-01
2.231404958677685735e-01
3.896103896103889769e-02
2.631578947368419866e-02
3.496240601503758372e-01
2.631578947368419796e-01
2.511961722488038062e-01
4.409424724602201695e-01
2.631578947368419866e-02
1.907894736842104810e-01
1.022267206477732587e-01
9.868421052631574930e-02
2.679425837320573156e-01
6.578947368421049491e-02
2.328947368421051822e-01
2.697368421052630527e-01
1.644736842105262442e-01
2.345537757437069770e-01
1.315789473684209933e-02
8.000000000000000167e-02
1.575757575757574802e-01
1.975000000000000089e-01
3.272727272727273262e-01
2.418604651162791219e-01
9.333333333333329596e-02
2.141176470588235514e-01
6.583333333333316051e-02
1.957446808510638625e-01
4.581818181818180236e-01
5.333333333333330206e-02
1.571929824561402456e-01
3.860606060606059931e-01
1.090909090909088358e-01
1.599999999999999201e-01
5.333333333333330206e-02
1.216216216216216006e-01
1.188574938574937651e-01
2.432432432432430069e-01
2.211302211302209608e-01
7.957957957957952078e-02
1.081081081081081002e-01
1.070270270270269330e-01
2.027027027027025197e-01
3.624078624078620470e-01
2.675675675675673326e-01
5.405405405405400154e-02
1.360069747166519905e-01
3.172737955346648930e-01
1.544401544401542981e-01
1.581581581581580354e-01
4.054054054054050116e-02
9.589041095890410427e-02
2.374429223744292383e-01
2.082191780821918692e-01
2.459526774595268139e-01
1.967621419676214567e-01
6.849315068493150305e-02
2.968036529680366242e-01
1.347031963470319560e-01
2.465753424657534110e-01
1.883561643835616195e-01
6.849315068493150305e-02
1.154598825831702619e-01
2.739726027397260122e-01
2.018745493871665353e-01
1.475716064757160995e-01
5.479452054794520244e-02
5.555555555555549696e-02
5.178571428571427937e-01
1.616666666666664587e-01
2.472222222222220656e-01
3.844696969696969058e-01
4.166666666666660190e-02
1.736111111111108551e-01
2.142857142857141073e-01
2.638888888888887285e-01
2.027777777777774737e-01
6.944444444444440590e-02
2.741228070175437681e-01
2.592592592592591894e-01
2.893518518518516935e-01
1.362007168458780060e-01
1.388888888888879965e-02
2.631578947368412927e-02
2.177033492822965655e-01
8.771929824561235101e-02
6.578947368421012021e-02
0.000000000000000000e+00
2.456140350877187017e-01
6.818181818181787146e-02
1.041189931350111203e-01
0.000000000000000000e+00
7.763157894736809339e-02
7.648026315789373253e-02
7.763157894736850972e-02
0.000000000000000000e+00
0.000000000000000000e+00
6.578947368421052266e-02
1.973684210526310268e-01
2.350478468899513673e-01
0.000000000000000000e+00
7.499999999999974742e-02
0.000000000000000000e+00
1.973684210526307492e-01
1.315789473684203861e-02
0.000000000000000000e+00
7.500000000000001110e-02
2.675438596491218068e-01
0.000000000000000000e+00
0.000000000000000000e+00
6.432748538011646977e-02
1.041189931350111203e-01
7.500000000000001110e-02
2.250000000000001443e-01
0.000000000000000000e+00
6.578947368420925979e-02
1.754385964912272278e-01
7.692307692307596978e-02
1.315789473684210453e-01
5.315789473684185557e-02
0.000000000000000000e+00
6.811145510835760197e-02
1.266447368421043107e-01
6.578947368420962061e-02
0.000000000000000000e+00
1.315789473684201780e-02
1.109022556390972802e-01
0.000000000000000000e+00
1.666666666666654639e-01
1.315789473684204069e-01
0.000000000000000000e+00
1.041189931350108150e-01
7.763157894736751052e-02
0.000000000000000000e+00
0.000000000000000000e+00
7.692307692307601141e-02
0.000000000000000000e+00
1.608187134502913618e-01
5.322966507176953022e-02
1.315789473684210453e-01
1.526315789473683404e-01
1.315789473684204069e-01
0.000000000000000000e+00
8.991228070175359688e-02
5.576441102756803103e-02
5.350877192982442937e-02
0.000000000000000000e+00
