2.665685401092299928e-02
7.168180233602242102e-02
9.213567287704467479e-02
1.010961769376765018e-01
5.085021497462879903e-02
6.756788162838422984e-02
7.161454573624838338e-02
4.386088707979714924e-02
7.282500201119714023e-02
9.621179842739270571e-02
6.817310299415080266e-02
7.281016384552758958e-02
5.051193657925626135e-02
1.070651121354146001e-01
8.990200255645500182e-02
1.048921253437654910e-01
9.760869335568132799e-02
7.220657484824477557e-02
1.265096641747680828e-01
8.571871247627499413e-02
8.211643490723150030e-02
8.436301661695700185e-03
1.075854411176097869e-01
5.731572219855095296e-02
9.729420321665738225e-02
1.506674601302170624e-01
9.506991517217337762e-02
7.343653837049642086e-02
2.430585845861573183e-02
4.941162799705615255e-02
1.267304489289999281e-01
6.165297040098013936e-02
9.327187512104399836e-02
7.638377813068866762e-02
6.172915282416775035e-02
9.431769764108900722e-02
8.127884727117767882e-02
9.723360576364409313e-02
1.150906037745303978e-01
8.179590967192115758e-02
6.429871789905849955e-02
1.055924390905216559e-01
1.186040206065770014e-02
6.617621832790132608e-02
5.937102754703529883e-02
7.717653742366138714e-02
7.588023395437100416e-02
9.169152109075397183e-02
6.458063527402721493e-02
6.389743192470076494e-02
3.693070457450481348e-02
1.100080149931023515e-01
1.107773351488733349e-01
5.407289770306349802e-02
8.762959806845568855e-02
4.882688292069671532e-02
9.931440523685899913e-02
8.132625789208643152e-02
9.505364682186150105e-02
5.803927644575279654e-02
1.129139714141843415e-01
7.351044070260077945e-02
7.737330699409931956e-02
2.489832281055109897e-02
5.155517682147420233e-02
1.492596492092946314e-01
1.263904037119562562e-01
1.765614019555217518e-01
1.088894914203815956e-01
1.271941522474115682e-01
7.472560363678602824e-02
9.268715760259056691e-02
9.922073897748844018e-02
1.602737537281635483e-01
1.241693457799123018e-01
6.984816206375624170e-02
1.842197001975439952e-01
1.756207150327300237e-01
1.440353255606769967e-01
1.382809776503849952e-01
2.532401131037685937e-01
1.771700817290930152e-01
2.029670372235339859e-02
1.180017043033659563e-01
1.753538796572456926e-01
1.790403081831207222e-01
4.907147464343513538e-02
1.095975520006196996e-01
1.525694586623428939e-01
1.497411266478156366e-01
1.172808614478831613e-01
2.011201921214702537e-01
1.183716156021225041e-01
1.154904978044766634e-01
1.122257943732164059e-01
1.940581787194479990e-01
2.545570041909719916e-01
2.354768489468342940e-01
2.527907535228178793e-01
2.571753933393757796e-01
7.802550237825940649e-02
2.083882063120708061e-01
1.564669469012309744e-01
2.492860057119541950e-01
2.067625943169669467e-01
5.078784686178199753e-02
2.981965511364515486e-01
1.506205165548548941e-01
2.836617813386603792e-01
3.005319451115274765e-01
5.927831058364189942e-02
2.302960816819792089e-01
1.698586242533687840e-01
2.106735044853818017e-01
1.826562418570845947e-01
7.779309917419389986e-02
2.665685401092299928e-02
7.168180233602242102e-02
9.213567287704467479e-02
1.010961769376765018e-01
5.085021497462879903e-02
6.756788162838422984e-02
7.161454573624838338e-02
4.386088707979714924e-02
7.282500201119714023e-02
9.621179842739270571e-02
6.817310299415080266e-02
7.281016384552758958e-02
5.051193657925626135e-02
1.070651121354146001e-01
8.990200255645500182e-02
1.048921253437654910e-01
9.760869335568132799e-02
7.220657484824477557e-02
1.265096641747680828e-01
8.571871247627499413e-02
8.211643490723150030e-02
8.436301661695700185e-03
1.075854411176097869e-01
5.731572219855095296e-02
9.729420321665738225e-02
1.506674601302170624e-01
9.506991517217337762e-02
7.343653837049642086e-02
2.430585845861573183e-02
4.941162799705615255e-02
1.267304489289999281e-01
6.165297040098013936e-02
9.327187512104399836e-02
7.638377813068866762e-02
6.172915282416775035e-02
9.431769764108900722e-02
8.127884727117767882e-02
9.723360576364409313e-02
1.150906037745303978e-01
8.179590967192115758e-02
6.429871789905849955e-02
1.055924390905216559e-01
1.186040206065770014e-02
6.617621832790132608e-02
5.937102754703529883e-02
7.717653742366138714e-02
7.588023395437100416e-02
9.169152109075397183e-02
6.458063527402721493e-02
6.389743192470076494e-02
3.693070457450481348e-02
1.100080149931023515e-01
1.107773351488733349e-01
5.407289770306349802e-02
8.762959806845568855e-02
4.882688292069671532e-02
9.931440523685899913e-02
8.132625789208643152e-02
9.505364682186150105e-02
5.803927644575279654e-02
1.129139714141843415e-01
7.351044070260077945e-02
7.737330699409931956e-02
2.489832281055109897e-02
7.802550237825940649e-02
2.083882063120708061e-01
1.564669469012309744e-01
2.492860057119541950e-01
2.067625943169669467e-01
5.078784686178199753e-02
2.981965511364515486e-01
1.506205165548548941e-01
2.836617813386603792e-01
3.005319451115274765e-01
5.927831058364189942e-02
2.302960816819792089e-01
1.698586242533687840e-01
2.106735044853818017e-01
1.826562418570845947e-01
7.779309917419389986e-02
6.649107177441219985e-02
1.951405220259073980e-01
2.867490413293565243e-01
1.762475042871679831e-01
1.624208314153912924e-01
4.979664562110230203e-02
2.790535306193591136e-01
2.151382064888666124e-01
1.577255296897392411e-01
3.032026113871409967e-01
5.982879498005189839e-02
2.074381221675637987e-01
2.448322164981728832e-01
1.500561645427430091e-01
2.090493119633002050e-01
6.685517294805740085e-02
7.054321217191900084e-02
1.655070975629680252e-01
1.651647376901862474e-01
2.499535186390256236e-01
1.588635631530359305e-01
6.199838864615279943e-02
3.108491142110835770e-01
1.551622877351182261e-01
3.452114638200292074e-01
2.424805834678475103e-01
7.269684856372589377e-02
1.773206838794484097e-01
2.519937686805771571e-01
2.784444801271053205e-01
1.653806823463790932e-01
7.306095255802419475e-02
6.577938225792699656e-02
1.782035237370176162e-01
1.856015122053251976e-01
2.705553086703198495e-01
1.928625595762244183e-01
5.453080576063459861e-02
2.293175708652569478e-01
1.725866303076314945e-01
3.599636034038701249e-01
2.196233431203176711e-01
6.393560732242040134e-02
1.667764151747324342e-01
2.197777028531353316e-01
1.848644449141802759e-01
2.021444141165560371e-01
6.722031561088599727e-02
6.223950667017860011e-02
1.838314663030733431e-01
3.250812145251336660e-01
2.317307814201259031e-01
2.212430857904277848e-01
5.424458871105179714e-02
2.537585927291693411e-01
2.000967515911503125e-01
1.930865651291426843e-01
1.918983669295484806e-01
6.404456082180319532e-02
1.926239577500016287e-01
2.653816953564400172e-01
1.820727583200886235e-01
2.370998139308205799e-01
6.302970204985970659e-02
6.715938054399950286e-02
2.405842621521148694e-01
2.452484873838906287e-01
2.354193103555131394e-01
2.240421976053089959e-01
5.893973551490919865e-02
2.516507722541141967e-01
2.294008081304430291e-01
3.070843114013682151e-01
2.836730425081924190e-01
6.782562886869479557e-02
2.448584915469233236e-01
1.762614172496338727e-01
2.507469470074346063e-01
1.504421704701047469e-01
6.952998504814800196e-02
2.665685401092301662e-02
7.168180233602154672e-02
9.213567287704349518e-02
1.010961769376757524e-01
5.085021497462900719e-02
6.756788162838429923e-02
7.161454573624818909e-02
4.386088707979731577e-02
7.282500201119690431e-02
9.621179842739231713e-02
6.817310299414951202e-02
7.281016384552789489e-02
5.051193657925647645e-02
1.070651121354145446e-01
8.990200255645397487e-02
1.048921253437646306e-01
9.760869335568082839e-02
7.220657484824480332e-02
1.265096641747677775e-01
8.571871247627445289e-02
8.211643490723097294e-02
8.436301661695771309e-03
1.075854411176079273e-01
5.731572219855024519e-02
9.729420321665688265e-02
1.506674601302160632e-01
9.506991517217343313e-02
7.343653837049625432e-02
2.430585845861504835e-02
4.941162799705611786e-02
1.267304489289997893e-01
6.165297040098009773e-02
9.327187512104330447e-02
7.638377813068897293e-02
6.172915282416691074e-02
9.431769764108792475e-02
8.127884727117719310e-02
9.723360576364330210e-02
1.150906037745299398e-01
8.179590967192142126e-02
6.429871789905815260e-02
1.055924390905203514e-01
1.186040206065756830e-02
6.617621832790133996e-02
5.937102754703559027e-02
7.717653742366022140e-02
7.588023395437054619e-02
9.169152109075386081e-02
6.458063527402690962e-02
6.389743192470065392e-02
3.693070457450421673e-02
1.100080149931014911e-01
1.107773351488726410e-01
5.407289770306351190e-02
8.762959806845618815e-02
4.882688292069667368e-02
9.931440523685826360e-02
8.132625789208654254e-02
9.505364682186119574e-02
5.803927644575258143e-02
1.129139714141827872e-01
7.351044070260008556e-02
7.737330699409870893e-02
2.489832281055106081e-02
