2.459689459540160064e-02
7.462087280689820579e-02
1.010251816462620078e-01
9.430675823628900667e-02
5.046282472379799711e-02
7.350452871503890262e-02
7.710578463041863062e-02
4.149681280589905680e-02
7.237139291483846160e-02
9.762864536677590133e-02
6.710958495073129915e-02
6.320170200059689603e-02
4.623961823872220489e-02
1.066063365817020436e-01
8.590872897382299811e-02
9.449338110878849339e-02
9.727179981360319083e-02
7.392665187902559831e-02
1.193527918781723679e-01
7.763511495968900000e-02
8.677963571215251137e-02
8.945456355130800702e-03
1.298618714265170337e-01
5.616601970737486460e-02
1.110571978368332241e-01
1.790923568319801318e-01
1.061622872499253800e-01
7.688309390309976121e-02
2.343117781210887068e-02
4.382651537772445927e-02
1.314086294416241252e-01
5.827872158748587800e-02
1.016472578879265010e-01
7.622507547858334287e-02
5.673335323977261174e-02
9.735493182044349658e-02
7.936647755548899286e-02
1.092117049865626438e-01
1.363415476671409055e-01
8.448339678510992379e-02
6.718423409973099669e-02
1.192793868816558883e-01
1.158305961978699922e-02
6.889583244465297129e-02
6.111729417193725866e-02
6.650409740884492826e-02
7.956355130884799898e-02
8.758833482631615819e-02
6.089152721340109625e-02
6.775281178461213527e-02
3.178436349158902940e-02
9.692617773388152724e-02
9.331909257260102841e-02
5.729322185727050293e-02
8.789246098890768355e-02
4.534879249346217972e-02
9.368468199462499924e-02
8.053150194087753400e-02
1.045710162237479951e-01
5.329949238578680221e-02
1.002351448193489064e-01
7.171057932479232844e-02
7.179506320294580524e-02
2.195929133074539866e-02
4.655618592614710338e-02
1.487271189047838782e-01
1.292622044810441406e-01
1.618286908672097180e-01
1.037623171095848063e-01
1.352749221516017786e-01
7.929775509650080489e-02
8.387967855427320985e-02
9.542875756670905762e-02
1.641169316711453552e-01
1.219767094655119233e-01
6.271275007464899298e-02
1.868717029959189868e-01
1.635438439335125116e-01
1.382269997677581519e-01
1.434507813277595134e-01
2.507614213197965070e-01
1.913506519359009783e-01
2.052851597491779992e-02
1.369703020802226501e-01
1.880260000221179451e-01
2.124415248332833239e-01
4.474567359497295949e-02
9.914153478650331031e-02
1.578687312488447625e-01
1.389179191134997382e-01
1.153459988056134977e-01
2.265750970438934753e-01
1.244774559570020062e-01
1.206228453541081658e-01
1.027006403238114318e-01
1.734970638001389898e-01
2.489735997412227120e-01
2.447560277687924057e-01
2.624225534350195232e-01
2.438478190549651925e-01
7.665128083904600154e-02
2.149371088744292113e-01
1.515827815266709011e-01
2.346774160103841378e-01
1.987847114224218781e-01
5.531433121415330056e-02
3.364208666658368707e-01
1.473182626870869205e-01
2.903508393167781865e-01
3.252779609423921969e-01
6.266718090996180324e-02
2.244920810679671974e-01
1.594836186323799754e-01
1.987975415852790417e-01
1.811508719703849024e-01
7.121440212996249519e-02
2.459689459540160064e-02
7.462087280689820579e-02
1.010251816462620078e-01
9.430675823628900667e-02
5.046282472379799711e-02
7.350452871503890262e-02
7.710578463041863062e-02
4.149681280589905680e-02
7.237139291483846160e-02
9.762864536677590133e-02
6.710958495073129915e-02
6.320170200059689603e-02
4.623961823872220489e-02
1.066063365817020436e-01
8.590872897382299811e-02
9.449338110878849339e-02
9.727179981360319083e-02
7.392665187902559831e-02
1.193527918781723679e-01
7.763511495968900000e-02
8.677963571215251137e-02
8.945456355130800702e-03
1.298618714265170337e-01
5.616601970737486460e-02
1.110571978368332241e-01
1.790923568319801318e-01
1.061622872499253800e-01
7.688309390309976121e-02
2.343117781210887068e-02
4.382651537772445927e-02
1.314086294416241252e-01
5.827872158748587800e-02
1.016472578879265010e-01
7.622507547858334287e-02
5.673335323977261174e-02
9.735493182044349658e-02
7.936647755548899286e-02
1.092117049865626438e-01
1.363415476671409055e-01
8.448339678510992379e-02
6.718423409973099669e-02
1.192793868816558883e-01
1.158305961978699922e-02
6.889583244465297129e-02
6.111729417193725866e-02
6.650409740884492826e-02
7.956355130884799898e-02
8.758833482631615819e-02
6.089152721340109625e-02
6.775281178461213527e-02
3.178436349158902940e-02
9.692617773388152724e-02
9.331909257260102841e-02
5.729322185727050293e-02
8.789246098890768355e-02
4.534879249346217972e-02
9.368468199462499924e-02
8.053150194087753400e-02
1.045710162237479951e-01
5.329949238578680221e-02
1.002351448193489064e-01
7.171057932479232844e-02
7.179506320294580524e-02
2.195929133074539866e-02
7.665128083904600154e-02
2.149371088744292113e-01
1.515827815266709011e-01
2.346774160103841378e-01
1.987847114224218781e-01
5.531433121415330056e-02
3.364208666658368707e-01
1.473182626870869205e-01
2.903508393167781865e-01
3.252779609423921969e-01
6.266718090996180324e-02
2.244920810679671974e-01
1.594836186323799754e-01
1.987975415852790417e-01
1.811508719703849024e-01
7.121440212996249519e-02
6.301632328058119625e-02
2.014756833359399590e-01
2.938066089379909873e-01
1.608010532316294927e-01
1.706025285807864778e-01
5.343634915895290050e-02
2.964457673932514581e-01
2.080146388895266762e-01
1.630150791280977618e-01
3.176434394708502196e-01
6.353886732357910683e-02
2.103053150194086895e-01
2.212569672539064503e-01
1.517243953418929980e-01
2.079887571890374487e-01
6.004279884542639695e-02
6.698600311041989774e-02
1.731005231160751556e-01
1.628837480559873208e-01
2.349441538244026739e-01
1.600491880357333974e-01
6.601555209953340053e-02
3.435206294026164620e-01
1.521333592534991619e-01
3.531928129446407771e-01
2.634265516753849234e-01
7.812130637636080510e-02
1.723500040926575494e-01
2.352902587303831450e-01
2.720486356567224928e-01
1.624385692068429088e-01
6.630171073094859313e-02
6.132580187622860279e-02
1.904474422981650983e-01
1.891283250802497096e-01
2.440069945730980183e-01
1.984479502768997650e-01
5.761813521785649761e-02
2.429487147585037699e-01
1.751685868564460957e-01
3.734405291625285672e-01
2.338338268594318536e-01
6.778311394231960330e-02
1.660117980698298246e-01
1.981497369363441341e-01
1.804065991489782750e-01
2.054999359475930543e-01
5.982033991091639802e-02
5.870130516466969678e-02
1.853966990020140815e-01
3.415475346198348916e-01
2.107463723118231380e-01
2.259815881181264918e-01
5.942294053973339735e-02
2.654788714286306917e-01
2.004031204508975594e-01
2.019334851256017194e-01
2.064048250034213605e-01
6.805768106204819479e-02
1.882733659076459010e-01
2.401801600039812079e-01
1.801285715876041471e-01
2.358554376582816803e-01
5.699675264081219966e-02
6.469914895734829585e-02
2.459776325799316321e-01
2.435499925347134886e-01
2.212043995421290044e-01
2.300241377594187120e-01
6.203653013487279988e-02
2.756453325370358254e-01
2.252703500152860028e-01
3.124626735679093548e-01
3.045148393304468182e-01
7.332155477031800095e-02
2.398223261832478082e-01
1.609183961246866690e-01
2.532494732825691930e-01
1.474835563019056273e-01
6.254665804011340369e-02
2.459689459540158676e-02
7.462087280689835844e-02
1.010251816462617858e-01
9.430675823628924259e-02
5.046282472379792772e-02
7.350452871503844465e-02
7.710578463041743713e-02
4.149681280589882781e-02
7.237139291483758730e-02
9.762864536677466620e-02
6.710958495073021668e-02
6.320170200059592458e-02
4.623961823872203836e-02
1.066063365817023906e-01
8.590872897382240136e-02
9.449338110878752195e-02
9.727179981360320471e-02
7.392665187902439095e-02
1.193527918781715214e-01
7.763511495968869469e-02
8.677963571215228933e-02
8.945456355130844070e-03
1.298618714265159790e-01
5.616601970737433724e-02
1.110571978368321278e-01
1.790923568319807702e-01
1.061622872499252551e-01
7.688309390309940039e-02
2.343117781210906497e-02
4.382651537772400824e-02
1.314086294416242917e-01
5.827872158748605841e-02
1.016472578879254463e-01
7.622507547858288490e-02
5.673335323977211214e-02
9.735493182044252514e-02
7.936647755548839611e-02
1.092117049865617973e-01
1.363415476671392401e-01
8.448339678510947970e-02
6.718423409973016402e-02
1.192793868816553193e-01
1.158305961978660023e-02
6.889583244465261047e-02
6.111729417193655783e-02
6.650409740884492826e-02
7.956355130884797122e-02
8.758833482631504797e-02
6.089152721340119340e-02
6.775281178461228793e-02
3.178436349158804408e-02
9.692617773388156888e-02
9.331909257260034840e-02
5.729322185727023925e-02
8.789246098890769743e-02
4.534879249346171481e-02
9.368468199462511026e-02
8.053150194087789482e-02
1.045710162237478702e-01
5.329949238578595566e-02
1.002351448193483791e-01
7.171057932479224517e-02
7.179506320294559707e-02
2.195929133074531539e-02
