2.666835386975839953e-02
7.720392102163982362e-02
7.624048971069732894e-02
8.335837775422699769e-02
8.446560478322040488e-02
8.651133853202777613e-02
7.106240590367672583e-02
4.512190844676654267e-02
8.174498979769366513e-02
8.940383733253162712e-02
7.079332816627367797e-02
5.636734629316204198e-02
5.655293863325970560e-02
1.052059801763221697e-01
8.802454880498550294e-02
8.201388779044900545e-02
7.977570743898376726e-02
1.148522077880991116e-01
1.536324955315477581e-01
9.300707043545650143e-02
8.011578431217450391e-02
1.819015833346510069e-02
1.650998525454793753e-01
8.862719665933736779e-02
6.518227944652649208e-02
1.221573383987768074e-01
1.190110880878186006e-01
5.892556798110303723e-02
1.614625850106202187e-02
6.410369972002949446e-02
1.672466427294725111e-01
5.408762411557090782e-02
1.083500735515094959e-01
9.827958009733001044e-02
5.788728915537996039e-02
7.948308315274948965e-02
8.384049603770864223e-02
1.192815678334729346e-01
6.566693680524976484e-02
7.239188718938281697e-02
8.984356463833199913e-02
1.064709511080174920e-01
1.254330048559810021e-02
5.359430749728244514e-02
4.803064574343099413e-02
8.465014262138589873e-02
5.907847076129749825e-02
6.263741478306254773e-02
4.631097399529431752e-02
6.793945049904293043e-02
1.521171762547217192e-02
1.210771007199409610e-01
1.222475978648769473e-01
8.233023837016149871e-02
4.997460407846195801e-02
5.752619598493574626e-02
1.032093766311825006e-01
7.290404559666331663e-02
8.320020246437101474e-02
5.175495484095440218e-02
8.852280096803273601e-02
7.420906705954395666e-02
4.193965085440995444e-02
2.127457648566139989e-02
4.794293035541979942e-02
1.301998329093756179e-01
1.076565997807187869e-01
1.417476561811513158e-01
1.362205596241752026e-01
1.317193428042671144e-01
6.675931904099755010e-02
8.292167641049350002e-02
1.140925555518804563e-01
1.453166273864694713e-01
1.580503313772321228e-01
7.752329131143112506e-02
1.678239825374480132e-01
1.810316192404419766e-01
9.642260219441819991e-02
1.583334651460744924e-01
3.208791382610208243e-01
1.633159867765454909e-01
3.073345881906320090e-02
1.639882317584346050e-01
1.087455117761503554e-01
1.226335898169620825e-01
2.634718925948517296e-02
1.205438066465255309e-01
1.660486532127282422e-01
1.780157437138500665e-01
1.128802138529917398e-01
2.236598598566932328e-01
1.721738030084939974e-01
1.077001169059186303e-01
8.425338626933003006e-02
2.077632432261429796e-01
2.571690682188443877e-01
2.680828179618177098e-01
2.411147841766445865e-01
2.336333296426932882e-01
7.343962544683810267e-02
2.590870266679319855e-01
1.506486301019848428e-01
2.370658596339527135e-01
2.388676014678434434e-01
7.411976843503839674e-02
2.652083135617346876e-01
1.686438265160858929e-01
2.964092916278212031e-01
2.729977961258210906e-01
6.224099205972599691e-02
1.890481161620951867e-01
1.487374882395599840e-01
2.242099269241717985e-01
1.695454114074213259e-01
6.205118471418170217e-02
2.666835386975839953e-02
7.720392102163982362e-02
7.624048971069732894e-02
8.335837775422699769e-02
8.446560478322040488e-02
8.651133853202777613e-02
7.106240590367672583e-02
4.512190844676654267e-02
8.174498979769366513e-02
8.940383733253162712e-02
7.079332816627367797e-02
5.636734629316204198e-02
5.655293863325970560e-02
1.052059801763221697e-01
8.802454880498550294e-02
8.201388779044900545e-02
7.977570743898376726e-02
1.148522077880991116e-01
1.536324955315477581e-01
9.300707043545650143e-02
8.011578431217450391e-02
1.819015833346510069e-02
1.650998525454793753e-01
8.862719665933736779e-02
6.518227944652649208e-02
1.221573383987768074e-01
1.190110880878186006e-01
5.892556798110303723e-02
1.614625850106202187e-02
6.410369972002949446e-02
1.672466427294725111e-01
5.408762411557090782e-02
1.083500735515094959e-01
9.827958009733001044e-02
5.788728915537996039e-02
7.948308315274948965e-02
8.384049603770864223e-02
1.192815678334729346e-01
6.566693680524976484e-02
7.239188718938281697e-02
8.984356463833199913e-02
1.064709511080174920e-01
1.254330048559810021e-02
5.359430749728244514e-02
4.803064574343099413e-02
8.465014262138589873e-02
5.907847076129749825e-02
6.263741478306254773e-02
4.631097399529431752e-02
6.793945049904293043e-02
1.521171762547217192e-02
1.210771007199409610e-01
1.222475978648769473e-01
8.233023837016149871e-02
4.997460407846195801e-02
5.752619598493574626e-02
1.032093766311825006e-01
7.290404559666331663e-02
8.320020246437101474e-02
5.175495484095440218e-02
8.852280096803273601e-02
7.420906705954395666e-02
4.193965085440995444e-02
2.127457648566139989e-02
7.343962544683810267e-02
2.590870266679319855e-01
1.506486301019848428e-01
2.370658596339527135e-01
2.388676014678434434e-01
7.411976843503839674e-02
2.652083135617346876e-01
1.686438265160858929e-01
2.964092916278212031e-01
2.729977961258210906e-01
6.224099205972599691e-02
1.890481161620951867e-01
1.487374882395599840e-01
2.242099269241717985e-01
1.695454114074213259e-01
6.205118471418170217e-02
7.818604577592880300e-02
2.067381167047417367e-01
2.746713908353234923e-01
1.473618518587751225e-01
1.313612675799879503e-01
6.567438034830190563e-02
3.680561047753118653e-01
2.243357550375787157e-01
1.741509941316967680e-01
3.464211402712847332e-01
4.694642602932570102e-02
1.665823065120765056e-01
2.262249358071947714e-01
1.608642697837742441e-01
1.344407437539671679e-01
6.535802976858949564e-02
7.719076241695660423e-02
1.903489977279915202e-01
1.568644218601707996e-01
2.128282189180638329e-01
1.714389764793302351e-01
8.035431825371709691e-02
3.580763719597294115e-01
1.583092771274912380e-01
3.342397706085470377e-01
2.747289407839862418e-01
6.339765896868079786e-02
1.575783812584290178e-01
2.274280291047136859e-01
2.755313335825830268e-01
1.418854792787090924e-01
6.398291679848140678e-02
6.891915405178819509e-02
2.082263818846174785e-01
1.745835903763106878e-01
2.415628788238289026e-01
2.171806647438973559e-01
7.238330248817599621e-02
2.524994068238975986e-01
1.745361362881409917e-01
3.472589512071312945e-01
2.343339818725380108e-01
5.939670035906920165e-02
1.454697418956836519e-01
1.947268191937343851e-01
1.871950792370285777e-01
1.749011226699895560e-01
5.854252677201469968e-02
6.613622702394879316e-02
2.062773963814807099e-01
3.194617566726773994e-01
2.032375704272946504e-01
2.540185620321023241e-01
7.069189154987499946e-02
2.768568023875056516e-01
2.057360597017021120e-01
1.865449713689139033e-01
2.227213768230567326e-01
5.572779904457590000e-02
1.641681317406583906e-01
2.325287101774808074e-01
1.803816701106112086e-01
2.099402069030969487e-01
5.579107216299149935e-02
7.138902510400679802e-02
2.692132993159613297e-01
2.329829001692579615e-01
2.163582580634954011e-01
2.586653187361854789e-01
7.679896230444339944e-02
2.770879141159283132e-01
2.290477922981838388e-01
2.942404732904121967e-01
3.160173160173158635e-01
6.124934748564459658e-02
2.092416846567750344e-01
1.558230644710546509e-01
2.557328988510471079e-01
1.307692346944240858e-01
6.042678393470109904e-02
2.666835386975846892e-02
7.720392102163932402e-02
7.624048971069553871e-02
8.335837775422696994e-02
8.446560478322072407e-02
8.651133853202745694e-02
7.106240590367650378e-02
4.512190844676651491e-02
8.174498979769266593e-02
8.940383733253040588e-02
7.079332816627266489e-02
5.636734629316148687e-02
5.655293863326005255e-02
1.052059801763217534e-01
8.802454880498530865e-02
8.201388779044910260e-02
7.977570743898261540e-02
1.148522077880988063e-01
1.536324955315468699e-01
9.300707043545616837e-02
8.011578431217386553e-02
1.819015833346492375e-02
1.650998525454781263e-01
8.862719665933774249e-02
6.518227944652700556e-02
1.221573383987763634e-01
1.190110880878178512e-01
5.892556798110239191e-02
1.614625850106129676e-02
6.410369972002945282e-02
1.672466427294718727e-01
5.408762411557015842e-02
1.083500735515093294e-01
9.827958009733019085e-02
5.788728915537860731e-02
7.948308315274919822e-02
8.384049603770800385e-02
1.192815678334724766e-01
6.566693680524872401e-02
7.239188718938306677e-02
8.984356463833217954e-02
1.064709511080179083e-01
1.254330048559801521e-02
5.359430749728191085e-02
4.803064574343019616e-02
8.465014262138549628e-02
5.907847076129622843e-02
6.263741478306188160e-02
4.631097399529413017e-02
6.793945049904276390e-02
1.521171762547205396e-02
1.210771007199400867e-01
1.222475978648756983e-01
8.233023837016065216e-02
4.997460407846204128e-02
5.752619598493502462e-02
1.032093766311820149e-01
7.290404559666349704e-02
8.320020246437054290e-02
5.175495484095396503e-02
8.852280096803188947e-02
7.420906705954347093e-02
4.193965085441012791e-02
2.127457648566117437e-02
