2.351262662291329908e-02
7.477204633004307099e-02
8.855281304988800450e-02
8.289342274218849949e-02
5.318875731202719892e-02
7.723403243448902222e-02
8.539021258382063773e-02
4.075629470184288783e-02
7.056421962970646500e-02
1.072421172777855702e-01
6.543105293194431682e-02
6.178627478955585339e-02
4.658772054976917376e-02
1.139256021478874392e-01
7.954059066913948817e-02
8.524753887858449453e-02
1.055149872242180931e-01
9.781811140778179370e-02
1.375189042659436256e-01
8.967042374090448964e-02
1.096447424739620119e-01
1.128549008417739988e-02
1.283223157527618175e-01
5.993579683264369656e-02
1.037602447646676362e-01
2.047367670138389717e-01
1.056398915679838679e-01
7.651749338152530333e-02
1.874112166345114766e-02
5.310457982593774773e-02
1.214980739049789371e-01
6.242049695504242601e-02
8.681694963618200034e-02
7.295382127740467071e-02
4.837736097544888259e-02
9.316592951918950538e-02
9.153260094164628047e-02
1.273534027678695224e-01
1.319782128859532389e-01
8.102083036096424662e-02
5.692680838921350406e-02
1.182479668996998939e-01
9.459266657154999716e-03
6.475653751299326188e-02
5.692680838921376774e-02
7.273981071955068489e-02
6.627193608218000243e-02
8.258588164423473488e-02
5.086069463484813730e-02
6.313311456698487978e-02
3.712227136538729516e-02
8.920618545386686804e-02
1.100167915976158067e-01
6.241974604080449684e-02
9.800098286330247155e-02
4.467373117679837580e-02
8.225139106862600080e-02
7.955105340752358090e-02
9.038379226708499747e-02
4.451419603367080119e-02
8.930422789746485235e-02
7.818315227360717046e-02
6.405478670281027076e-02
2.264231702097299972e-02
4.615494364388639942e-02
1.446458449525933054e-01
1.246404998085168525e-01
1.441208242463768718e-01
9.770295334569799317e-02
1.345035974155674996e-01
8.324621590422691397e-02
8.218997934332879229e-02
9.350315827702029847e-02
1.684958624625478019e-01
1.241004422884858654e-01
6.043872164360092336e-02
1.888286488800109963e-01
1.692110144100439917e-01
1.361164217434726043e-01
1.508061064345840030e-01
2.590169781709231733e-01
2.000285347410470094e-01
2.074475674133249847e-02
1.358146668568982196e-01
1.915553019134126067e-01
2.233969312183034239e-01
4.363520194532472668e-02
1.002725067770009748e-01
1.517708524414186355e-01
1.420459409330857847e-01
1.232058781566555267e-01
2.433670994435722656e-01
1.193465544300184866e-01
1.123749983787074302e-01
8.857302515813000876e-02
1.763446996718499860e-01
2.456771100838897048e-01
2.650088455173200130e-01
2.524824516349939985e-01
2.368315927637960894e-01
7.144997217902440689e-02
2.265055427943671873e-01
1.539268182132456086e-01
2.284363660574585675e-01
2.324977529212022831e-01
6.266139732633289883e-02
3.463069438301634162e-01
1.460815225920588101e-01
2.630781664508404782e-01
3.434953607928737940e-01
5.732547688005590336e-02
2.104692471215988125e-01
1.473238229455146320e-01
2.189296771340115411e-01
1.625601004408553096e-01
6.990911814640959898e-02
2.351262662291329908e-02
7.477204633004307099e-02
8.855281304988800450e-02
8.289342274218849949e-02
5.318875731202719892e-02
7.723403243448902222e-02
8.539021258382063773e-02
4.075629470184288783e-02
7.056421962970646500e-02
1.072421172777855702e-01
6.543105293194431682e-02
6.178627478955585339e-02
4.658772054976917376e-02
1.139256021478874392e-01
7.954059066913948817e-02
8.524753887858449453e-02
1.055149872242180931e-01
9.781811140778179370e-02
1.375189042659436256e-01
8.967042374090448964e-02
1.096447424739620119e-01
1.128549008417739988e-02
1.283223157527618175e-01
5.993579683264369656e-02
1.037602447646676362e-01
2.047367670138389717e-01
1.056398915679838679e-01
7.651749338152530333e-02
1.874112166345114766e-02
5.310457982593774773e-02
1.214980739049789371e-01
6.242049695504242601e-02
8.681694963618200034e-02
7.295382127740467071e-02
4.837736097544888259e-02
9.316592951918950538e-02
9.153260094164628047e-02
1.273534027678695224e-01
1.319782128859532389e-01
8.102083036096424662e-02
5.692680838921350406e-02
1.182479668996998939e-01
9.459266657154999716e-03
6.475653751299326188e-02
5.692680838921376774e-02
7.273981071955068489e-02
6.627193608218000243e-02
8.258588164423473488e-02
5.086069463484813730e-02
6.313311456698487978e-02
3.712227136538729516e-02
8.920618545386686804e-02
1.100167915976158067e-01
6.241974604080449684e-02
9.800098286330247155e-02
4.467373117679837580e-02
8.225139106862600080e-02
7.955105340752358090e-02
9.038379226708499747e-02
4.451419603367080119e-02
8.930422789746485235e-02
7.818315227360717046e-02
6.405478670281027076e-02
2.264231702097299972e-02
7.144997217902440689e-02
2.265055427943671873e-01
1.539268182132456086e-01
2.284363660574585675e-01
2.324977529212022831e-01
6.266139732633289883e-02
3.463069438301634162e-01
1.460815225920588101e-01
2.630781664508404782e-01
3.434953607928737940e-01
5.732547688005590336e-02
2.104692471215988125e-01
1.473238229455146320e-01
2.189296771340115411e-01
1.625601004408553096e-01
6.990911814640959898e-02
6.240547867028099771e-02
2.123827188173029179e-01
2.846340419460690052e-01
1.483676831087302195e-01
1.818605314761417013e-01
6.497360536453129776e-02
3.005403766585817982e-01
2.230785693119834989e-01
1.559780282493934966e-01
3.354232869427618557e-01
5.648451990298179737e-02
1.997952632329861034e-01
2.090752366005611818e-01
1.555143387073759931e-01
2.002096683146510070e-01
5.728349265230409798e-02
6.654396552954100486e-02
1.839609120352173333e-01
1.549110773445189770e-01
2.213289856143941248e-01
1.687854014181968676e-01
8.025510422462860116e-02
3.458191391952918359e-01
1.587856154318079138e-01
3.303186252858444916e-01
2.714081706505623304e-01
7.290730357117379545e-02
1.674082050565783020e-01
2.308701015202748175e-01
2.749102115621825937e-01
1.566579634464750070e-01
6.160738489634599857e-02
5.992466613400290049e-02
1.996571193616334949e-01
1.796883917361030147e-01
2.362160297184836555e-01
2.081209019771969870e-01
6.848533272457479892e-02
2.568508161168814863e-01
1.829414450405204839e-01
3.583002147949068128e-01
2.437992238328955397e-01
6.065232279420149780e-02
1.596812854623311517e-01
1.889301896249682144e-01
1.910251602067603027e-01
1.962083645110696828e-01
5.464558840315029975e-02
5.824189935366039933e-02
1.980966513048068312e-01
3.250208074726172458e-01
1.964350800368890870e-01
2.392675596693459583e-01
6.959921240743639770e-02
2.804514389259064044e-01
2.099850503263403501e-01
1.855550958094938085e-01
2.145770613665872184e-01
6.226547005864140061e-02
1.852384825118712219e-01
2.358782655842024123e-01
1.898692827636026814e-01
2.202593659568562179e-01
5.212093540884900345e-02
6.182404474502749964e-02
2.612117357858301236e-01
2.373307079873296088e-01
2.122712096567071494e-01
2.407055747095125375e-01
7.419456096795359890e-02
2.869688668207629467e-01
2.355473479521076052e-01
2.977984190851238888e-01
3.217085675693671654e-01
6.686071397996740107e-02
2.242733363671997882e-01
1.608309790828410524e-01
2.568867771975379410e-01
1.362473569338313040e-01
5.931284421995829809e-02
2.351262662291322969e-02
7.477204633004239098e-02
8.855281304988775470e-02
8.289342274218806927e-02
5.318875731202694218e-02
7.723403243448836997e-02
8.539021258381941648e-02
4.075629470184222863e-02
7.056421962970553519e-02
1.072421172777850845e-01
6.543105293194446948e-02
6.178627478955517338e-02
4.658772054976864641e-02
1.139256021478867315e-01
7.954059066913848897e-02
8.524753887858396717e-02
1.055149872242180237e-01
9.781811140778136349e-02
1.375189042659435146e-01
8.967042374090343493e-02
1.096447424739619425e-01
1.128549008417736171e-02
1.283223157527612068e-01
5.993579683264355085e-02
1.037602447646674836e-01
2.047367670138377505e-01
1.056398915679828687e-01
7.651749338152463720e-02
1.874112166345050234e-02
5.310457982593724813e-02
1.214980739049786873e-01
6.242049695504178763e-02
8.681694963618161176e-02
7.295382127740457356e-02
4.837736097544769603e-02
9.316592951918846455e-02
9.153260094164576699e-02
1.273534027678691893e-01
1.319782128859530446e-01
8.102083036096420499e-02
5.692680838921309466e-02
1.182479668997003103e-01
9.459266657155086452e-03
6.475653751299259575e-02
5.692680838921283792e-02
7.273981071955008815e-02
6.627193608217848975e-02
8.258588164423487366e-02
5.086069463484828301e-02
6.313311456698481039e-02
3.712227136538655270e-02
8.920618545386582721e-02
1.100167915976154737e-01
6.241974604080448297e-02
9.800098286330236053e-02
4.467373117679864641e-02
8.225139106862540406e-02
7.955105340752328946e-02
9.038379226708516401e-02
4.451419603367088446e-02
8.930422789746492174e-02
7.818315227360723985e-02
6.405478670281067322e-02
2.264231702097303442e-02
