2.439182194616969918e-02
8.095561594202894951e-02
8.583505866114533867e-02
7.796325051759800395e-02
6.547619047619039623e-02
8.801328502415450838e-02
7.878670242800631107e-02
4.428560176433517237e-02
7.205566172957474091e-02
1.053571428571425245e-01
7.013659743788787371e-02
6.012228260869537100e-02
3.977958937198046441e-02
1.011301877470355132e-01
8.621247412008251065e-02
7.844849896480300677e-02
9.573657773386012870e-02
9.264779281277686629e-02
1.454871894409934530e-01
7.133152173913000216e-02
8.880046583850900732e-02
1.090191511387159952e-02
1.554556303197603961e-01
7.523291925465809549e-02
9.077380952380929846e-02
1.890645586297760028e-01
1.124805900621114324e-01
6.689958592132494442e-02
2.355072463768095870e-02
5.421195652173863011e-02
1.679833074534157478e-01
5.136993298463504720e-02
1.019021739130429871e-01
9.187370600414067334e-02
5.768235387800586811e-02
9.187370600414050681e-02
8.586568322981351364e-02
1.276009316770184976e-01
1.204025088296184487e-01
9.512284873188404932e-02
8.685947204968900992e-02
1.211956521739129961e-01
1.031961697722559926e-02
5.398735581188964655e-02
5.397727272727240178e-02
6.658687025534815174e-02
6.906702898550699798e-02
6.895560156429708654e-02
4.582151858853147214e-02
7.233760351966844748e-02
2.462150621117993252e-02
9.442188246536036000e-02
9.645246058289513869e-02
6.324404761904750538e-02
6.583203933747407144e-02
4.750582298136627607e-02
9.656444099378851120e-02
8.430814354727371451e-02
1.001229296066249996e-01
4.865424430641800135e-02
9.085468426501003281e-02
6.224428177067891504e-02
5.196471704623858295e-02
2.028338509316770025e-02
4.467520703933740289e-02
1.392971837944662616e-01
1.116803557807560660e-01
1.340672138420584691e-01
1.141304347826083976e-01
1.334687407571724382e-01
7.484736730660640491e-02
8.460341839949567233e-02
9.736730660643683199e-02
1.810603487318837856e-01
1.440120341614906374e-01
5.753833462732915738e-02
1.767921842650100051e-01
1.575439958592129985e-01
1.173481711525186238e-01
1.491330227743269954e-01
3.134704968944098114e-01
1.889233954451344788e-01
2.122153209109730113e-02
1.546769862836437914e-01
1.476772774327119175e-01
2.050959909655558633e-01
4.006183049779424993e-02
1.104522515527949222e-01
1.486185053731634287e-01
1.538668909592818268e-01
1.227144798136645676e-01
2.465579710144925885e-01
1.501035196687370010e-01
1.175095285149632407e-01
8.499665717736355763e-02
1.790566770186334811e-01
2.479459144724072972e-01
2.647667723361583070e-01
2.600439930128743971e-01
2.272433201785598877e-01
7.242907514637850208e-02
2.464982369876748125e-01
1.552956311633890141e-01
2.139816522115229047e-01
2.178836573609806981e-01
6.479474654676020684e-02
3.247662795587613060e-01
1.676964383916150214e-01
2.973220860821925160e-01
3.408727719729561234e-01
6.214214084689279743e-02
1.953870539902304027e-01
1.434803289039368046e-01
1.938504836153074340e-01
1.799243036910035953e-01
6.104227994694780279e-02
2.439182194616969918e-02
8.095561594202894951e-02
8.583505866114533867e-02
7.796325051759800395e-02
6.547619047619039623e-02
8.801328502415450838e-02
7.878670242800631107e-02
4.428560176433517237e-02
7.205566172957474091e-02
1.053571428571425245e-01
7.013659743788787371e-02
6.012228260869537100e-02
3.977958937198046441e-02
1.011301877470355132e-01
8.621247412008251065e-02
7.844849896480300677e-02
9.573657773386012870e-02
9.264779281277686629e-02
1.454871894409934530e-01
7.133152173913000216e-02
8.880046583850900732e-02
1.090191511387159952e-02
1.554556303197603961e-01
7.523291925465809549e-02
9.077380952380929846e-02
1.890645586297760028e-01
1.124805900621114324e-01
6.689958592132494442e-02
2.355072463768095870e-02
5.421195652173863011e-02
1.679833074534157478e-01
5.136993298463504720e-02
1.019021739130429871e-01
9.187370600414067334e-02
5.768235387800586811e-02
9.187370600414050681e-02
8.586568322981351364e-02
1.276009316770184976e-01
1.204025088296184487e-01
9.512284873188404932e-02
8.685947204968900992e-02
1.211956521739129961e-01
1.031961697722559926e-02
5.398735581188964655e-02
5.397727272727240178e-02
6.658687025534815174e-02
6.906702898550699798e-02
6.895560156429708654e-02
4.582151858853147214e-02
7.233760351966844748e-02
2.462150621117993252e-02
9.442188246536036000e-02
9.645246058289513869e-02
6.324404761904750538e-02
6.583203933747407144e-02
4.750582298136627607e-02
9.656444099378851120e-02
8.430814354727371451e-02
1.001229296066249996e-01
4.865424430641800135e-02
9.085468426501003281e-02
6.224428177067891504e-02
5.196471704623858295e-02
2.028338509316770025e-02
7.242907514637850208e-02
2.464982369876748125e-01
1.552956311633890141e-01
2.139816522115229047e-01
2.178836573609806981e-01
6.479474654676020684e-02
3.247662795587613060e-01
1.676964383916150214e-01
2.973220860821925160e-01
3.408727719729561234e-01
6.214214084689279743e-02
1.953870539902304027e-01
1.434803289039368046e-01
1.938504836153074340e-01
1.799243036910035953e-01
6.104227994694780279e-02
6.463509316770180146e-02
2.163283791777580456e-01
2.869435817805380262e-01
1.436335403726705651e-01
1.620233280369781925e-01
6.178830227743269815e-02
3.540332233436850884e-01
2.024493848542759655e-01
1.735571946169772450e-01
3.478260869565216740e-01
5.725931677018630123e-02
1.919141433747410252e-01
2.073520531400964706e-01
1.535002587991717571e-01
1.702335943829325904e-01
5.738871635610760108e-02
6.783992753388759511e-02
1.783566309139727468e-01
1.587743845233086648e-01
2.268389305366433628e-01
1.675402675197284197e-01
7.796577270227419976e-02
3.787286840587871239e-01
1.495897496037009444e-01
3.373652703678437503e-01
2.969816570153018254e-01
7.557180291805500050e-02
1.622859516881231812e-01
2.305637004773234966e-01
2.697186350254835996e-01
1.482967228494707912e-01
5.612888615703139766e-02
6.318343578130050653e-02
1.934943089909119118e-01
1.882885797476543943e-01
2.292285521014086058e-01
2.089021891512994056e-01
7.039792947266250434e-02
2.590462633451957042e-01
1.739242963442249879e-01
3.558983559307076217e-01
2.557153024911029693e-01
6.787447428016819828e-02
1.540935703029606141e-01
1.855878919162224083e-01
1.822803530988582610e-01
1.873312004984603318e-01
5.198964736331280340e-02
6.027370668737259962e-02
1.972097303554158632e-01
3.316143086695351183e-01
1.938990997032344343e-01
2.381624651837211948e-01
6.965608722378589801e-02
2.959547920238980723e-01
1.980940466818366108e-01
2.034358924585071282e-01
2.266532401565884702e-01
6.418842408360020402e-02
1.745215217019545351e-01
2.140476883755539905e-01
1.794605897447684451e-01
2.231756563989891751e-01
5.069720793296449840e-02
6.483758250291180025e-02
2.566834291630457621e-01
2.282205254303090181e-01
2.220680729908111328e-01
2.347803451886535941e-01
7.483499417626500450e-02
3.042631896812041936e-01
2.216347131579434193e-01
3.062880160476251779e-01
3.372719037142485332e-01
7.182606444933349599e-02
2.149417967073758429e-01
1.578879254561925127e-01
2.444081359734262548e-01
1.383335351114857725e-01
5.296363401061209703e-02
2.439182194616957775e-02
8.095561594202835276e-02
8.583505866114451988e-02
7.796325051759793456e-02
6.547619047618963295e-02
8.801328502415402266e-02
7.878670242800542289e-02
4.428560176433441603e-02
7.205566172957361681e-02
1.053571428571419277e-01
7.013659743788674961e-02
6.012228260869557223e-02
3.977958937198008277e-02
1.011301877470351246e-01
8.621247412008233024e-02
7.844849896480279861e-02
9.573657773386022585e-02
9.264779281277728262e-02
1.454871894409930921e-01
7.133152173912959970e-02
8.880046583850889630e-02
1.090191511387139135e-02
1.554556303197602574e-01
7.523291925465810936e-02
9.077380952380875723e-02
1.890645586297743375e-01
1.124805900621116406e-01
6.689958592132505544e-02
2.355072463768112176e-02
5.421195652173801949e-02
1.679833074534161086e-01
5.136993298463490148e-02
1.019021739130427096e-01
9.187370600413975741e-02
5.768235387800416808e-02
9.187370600413995170e-02
8.586568322981315282e-02
1.276009316770172208e-01
1.204025088296182683e-01
9.512284873188377177e-02
8.685947204968838542e-02
1.211956521739122189e-01
1.031961697722539283e-02
5.398735581188950777e-02
5.397727272727225606e-02
6.658687025534718029e-02
6.906702898550559633e-02
6.895560156429676735e-02
4.582151858853145132e-02
7.233760351966848912e-02
2.462150621117971394e-02
9.442188246536012408e-02
9.645246058289431990e-02
6.324404761904732497e-02
6.583203933747416858e-02
4.750582298136590137e-02
9.656444099378858059e-02
8.430814354727364512e-02
1.001229296066236674e-01
4.865424430641771686e-02
9.085468426500957484e-02
6.224428177067899137e-02
5.196471704623833315e-02
2.028338509316754065e-02
