3.170388880212399868e-02
8.511102750131306627e-02
8.173252121401400339e-02
9.624394814930499475e-02
8.730282679993719985e-02
8.017075329272710382e-02
6.980037766387872655e-02
5.175053813090309263e-02
7.852088564254731951e-02
8.223879431516445404e-02
6.762943151647621276e-02
6.012416054974231011e-02
6.024953580786768237e-02
1.141528118921524837e-01
8.570201468061799943e-02
9.077776042480049934e-02
9.578606619056387328e-02
1.070759242319447163e-01
1.473293768545992366e-01
9.565828517882200843e-02
8.179759487740100032e-02
1.557863501483669998e-02
1.452834608777132663e-01
8.612759643916902130e-02
6.192409807902518604e-02
1.088552241136961085e-01
1.163946587537088156e-01
5.821923751019445620e-02
1.637479713992731623e-02
7.366468842729932687e-02
1.526706231454001972e-01
5.541604675439947003e-02
1.073715445884740050e-01
9.448695923785667417e-02
4.930381191508765443e-02
7.886928002498799772e-02
7.461033890363871768e-02
1.072700296735905195e-01
6.204812082571574405e-02
6.369816882711204498e-02
8.570201468061799943e-02
9.183195377166948614e-02
1.015149148836480032e-02
6.055197340532320061e-02
5.745886161316395707e-02
7.368941641938625553e-02
6.344682180228000679e-02
6.719072656914250319e-02
5.746626920804771832e-02
7.256364204279236452e-02
1.589489301889681835e-02
1.273681807806435473e-01
1.339876740470212213e-01
8.453068873965299823e-02
5.607180661842529196e-02
5.765230786705084071e-02
1.007340309230045083e-01
6.793690457597967303e-02
7.925972200530999323e-02
5.075745744182399988e-02
9.978395543755474995e-02
8.257104184794317181e-02
3.921859545004910408e-02
1.956114321411829907e-02
5.126503201624230122e-02
1.419593798361561687e-01
1.128438971863514328e-01
1.603043216349475941e-01
1.380602842417615883e-01
1.329510720421230863e-01
6.575397895872656107e-02
9.206961410751730857e-02
1.119876336376413040e-01
1.307785413087615145e-01
1.524480712166172147e-01
8.206309542401983570e-02
1.747227861939714966e-01
1.813602998594404936e-01
1.046358477796865000e-01
1.559815711385285075e-01
2.999999999999999889e-01
1.610573168827110213e-01
2.573012650320160091e-02
1.517257535530219248e-01
1.119050098044315766e-01
1.121576533727087766e-01
2.703386320271040227e-02
1.217359050445103452e-01
1.735812082134116641e-01
1.634520276953507767e-01
1.027077151335310384e-01
1.972200531001092882e-01
1.702327034202714973e-01
1.211896412193144285e-01
9.951715341766873002e-02
2.153287521474304966e-01
2.705161239946903828e-01
2.597798079175450137e-01
2.296009994534239096e-01
2.401030686343404996e-01
8.378557763635649525e-02
2.622105961816263986e-01
1.458048647171356071e-01
2.505122543384361578e-01
2.411934369265607558e-01
6.848084956857840300e-02
2.522937570764845483e-01
1.670245578417209886e-01
2.851791714226000751e-01
2.458621273051444234e-01
5.805645570608670286e-02
1.966189044625775983e-01
1.647427304710714357e-01
2.371842423769177921e-01
1.626269330560118909e-01
6.328817397415370527e-02
3.170388880212399868e-02
8.511102750131306627e-02
8.173252121401400339e-02
9.624394814930499475e-02
8.730282679993719985e-02
8.017075329272710382e-02
6.980037766387872655e-02
5.175053813090309263e-02
7.852088564254731951e-02
8.223879431516445404e-02
6.762943151647621276e-02
6.012416054974231011e-02
6.024953580786768237e-02
1.141528118921524837e-01
8.570201468061799943e-02
9.077776042480049934e-02
9.578606619056387328e-02
1.070759242319447163e-01
1.473293768545992366e-01
9.565828517882200843e-02
8.179759487740100032e-02
1.557863501483669998e-02
1.452834608777132663e-01
8.612759643916902130e-02
6.192409807902518604e-02
1.088552241136961085e-01
1.163946587537088156e-01
5.821923751019445620e-02
1.637479713992731623e-02
7.366468842729932687e-02
1.526706231454001972e-01
5.541604675439947003e-02
1.073715445884740050e-01
9.448695923785667417e-02
4.930381191508765443e-02
7.886928002498799772e-02
7.461033890363871768e-02
1.072700296735905195e-01
6.204812082571574405e-02
6.369816882711204498e-02
8.570201468061799943e-02
9.183195377166948614e-02
1.015149148836480032e-02
6.055197340532320061e-02
5.745886161316395707e-02
7.368941641938625553e-02
6.344682180228000679e-02
6.719072656914250319e-02
5.746626920804771832e-02
7.256364204279236452e-02
1.589489301889681835e-02
1.273681807806435473e-01
1.339876740470212213e-01
8.453068873965299823e-02
5.607180661842529196e-02
5.765230786705084071e-02
1.007340309230045083e-01
6.793690457597967303e-02
7.925972200530999323e-02
5.075745744182399988e-02
9.978395543755474995e-02
8.257104184794317181e-02
3.921859545004910408e-02
1.956114321411829907e-02
8.378557763635649525e-02
2.622105961816263986e-01
1.458048647171356071e-01
2.505122543384361578e-01
2.411934369265607558e-01
6.848084956857840300e-02
2.522937570764845483e-01
1.670245578417209886e-01
2.851791714226000751e-01
2.458621273051444234e-01
5.805645570608670286e-02
1.966189044625775983e-01
1.647427304710714357e-01
2.371842423769177921e-01
1.626269330560118909e-01
6.328817397415370527e-02
8.445260034358889611e-02
2.092211240266838024e-01
2.725285022645634880e-01
1.654764102054434027e-01
1.392888144728670063e-01
6.161174449476800041e-02
3.425152272372324336e-01
2.252324631482837403e-01
1.704279244104325297e-01
3.106782332145439085e-01
4.326097141964699994e-02
1.685089020771512180e-01
2.466584673850799048e-01
1.656450101514912454e-01
1.332154085381173081e-01
6.430579415898790563e-02
8.308929756745139783e-02
1.910400715601604238e-01
1.603034340712974348e-01
2.364041019306334368e-01
1.777760827696674706e-01
7.403068993791729613e-02
3.362962146320397361e-01
1.583755515208308540e-01
3.437435875708326205e-01
2.558914670897800558e-01
5.454687438991050186e-02
1.552457928233959283e-01
2.416149310842995723e-01
2.820875973037151319e-01
1.419702471594233850e-01
6.544063097887620195e-02
7.614213197969539604e-02
2.091539171488408788e-01
1.829754002342831865e-01
2.536651166092789844e-01
2.193674345958610550e-01
6.649746192893400687e-02
2.300851229988283286e-01
1.821554080437327028e-01
3.409605622803591474e-01
2.229722764545098157e-01
5.201093322920730122e-02
1.451121663664645678e-01
2.204811299933789326e-01
1.875383499748979887e-01
1.711455305363934476e-01
5.966419367434590282e-02
7.345073997422779666e-02
2.047457274135393301e-01
3.282283572181654008e-01
2.204267675781595992e-01
2.599689739757681806e-01
6.638291225740949875e-02
2.468793523110365540e-01
2.100368360081741048e-01
1.866140809871529027e-01
2.049694443359753593e-01
5.150533015736649678e-02
1.579801743806584224e-01
2.500683353508532103e-01
1.854117898518406193e-01
2.023383114601045030e-01
5.833886524268810242e-02
7.829584504842229675e-02
2.756727808274197500e-01
2.375757575757576623e-01
2.293814432989688679e-01
2.631421998807189078e-01
7.200874726647919777e-02
2.478066749973962535e-01
2.382849109653231157e-01
3.086535457669478122e-01
2.824065396230343028e-01
5.478756638550449920e-02
2.043974744734373961e-01
1.620326981151722634e-01
2.634267937102987567e-01
1.325946528806521696e-01
6.205092158700400290e-02
3.170388880212381133e-02
8.511102750131248340e-02
8.173252121401283765e-02
9.624394814930480047e-02
8.730282679993679740e-02
8.017075329272728423e-02
6.980037766387788001e-02
5.175053813090284283e-02
7.852088564254582070e-02
8.223879431516344096e-02
6.762943151647476947e-02
6.012416054974203256e-02
6.024953580786783502e-02
1.141528118921516372e-01
8.570201468061747208e-02
9.077776042480024954e-02
9.578606619056344307e-02
1.070759242319436061e-01
1.473293768545988203e-01
9.565828517882210558e-02
8.179759487740101420e-02
1.557863501483656640e-02
1.452834608777135161e-01
8.612759643916828578e-02
6.192409807902442276e-02
1.088552241136962889e-01
1.163946587537075944e-01
5.821923751019402599e-02
1.637479713992718092e-02
7.366468842729975708e-02
1.526706231453997531e-01
5.541604675439913003e-02
1.073715445884741576e-01
9.448695923785671580e-02
4.930381191508750177e-02
7.886928002498824752e-02
7.461033890363774623e-02
1.072700296735892428e-01
6.204812082571468240e-02
6.369816882711183681e-02
8.570201468061805494e-02
9.183195377166830653e-02
1.015149148836476389e-02
6.055197340532220834e-02
5.745886161316306195e-02
7.368941641938558940e-02
6.344682180227857737e-02
6.719072656914204522e-02
5.746626920804769056e-02
7.256364204279176777e-02
1.589489301889590242e-02
1.273681807806427979e-01
1.339876740470209715e-01
8.453068873965255414e-02
5.607180661842518787e-02
5.765230786705084071e-02
1.007340309230035230e-01
6.793690457597947874e-02
7.925972200530878586e-02
5.075745744182393049e-02
9.978395543755419483e-02
8.257104184794257506e-02
3.921859545004909714e-02
1.956114321411835111e-02
