2.208446338628429831e-02
8.253495826142055736e-02
1.756425158207413351e-01
7.652072839984500052e-02
5.036807438977120022e-02
7.322743122820582484e-02
8.231481807615066704e-02
5.595236089820256054e-02
1.053259023038175535e-01
1.131538163502515404e-01
1.306179775280896516e-01
9.029445951181709618e-02
3.736708424813806051e-02
6.805853967806665961e-02
8.136381247578450271e-02
3.874467260751599668e-02
7.728681624458445809e-02
6.837050976919233081e-02
9.054629988376572403e-02
5.036807438977100593e-02
5.811700891127449808e-02
1.394808213870589973e-02
1.102931680227301758e-01
7.950406819062365293e-02
1.234233070730550580e-01
7.942657884540857416e-02
1.181518791166214499e-01
6.724353179215615539e-02
3.372471067836860237e-02
5.852382797365328349e-02
1.203603254552495228e-01
5.716878402903771694e-02
1.491669895389380052e-01
1.046106160402939939e-01
1.234464876464097666e-01
7.652072839984500052e-02
5.948082138705906158e-02
8.833785354513708221e-02
1.022859356838435180e-01
7.085432003099546849e-02
1.065478496706699918e-01
1.095699341340565236e-01
2.789616427741179946e-02
9.633586096197482851e-02
8.131097883131944981e-02
8.220328038228069678e-02
1.162340178225489962e-01
7.387317577166463423e-02
7.434765763185791076e-02
6.286323130569530793e-02
6.857807051530391551e-02
4.019014693171935049e-02
6.908473161863309953e-02
5.327392483533499590e-02
6.984803478410574196e-02
3.761755485893397005e-02
1.220457187136765043e-01
5.917602996254680420e-02
1.026733824099185094e-01
6.044168926772559847e-02
7.942657884540850477e-02
3.612479474548432185e-02
5.987343406948187480e-02
9.298721425803900195e-03
3.138318481208830085e-02
1.450371596632736015e-01
1.805807622504533583e-01
9.879891514916658291e-02
1.108097636574967987e-01
1.624647146731607039e-01
7.679370222957955516e-02
1.165035459798190592e-01
1.105015673981191299e-01
1.631513948082138066e-01
2.075939558310728739e-01
3.828457962030198253e-02
1.336691204959314927e-01
1.317318868655559805e-01
1.126565930517884062e-01
1.753196435490119998e-01
2.109066253390158296e-01
1.607903913211930214e-01
4.184424641611769746e-02
1.341292134831460203e-01
1.811313444401389250e-01
1.282941777323799160e-01
7.971295251250756775e-02
1.788841534289033752e-01
1.625615763546798542e-01
1.815833656205600444e-01
8.557729562185181771e-02
1.963580007748935152e-01
1.598217745060050154e-01
1.365221372970308045e-01
1.039164406560763726e-01
1.811313444401390083e-01
2.631680867544539115e-01
2.219209914794731953e-01
3.051897753679317926e-01
2.097211463981409896e-01
8.367228355607199408e-02
2.331977532442376100e-01
2.219863227998031263e-01
1.611609672814398320e-01
1.538228742978886010e-01
5.578152237071470204e-02
2.850087158628700212e-01
1.563044741429399920e-01
3.903681170318214488e-01
2.544515462586349752e-01
9.161340306023629809e-02
2.680612047259344211e-01
1.625095946227068933e-01
1.619697850087155333e-01
1.849347630870000758e-01
4.435405771838069749e-02
2.208446338628429831e-02
8.253495826142055736e-02
1.756425158207413351e-01
7.652072839984500052e-02
5.036807438977120022e-02
7.322743122820582484e-02
8.231481807615066704e-02
5.595236089820256054e-02
1.053259023038175535e-01
1.131538163502515404e-01
1.306179775280896516e-01
9.029445951181709618e-02
3.736708424813806051e-02
6.805853967806665961e-02
8.136381247578450271e-02
3.874467260751599668e-02
7.728681624458445809e-02
6.837050976919233081e-02
9.054629988376572403e-02
5.036807438977100593e-02
5.811700891127449808e-02
1.394808213870589973e-02
1.102931680227301758e-01
7.950406819062365293e-02
1.234233070730550580e-01
7.942657884540857416e-02
1.181518791166214499e-01
6.724353179215615539e-02
3.372471067836860237e-02
5.852382797365328349e-02
1.203603254552495228e-01
5.716878402903771694e-02
1.491669895389380052e-01
1.046106160402939939e-01
1.234464876464097666e-01
7.652072839984500052e-02
5.948082138705906158e-02
8.833785354513708221e-02
1.022859356838435180e-01
7.085432003099546849e-02
1.065478496706699918e-01
1.095699341340565236e-01
2.789616427741179946e-02
9.633586096197482851e-02
8.131097883131944981e-02
8.220328038228069678e-02
1.162340178225489962e-01
7.387317577166463423e-02
7.434765763185791076e-02
6.286323130569530793e-02
6.857807051530391551e-02
4.019014693171935049e-02
6.908473161863309953e-02
5.327392483533499590e-02
6.984803478410574196e-02
3.761755485893397005e-02
1.220457187136765043e-01
5.917602996254680420e-02
1.026733824099185094e-01
6.044168926772559847e-02
7.942657884540850477e-02
3.612479474548432185e-02
5.987343406948187480e-02
9.298721425803900195e-03
8.367228355607199408e-02
2.331977532442376100e-01
2.219863227998031263e-01
1.611609672814398320e-01
1.538228742978886010e-01
5.578152237071470204e-02
2.850087158628700212e-01
1.563044741429399920e-01
3.903681170318214488e-01
2.544515462586349752e-01
9.161340306023629809e-02
2.680612047259344211e-01
1.625095946227068933e-01
1.619697850087155333e-01
1.849347630870000758e-01
4.435405771838069749e-02
6.354126307632700088e-02
1.956052471356615752e-01
4.048818287485470013e-01
1.431791764995949401e-01
1.563978266941783435e-01
4.668733049205729679e-02
2.682584269662920406e-01
1.941555151551276059e-01
2.038938395970552320e-01
3.244690218731288711e-01
9.201859744285159626e-02
2.005908562572646381e-01
2.276895260235050622e-01
1.128438589693915028e-01
2.078904368040695727e-01
3.932584269662919851e-02
5.851579151327260253e-02
2.015113350125944391e-01
1.942089711296258736e-01
2.362121505698330792e-01
1.862808271337353938e-01
4.785894206549110019e-02
3.682026966958067971e-01
1.081064716140280879e-01
4.219452769750210996e-01
2.786986313434672291e-01
9.978686301104429390e-02
1.844603758961440576e-01
2.348294023356993221e-01
2.005425305173415829e-01
1.743848091455141858e-01
4.553381127688430063e-02
6.162790697674409846e-02
1.874999999999999722e-01
2.372093023255811839e-01
2.386363636363635354e-01
1.803186907838068842e-01
4.612403100775189918e-02
2.770465116279069440e-01
1.343023255813952932e-01
4.500880902043689624e-01
2.624651162790695436e-01
9.302325581395340381e-02
1.565266316579142225e-01
2.206774519716886152e-01
1.301218161683277141e-01
1.848550100488085268e-01
4.437984496124029732e-02
6.415972087613870667e-02
1.679912127673320876e-01
4.439103185371840454e-01
1.900209695325026926e-01
2.171668223228600814e-01
4.826516766815269754e-02
2.881049298959745819e-01
1.537550343520490137e-01
2.535375072688502707e-01
2.412046908315564064e-01
8.606319054080240061e-02
1.818920241095081380e-01
2.163209924403952100e-01
1.331143326430049290e-01
2.338719625015416581e-01
4.516379143244809991e-02
7.328421868941449591e-02
2.369412286046638505e-01
2.971306708026364429e-01
1.987747188832878764e-01
2.185043533434381513e-01
4.749903063202789988e-02
3.110055577097062818e-01
1.719935744751564799e-01
3.840151221403642068e-01
3.377795010986166524e-01
8.995734780922830243e-02
2.579028999408173872e-01
1.437249579940543809e-01
1.987204342768512655e-01
1.573252948754831626e-01
4.381543233811550225e-02
2.208446338628412831e-02
8.253495826141983571e-02
1.756425158207396420e-01
7.652072839984436214e-02
5.036807438977098511e-02
7.322743122820613015e-02
8.231481807615022295e-02
5.595236089820189440e-02
1.053259023038162628e-01
1.131538163502509853e-01
1.306179775280887079e-01
9.029445951181622187e-02
3.736708424813788704e-02
6.805853967806659022e-02
8.136381247578360065e-02
3.874467260751526809e-02
7.728681624458373645e-02
6.837050976919173406e-02
9.054629988376534933e-02
5.036807438977127654e-02
5.811700891127411644e-02
1.394808213870571932e-02
1.102931680227302036e-01
7.950406819062344477e-02
1.234233070730543363e-01
7.942657884540740842e-02
1.181518791166197707e-01
6.724353179215566967e-02
3.372471067836869257e-02
5.852382797365321410e-02
1.203603254552487317e-01
5.716878402903761286e-02
1.491669895389371725e-01
1.046106160402936053e-01
1.234464876464102245e-01
7.652072839984416786e-02
5.948082138705879790e-02
8.833785354513597199e-02
1.022859356838431849e-01
7.085432003099489950e-02
1.065478496706702694e-01
1.095699341340561211e-01
2.789616427741149762e-02
9.633586096197477300e-02
8.131097883131950532e-02
8.220328038228044698e-02
1.162340178225483439e-01
7.387317577166385707e-02
7.434765763185789689e-02
6.286323130569441975e-02
6.857807051530413756e-02
4.019014693171952396e-02
6.908473161863319667e-02
5.327392483533498896e-02
6.984803478410507582e-02
3.761755485893334555e-02
1.220457187136768651e-01
5.917602996254670705e-02
1.026733824099185510e-01
6.044168926772497397e-02
7.942657884540720026e-02
3.612479474548437042e-02
5.987343406948175684e-02
9.298721425803744070e-03
