1.882845188284509863e-02
7.403533240353292466e-02
1.053773438710673416e-01
8.484425848442549156e-02
6.043700604370039892e-02
8.135750813575048923e-02
7.106631165208553147e-02
5.794069492450410613e-02
9.784357901512677480e-02
8.640167364016709817e-02
6.080020920502092474e-02
7.680148768014859184e-02
5.124231623534256097e-02
1.162672752630906081e-01
8.251975825197550851e-02
1.104137610413759990e-01
9.965766451122060055e-02
9.279736999402238284e-02
1.271966527196651819e-01
9.414225941422549315e-02
1.057647605764759913e-01
1.115760111576010079e-02
1.055581383335913032e-01
7.287308228730808579e-02
1.024071491296035252e-01
1.351591226068207807e-01
6.757322175732208280e-02
5.682111679322272846e-02
3.954682351989975697e-02
6.359832635983259097e-02
1.112970711297066040e-01
8.275220827522047906e-02
9.414225941422549315e-02
6.973500697350067112e-02
6.115223688445445976e-02
1.057647605764759913e-01
7.324965132496481790e-02
9.937238493723810073e-02
7.460278393086643145e-02
7.830660158065985699e-02
5.462575546257550374e-02
8.200836820083659551e-02
9.762900976289999935e-03
4.702131898784615155e-02
5.299860529986053642e-02
5.741515574151501849e-02
6.508600650860049686e-02
8.636809752569829524e-02
5.978008206496453897e-02
9.737331473733110143e-02
3.702928870292850061e-02
1.147409076279365253e-01
1.141508421843144827e-01
7.322175732217549304e-02
7.954956351051173380e-02
6.018342420016042221e-02
9.065550906555050470e-02
7.280334728033438507e-02
7.205950720595050152e-02
5.671780567178039828e-02
1.286610878661081925e-01
9.358880697792826275e-02
6.711607004494007933e-02
2.952115295211520107e-02
4.834960483496039685e-02
1.471091669836437910e-01
1.567936577846287816e-01
1.673640167364013054e-01
1.171548117154807972e-01
1.204921299063555218e-01
6.564599974641803504e-02
1.094435348573966904e-01
1.278897764253412450e-01
1.487825430032542473e-01
1.324965132496511988e-01
7.187935843793583079e-02
2.033937703393770002e-01
1.766620176662014874e-01
1.351774368510768876e-01
1.452812645281260084e-01
2.384937238493723688e-01
1.778242677824265205e-01
2.092050209205020134e-02
9.943049744304949256e-02
1.718838782994984993e-01
1.372723046363212851e-01
6.437854991611563493e-02
1.232217573221756762e-01
1.733855792433198761e-01
1.236634123663406803e-01
1.053347280334726022e-01
1.796373779637377432e-01
1.278475127847509829e-01
1.385190820337260931e-01
1.159538199287152016e-01
1.882845188284515137e-01
2.581319702602229982e-01
2.497676579925650064e-01
2.235130111524163132e-01
2.685873605947954879e-01
6.948640483383680677e-02
2.435510109226119990e-01
1.624269293337383402e-01
2.540518673449185250e-01
2.240152219381825738e-01
6.065535672786420002e-02
2.551708110620497516e-01
1.756913781082964920e-01
2.901122335989937406e-01
2.605159191261909313e-01
4.647920055775039971e-02
1.998605623983263913e-01
1.877071121784109897e-01
2.326864977922376843e-01
1.608602877485050819e-01
8.691610504299319973e-02
1.882845188284509863e-02
7.403533240353292466e-02
1.053773438710673416e-01
8.484425848442549156e-02
6.043700604370039892e-02
8.135750813575048923e-02
7.106631165208553147e-02
5.794069492450410613e-02
9.784357901512677480e-02
8.640167364016709817e-02
6.080020920502092474e-02
7.680148768014859184e-02
5.124231623534256097e-02
1.162672752630906081e-01
8.251975825197550851e-02
1.104137610413759990e-01
9.965766451122060055e-02
9.279736999402238284e-02
1.271966527196651819e-01
9.414225941422549315e-02
1.057647605764759913e-01
1.115760111576010079e-02
1.055581383335913032e-01
7.287308228730808579e-02
1.024071491296035252e-01
1.351591226068207807e-01
6.757322175732208280e-02
5.682111679322272846e-02
3.954682351989975697e-02
6.359832635983259097e-02
1.112970711297066040e-01
8.275220827522047906e-02
9.414225941422549315e-02
6.973500697350067112e-02
6.115223688445445976e-02
1.057647605764759913e-01
7.324965132496481790e-02
9.937238493723810073e-02
7.460278393086643145e-02
7.830660158065985699e-02
5.462575546257550374e-02
8.200836820083659551e-02
9.762900976289999935e-03
4.702131898784615155e-02
5.299860529986053642e-02
5.741515574151501849e-02
6.508600650860049686e-02
8.636809752569829524e-02
5.978008206496453897e-02
9.737331473733110143e-02
3.702928870292850061e-02
1.147409076279365253e-01
1.141508421843144827e-01
7.322175732217549304e-02
7.954956351051173380e-02
6.018342420016042221e-02
9.065550906555050470e-02
7.280334728033438507e-02
7.205950720595050152e-02
5.671780567178039828e-02
1.286610878661081925e-01
9.358880697792826275e-02
6.711607004494007933e-02
2.952115295211520107e-02
6.948640483383680677e-02
2.435510109226119990e-01
1.624269293337383402e-01
2.540518673449185250e-01
2.240152219381825738e-01
6.065535672786420002e-02
2.551708110620497516e-01
1.756913781082964920e-01
2.901122335989937406e-01
2.605159191261909313e-01
4.647920055775039971e-02
1.998605623983263913e-01
1.877071121784109897e-01
2.326864977922376843e-01
1.608602877485050819e-01
8.691610504299319973e-02
6.555090655509060449e-02
2.051980252817073302e-01
2.824267782426774787e-01
1.819449727399516659e-01
1.919118203539726397e-01
5.648535564853549712e-02
2.511041376104135026e-01
2.365804813503558368e-01
1.452812645281262582e-01
2.627107899074425656e-01
4.765225476522540193e-02
1.954323570432355273e-01
2.446149077948240880e-01
1.801487680148767256e-01
1.790067309441513432e-01
7.461645746164570492e-02
7.277377354103689577e-02
1.744837352835492406e-01
1.429246105556845059e-01
2.805901376001349590e-01
1.722152230687291063e-01
7.091374099046729440e-02
3.173680539409439172e-01
1.544044989537314838e-01
3.060643986801680483e-01
2.442560926634396168e-01
5.603348058591019892e-02
1.630954857499478661e-01
2.731288706643274500e-01
2.862970556530193278e-01
1.506626365961402925e-01
8.207393629388509693e-02
6.813953488372090361e-02
1.786363636363635932e-01
1.793023255813953054e-01
2.844608879492599440e-01
2.088501291989663666e-01
6.534883720930230455e-02
1.961581395348836188e-01
1.918604651162789942e-01
3.118393234672302561e-01
2.026046511627906388e-01
4.976744186046509755e-02
1.626706676669165408e-01
2.393326592517694418e-01
2.066445182724251373e-01
1.884840654608097021e-01
7.023255813953480087e-02
6.513142591300299933e-02
1.794215709079629573e-01
3.182135380321006179e-01
2.455750808856179968e-01
2.180105309902935495e-01
6.303791579437069414e-02
2.177250523377527724e-01
2.477966452146493359e-01
1.960921144452198173e-01
1.783118167015583788e-01
4.908118167015580041e-02
1.614218145969715801e-01
2.679692951849264038e-01
2.145909085344203937e-01
2.205163991625959663e-01
6.699232379623160094e-02
6.677524429967419961e-02
2.689290699993351907e-01
2.184644020474637849e-01
2.501442531409956427e-01
2.318625999407757099e-01
6.375058166589110675e-02
2.539941057856366924e-01
2.557668018347402650e-01
2.862377850162865500e-01
2.683573755234990310e-01
4.932526756630990078e-02
2.332786363302391253e-01
1.935784085621218564e-01
2.753218551264154379e-01
1.397499211936534258e-01
7.259190321079569963e-02
1.882845188284497373e-02
7.403533240353261935e-02
1.053773438710663424e-01
8.484425848442542217e-02
6.043700604370050994e-02
8.135750813575062801e-02
7.106631165208542045e-02
5.794069492450400205e-02
9.784357901512678868e-02
8.640167364016722307e-02
6.080020920502077209e-02
7.680148768014857796e-02
5.124231623534190871e-02
1.162672752630911494e-01
8.251975825197442604e-02
1.104137610413753051e-01
9.965766451122096137e-02
9.279736999402231346e-02
1.271966527196639607e-01
9.414225941422489641e-02
1.057647605764758941e-01
1.115760111575994987e-02
1.055581383335911644e-01
7.287308228730740578e-02
1.024071491296037612e-01
1.351591226068212803e-01
6.757322175732106972e-02
5.682111679322189579e-02
3.954682351989913941e-02
6.359832635983150850e-02
1.112970711297061877e-01
8.275220827521977129e-02
9.414225941422581234e-02
6.973500697349969968e-02
6.115223688445435568e-02
1.057647605764760329e-01
7.324965132496481790e-02
9.937238493723710153e-02
7.460278393086614002e-02
7.830660158065920473e-02
5.462575546257487230e-02
8.200836820083579060e-02
9.762900976289909730e-03
4.702131898784613767e-02
5.299860529986036295e-02
5.741515574151512952e-02
6.508600650860027481e-02
8.636809752569761522e-02
5.978008206496428223e-02
9.737331473733015774e-02
3.702928870292747365e-02
1.147409076279364837e-01
1.141508421843150378e-01
7.322175732217559019e-02
7.954956351051067909e-02
6.018342420016024180e-02
9.065550906554983857e-02
7.280334728033463487e-02
7.205950720595011294e-02
5.671780567178020399e-02
1.286610878661078039e-01
9.358880697792763825e-02
6.711607004493970463e-02
2.952115295211510393e-02
