9.045812664137699993e-03
5.069368915298292505e-02
9.337613072658267066e-02
5.690107966151150554e-02
5.485847680186720088e-02
6.808676198813302938e-02
8.769928641536427205e-02
3.809898377335960845e-02
9.382505443199899708e-02
7.230814123139760186e-02
1.017653924715494068e-01
7.919463087248317101e-02
3.919852154459681215e-02
6.776401305143643639e-02
1.094251531952140088e-01
4.960606944849700606e-02
3.301323712762249674e-02
6.753095168618905575e-02
1.746425444995620690e-01
5.690107966151150554e-02
2.626203676685100186e-02
6.711409395973099573e-03
1.601984242777939049e-01
5.488765684271917911e-02
2.373309989300610365e-02
7.613337931400365743e-02
2.345199883279835140e-01
6.419608987452565807e-02
2.309029319597396494e-03
3.492850889991241242e-02
1.713160198424277803e-01
4.510619999078491205e-02
1.313101838342569938e-01
1.322828518626586736e-01
8.017777378734440574e-02
9.629413481178850098e-02
8.723665013131011448e-02
6.819375547125740289e-02
1.102662249609500239e-01
7.302305223227292807e-02
1.531952144733000065e-01
1.634082287715198367e-01
3.968485555879770060e-02
1.045270749093334117e-01
5.292198318168547105e-02
9.609960120610813727e-02
1.459002042602854932e-01
8.131504717439939911e-02
2.309029319597554267e-02
6.542165159031203270e-02
5.164867230814030284e-03
8.976229489798144556e-02
1.091782451572355372e-01
5.981908374671700279e-02
3.744771909347333755e-02
4.839907684961650136e-02
1.429822001750800098e-01
7.108257951561121335e-02
1.313101838342569938e-01
7.936971111759520692e-02
5.583114483026935249e-02
6.801728570039025645e-02
4.865285478066316144e-02
1.283921797490509935e-02
2.188503063904280108e-02
1.194922672891741422e-01
1.107152181592000600e-01
9.129184209429301589e-02
1.342281879194628103e-01
1.660135895618825019e-01
7.787091811019443421e-02
9.120665812410368167e-02
1.133246677454439466e-01
1.320032098044934266e-01
1.546833965567547264e-01
5.563174788444681662e-02
1.531952144733000065e-01
1.663262328567259862e-01
7.119929967901947321e-02
2.042602859643999902e-01
3.459585643419898493e-01
1.575722206011085091e-01
4.639626495477090079e-02
2.348263787569300765e-01
5.884641571831489976e-02
1.329336551980261349e-01
5.772573298993688776e-03
1.131018383425732021e-01
1.793182986646656984e-01
2.217683104756345280e-01
1.139334695068571629e-01
2.304056025678434538e-01
2.130142982200175228e-01
1.103801363503724708e-01
4.785526699737362166e-02
2.363583309016629996e-01
2.152230971128608894e-01
2.187226596675415080e-01
3.449985418489355249e-01
2.210557013706619944e-01
4.667444574095679782e-02
2.193698949824967881e-01
1.753769859079075399e-01
1.899174553783651853e-01
1.795051779463242014e-01
4.521586931155190114e-02
3.058634772462073270e-01
1.391481913652274083e-01
3.766730729631408425e-01
2.753792298716450926e-01
1.245624270711784970e-01
2.847141190198363980e-01
1.056225420286095590e-01
1.826866977829635363e-01
2.284130688448072766e-01
4.900816802800460337e-02
9.045812664137699993e-03
5.069368915298292505e-02
9.337613072658267066e-02
5.690107966151150554e-02
5.485847680186720088e-02
6.808676198813302938e-02
8.769928641536427205e-02
3.809898377335960845e-02
9.382505443199899708e-02
7.230814123139760186e-02
1.017653924715494068e-01
7.919463087248317101e-02
3.919852154459681215e-02
6.776401305143643639e-02
1.094251531952140088e-01
4.960606944849700606e-02
3.301323712762249674e-02
6.753095168618905575e-02
1.746425444995620690e-01
5.690107966151150554e-02
2.626203676685100186e-02
6.711409395973099573e-03
1.601984242777939049e-01
5.488765684271917911e-02
2.373309989300610365e-02
7.613337931400365743e-02
2.345199883279835140e-01
6.419608987452565807e-02
2.309029319597396494e-03
3.492850889991241242e-02
1.713160198424277803e-01
4.510619999078491205e-02
1.313101838342569938e-01
1.322828518626586736e-01
8.017777378734440574e-02
9.629413481178850098e-02
8.723665013131011448e-02
6.819375547125740289e-02
1.102662249609500239e-01
7.302305223227292807e-02
1.531952144733000065e-01
1.634082287715198367e-01
3.968485555879770060e-02
1.045270749093334117e-01
5.292198318168547105e-02
9.609960120610813727e-02
1.459002042602854932e-01
8.131504717439939911e-02
2.309029319597554267e-02
6.542165159031203270e-02
5.164867230814030284e-03
8.976229489798144556e-02
1.091782451572355372e-01
5.981908374671700279e-02
3.744771909347333755e-02
4.839907684961650136e-02
1.429822001750800098e-01
7.108257951561121335e-02
1.313101838342569938e-01
7.936971111759520692e-02
5.583114483026935249e-02
6.801728570039025645e-02
4.865285478066316144e-02
1.283921797490509935e-02
4.667444574095679782e-02
2.193698949824967881e-01
1.753769859079075399e-01
1.899174553783651853e-01
1.795051779463242014e-01
4.521586931155190114e-02
3.058634772462073270e-01
1.391481913652274083e-01
3.766730729631408425e-01
2.753792298716450926e-01
1.245624270711784970e-01
2.847141190198363980e-01
1.056225420286095590e-01
1.826866977829635363e-01
2.284130688448072766e-01
4.900816802800460337e-02
5.018967026553829841e-02
1.490405324662691378e-01
3.516194922672889467e-01
1.209645329867097552e-01
4.533764021688214269e-02
3.472424861394800277e-02
4.548438867814414421e-01
1.700298534264098604e-01
2.217683104756345003e-01
3.877231609942433099e-01
1.038809454333236015e-01
2.238109133352786939e-01
2.093667931135103633e-01
1.437117011963814917e-01
1.612514431433245687e-01
5.719288007003209967e-02
4.991243432574429817e-02
1.474685559624263342e-01
1.981629451255107477e-01
1.444833625218913953e-01
1.208949347669666802e-01
5.429071803852889705e-02
3.906115861405854428e-01
1.268242848803268208e-01
4.170858640434225717e-01
2.822798917369842564e-01
1.316403969643898941e-01
2.073309367990904817e-01
1.641989067558244919e-01
2.340391657379396473e-01
1.803852889667250103e-01
6.421482778750729759e-02
4.262773722627730133e-02
1.515129396151293772e-01
2.189781021897810043e-01
1.958858659588586237e-01
1.710786699107867403e-01
4.642335766423349996e-02
2.543649635036493994e-01
1.497810218978100072e-01
4.071665560716650756e-01
2.809576642335764318e-01
1.232116788321167000e-01
1.880668707322814825e-01
1.496667724531892951e-01
1.426485922836285836e-01
2.477426331440929774e-01
4.846715328467150058e-02
4.906542056074759961e-02
1.409008307372793534e-01
3.936137071651089059e-01
1.426295666949872754e-01
1.688482370433302682e-01
4.176401869158870295e-02
3.391744548286602101e-01
1.694411993769468494e-01
2.251752336448595848e-01
2.610251168224297924e-01
1.130257009345794067e-01
2.272891633288827706e-01
1.752336448598127983e-01
1.549434333497294036e-01
2.726741716227696899e-01
4.877336448598130342e-02
4.966403739409869927e-02
1.851759108551392918e-01
2.845106631609699566e-01
1.695238095238094378e-01
1.790693968608078335e-01
4.645048203330409686e-02
3.225727918979450215e-01
1.915612870915235910e-01
3.510809231668126085e-01
3.753432661408117599e-01
1.200701139351446067e-01
2.906038101388441208e-01
1.230889083649818749e-01
2.118025124160091699e-01
1.812030571183548544e-01
5.024832018697039659e-02
9.045812664137566420e-03
5.069368915298287648e-02
9.337613072658249025e-02
5.690107966151101981e-02
5.485847680186735353e-02
6.808676198813269631e-02
8.769928641536318958e-02
3.809898377335903946e-02
9.382505443199888606e-02
7.230814123139628347e-02
1.017653924715476166e-01
7.919463087248261590e-02
3.919852154459651378e-02
6.776401305143564535e-02
1.094251531952131623e-01
4.960606944849618033e-02
3.301323712762174734e-02
6.753095168618937494e-02
1.746425444995622911e-01
5.690107966151079083e-02
2.626203676685025593e-02
6.711409395973133400e-03
1.601984242777924061e-01
5.488765684271938727e-02
2.373309989300491363e-02
7.613337931400174230e-02
2.345199883279824593e-01
6.419608987452446458e-02
2.309029319596664440e-03
3.492850889991246793e-02
1.713160198424273362e-01
4.510619999078491899e-02
1.313101838342573824e-01
1.322828518626580352e-01
8.017777378734317062e-02
9.629413481178770995e-02
8.723665013131015611e-02
6.819375547125723636e-02
1.102662249609499961e-01
7.302305223227210929e-02
1.531952144732991183e-01
1.634082287715187543e-01
3.968485555879776305e-02
1.045270749093325513e-01
5.292198318168515186e-02
9.609960120610705481e-02
1.459002042602850213e-01
8.131504717439802521e-02
2.309029319597560165e-02
6.542165159031214372e-02
5.164867230813443948e-03
8.976229489798132066e-02
1.091782451572344409e-01
5.981908374671606604e-02
3.744771909347287958e-02
4.839907684961648748e-02
1.429822001750793714e-01
7.108257951561024190e-02
1.313101838342568550e-01
7.936971111759492936e-02
5.583114483026817287e-02
6.801728570039029809e-02
4.865285478066243979e-02
1.283921797490511843e-02
