2.677299914554250038e-02
6.479635431500968545e-02
8.734453621950000191e-02
9.968669894616900840e-02
4.671033893477639920e-02
5.981201936770109279e-02
7.084228787447201248e-02
4.620261785939840798e-02
7.659443945402311105e-02
7.898034747935007982e-02
1.042972087724292479e-01
9.242381088009071766e-02
5.101427260356312943e-02
7.971052018331942213e-02
1.253204215323265036e-01
9.114212475078299625e-02
5.766292949431644360e-02
3.954917199007176865e-02
1.753346624893190597e-01
5.696382796923950276e-02
4.557106237539149812e-02
6.550840216462500316e-03
9.266116016329577210e-02
5.195101110794632382e-02
5.598278426532467267e-02
7.218870562647251854e-02
1.428652805468522691e-01
5.012816861293072773e-02
1.464961054078459113e-02
3.733978923383626802e-02
1.493591569353455994e-01
4.002458438891290382e-02
1.096553688407859994e-01
1.082312731415546736e-01
8.491992200337357410e-02
1.139276559384790055e-01
9.090287667331239940e-02
6.980917117630307256e-02
9.288454772395975112e-02
6.716391341498106904e-02
1.096553688407859994e-01
1.228140131016803721e-01
2.449444602677300006e-02
1.020262847377629706e-01
7.674581186401141508e-02
6.854647298965152458e-02
9.968669894616900840e-02
8.076204943194376096e-02
6.761358711131452981e-02
6.553688407861002485e-02
1.008259755055489031e-02
1.242906907959595852e-01
8.991521153298384639e-02
3.417829678154350043e-02
4.873571948479361871e-02
4.148002382123709697e-02
1.609228140131015172e-01
8.369885122946921219e-02
1.253204215323265036e-01
4.784961549416120313e-02
9.536694199183462506e-02
4.104108177021870141e-02
7.992025064084289088e-02
2.905155226431210130e-02
5.582455140985469882e-02
1.331270552290203801e-01
1.013956137852462802e-01
1.635675631688160436e-01
9.455995442893759539e-02
1.560402001871664945e-01
6.198700189016338735e-02
1.081817393781033254e-01
9.448227648170683113e-02
1.315864426089429495e-01
1.542295642267156319e-01
7.482910851609221592e-02
1.808601538023354993e-01
1.822842495015665198e-01
1.193012437102437540e-01
1.338649957277124880e-01
3.246938194246652976e-01
1.708914839077185222e-01
3.104528624323549951e-02
1.404158359441751713e-01
9.921200037975846930e-02
1.165376349654330540e-01
2.141096925191612182e-02
1.201367131871260568e-01
1.339870610733611411e-01
1.713661824741284923e-01
1.258188550270577244e-01
1.913984619766448125e-01
1.438336656223294929e-01
1.343051707620202539e-01
1.060713946643879607e-01
2.378239817715749882e-01
2.567606034728152076e-01
1.955593509820665876e-01
2.968972388272131946e-01
2.507828067179049270e-01
7.545558086560359701e-02
1.993166287015943894e-01
1.779284212370771945e-01
2.488188644225088342e-01
1.778011104783597807e-01
3.843963553530749949e-02
2.396070615034165407e-01
1.349658314350797028e-01
3.595236500066995577e-01
2.631928625664388677e-01
9.253986332574029583e-02
2.482915717539860012e-01
1.645574959925755754e-01
1.516230068337127979e-01
2.229498861047834735e-01
7.232346241457850156e-02
2.677299914554250038e-02
6.479635431500968545e-02
8.734453621950000191e-02
9.968669894616900840e-02
4.671033893477639920e-02
5.981201936770109279e-02
7.084228787447201248e-02
4.620261785939840798e-02
7.659443945402311105e-02
7.898034747935007982e-02
1.042972087724292479e-01
9.242381088009071766e-02
5.101427260356312943e-02
7.971052018331942213e-02
1.253204215323265036e-01
9.114212475078299625e-02
5.766292949431644360e-02
3.954917199007176865e-02
1.753346624893190597e-01
5.696382796923950276e-02
4.557106237539149812e-02
6.550840216462500316e-03
9.266116016329577210e-02
5.195101110794632382e-02
5.598278426532467267e-02
7.218870562647251854e-02
1.428652805468522691e-01
5.012816861293072773e-02
1.464961054078459113e-02
3.733978923383626802e-02
1.493591569353455994e-01
4.002458438891290382e-02
1.096553688407859994e-01
1.082312731415546736e-01
8.491992200337357410e-02
1.139276559384790055e-01
9.090287667331239940e-02
6.980917117630307256e-02
9.288454772395975112e-02
6.716391341498106904e-02
1.096553688407859994e-01
1.228140131016803721e-01
2.449444602677300006e-02
1.020262847377629706e-01
7.674581186401141508e-02
6.854647298965152458e-02
9.968669894616900840e-02
8.076204943194376096e-02
6.761358711131452981e-02
6.553688407861002485e-02
1.008259755055489031e-02
1.242906907959595852e-01
8.991521153298384639e-02
3.417829678154350043e-02
4.873571948479361871e-02
4.148002382123709697e-02
1.609228140131015172e-01
8.369885122946921219e-02
1.253204215323265036e-01
4.784961549416120313e-02
9.536694199183462506e-02
4.104108177021870141e-02
7.992025064084289088e-02
2.905155226431210130e-02
7.545558086560359701e-02
1.993166287015943894e-01
1.779284212370771945e-01
2.488188644225088342e-01
1.778011104783597807e-01
3.843963553530749949e-02
2.396070615034165407e-01
1.349658314350797028e-01
3.595236500066995577e-01
2.631928625664388677e-01
9.253986332574029583e-02
2.482915717539860012e-01
1.645574959925755754e-01
1.516230068337127979e-01
2.229498861047834735e-01
7.232346241457850156e-02
6.636285958416400510e-02
1.631335530509553655e-01
3.489034463115919804e-01
1.786592786307966141e-01
9.371212071032554436e-02
2.962119054400449980e-02
3.469097123326688181e-01
1.526849681221652266e-01
2.029336371404157346e-01
3.117474948862013484e-01
7.690116775847330444e-02
2.285388778125888032e-01
2.685844488749642434e-01
1.231842779834802504e-01
1.939494507943975155e-01
6.864141270293359909e-02
7.606837606837600629e-02
1.338383838383838398e-01
1.807603276353275945e-01
2.552447552447549284e-01
1.490094745908696894e-01
3.903133903133899907e-02
3.080610021786490127e-01
1.223824786324784614e-01
3.485482208886463429e-01
2.769230769230768829e-01
1.011396011396011041e-01
1.998500524816314294e-01
2.498316498316499046e-01
2.237762237762238315e-01
1.940170940170938274e-01
7.122507122507119870e-02
6.754060986035899383e-02
1.579121220757014055e-01
2.163009404388713808e-01
2.599808285188734969e-01
1.468446217662516540e-01
4.018238814477050058e-02
2.302194357366769972e-01
1.419207751496150971e-01
4.249332884271608268e-01
2.257053291536048334e-01
9.033912795668279372e-02
1.763943408194596496e-01
2.364107202597048873e-01
1.262060823189348757e-01
2.226338621322945521e-01
7.010544314619550355e-02
6.413911060433290234e-02
1.457620676548839200e-01
4.015203344735842617e-01
2.272468124805638034e-01
1.791360008292730843e-01
4.161915621436709789e-02
2.495248954770048488e-01
1.513683010262256712e-01
2.377423033067274094e-01
1.979404218928162706e-01
8.466362599771949660e-02
2.114350871477438665e-01
2.542759407069551947e-01
1.344295745063912306e-01
2.702394526795894314e-01
6.641961231470920601e-02
7.727402338180780483e-02
1.878284247830867282e-01
2.854405474764753481e-01
2.172341032221268842e-01
1.826736138113380647e-01
3.820929569432560124e-02
2.447485980420108509e-01
2.012709275326894365e-01
3.358996293128030386e-01
2.900294648797641650e-01
9.951525520387789758e-02
2.633830084192516630e-01
1.672844786617239676e-01
2.174222982606212606e-01
1.586872338272763416e-01
7.128599942971200476e-02
2.677299914554232690e-02
6.479635431500915810e-02
8.734453621949890556e-02
9.968669894616860594e-02
4.671033893477617022e-02
5.981201936770053768e-02
7.084228787447219289e-02
4.620261785939813043e-02
7.659443945402211185e-02
7.898034747935063493e-02
1.042972087724283320e-01
9.242381088009037071e-02
5.101427260356274085e-02
7.971052018331997724e-02
1.253204215323257820e-01
9.114212475078244113e-02
5.766292949431506970e-02
3.954917199007139395e-02
1.753346624893193095e-01
5.696382796923887826e-02
4.557106237539086668e-02
6.550840216462436999e-03
9.266116016329521698e-02
5.195101110794583810e-02
5.598278426532424940e-02
7.218870562647114464e-02
1.428652805468511866e-01
5.012816861293066528e-02
1.464961054078462756e-02
3.733978923383637905e-02
1.493591569353454607e-01
4.002458438891236259e-02
1.096553688407847366e-01
1.082312731415541185e-01
8.491992200337361574e-02
1.139276559384783810e-01
9.090287667331152510e-02
6.980917117630250357e-02
9.288454772395923764e-02
6.716391341498140211e-02
1.096553688407851807e-01
1.228140131016802472e-01
2.449444602677295496e-02
1.020262847377626098e-01
7.674581186401072119e-02
6.854647298965102498e-02
9.968669894616898064e-02
8.076204943194373320e-02
6.761358711131423838e-02
6.553688407860908116e-02
1.008259755055452601e-02
1.242906907959582807e-01
8.991521153298356883e-02
3.417829678154296613e-02
4.873571948479355626e-02
4.148002382123709003e-02
1.609228140131005458e-01
8.369885122946855993e-02
1.253204215323260873e-01
4.784961549416109905e-02
9.536694199183472220e-02
4.104108177021814630e-02
7.992025064084262720e-02
2.905155226431210824e-02
