3.672316384180789733e-02
7.010785824345115713e-02
9.416195856873800507e-02
1.200564971751409971e-01
6.779661016949120600e-02
5.932203389830482260e-02
8.050847457627116621e-02
3.352984524686794532e-02
9.083007388092133316e-02
7.499999999999963640e-02
5.746822033898298793e-02
7.499999999999963640e-02
1.118957940991836125e-01
1.093348741653823175e-01
1.412429378531069868e-01
1.200564971751409971e-01
4.205187467899292736e-02
7.354721549636769606e-02
9.661016949152499700e-02
1.129943502824855006e-01
4.943502824858749672e-02
8.474576271186400750e-03
7.658505963590656052e-02
6.440677966101647500e-02
8.615819209039511650e-02
6.317411402157137312e-02
7.245762711864374428e-02
5.524168236032601931e-02
1.676492262343397266e-02
2.415254237288124925e-02
9.661016949152499700e-02
6.616116562592908035e-02
1.129943502824855006e-01
6.591337099811667155e-02
7.431551499348076906e-02
1.271186440677964935e-01
7.418079096045177012e-02
4.025423728813522922e-02
7.311399135925542025e-02
5.437853107344590986e-02
7.768361581920900372e-02
4.745762711864386085e-02
1.553672316384180005e-02
7.738095238095217543e-02
7.318952234206456409e-02
0.000000000000000000e+00
7.768361581920900372e-02
1.173885750156934554e-01
1.005895357406042107e-01
8.333333333333313442e-02
4.166666666666627578e-02
2.222946544980442807e-01
8.257279443720104417e-02
6.355932203389799695e-02
2.589453860640289831e-02
3.428351309707226846e-02
1.341807909604514903e-01
8.192090395480226828e-02
9.180790960451949700e-02
4.519774011299400318e-02
1.930320150659129430e-01
7.183212267958000163e-02
6.892655367231605157e-02
2.542372881355929939e-02
6.214689265536720020e-02
1.694273240883409637e-01
1.323223312518581607e-01
2.058111380145278835e-01
1.129943502824855978e-01
1.309523809523809312e-01
6.953004622496124221e-02
8.382461311717025187e-02
9.713662044170502663e-02
1.155543785310732124e-01
1.207627118644068187e-01
1.477754237288135541e-01
2.189265536723160044e-01
2.542372881355929870e-01
9.764595103578134483e-02
1.412429378531069868e-01
1.932203389830505491e-01
1.412429378531069868e-01
2.401129943502820080e-02
8.704096045197724785e-02
1.035781544256115932e-01
9.532614278376960737e-02
4.470646032915712165e-02
9.661016949152499700e-02
1.676082862523538830e-01
6.261770244821085463e-02
1.127118644067794939e-01
8.700564971751412191e-02
1.412429378531069868e-01
1.463790446841291282e-01
1.833804143126173958e-01
2.048022598870055111e-01
2.999999999999999889e-01
1.845070422535211030e-01
2.323943661971830943e-01
2.830985915492957861e-01
9.167842031029610483e-02
2.143864598025387869e-01
1.503743083432785843e-01
3.584600114924513803e-01
1.795662905500703399e-01
4.090267983074750285e-02
2.031029619181942691e-01
1.184767277856134948e-01
3.360159296440720089e-01
1.997179125528911747e-01
5.782792665726369657e-02
2.143864598025387869e-01
2.749830225147572027e-01
1.480959097320169171e-01
1.904090267983074569e-01
8.744710860366709804e-02
3.672316384180789733e-02
7.010785824345115713e-02
9.416195856873800507e-02
1.200564971751409971e-01
6.779661016949120600e-02
5.932203389830482260e-02
8.050847457627116621e-02
3.352984524686794532e-02
9.083007388092133316e-02
7.499999999999963640e-02
5.746822033898298793e-02
7.499999999999963640e-02
1.118957940991836125e-01
1.093348741653823175e-01
1.412429378531069868e-01
1.200564971751409971e-01
4.205187467899292736e-02
7.354721549636769606e-02
9.661016949152499700e-02
1.129943502824855006e-01
4.943502824858749672e-02
8.474576271186400750e-03
7.658505963590656052e-02
6.440677966101647500e-02
8.615819209039511650e-02
6.317411402157137312e-02
7.245762711864374428e-02
5.524168236032601931e-02
1.676492262343397266e-02
2.415254237288124925e-02
9.661016949152499700e-02
6.616116562592908035e-02
1.129943502824855006e-01
6.591337099811667155e-02
7.431551499348076906e-02
1.271186440677964935e-01
7.418079096045177012e-02
4.025423728813522922e-02
7.311399135925542025e-02
5.437853107344590986e-02
7.768361581920900372e-02
4.745762711864386085e-02
1.553672316384180005e-02
7.738095238095217543e-02
7.318952234206456409e-02
0.000000000000000000e+00
7.768361581920900372e-02
1.173885750156934554e-01
1.005895357406042107e-01
8.333333333333313442e-02
4.166666666666627578e-02
2.222946544980442807e-01
8.257279443720104417e-02
6.355932203389799695e-02
2.589453860640289831e-02
3.428351309707226846e-02
1.341807909604514903e-01
8.192090395480226828e-02
9.180790960451949700e-02
4.519774011299400318e-02
1.930320150659129430e-01
7.183212267958000163e-02
6.892655367231605157e-02
2.542372881355929939e-02
9.167842031029610483e-02
2.143864598025387869e-01
1.503743083432785843e-01
3.584600114924513803e-01
1.795662905500703399e-01
4.090267983074750285e-02
2.031029619181942691e-01
1.184767277856134948e-01
3.360159296440720089e-01
1.997179125528911747e-01
5.782792665726369657e-02
2.143864598025387869e-01
2.749830225147572027e-01
1.480959097320169171e-01
1.904090267983074569e-01
8.744710860366709804e-02
1.016949152542372947e-01
1.793112725316113598e-01
3.389830508474575010e-01
1.887519260400616905e-01
1.032715806070159670e-01
3.389830508474570014e-02
2.099223163841807960e-01
2.304432855280310333e-01
1.765536723163840249e-01
1.294298921417564585e-01
5.790960451977399809e-02
2.333333333333333370e-01
3.233286252354048429e-01
1.624293785310732263e-01
1.661753868828296787e-01
7.627118644067790165e-02
9.193776520509190642e-02
1.713385624276710650e-01
1.536421499292785486e-01
3.587501607303588136e-01
1.325614289003649859e-01
3.677510608203669873e-02
3.028538147932436364e-01
1.152316124469588005e-01
3.945348942189051411e-01
1.874758904461870379e-01
5.091937765205090116e-02
1.875977071391348172e-01
3.510351035103508321e-01
2.140928378552139910e-01
1.824611032531823773e-01
8.486562942008479826e-02
7.790368271954670187e-02
2.034831315992788603e-01
2.167138810198299126e-01
3.302858614473344057e-01
1.835064526282654263e-01
2.832861189801690049e-02
1.570538243626058705e-01
1.614730878186965979e-01
4.026525882049958316e-01
1.458356940509911159e-01
4.815864022662880162e-02
1.853239513844464614e-01
3.380958246089418862e-01
1.456900040469442936e-01
2.030741789948588005e-01
7.507082152974499378e-02
9.503546099290779980e-02
1.802994483845545004e-01
2.730969267139478629e-01
3.208897485493227841e-01
1.629916183107672223e-01
2.836879432624109937e-02
2.827423167848699959e-01
1.487785657998423328e-01
2.255319148936170137e-01
1.365248226950351584e-01
5.248226950354609871e-02
1.873015873015871080e-01
3.404255319148936088e-01
1.630459126539753334e-01
2.088330109606704732e-01
8.226950354609920135e-02
9.943181818181809350e-02
1.883116883116880691e-01
2.259659090909089119e-01
3.489204545454543949e-01
1.966038223140492425e-01
3.977272727272720271e-02
1.953125000000000000e-01
1.862824675324674106e-01
2.968750000000001110e-01
2.212121212121209712e-01
6.107954545454540030e-02
2.523175837320573156e-01
2.386363636363634522e-01
2.308238636363633689e-01
1.532258064516129337e-01
7.386363636363629803e-02
3.672316384180767529e-02
7.010785824345112938e-02
9.416195856873722791e-02
1.200564971751400811e-01
6.779661016949119212e-02
5.932203389830408707e-02
8.050847457627090253e-02
3.352984524686745960e-02
9.083007388091983436e-02
7.499999999999913680e-02
5.746822033898167648e-02
7.499999999999901190e-02
1.118957940991834599e-01
1.093348741653826367e-01
1.412429378531064317e-01
1.200564971751412330e-01
4.205187467899223347e-02
7.354721549636684952e-02
9.661016949152549660e-02
1.129943502824853896e-01
4.943502824858757305e-02
8.474576271186317483e-03
7.658505963590597765e-02
6.440677966101690521e-02
8.615819209039451976e-02
6.317411402156970779e-02
7.245762711864302263e-02
5.524168236032598461e-02
1.676492262343372980e-02
2.415254237288027780e-02
9.661016949152556599e-02
6.616116562592917749e-02
1.129943502824849733e-01
6.591337099811508948e-02
7.431551499348083845e-02
1.271186440677962437e-01
7.418079096045095133e-02
4.025423728813459778e-02
7.311399135925510107e-02
5.437853107344589598e-02
7.768361581920786574e-02
4.745762711864337513e-02
1.553672316384160403e-02
7.738095238095106521e-02
7.318952234206352325e-02
0.000000000000000000e+00
7.768361581920767145e-02
1.173885750156933860e-01
1.005895357406041274e-01
8.333333333333232951e-02
4.166666666666514474e-02
2.222946544980433925e-01
8.257279443720022538e-02
6.355932203389788593e-02
2.589453860640305097e-02
3.428351309707181049e-02
1.341807909604513238e-01
8.192090395480226828e-02
9.180790960451815086e-02
4.519774011299423910e-02
1.930320150659127765e-01
7.183212267958002939e-02
6.892655367231628749e-02
2.542372881355929939e-02
