1.549907005579660019e-02
6.667418136729973133e-02
3.306468278569933694e-02
5.889646621202699467e-02
6.199628022318640075e-02
1.099400702624509091e-01
4.497548328918435367e-02
3.679344456723866036e-02
5.799036673184192886e-02
8.778673279603173285e-02
6.126007439553616402e-02
5.120892746435199566e-02
3.630226630846585673e-02
1.292058840105956563e-01
6.199628022318649789e-02
5.889646621202699467e-02
5.906554697627199729e-02
1.291293950934368218e-01
1.660880347179169436e-01
9.919404835709849655e-02
1.394916305021695058e-01
2.045877247365150003e-02
2.311083557208788719e-01
9.541227526348375343e-02
5.042364124819118110e-02
1.571323902384035853e-01
1.837569745815249844e-01
7.880416063925047010e-02
7.358688913447415311e-03
9.187848729076249221e-02
1.060136391816486612e-01
4.356054426208069708e-02
5.269683818970850170e-02
6.612936557139867388e-02
5.074157089036183954e-02
7.749535027898299400e-02
8.014879107253559953e-02
1.625542467451951134e-01
8.023048028882949489e-02
5.370427774333497162e-02
7.749535027898299400e-02
1.110973341599503644e-01
1.363918164910100060e-02
8.883181294836578479e-02
3.855041424787192944e-02
1.256457945856581382e-01
8.369497830130150084e-02
7.880416063925047010e-02
4.660502978516919970e-02
5.120892746435199566e-02
7.315561066335830864e-03
6.652677762411116080e-02
1.087319376222037615e-01
1.332920024798510128e-01
1.136598470758416329e-01
3.511243870822287200e-02
5.889646621202699467e-02
7.431287456085949872e-02
6.819590824550500474e-02
5.703657780533159805e-02
7.625542467451892903e-02
6.305907359844090121e-02
4.538127712337223368e-02
4.153750774953499786e-02
5.703657780533159805e-02
1.333483627345994627e-01
6.679283453519095637e-02
1.009653706491895897e-01
1.190328580285179988e-01
1.881144274200688693e-01
6.425069041312056473e-02
7.113399282999537110e-02
7.524094008904888553e-02
1.253099814011155722e-01
1.554866707997520081e-01
4.612523248605080589e-02
1.859888406695595076e-01
1.611903285802850083e-01
8.572019012192581833e-02
1.952882827030374968e-01
2.721016738995656326e-01
2.076875387476749824e-01
3.409795412275259952e-02
2.404680719156848667e-01
1.591237859061785387e-01
1.542918333990870028e-01
1.226448152241288621e-02
1.413515189088652702e-01
1.077259173973371259e-01
1.884686918784868881e-01
1.113143211407313787e-01
2.707997520148789361e-01
2.107873527588340068e-01
8.352589753705680353e-02
7.837363091547824845e-02
1.518908865468069913e-01
2.061919504643962009e-01
3.034055727554179072e-01
2.495356037151701956e-01
2.408668730650153911e-01
4.832713754646839749e-02
2.280049566294916064e-01
1.302783338099323118e-01
1.962917068245444707e-01
2.479089219330853355e-01
9.913258983890950449e-02
3.457249070631970289e-01
1.375464684014867933e-01
2.125519352722497479e-01
2.948781495249895301e-01
7.001239157372980693e-02
2.403965303593555980e-01
1.078525861673320096e-01
2.718401486988847870e-01
1.444744846231834079e-01
7.868649318463440123e-02
1.549907005579660019e-02
6.667418136729973133e-02
3.306468278569933694e-02
5.889646621202699467e-02
6.199628022318640075e-02
1.099400702624509091e-01
4.497548328918435367e-02
3.679344456723866036e-02
5.799036673184192886e-02
8.778673279603173285e-02
6.126007439553616402e-02
5.120892746435199566e-02
3.630226630846585673e-02
1.292058840105956563e-01
6.199628022318649789e-02
5.889646621202699467e-02
5.906554697627199729e-02
1.291293950934368218e-01
1.660880347179169436e-01
9.919404835709849655e-02
1.394916305021695058e-01
2.045877247365150003e-02
2.311083557208788719e-01
9.541227526348375343e-02
5.042364124819118110e-02
1.571323902384035853e-01
1.837569745815249844e-01
7.880416063925047010e-02
7.358688913447415311e-03
9.187848729076249221e-02
1.060136391816486612e-01
4.356054426208069708e-02
5.269683818970850170e-02
6.612936557139867388e-02
5.074157089036183954e-02
7.749535027898299400e-02
8.014879107253559953e-02
1.625542467451951134e-01
8.023048028882949489e-02
5.370427774333497162e-02
7.749535027898299400e-02
1.110973341599503644e-01
1.363918164910100060e-02
8.883181294836578479e-02
3.855041424787192944e-02
1.256457945856581382e-01
8.369497830130150084e-02
7.880416063925047010e-02
4.660502978516919970e-02
5.120892746435199566e-02
7.315561066335830864e-03
6.652677762411116080e-02
1.087319376222037615e-01
1.332920024798510128e-01
1.136598470758416329e-01
3.511243870822287200e-02
5.889646621202699467e-02
7.431287456085949872e-02
6.819590824550500474e-02
5.703657780533159805e-02
7.625542467451892903e-02
6.305907359844090121e-02
4.538127712337223368e-02
4.153750774953499786e-02
4.832713754646839749e-02
2.280049566294916064e-01
1.302783338099323118e-01
1.962917068245444707e-01
2.479089219330853355e-01
9.913258983890950449e-02
3.457249070631970289e-01
1.375464684014867933e-01
2.125519352722497479e-01
2.948781495249895301e-01
7.001239157372980693e-02
2.403965303593555980e-01
1.078525861673320096e-01
2.718401486988847870e-01
1.444744846231834079e-01
7.868649318463440123e-02
5.145691258524479755e-02
2.251350633247718724e-01
1.828890266584004831e-01
1.132841120441863830e-01
1.435430153260571218e-01
7.997520148791069372e-02
4.135151890886545334e-01
2.408317039439172302e-01
1.332920024798510128e-01
3.976779575043677961e-01
5.455672659640419669e-02
1.883756974581525245e-01
1.821657367224630564e-01
1.735895846249224939e-01
1.591417558424753353e-01
7.377557346559200646e-02
4.962779156327540298e-02
1.686217008797652461e-01
1.408964019851115246e-01
1.700315813219036021e-01
1.706676669167291882e-01
1.129032258064515959e-01
3.918406072106259130e-01
1.500852977667493648e-01
2.701810886436829540e-01
3.106248590119554120e-01
6.699751861042180234e-02
1.901528013582340637e-01
1.821847507331376681e-01
2.867696819309721312e-01
1.581885856079403019e-01
7.444168734491310446e-02
3.848541278708870333e-02
1.874470966649735559e-01
1.620111731843573988e-01
2.006094464195020133e-01
2.101869094420303063e-01
8.876474239602730187e-02
2.875977653631283104e-01
2.104283054003723841e-01
2.929857231533207207e-01
2.703910614525137368e-01
6.145251396648040293e-02
1.655553553192766758e-01
1.578819528783094173e-01
2.358783364369954616e-01
1.816217210382324587e-01
5.648665425201730012e-02
4.099378881987569834e-02
2.117322291235334830e-01
2.486128364389232348e-01
1.516657255787690894e-01
2.319593450028230586e-01
8.322981366459619723e-02
3.041407867494824169e-01
2.789164941338852510e-01
1.490683229813664079e-01
2.711568322981364743e-01
6.521739130434779652e-02
1.587991718426498833e-01
1.987577639751552105e-01
2.013729977116703873e-01
2.341897233201580553e-01
5.776397515527949972e-02
4.474829086389060101e-02
2.420314303471543527e-01
1.953262896208824151e-01
1.858545680546922763e-01
2.433188315724048589e-01
1.044126786824114000e-01
3.029832193909258176e-01
2.493119062416759846e-01
2.568365444375385054e-01
3.115392583385124259e-01
6.650093225605960279e-02
2.575970691177912331e-01
1.193287756370415981e-01
3.185208203853325259e-01
1.477976703622765342e-01
5.966438781852079903e-02
1.549907005579656202e-02
6.667418136729970357e-02
3.306468278569853897e-02
5.889646621202723753e-02
6.199628022318653259e-02
1.099400702624509923e-01
4.497548328918401367e-02
3.679344456723812606e-02
5.799036673184050639e-02
8.778673279603113611e-02
6.126007439553504685e-02
5.120892746435207199e-02
3.630226630846565550e-02
1.292058840105946849e-01
6.199628022318583176e-02
5.889646621202671711e-02
5.906554697627227485e-02
1.291293950934361001e-01
1.660880347179161665e-01
9.919404835709783042e-02
1.394916305021688119e-01
2.045877247365148963e-02
2.311083557208776507e-01
9.541227526348367016e-02
5.042364124819016802e-02
1.571323902384025306e-01
1.837569745815245126e-01
7.880416063925019254e-02
7.358688913447625213e-03
9.187848729076195098e-02
1.060136391816479812e-01
4.356054426208024605e-02
5.269683818970836292e-02
6.612936557139753591e-02
5.074157089036027135e-02
7.749535027898264705e-02
8.014879107253500279e-02
1.625542467451950857e-01
8.023048028882852345e-02
5.370427774333506182e-02
7.749535027898155071e-02
1.110973341599504338e-01
1.363918164910090866e-02
8.883181294836527131e-02
3.855041424787102045e-02
1.256457945856582492e-01
8.369497830130132043e-02
7.880416063925034520e-02
4.660502978516939399e-02
5.120892746435146137e-02
7.315561066335763210e-03
6.652677762411091100e-02
1.087319376222031786e-01
1.332920024798505687e-01
1.136598470758409252e-01
3.511243870822201851e-02
5.889646621202587057e-02
7.431287456085869381e-02
6.819590824550389452e-02
5.703657780533141763e-02
7.625542467451920658e-02
6.305907359844040161e-02
4.538127712337217817e-02
4.153750774953483133e-02
