2.374429223744289885e-02
4.910751349107490143e-02
8.523592085235867644e-02
1.050228310502279994e-01
6.940639269406359557e-02
6.392694063926943060e-02
7.571606475716055606e-02
5.058566607107374546e-02
9.076220583069877224e-02
8.621004566210033193e-02
4.246575342465720021e-02
8.621004566210033193e-02
8.178589548452552815e-02
1.087588210875882200e-01
9.589041095890399324e-02
1.232876712328764973e-01
6.525529265255268496e-02
9.510763209393312267e-02
1.717808219178079410e-01
1.461187214611870122e-01
1.187214611872144943e-01
1.187214611872140085e-02
4.951801116184639806e-02
5.726027397260263774e-02
4.951801116184639806e-02
7.488584474885831566e-02
7.808219178082194400e-02
5.357686453576845920e-02
2.529283303553687273e-02
3.643835616438334535e-02
1.717808219178079410e-01
4.705599615477040060e-02
7.305936073059350611e-02
7.914764079147601494e-02
4.271162627326977046e-02
8.675799086757948753e-02
9.223744292237444353e-02
8.849315068493129877e-02
4.254633360193352254e-02
7.471461187214591126e-02
5.479452054794499427e-02
1.176255707762554198e-01
1.187214611872140085e-02
5.003261578604020071e-02
4.259028642590245717e-02
7.519025875190223085e-02
5.936073059360700427e-02
1.071537290715369184e-01
7.587849910661101371e-02
1.077625570776255676e-01
1.616438356164348264e-02
1.306638566912539934e-01
1.334738321039691256e-01
5.936073059360700427e-02
7.255200405885302295e-02
5.911166459111658056e-02
8.675799086757948753e-02
6.356164383561621611e-02
1.141552511415525051e-01
6.575342465753400423e-02
1.372907153729069074e-01
1.045009784735810854e-01
4.828006088280036023e-02
2.739726027397260122e-02
5.114155251141550007e-02
1.397675383976752228e-01
1.069454458062965713e-01
1.956947162426614650e-01
1.351598173515979884e-01
1.077625570776253455e-01
6.625155666251542064e-02
1.083978558665872755e-01
1.219178082191778728e-01
1.450342465753421684e-01
9.890410958904065353e-02
9.767123287671228282e-02
1.780821917808214916e-01
2.420091324200910055e-01
9.284627092846270413e-02
1.415525114155249953e-01
3.435616438356164370e-01
2.328767123287669993e-01
2.374429223744289885e-02
7.614155251141532799e-02
1.171993911719937942e-01
7.704441677044418513e-02
3.613261862219575848e-02
7.808219178082194400e-02
1.664274842357032214e-01
1.503805175038050723e-01
1.119178082191779056e-01
2.045662100456621668e-01
1.141552511415525051e-01
1.372353673723532841e-01
1.341704718417045250e-01
2.009132420091319926e-01
2.661804922515951799e-01
2.342752962625340996e-01
2.233363719234275069e-01
2.762078395624429916e-01
6.934306569343060000e-02
2.335766423357663879e-01
1.567237507018526821e-01
2.985942146526086582e-01
2.627452098540145609e-01
5.291970802919700179e-02
1.888686131386859979e-01
1.587591240875910192e-01
2.434521253756977421e-01
2.440389294403891018e-01
5.565693430656930285e-02
2.153284671532844086e-01
2.032981886996484966e-01
2.292427007299268071e-01
1.791639017916390186e-01
8.394160583941599751e-02
2.374429223744289885e-02
4.910751349107490143e-02
8.523592085235867644e-02
1.050228310502279994e-01
6.940639269406359557e-02
6.392694063926943060e-02
7.571606475716055606e-02
5.058566607107374546e-02
9.076220583069877224e-02
8.621004566210033193e-02
4.246575342465720021e-02
8.621004566210033193e-02
8.178589548452552815e-02
1.087588210875882200e-01
9.589041095890399324e-02
1.232876712328764973e-01
6.525529265255268496e-02
9.510763209393312267e-02
1.717808219178079410e-01
1.461187214611870122e-01
1.187214611872144943e-01
1.187214611872140085e-02
4.951801116184639806e-02
5.726027397260263774e-02
4.951801116184639806e-02
7.488584474885831566e-02
7.808219178082194400e-02
5.357686453576845920e-02
2.529283303553687273e-02
3.643835616438334535e-02
1.717808219178079410e-01
4.705599615477040060e-02
7.305936073059350611e-02
7.914764079147601494e-02
4.271162627326977046e-02
8.675799086757948753e-02
9.223744292237444353e-02
8.849315068493129877e-02
4.254633360193352254e-02
7.471461187214591126e-02
5.479452054794499427e-02
1.176255707762554198e-01
1.187214611872140085e-02
5.003261578604020071e-02
4.259028642590245717e-02
7.519025875190223085e-02
5.936073059360700427e-02
1.071537290715369184e-01
7.587849910661101371e-02
1.077625570776255676e-01
1.616438356164348264e-02
1.306638566912539934e-01
1.334738321039691256e-01
5.936073059360700427e-02
7.255200405885302295e-02
5.911166459111658056e-02
8.675799086757948753e-02
6.356164383561621611e-02
1.141552511415525051e-01
6.575342465753400423e-02
1.372907153729069074e-01
1.045009784735810854e-01
4.828006088280036023e-02
2.739726027397260122e-02
6.934306569343060000e-02
2.335766423357663879e-01
1.567237507018526821e-01
2.985942146526086582e-01
2.627452098540145609e-01
5.291970802919700179e-02
1.888686131386859979e-01
1.587591240875910192e-01
2.434521253756977421e-01
2.440389294403891018e-01
5.565693430656930285e-02
2.153284671532844086e-01
2.032981886996484966e-01
2.292427007299268071e-01
1.791639017916390186e-01
8.394160583941599751e-02
8.036529680365289696e-02
1.725592520113065631e-01
2.694063926940635234e-01
1.992528019925280669e-01
1.474567271954973224e-01
4.474885844748850011e-02
2.946347031963467700e-01
2.341412012644888962e-01
1.415525114155249953e-01
3.068493150684930559e-01
3.926940639269400207e-02
1.966666666666664620e-01
2.714611872146117100e-01
1.780821917808217414e-01
1.758189398451455998e-01
7.671232876712319460e-02
8.409506398537469618e-02
1.755442911750039470e-01
1.263711151736744698e-01
2.916735914907761518e-01
1.658092768164617925e-01
5.027422303473490228e-02
3.571889450478542005e-01
1.534506398537475724e-01
2.549690769769338283e-01
2.512880172843607318e-01
5.210237659963429940e-02
1.993649571827190992e-01
3.062572710653150287e-01
3.028918065481137623e-01
1.590493601462520112e-01
7.586837294332719750e-02
6.678865507776760024e-02
2.172710637943940093e-01
1.619396157365048938e-01
2.919404474756714385e-01
2.289824133373996873e-01
5.123513266239700104e-02
2.028911253430921435e-01
1.619396157365048938e-01
3.091574482242368527e-01
1.557913998170170067e-01
5.397987191216829794e-02
1.795590709205204527e-01
2.470265324794143347e-01
2.012808783165597193e-01
1.873877537189521936e-01
7.959743824336680540e-02
7.417582417582410659e-02
1.984126984126982074e-01
2.691086691086691518e-01
2.499167499167499751e-01
2.137445887445887094e-01
5.402930402930399695e-02
2.420634920634918974e-01
2.131155881155880338e-01
1.895604395604393033e-01
1.636904761904761363e-01
4.670329670329669697e-02
1.826705040990754814e-01
2.747252747252744154e-01
1.889338731443994390e-01
2.433399933399931769e-01
7.692307692307689959e-02
6.874427131072409491e-02
2.164462485269083580e-01
2.240513290559119075e-01
3.067277726856092457e-01
2.537288559286723921e-01
5.132905591200730144e-02
2.367858234036050169e-01
2.404085373837891448e-01
2.655820348304305245e-01
3.211732355637028080e-01
4.674610449129230211e-02
2.134690530175113454e-01
2.028719828903146616e-01
2.711579590589671129e-01
1.528044705951921434e-01
7.424381301558199975e-02
2.374429223744285722e-02
4.910751349107424224e-02
8.523592085235918991e-02
1.050228310502282769e-01
6.940639269406320699e-02
6.392694063926940284e-02
7.571606475716011198e-02
5.058566607107405771e-02
9.076220583069845305e-02
8.621004566209987396e-02
4.246575342465658959e-02
8.621004566209922171e-02
8.178589548452526448e-02
1.087588210875875955e-01
9.589041095890327160e-02
1.232876712328765945e-01
6.525529265255188005e-02
9.510763209393323370e-02
1.717808219178071638e-01
1.461187214611867902e-01
1.187214611872144943e-01
1.187214611872139218e-02
4.951801116184496865e-02
5.726027397260233243e-02
4.951801116184646051e-02
7.488584474885684461e-02
7.808219178082087542e-02
5.357686453576803592e-02
2.529283303553652232e-02
3.643835616438265840e-02
1.717808219178076634e-01
4.705599615477042835e-02
7.305936073059231262e-02
7.914764079147582065e-02
4.271162627326919453e-02
8.675799086757864098e-02
9.223744292237376352e-02
8.849315068493072978e-02
4.254633360193370989e-02
7.471461187214585575e-02
5.479452054794394650e-02
1.176255707762542263e-01
1.187214611872125861e-02
5.003261578604026316e-02
4.259028642590251268e-02
7.519025875190192554e-02
5.936073059360705978e-02
1.071537290715372792e-01
7.587849910661102759e-02
1.077625570776250263e-01
1.616438356164371162e-02
1.306638566912536603e-01
1.334738321039680431e-01
5.936073059360646997e-02
7.255200405885277315e-02
5.911166459111661525e-02
8.675799086757864098e-02
6.356164383561625775e-02
1.141552511415524218e-01
6.575342465753393484e-02
1.372907153729071295e-01
1.045009784735810715e-01
4.828006088279972186e-02
2.739726027397253530e-02
