1.023017902813289949e-02
4.231574052545882675e-02
1.193520886615513504e-01
6.393861892583099782e-02
7.161125319693080471e-02
4.774083546462021960e-02
1.060218553824687909e-01
1.011898143000092461e-02
1.495180011804048692e-01
1.810741687979535164e-01
2.081202046035802444e-01
6.035805626598410994e-02
1.761864165956204473e-02
7.614508253894419765e-02
1.150895140664959931e-01
7.672634271099700032e-02
3.045803301557720513e-02
7.398611618560445302e-02
2.769820971867008041e-01
5.115089514066449572e-02
6.393861892583099782e-02
2.557544757033200153e-03
1.733447001989197045e-01
2.915601023017849042e-02
1.733447001989170053e-02
1.715880027900486271e-01
1.895140664961636190e-01
3.751065643648743286e-02
0.000000000000000000e+00
0.000000000000000000e+00
1.312020460358054863e-01
2.396015614483735373e-02
1.534526854219945002e-01
8.525149190110800634e-02
1.943734015345267852e-01
1.150895140664959931e-01
1.343222506393861315e-01
1.457800511508947350e-01
6.619527606438976863e-02
8.615728900255736900e-02
2.173913043478259977e-01
1.289002557544755567e-01
2.557544757033240052e-02
8.622579466569202378e-02
7.951639153685145789e-02
3.239556692242055030e-02
1.023017902813294910e-01
3.751065643648743286e-02
2.023796286000184921e-02
9.053708439897646676e-02
1.508951406649588177e-02
7.318512689356615475e-02
7.475900059020243460e-02
2.557544757033200153e-02
4.688832054560929108e-02
1.034643106254340417e-02
1.534526854219945002e-01
4.944586530264264562e-02
8.951406649616350242e-02
4.092071611253159796e-02
8.738277919863572663e-02
4.335647302399182890e-02
2.080136402387002675e-02
1.023017902813289949e-02
2.046035805626589960e-02
7.405254591955347243e-02
1.078207026517699479e-01
1.205699671172815873e-01
1.125319693094627982e-01
1.293386919985382577e-01
7.289002557544750627e-02
5.059490715000541233e-02
1.138107416879794581e-01
2.338554987212275726e-01
2.332480818414319201e-01
3.567774936061361007e-02
1.790281329923270048e-01
1.662404092071609885e-01
4.160272804774045596e-02
1.662404092071609885e-01
4.081841432225062904e-01
1.534526854219945002e-01
2.813299232736569955e-02
2.132352941176470784e-01
6.251776072747884661e-02
1.510346431062541128e-01
1.011898143000092461e-02
1.895140664961636190e-01
1.734258920959686201e-01
1.133844842284738169e-01
1.312020460358054308e-01
2.721227621483376380e-01
2.429667519181585300e-01
1.590327830737034431e-01
6.116794543904506554e-02
2.173913043478259977e-01
2.620865139949108968e-01
2.162849872773535964e-01
3.511450381679389054e-01
1.704834605597964070e-01
5.102040816326530032e-02
2.040816326530612013e-01
3.021978021978022344e-01
1.953892668178381087e-01
2.319834183673468164e-01
4.591836734693870159e-02
2.984693877551020669e-01
8.418367346938770979e-02
4.861944777911164639e-01
3.511904761904758865e-01
1.122448979591836038e-01
1.938775510204079899e-01
1.154572940287224153e-01
1.052295918367346511e-01
1.753246753246752443e-01
3.826530612244889717e-02
1.023017902813289949e-02
4.231574052545882675e-02
1.193520886615513504e-01
6.393861892583099782e-02
7.161125319693080471e-02
4.774083546462021960e-02
1.060218553824687909e-01
1.011898143000092461e-02
1.495180011804048692e-01
1.810741687979535164e-01
2.081202046035802444e-01
6.035805626598410994e-02
1.761864165956204473e-02
7.614508253894419765e-02
1.150895140664959931e-01
7.672634271099700032e-02
3.045803301557720513e-02
7.398611618560445302e-02
2.769820971867008041e-01
5.115089514066449572e-02
6.393861892583099782e-02
2.557544757033200153e-03
1.733447001989197045e-01
2.915601023017849042e-02
1.733447001989170053e-02
1.715880027900486271e-01
1.895140664961636190e-01
3.751065643648743286e-02
0.000000000000000000e+00
0.000000000000000000e+00
1.312020460358054863e-01
2.396015614483735373e-02
1.534526854219945002e-01
8.525149190110800634e-02
1.943734015345267852e-01
1.150895140664959931e-01
1.343222506393861315e-01
1.457800511508947350e-01
6.619527606438976863e-02
8.615728900255736900e-02
2.173913043478259977e-01
1.289002557544755567e-01
2.557544757033240052e-02
8.622579466569202378e-02
7.951639153685145789e-02
3.239556692242055030e-02
1.023017902813294910e-01
3.751065643648743286e-02
2.023796286000184921e-02
9.053708439897646676e-02
1.508951406649588177e-02
7.318512689356615475e-02
7.475900059020243460e-02
2.557544757033200153e-02
4.688832054560929108e-02
1.034643106254340417e-02
1.534526854219945002e-01
4.944586530264264562e-02
8.951406649616350242e-02
4.092071611253159796e-02
8.738277919863572663e-02
4.335647302399182890e-02
2.080136402387002675e-02
1.023017902813289949e-02
5.102040816326530032e-02
2.040816326530612013e-01
3.021978021978022344e-01
1.953892668178381087e-01
2.319834183673468164e-01
4.591836734693870159e-02
2.984693877551020669e-01
8.418367346938770979e-02
4.861944777911164639e-01
3.511904761904758865e-01
1.122448979591836038e-01
1.938775510204079899e-01
1.154572940287224153e-01
1.052295918367346511e-01
1.753246753246752443e-01
3.826530612244889717e-02
5.882352941176469813e-02
1.887711606381683449e-01
4.859335038363170600e-01
1.116019530341779420e-01
6.233271872955425258e-02
3.836317135549870139e-02
4.728260869565216185e-01
1.092858548101513921e-01
3.069053708439897221e-01
3.385259242036733895e-01
9.207161125319690553e-02
2.037084398976979072e-01
2.097186700767261769e-01
1.086956521739129988e-01
1.185366396085843627e-01
3.324808184143220047e-02
6.923076923076920686e-02
1.818181818181817122e-01
2.215544871794870863e-01
1.678321678321677557e-01
1.472868217054263129e-01
4.358974358974349733e-02
4.666666666666663410e-01
9.495192307692293388e-02
4.517184942716857554e-01
3.272727272727269376e-01
1.282051282051281937e-01
1.813765182186233560e-01
2.227272727272726072e-01
1.573426573426571218e-01
1.461538461538460787e-01
3.076923076923070155e-02
4.884318766066830103e-02
1.507361533068471982e-01
2.853470437017993078e-01
2.734283711147461604e-01
1.740931162524990972e-01
4.113110539845749730e-02
3.664781491002568892e-01
6.940874035989690050e-02
6.066838046272490237e-01
2.850385604113108151e-01
1.105398457583546962e-01
1.358321585537770604e-01
1.710070414664130456e-01
1.322071244950419888e-01
1.579548700371320447e-01
2.827763496143950034e-02
5.927835051546390122e-02
1.861397479954179923e-01
4.439862542955326230e-01
1.850984067478912698e-01
2.128631677600749672e-01
4.639175257731949914e-02
2.792096219931270440e-01
1.520618556701028024e-01
3.247422680412369034e-01
2.126288659793811597e-01
1.237113402061855022e-01
1.520618556701028579e-01
1.546391752577316037e-01
1.139446554530653827e-01
2.776476101218366965e-01
1.804123711340200123e-02
7.493540051679579983e-02
2.676264304171278030e-01
2.305943152454780487e-01
2.299741602067180979e-01
2.554615926708947993e-01
3.875968992248059880e-02
3.229974160206716682e-01
1.395348837209300918e-01
3.804909560723514494e-01
3.772609819121445218e-01
1.369509043927648051e-01
2.039983680130555699e-01
1.240310077519378718e-01
1.184323858742462598e-01
1.963824289405684542e-01
1.808785529715760051e-02
1.023017902813280408e-02
4.231574052545882675e-02
1.193520886615514198e-01
6.393861892583009576e-02
7.161125319693056879e-02
4.774083546461947714e-02
1.060218553824677779e-01
1.011898143000028102e-02
1.495180011804037867e-01
1.810741687979524894e-01
2.081202046035790509e-01
6.035805626598419321e-02
1.761864165956208289e-02
7.614508253894425316e-02
1.150895140664951466e-01
7.672634271099618153e-02
3.045803301557674370e-02
7.398611618560330117e-02
2.769820971867000825e-01
5.115089514066455123e-02
6.393861892582995698e-02
2.557544757033084360e-03
1.733447001989201208e-01
2.915601023017766816e-02
1.733447001989154787e-02
1.715880027900487104e-01
1.895140664961619814e-01
3.751065643648736347e-02
0.000000000000000000e+00
0.000000000000000000e+00
1.312020460358047924e-01
2.396015614483703801e-02
1.534526854219949166e-01
8.525149190110785369e-02
1.943734015345264521e-01
1.150895140664951466e-01
1.343222506393860205e-01
1.457800511508951236e-01
6.619527606438868617e-02
8.615728900255736900e-02
2.173913043478255813e-01
1.289002557544751126e-01
2.557544757033209520e-02
8.622579466569117723e-02
7.951639153685123584e-02
3.239556692242030744e-02
1.023017902813284502e-01
3.751065643648663489e-02
2.023796286000187697e-02
9.053708439897563409e-02
1.508951406649604830e-02
7.318512689356564127e-02
7.475900059020250399e-02
2.557544757033125907e-02
4.688832054560924945e-02
1.034643106254327406e-02
1.534526854219935288e-01
4.944586530264204194e-02
8.951406649616219791e-02
4.092071611253164654e-02
8.738277919863544907e-02
4.335647302399188441e-02
2.080136402387027308e-02
1.023017902813283531e-02
