1.444291609353499928e-02
4.267225209453529705e-02
2.751031636863800200e-02
3.782668500687749735e-02
4.126547455295719730e-02
1.059147180192570453e-01
4.276603726397363442e-02
2.449016207164642425e-02
4.422812400804140148e-02
5.680880330123747046e-02
3.198074277854168895e-02
6.492434662998568251e-02
3.790310255234569103e-02
1.187632862323370064e-01
3.782668500687749735e-02
6.189821182943600064e-02
4.504814305364502475e-02
8.754175673020221649e-02
1.097661623108662221e-01
1.066024759284729950e-01
1.031636863823929967e-01
2.957359009628610091e-02
2.284120434051656601e-01
1.960110041265475112e-01
2.330735136787353765e-02
1.743153682630987078e-01
1.489683631361759519e-01
7.397218401344934913e-02
8.163387357215211651e-03
8.624484181568072005e-02
1.960110041265475112e-01
9.986968797509578055e-02
4.126547455295699607e-02
9.628610729023333314e-02
4.422812400804140148e-02
4.126547455295699607e-02
5.279229711141653764e-02
1.920907840440163328e-01
6.764301318876901614e-02
8.605570839064621835e-02
6.189821182943600064e-02
8.858321870701467426e-02
1.788170563961479984e-02
7.246020829239536998e-02
4.632987370263835780e-02
1.088950022925263966e-01
6.877579092159549767e-02
1.008711600183398449e-01
2.449016207164642425e-02
4.463548830811545076e-02
1.623108665749642063e-02
9.348217119881450932e-02
1.125806792931961370e-01
1.616231086657494986e-01
8.405930001528340301e-02
5.842816056020978810e-02
7.565337001375499471e-02
1.116918844566710672e-01
6.877579092159549767e-02
6.877579092159559482e-02
5.169646950939926072e-02
1.165913408004190938e-01
7.831270059605657807e-02
3.026134800550199858e-02
4.470426409903709847e-02
1.280167562836063144e-01
1.191993050025335205e-01
8.547848300255445064e-02
1.100412654745527991e-01
1.681076832383570918e-01
6.058521945729648805e-02
6.802822797679566880e-02
8.903338752031977887e-02
1.323933975240713379e-01
2.273727647867948565e-01
5.596629986244828353e-02
1.409903713892705079e-01
1.444291609353504924e-01
1.090784044016502863e-01
1.444291609353504924e-01
3.057771664374137610e-01
1.719394773039889801e-01
4.745529573590089728e-02
2.169016506189819227e-01
1.050741250191044029e-01
1.537576591221705702e-01
1.904790383350242478e-02
1.293672627235210870e-01
1.515687430405449621e-01
2.003668042182481235e-01
1.195667125171939044e-01
2.773039889958733850e-01
2.235213204951854993e-01
8.553207452794778232e-02
4.699679046309026414e-02
1.719394773039889801e-01
1.682692307692306988e-01
3.228021978021978211e-01
2.403846153846153910e-01
2.685439560439559781e-01
3.642611683848789861e-02
1.896907216494843895e-01
9.973565952947373303e-02
1.770650375461370885e-01
1.916666666666664853e-01
1.182130584192438993e-01
3.092783505154636514e-01
2.185567010309276692e-01
1.833838690115218439e-01
3.054753722794958937e-01
6.323024054982810671e-02
2.419243986254291934e-01
1.028891434389712645e-01
2.989690721649484462e-01
1.838800374882847977e-01
8.453608247422679522e-02
1.444291609353499928e-02
4.267225209453529705e-02
2.751031636863800200e-02
3.782668500687749735e-02
4.126547455295719730e-02
1.059147180192570453e-01
4.276603726397363442e-02
2.449016207164642425e-02
4.422812400804140148e-02
5.680880330123747046e-02
3.198074277854168895e-02
6.492434662998568251e-02
3.790310255234569103e-02
1.187632862323370064e-01
3.782668500687749735e-02
6.189821182943600064e-02
4.504814305364502475e-02
8.754175673020221649e-02
1.097661623108662221e-01
1.066024759284729950e-01
1.031636863823929967e-01
2.957359009628610091e-02
2.284120434051656601e-01
1.960110041265475112e-01
2.330735136787353765e-02
1.743153682630987078e-01
1.489683631361759519e-01
7.397218401344934913e-02
8.163387357215211651e-03
8.624484181568072005e-02
1.960110041265475112e-01
9.986968797509578055e-02
4.126547455295699607e-02
9.628610729023333314e-02
4.422812400804140148e-02
4.126547455295699607e-02
5.279229711141653764e-02
1.920907840440163328e-01
6.764301318876901614e-02
8.605570839064621835e-02
6.189821182943600064e-02
8.858321870701467426e-02
1.788170563961479984e-02
7.246020829239536998e-02
4.632987370263835780e-02
1.088950022925263966e-01
6.877579092159549767e-02
1.008711600183398449e-01
2.449016207164642425e-02
4.463548830811545076e-02
1.623108665749642063e-02
9.348217119881450932e-02
1.125806792931961370e-01
1.616231086657494986e-01
8.405930001528340301e-02
5.842816056020978810e-02
7.565337001375499471e-02
1.116918844566710672e-01
6.877579092159549767e-02
6.877579092159559482e-02
5.169646950939926072e-02
1.165913408004190938e-01
7.831270059605657807e-02
3.026134800550199858e-02
3.642611683848789861e-02
1.896907216494843895e-01
9.973565952947373303e-02
1.770650375461370885e-01
1.916666666666664853e-01
1.182130584192438993e-01
3.092783505154636514e-01
2.185567010309276692e-01
1.833838690115218439e-01
3.054753722794958937e-01
6.323024054982810671e-02
2.419243986254291934e-01
1.028891434389712645e-01
2.989690721649484462e-01
1.838800374882847977e-01
8.453608247422679522e-02
4.332874828060519906e-02
1.847776249426865691e-01
1.272352132049514861e-01
1.012879829936225856e-01
1.026678609129585140e-01
8.321870701513059410e-02
4.113651994497936615e-01
3.580044439741827400e-01
1.066024759284729950e-01
4.131549330999125247e-01
5.226960110041260071e-02
1.886863823933975226e-01
1.644887666208161014e-01
2.407152682255845055e-01
1.765444650439565999e-01
7.496561210453919766e-02
3.991741225051610026e-02
1.403053244071824079e-01
8.325447350309683747e-02
1.942689107176372165e-01
1.144384513196433917e-01
1.176875430144528056e-01
4.273511193878787862e-01
2.140829318651064628e-01
1.953405280344405193e-01
3.547519239191638807e-01
6.194081211286989880e-02
1.947332198355487820e-01
2.049677782644058199e-01
3.519364324594881355e-01
1.961459050240881019e-01
6.813489332415689770e-02
3.305785123966940159e-02
1.756667918858001165e-01
1.177685950413221994e-01
1.493238166791885368e-01
1.906183042546676920e-01
9.159779614325060104e-02
2.999999999999998224e-01
2.685950413223138766e-01
1.810042574505384416e-01
3.136363636363634355e-01
5.785123966942139900e-02
1.750199946680884022e-01
1.401365432985985093e-01
2.636757182211725836e-01
1.994949494949492808e-01
7.300275482093659951e-02
3.652653342522389768e-02
1.692319473160272814e-01
1.641167011256603192e-01
1.484869369087148949e-01
1.707599774450221375e-01
9.510682288077179636e-02
3.822651045256144076e-01
2.959261811777317286e-01
1.323225361819433954e-01
2.771795313576843056e-01
5.720192970365260005e-02
1.645827179941583840e-01
1.571330117160575912e-01
2.620334433602957702e-01
2.252051876448843137e-01
7.856650585802890663e-02
3.379310344827580331e-02
2.085714285714285465e-01
1.391448275862067763e-01
1.743172413793102893e-01
1.690909090909088197e-01
9.724137931034479432e-02
3.994252873563217121e-01
3.298522167487683565e-01
2.194827586206895553e-01
3.960459770114938549e-01
5.655172413793099762e-02
2.205081669691468793e-01
1.195402298850573308e-01
3.908045977011491701e-01
1.284983314794214126e-01
7.862068965517239605e-02
1.444291609353492122e-02
4.267225209453454071e-02
2.751031636863700280e-02
3.782668500687678265e-02
4.126547455295647565e-02
1.059147180192565596e-01
4.276603726397315564e-02
2.449016207164636180e-02
4.422812400803977084e-02
5.680880330123688760e-02
3.198074277854034975e-02
6.492434662998551598e-02
3.790310255234589920e-02
1.187632862323359795e-01
3.782668500687738633e-02
6.189821182943510552e-02
4.504814305364437943e-02
8.754175673020239690e-02
1.097661623108662360e-01
1.066024759284726758e-01
1.031636863823934130e-01
2.957359009628606622e-02
2.284120434051652437e-01
1.960110041265474279e-01
2.330735136787263212e-02
1.743153682630967649e-01
1.489683631361759797e-01
7.397218401344904382e-02
8.163387357215117976e-03
8.624484181568041474e-02
1.960110041265475112e-01
9.986968797509535034e-02
4.126547455295700995e-02
9.628610729023291681e-02
4.422812400804056882e-02
4.126547455295648259e-02
5.279229711141634335e-02
1.920907840440160275e-01
6.764301318876840552e-02
8.605570839064610733e-02
6.189821182943593819e-02
8.858321870701410528e-02
1.788170563961455697e-02
7.246020829239460670e-02
4.632987370263842025e-02
1.088950022925254252e-01
6.877579092159483154e-02
1.008711600183389567e-01
2.449016207164583098e-02
4.463548830811462503e-02
1.623108665749508142e-02
9.348217119881421788e-02
1.125806792931966088e-01
1.616231086657496929e-01
8.405930001528212625e-02
5.842816056020946197e-02
7.565337001375477266e-02
1.116918844566710534e-01
6.877579092159483154e-02
6.877579092159492868e-02
5.169646950939802560e-02
1.165913408004188440e-01
7.831270059605627276e-02
3.026134800550187021e-02
