1.768488745980700133e-02
6.650102309266285594e-02
6.430868167202534458e-02
8.038585209003198950e-02
2.572347266881000113e-02
1.275455519828509188e-01
4.998538439052879756e-02
5.724870683629213614e-02
7.519168933959907708e-02
7.588424437299008674e-02
2.803456591639855860e-02
3.794212218649475193e-02
5.537692032868870434e-02
1.435983630517389809e-01
6.430868167202549723e-02
8.842443729903501359e-02
9.573224203449265390e-02
9.301791456132274538e-02
9.163987138263650356e-02
1.045016077170415059e-01
1.205787781350479981e-01
2.090032154340830048e-02
1.525544837441944468e-01
1.557877813504821851e-01
7.627724187209722340e-02
1.438175971938029096e-01
7.331189710610909460e-02
3.143979992854556427e-02
1.272193485250909875e-02
8.247588424437252153e-02
2.290996784565912936e-01
8.283973599593807968e-02
6.430868167202549723e-02
7.502679528403000120e-02
5.639376700469916209e-02
9.646302250803850953e-02
6.495176848874587017e-02
1.557877813504821851e-01
3.328919992434236502e-02
9.284565916398705709e-02
6.430868167202549723e-02
4.501607717041793133e-02
4.823151125401900149e-03
5.420303169499293000e-02
4.165448699210749783e-02
7.127545551982852889e-02
6.430868167202549723e-02
7.073954983922789430e-02
5.088773941003758156e-02
8.536977491961364461e-02
9.485530546623540532e-03
1.035122433836254269e-01
1.315854563442988290e-01
1.045016077170415059e-01
6.877456234369418164e-02
5.853551593101399136e-02
8.038585209003198950e-02
1.118971061093244901e-01
7.234726688102850745e-02
8.360128617363320191e-02
1.098606645230437440e-01
8.176389526871838398e-02
5.884244372990318078e-02
3.536977491961409981e-02
5.305466237942119828e-02
1.263519438760596081e-01
1.280250465391774006e-01
1.446945337620578753e-01
1.093247588424435951e-01
1.693844740468531951e-01
4.165448699210749089e-02
8.269257654131112467e-02
1.105670856474714053e-01
1.547427652733115999e-01
1.832797427652730071e-01
7.102090032154337318e-02
2.170418006430864799e-01
1.688102893890675027e-01
1.242229367631296072e-01
1.446945337620575145e-01
3.207395498392283661e-01
1.929260450160770191e-01
2.572347266881019889e-02
1.282154340836011430e-01
1.375491246873883633e-01
1.085062847120721458e-01
1.908290227876404538e-02
1.374598070739547762e-01
1.362731587811971401e-01
1.425509110396570578e-01
1.282958199356913076e-01
1.980707395498390311e-01
1.688102893890675027e-01
1.166325635779012215e-01
9.887459807073931128e-02
1.929260450160770191e-01
2.243589743589743113e-01
2.916666666666666852e-01
2.067307692307691902e-01
2.772435897435897023e-01
5.939004815409310023e-02
2.311396468699835893e-01
1.093344857389800112e-01
2.458831222876163847e-01
2.092195024077044829e-01
9.630818619582659501e-02
2.239165329052968112e-01
2.263242375601925982e-01
2.523840997072984149e-01
2.714820759764577374e-01
3.852327447833060053e-02
1.861958266452647948e-01
1.508828250401280657e-01
2.588282504012839325e-01
1.969940172187362171e-01
8.507223113964680616e-02
1.768488745980700133e-02
6.650102309266285594e-02
6.430868167202534458e-02
8.038585209003198950e-02
2.572347266881000113e-02
1.275455519828509188e-01
4.998538439052879756e-02
5.724870683629213614e-02
7.519168933959907708e-02
7.588424437299008674e-02
2.803456591639855860e-02
3.794212218649475193e-02
5.537692032868870434e-02
1.435983630517389809e-01
6.430868167202549723e-02
8.842443729903501359e-02
9.573224203449265390e-02
9.301791456132274538e-02
9.163987138263650356e-02
1.045016077170415059e-01
1.205787781350479981e-01
2.090032154340830048e-02
1.525544837441944468e-01
1.557877813504821851e-01
7.627724187209722340e-02
1.438175971938029096e-01
7.331189710610909460e-02
3.143979992854556427e-02
1.272193485250909875e-02
8.247588424437252153e-02
2.290996784565912936e-01
8.283973599593807968e-02
6.430868167202549723e-02
7.502679528403000120e-02
5.639376700469916209e-02
9.646302250803850953e-02
6.495176848874587017e-02
1.557877813504821851e-01
3.328919992434236502e-02
9.284565916398705709e-02
6.430868167202549723e-02
4.501607717041793133e-02
4.823151125401900149e-03
5.420303169499293000e-02
4.165448699210749783e-02
7.127545551982852889e-02
6.430868167202549723e-02
7.073954983922789430e-02
5.088773941003758156e-02
8.536977491961364461e-02
9.485530546623540532e-03
1.035122433836254269e-01
1.315854563442988290e-01
1.045016077170415059e-01
6.877456234369418164e-02
5.853551593101399136e-02
8.038585209003198950e-02
1.118971061093244901e-01
7.234726688102850745e-02
8.360128617363320191e-02
1.098606645230437440e-01
8.176389526871838398e-02
5.884244372990318078e-02
3.536977491961409981e-02
5.939004815409310023e-02
2.311396468699835893e-01
1.093344857389800112e-01
2.458831222876163847e-01
2.092195024077044829e-01
9.630818619582659501e-02
2.239165329052968112e-01
2.263242375601925982e-01
2.523840997072984149e-01
2.714820759764577374e-01
3.852327447833060053e-02
1.861958266452647948e-01
1.508828250401280657e-01
2.588282504012839325e-01
1.969940172187362171e-01
8.507223113964680616e-02
5.305466237942119828e-02
2.373296585515233537e-01
1.848874598070734954e-01
1.490792166033322041e-01
1.665295745158152374e-01
7.073954983922829676e-02
3.321945337620577643e-01
2.810413059609200292e-01
1.245980707395497600e-01
2.946506869336449341e-01
3.376205787781350054e-02
1.944533762057876203e-01
2.307073954983922814e-01
2.090032154340834836e-01
1.490283797008247479e-01
8.520900321543399547e-02
5.958132045088559980e-02
1.903088859610598538e-01
1.033615136876004648e-01
2.437417654808956835e-01
1.606561060554991260e-01
9.822866344605470090e-02
3.189353035900346911e-01
1.947966988727858062e-01
2.758077226162329310e-01
2.608695652173908530e-01
4.508856682769719904e-02
1.566234426646323230e-01
2.264675742936611835e-01
3.162055335968377845e-01
1.739130434782608092e-01
8.695652173913040461e-02
4.354838709677409658e-02
2.080645161290320955e-01
1.258064516129031030e-01
2.771260997067446774e-01
2.279569892473116421e-01
9.193548387096769914e-02
2.107741935483871121e-01
2.032258064516127005e-01
2.595307917888560190e-01
1.916129032258062637e-01
4.677419354838709825e-02
1.623309053069717234e-01
2.145862552594668682e-01
2.350230414746543040e-01
1.793309438470727379e-01
7.903225806451609492e-02
4.361873990306940063e-02
1.960150780829294503e-01
2.619278406031234074e-01
2.146423850785723064e-01
2.494492583345570003e-01
8.400646203554119895e-02
2.380183091006999319e-01
2.700592353257941780e-01
1.744749596122776025e-01
2.110258481421646848e-01
3.877221324717280287e-02
1.407031310100775867e-01
2.132471728594504123e-01
2.380749936229910602e-01
2.088412395359080798e-01
8.562197092083999317e-02
5.987055016181219713e-02
2.346278317152101500e-01
1.695145631067961345e-01
2.188996763754042230e-01
2.431597528684904530e-01
8.899676375404530493e-02
3.033980582524271052e-01
2.621359223300968044e-01
2.228964401294495912e-01
2.834951456310679241e-01
4.368932038834950210e-02
2.363311190597850442e-01
1.510248112189858660e-01
3.775620280474645818e-01
1.071093015972439666e-01
8.737864077669900420e-02
1.768488745980687990e-02
6.650102309266209266e-02
6.430868167202445640e-02
8.038585209003112908e-02
2.572347266880932806e-02
1.275455519828510020e-01
4.998538439052765958e-02
5.724870683629170592e-02
7.519168933959841095e-02
7.588424437298879610e-02
2.803456591639804860e-02
3.794212218649357232e-02
5.537692032868814923e-02
1.435983630517379261e-01
6.430868167202440089e-02
8.842443729903434746e-02
9.573224203449161307e-02
9.301791456132252334e-02
9.163987138263525456e-02
1.045016077170406454e-01
1.205787781350482341e-01
2.090032154340820680e-02
1.525544837441932533e-01
1.557877813504812137e-01
7.627724187209539153e-02
1.438175971938020492e-01
7.331189710610745702e-02
3.143979992854570998e-02
1.272193485250938151e-02
8.247588424437274357e-02
2.290996784565903777e-01
8.283973599593796866e-02
6.430868167202496988e-02
7.502679528402818321e-02
5.639376700469819065e-02
9.646302250803734379e-02
6.495176848874491260e-02
1.557877813504811582e-01
3.328919992434099806e-02
9.284565916398654362e-02
6.430868167202473396e-02
4.501607717041708479e-02
4.823151125401571419e-03
5.420303169499176427e-02
4.165448699210616557e-02
7.127545551982808480e-02
6.430868167202408170e-02
7.073954983922785267e-02
5.088773941003690848e-02
8.536977491961310338e-02
9.485530546622092038e-03
1.035122433836247330e-01
1.315854563442983294e-01
1.045016077170410895e-01
6.877456234369380694e-02
5.853551593101415790e-02
8.038585209003087928e-02
1.118971061093240044e-01
7.234726688102816050e-02
8.360128617363291048e-02
1.098606645230435080e-01
8.176389526871741253e-02
5.884244372990322242e-02
3.536977491961398185e-02
