1.504787961696299990e-02
3.960950130580750267e-02
2.735978112175066826e-02
8.207934336525300745e-02
2.188782489740079967e-02
6.383948928408569867e-02
3.544335281681354477e-02
3.247487063581750572e-02
4.798484689045562357e-02
3.228454172366618247e-02
4.770861833105333183e-02
7.264021887824861912e-02
2.827177382580936885e-02
1.547693073000866171e-01
8.891928864569050017e-02
1.299589603283169970e-01
5.702027111055803926e-02
8.706273206957165778e-02
1.247606019151846074e-01
1.094391244870039914e-01
1.025991792065659991e-01
1.504787961696299990e-02
1.576227390180874599e-01
9.357045143638846596e-02
6.490348077215346567e-02
1.733615221987310218e-01
9.357045143638846596e-02
8.694330445356407422e-02
2.164991375721166816e-02
5.458276333789297691e-02
1.247606019151846074e-01
8.330333357333111199e-02
4.103967168262650372e-02
4.559963520291800132e-02
3.198989792697041340e-02
1.504787961696305021e-01
7.184678522571794068e-02
1.013679890560872099e-01
6.373219602478445711e-02
6.583447332421334119e-02
5.471956224350199571e-02
7.660738714090283008e-02
1.094391244870039984e-02
6.918116083642755765e-02
2.835468225345104398e-02
1.126310989512080141e-01
8.207934336525300745e-02
1.404468764249882651e-01
4.871230595372605388e-02
1.614227086183309123e-02
1.614227086183309123e-02
6.850468273176851808e-02
1.439545406713668430e-01
1.367989056087550170e-01
1.504787961696305298e-01
6.640965054097745790e-02
1.094391244870039914e-01
7.405380756953938715e-02
8.891928864569050017e-02
8.755129958960319869e-02
5.608755129958956781e-02
1.681323692267601699e-01
1.001367989056086427e-01
3.693570451436380131e-02
5.198358413132690009e-02
1.584380052232308433e-01
1.025271797825616643e-01
1.817471174516314680e-01
1.094391244870040053e-01
1.268321282001171613e-01
6.379803507026483855e-02
8.118717658954355265e-02
9.961447581146616603e-02
9.216826265389868600e-02
1.403556771545826642e-01
4.134746922024609000e-02
2.804377564979479986e-01
1.983584131326944777e-01
1.390788873689006999e-01
1.573187414500680226e-01
2.495212038303692148e-01
1.915184678522570128e-01
2.599179206566340147e-02
1.438098495212035421e-01
2.089983280133754229e-01
1.500310906603655181e-01
3.247487063581750572e-02
8.577291381668912529e-02
2.029183766529864541e-01
1.559507523939807627e-01
1.052667578659368386e-01
1.761969904240762441e-01
1.915184678522570128e-01
4.253202338017657291e-02
7.010943912448677762e-02
2.325581395348835234e-01
1.909959072305592864e-01
2.646657571623465266e-01
2.346521145975442868e-01
3.096862210095497892e-01
4.508196721311470007e-02
1.366120218579232048e-01
1.011454392601931623e-01
2.710989678202792574e-01
2.070525956284151869e-01
7.513661202185789589e-02
3.012295081967212851e-01
1.639344262295081844e-01
2.408389585342329553e-01
2.418032786885243313e-01
5.327868852459009819e-02
2.732240437158467983e-01
9.512244484922079135e-02
3.483606557377046942e-01
1.978390461997017735e-01
1.092896174863387942e-01
1.504787961696299990e-02
3.960950130580750267e-02
2.735978112175066826e-02
8.207934336525300745e-02
2.188782489740079967e-02
6.383948928408569867e-02
3.544335281681354477e-02
3.247487063581750572e-02
4.798484689045562357e-02
3.228454172366618247e-02
4.770861833105333183e-02
7.264021887824861912e-02
2.827177382580936885e-02
1.547693073000866171e-01
8.891928864569050017e-02
1.299589603283169970e-01
5.702027111055803926e-02
8.706273206957165778e-02
1.247606019151846074e-01
1.094391244870039914e-01
1.025991792065659991e-01
1.504787961696299990e-02
1.576227390180874599e-01
9.357045143638846596e-02
6.490348077215346567e-02
1.733615221987310218e-01
9.357045143638846596e-02
8.694330445356407422e-02
2.164991375721166816e-02
5.458276333789297691e-02
1.247606019151846074e-01
8.330333357333111199e-02
4.103967168262650372e-02
4.559963520291800132e-02
3.198989792697041340e-02
1.504787961696305021e-01
7.184678522571794068e-02
1.013679890560872099e-01
6.373219602478445711e-02
6.583447332421334119e-02
5.471956224350199571e-02
7.660738714090283008e-02
1.094391244870039984e-02
6.918116083642755765e-02
2.835468225345104398e-02
1.126310989512080141e-01
8.207934336525300745e-02
1.404468764249882651e-01
4.871230595372605388e-02
1.614227086183309123e-02
1.614227086183309123e-02
6.850468273176851808e-02
1.439545406713668430e-01
1.367989056087550170e-01
1.504787961696305298e-01
6.640965054097745790e-02
1.094391244870039914e-01
7.405380756953938715e-02
8.891928864569050017e-02
8.755129958960319869e-02
5.608755129958956781e-02
1.681323692267601699e-01
1.001367989056086427e-01
3.693570451436380131e-02
4.508196721311470007e-02
1.366120218579232048e-01
1.011454392601931623e-01
2.710989678202792574e-01
2.070525956284151869e-01
7.513661202185789589e-02
3.012295081967212851e-01
1.639344262295081844e-01
2.408389585342329553e-01
2.418032786885243313e-01
5.327868852459009819e-02
2.732240437158467983e-01
9.512244484922079135e-02
3.483606557377046942e-01
1.978390461997017735e-01
1.092896174863387942e-01
3.693570451436380131e-02
1.615529932903392585e-01
1.846785225718189927e-01
1.716204452182563123e-01
1.375306206852668078e-01
6.292749658002730340e-02
3.024965800273597405e-01
2.869620119962115190e-01
1.060191518467849953e-01
2.855366247979107541e-01
4.514363885088910205e-02
2.623119015047878921e-01
2.290241678066575193e-01
2.222982216142270206e-01
2.487360970677451322e-01
8.481532147742809613e-02
4.109589041095890183e-02
8.094645080946449855e-02
1.454195205479452135e-01
2.633872976338729743e-01
1.532335138579165035e-01
7.945205479452049913e-02
3.373086220789681122e-01
1.792380136986298778e-01
1.944039638589329100e-01
2.958904109589040043e-01
6.027397260273970048e-02
2.139870223503962110e-01
2.436488169364882383e-01
3.922789539227896083e-01
1.602739726027395117e-01
1.013698630136986023e-01
3.292181069958839690e-02
1.488028432472875418e-01
1.234567901234567833e-01
2.749719416386083304e-01
1.979119036732205628e-01
6.035665294924549840e-02
1.901234567901232131e-01
2.674897119341561602e-01
2.354408280334205905e-01
2.498765432098763728e-01
5.349794238683119874e-02
1.829284481614230351e-01
1.825013419216317823e-01
2.508328434254359918e-01
2.729258751206625200e-01
8.230452674897119347e-02
4.120879120879120117e-02
1.626984126984126755e-01
2.157509157509154285e-01
1.874375624375624882e-01
1.677072927072927322e-01
6.181318681318680175e-02
2.738095238095235584e-01
3.061660561660561330e-01
1.483516483516482132e-01
1.935954670329669558e-01
4.945054945054939977e-02
2.199764521193092737e-01
2.142857142857139963e-01
2.591093117408906354e-01
2.860889110889108800e-01
8.791208791208790507e-02
3.988995873452540197e-02
1.994497936726271348e-01
1.601100412654743732e-01
2.252544704264096975e-01
2.067025134425407584e-01
7.427785419532320632e-02
2.636405318661162456e-01
2.918058557673411935e-01
2.025447042640987905e-01
3.079321412196238117e-01
5.089408528198070131e-02
3.040613914428434983e-01
1.503897294818887787e-01
3.209536909674458593e-01
1.922172427563560715e-01
9.628610729023380499e-02
1.504787961696296347e-02
3.960950130580705858e-02
2.735978112174984947e-02
8.207934336525292418e-02
2.188782489740000170e-02
6.383948928408512968e-02
3.544335281681383620e-02
3.247487063581745020e-02
4.798484689045533907e-02
3.228454172366485020e-02
4.770861833105200650e-02
7.264021887824757828e-02
2.827177382580935844e-02
1.547693073000860065e-01
8.891928864568950097e-02
1.299589603283167749e-01
5.702027111055742864e-02
8.706273206957140798e-02
1.247606019151845241e-01
1.094391244870038110e-01
1.025991792065660130e-01
1.504787961696293398e-02
1.576227390180869603e-01
9.357045143638829943e-02
6.490348077215309097e-02
1.733615221987306609e-01
9.357045143638775819e-02
8.694330445356307502e-02
2.164991375721163694e-02
5.458276333789246343e-02
1.247606019151844409e-01
8.330333357333136179e-02
4.103967168262628862e-02
4.559963520291837602e-02
3.198989792696887297e-02
1.504787961696295306e-01
7.184678522571749659e-02
1.013679890560864882e-01
6.373219602478466528e-02
6.583447332421252240e-02
5.471956224350105202e-02
7.660738714090191415e-02
1.094391244870016565e-02
6.918116083642740499e-02
2.835468225345100929e-02
1.126310989512067512e-01
8.207934336525279928e-02
1.404468764249873214e-01
4.871230595372569305e-02
1.614227086183308776e-02
1.614227086183221693e-02
6.850468273176799072e-02
1.439545406713667597e-01
1.367989056087546562e-01
1.504787961696295029e-01
6.640965054097655584e-02
1.094391244870038249e-01
7.405380756953865162e-02
8.891928864569052793e-02
8.755129958960299053e-02
5.608755129958882535e-02
1.681323692267601144e-01
1.001367989056077823e-01
3.693570451436379437e-02
