7.246376811594200384e-03
7.992973210364499870e-02
4.830917874396133821e-02
4.830917874396100514e-02
1.932367149758440136e-02
7.890499194846989361e-02
1.627140974967058173e-01
3.822726318000393281e-02
2.824228911185413735e-02
8.550724637681156315e-02
5.615942028985469042e-02
1.425120772946819950e-02
3.327965646806202438e-02
1.725955204216073346e-01
3.623188405797100192e-02
4.830917874396100514e-02
5.753184014053538270e-02
1.537267080745339243e-01
1.101449275362316738e-01
1.207729468599030020e-01
1.207729468599030020e-01
1.207729468599029986e-02
1.637144390767575064e-01
1.376811594202894673e-01
1.637144390767534402e-02
1.980676328502412598e-01
2.340579710144925774e-01
1.062801932367149621e-01
0.000000000000000000e+00
1.514492753623186416e-01
1.514492753623186416e-01
6.788710907704041675e-02
8.454106280193199319e-02
4.830917874396133821e-02
2.824228911185413735e-02
6.038647342995150102e-02
7.806763285024138910e-02
1.376811594202894673e-01
1.125319693094629231e-01
6.974637681159417957e-02
9.661835748792249601e-02
1.352657004830914167e-01
1.932367149758449851e-02
7.125603864734270099e-02
6.258234519104066695e-02
1.070853462157805719e-01
7.246376811594200384e-02
7.085346215780997936e-02
3.822726318000393281e-02
5.700483091787398454e-02
0.000000000000000000e+00
6.911928651059037754e-02
1.835748792270527341e-01
1.449275362318840077e-01
8.856682769726247073e-02
7.817303469477367150e-02
7.246376811594200384e-02
5.603864734299515704e-02
4.830917874396100514e-02
6.763285024154559733e-02
4.951690821256037739e-02
9.213250517598343958e-02
2.946859903381641305e-02
9.661835748792200682e-03
1.690821256038639933e-02
1.398770311813788692e-01
1.018306636155606182e-01
8.281573498964786562e-02
8.695652173913040461e-02
1.425120772946858461e-01
1.376811594202896338e-01
4.778407897500511203e-02
9.771629336846700264e-02
1.394927536231883591e-01
1.927536231884056095e-01
4.492753623188396050e-02
2.053140096618355226e-01
1.570048309178739832e-01
6.876006441223801724e-02
2.053140096618355226e-01
2.615942028985502876e-01
1.690821256038645137e-01
3.140096618357479663e-02
2.364130434782608092e-01
1.033279656468057972e-01
2.037768994290731772e-01
0.000000000000000000e+00
1.789855072463764074e-01
1.637911203128591398e-01
1.529790660225438526e-01
9.637681159420277699e-02
2.705314009661833885e-01
2.415458937198064759e-01
1.126482213438735197e-01
5.776972624798686756e-02
2.294685990338160009e-01
1.923076923076922906e-01
3.221153846153845812e-01
2.572115384615383804e-01
2.283653846153846090e-01
4.337349397590360006e-02
2.506024096385540134e-01
9.277108433734919390e-02
1.929495760821060002e-01
2.410391566265059626e-01
8.433734939759029992e-02
4.120481927710840653e-01
2.024096385542166199e-01
1.951807228915660719e-01
3.127710843373492922e-01
7.951807228915659664e-02
2.313253012048192003e-01
1.006693440428379632e-01
3.524096385542168641e-01
1.360350492880612050e-01
4.819277108433730333e-02
7.246376811594200384e-03
7.992973210364499870e-02
4.830917874396133821e-02
4.830917874396100514e-02
1.932367149758440136e-02
7.890499194846989361e-02
1.627140974967058173e-01
3.822726318000393281e-02
2.824228911185413735e-02
8.550724637681156315e-02
5.615942028985469042e-02
1.425120772946819950e-02
3.327965646806202438e-02
1.725955204216073346e-01
3.623188405797100192e-02
4.830917874396100514e-02
5.753184014053538270e-02
1.537267080745339243e-01
1.101449275362316738e-01
1.207729468599030020e-01
1.207729468599030020e-01
1.207729468599029986e-02
1.637144390767575064e-01
1.376811594202894673e-01
1.637144390767534402e-02
1.980676328502412598e-01
2.340579710144925774e-01
1.062801932367149621e-01
0.000000000000000000e+00
1.514492753623186416e-01
1.514492753623186416e-01
6.788710907704041675e-02
8.454106280193199319e-02
4.830917874396133821e-02
2.824228911185413735e-02
6.038647342995150102e-02
7.806763285024138910e-02
1.376811594202894673e-01
1.125319693094629231e-01
6.974637681159417957e-02
9.661835748792249601e-02
1.352657004830914167e-01
1.932367149758449851e-02
7.125603864734270099e-02
6.258234519104066695e-02
1.070853462157805719e-01
7.246376811594200384e-02
7.085346215780997936e-02
3.822726318000393281e-02
5.700483091787398454e-02
0.000000000000000000e+00
6.911928651059037754e-02
1.835748792270527341e-01
1.449275362318840077e-01
8.856682769726247073e-02
7.817303469477367150e-02
7.246376811594200384e-02
5.603864734299515704e-02
4.830917874396100514e-02
6.763285024154559733e-02
4.951690821256037739e-02
9.213250517598343958e-02
2.946859903381641305e-02
9.661835748792200682e-03
4.337349397590360006e-02
2.506024096385540134e-01
9.277108433734919390e-02
1.929495760821060002e-01
2.410391566265059626e-01
8.433734939759029992e-02
4.120481927710840653e-01
2.024096385542166199e-01
1.951807228915660719e-01
3.127710843373492922e-01
7.951807228915659664e-02
2.313253012048192003e-01
1.006693440428379632e-01
3.524096385542168641e-01
1.360350492880612050e-01
4.819277108433730333e-02
2.657004830917869889e-02
2.353347135955830838e-01
2.777777777777774570e-01
8.563899868247673575e-02
1.103808560835860819e-01
9.178743961352650582e-02
4.027777777777778456e-01
3.284095131921216937e-01
1.690821256038645137e-01
3.689064558629775448e-01
6.038647342995159817e-02
1.710144927536231263e-01
2.145732689210948507e-01
1.871980676328502402e-01
1.119512707414405811e-01
5.555555555555549696e-02
4.358353510895879995e-02
1.645388509795286947e-01
1.374848668280869712e-01
1.584855822143958204e-01
1.024832479306265476e-01
1.259079903147699020e-01
4.795613160518442664e-01
1.853056900726391398e-01
3.317706455102775731e-01
3.328197226502310202e-01
6.053268765133169860e-02
1.855486173059765209e-01
2.003081664098610715e-01
2.773497688751925261e-01
1.598062953995156854e-01
5.326876513317189976e-02
3.883495145631059992e-02
2.063658428949691481e-01
1.383495145631066792e-01
1.588702559576342932e-01
1.858144552319308251e-01
8.980582524271840672e-02
3.267961165048544059e-01
2.621359223300970265e-01
2.994263018534862875e-01
2.402912621359222234e-01
8.009708737864069950e-02
1.587848418415281904e-01
1.424651751794003829e-01
2.773925104022191279e-01
1.491370010787484990e-01
3.883495145631059992e-02
2.676399026763990122e-02
2.319545823195457990e-01
2.218978102189781698e-01
1.572660915726609432e-01
2.358991373589914009e-01
8.515815085158150166e-02
3.795620437956205295e-01
2.711543660448769710e-01
1.897810218978102093e-01
2.760036496350364299e-01
7.055961070559610415e-02
1.298806627273780545e-01
1.557177615571775919e-01
2.151363810987322045e-01
2.096881220968812298e-01
5.352798053527980243e-02
4.878048780487800190e-02
2.020905923344945565e-01
2.081951219512193640e-01
1.562926829268291018e-01
2.218403547671838616e-01
1.097560975609755962e-01
3.150406504065038082e-01
3.104529616724736041e-01
2.085365853658535384e-01
4.273170731707313097e-01
8.048780487804869932e-02
1.829268292682925123e-01
1.235772357723575882e-01
2.947154471544712329e-01
1.255704169944924231e-01
5.609756097560970184e-02
7.246376811594179568e-03
7.992973210364480441e-02
4.830917874396072065e-02
4.830917874396108841e-02
1.932367149758445687e-02
7.890499194846940789e-02
1.627140974967061782e-01
3.822726318000362750e-02
2.824228911185336713e-02
8.550724637681041129e-02
5.615942028985430878e-02
1.425120772946752642e-02
3.327965646806210764e-02
1.725955204216063632e-01
3.623188405796971823e-02
4.830917874396055411e-02
5.753184014053556311e-02
1.537267080745339520e-01
1.101449275362304386e-01
1.207729468599021555e-01
1.207729468599022943e-01
1.207729468599029639e-02
1.637144390767566737e-01
1.376811594202894395e-01
1.637144390767457727e-02
1.980676328502415096e-01
2.340579710144913006e-01
1.062801932367146568e-01
0.000000000000000000e+00
1.514492753623180865e-01
1.514492753623187249e-01
6.788710907703983388e-02
8.454106280193175726e-02
4.830917874395967981e-02
2.824228911185295079e-02
6.038647342995148715e-02
7.806763285024043153e-02
1.376811594202888012e-01
1.125319693094625206e-01
6.974637681159306934e-02
9.661835748792131640e-02
1.352657004830900012e-01
1.932367149758436667e-02
7.125603864734170179e-02
6.258234519104066695e-02
1.070853462157805164e-01
7.246376811594162914e-02
7.085346215780871648e-02
3.822726318000400220e-02
5.700483091787360290e-02
0.000000000000000000e+00
6.911928651058976691e-02
1.835748792270531782e-01
1.449275362318829252e-01
8.856682769726113846e-02
7.817303469477387967e-02
7.246376811594089362e-02
5.603864734299424111e-02
4.830917874395995043e-02
6.763285024154544467e-02
4.951690821256003044e-02
9.213250517598316203e-02
2.946859903381592732e-02
9.661835748792259662e-03
