6.802721088435300170e-03
4.689754689754681294e-02
3.023431594860133409e-02
2.267573696145100057e-02
5.442176870748279688e-02
1.058201058201056338e-01
1.057513914656770943e-01
3.588681849551376979e-02
1.325658468515597543e-02
1.471655328798181783e-01
6.590136054421757983e-02
4.013605442176827048e-02
2.343159486016603218e-02
1.350237064522775976e-01
3.401360544217649912e-02
2.267573696145100057e-02
0.000000000000000000e+00
1.967930029154514870e-01
1.809523809523807536e-01
1.473922902494330112e-01
2.040816326530610070e-01
2.494331065759630012e-02
3.073822121441164290e-01
5.170068027210830003e-02
9.221466364323480103e-02
2.366522366522363918e-01
1.421768707482989613e-01
1.330309901738468692e-01
0.000000000000000000e+00
2.585034013605415001e-02
1.551020408163260311e-01
6.373075546007854475e-02
7.936507936507899985e-02
3.023431594860133409e-02
3.976975405546792630e-02
1.133786848072550028e-02
9.160997732426286178e-02
2.068027210884348932e-01
1.173802854475121255e-01
5.456349206349194597e-02
3.401360544217649912e-02
1.015873015873010876e-01
1.133786848072559916e-02
1.051182377712987226e-01
8.225108225108189453e-02
2.010582010582008528e-01
7.936507936507899985e-02
7.760141093474393070e-02
1.794340924775688489e-02
9.365079365079322093e-02
2.675736961451218379e-02
3.244374672946067489e-02
9.279609279609239703e-02
1.814058956916095033e-01
5.542957923910245971e-02
6.421356421356393118e-02
3.401360544217649912e-02
7.014361300075548644e-02
6.802721088435349783e-02
8.163265306122440002e-02
4.648526077097456244e-02
7.688154626930099322e-02
3.688586545729362343e-02
0.000000000000000000e+00
6.802721088435300170e-03
1.125541125541121845e-01
8.497434061343792089e-02
3.887269193391600791e-02
1.360544217687071900e-01
2.006802721088435104e-01
1.233766233766233483e-01
6.280193236714948224e-02
7.338693052978730036e-02
1.746031746031741494e-01
1.163265306122448078e-01
2.636054421768702083e-02
1.247165532879815075e-01
1.814058956916095033e-01
3.688586545729362343e-02
2.494331065759634869e-01
3.360544217687073676e-01
2.721088435374144909e-01
3.628117913832189928e-02
2.548185941043082381e-01
1.385739480977573601e-01
2.295609152752006721e-01
1.794340924775688489e-02
6.462585034013593188e-02
1.441528992549398203e-01
2.297808012093721097e-01
1.163265306122447801e-01
3.047619047619043453e-01
2.154195011337864951e-01
1.645021645021643164e-01
3.873771730914579714e-02
1.133786848072559916e-01
1.805869074492099102e-01
3.566591422121895838e-01
2.641083521444694826e-01
1.986455981941309124e-01
2.714932126696829873e-02
2.624434389140268276e-01
1.407065784893837268e-01
1.417797888386120309e-01
2.880373303167420018e-01
1.199095022624434015e-01
4.377828054298639193e-01
1.357466063348415075e-01
1.401384083044980577e-01
3.648567119155354255e-01
6.108597285067870336e-02
3.167420814479636193e-01
1.023965141612198509e-01
2.884615384615384359e-01
1.443850267379679086e-01
3.393665158371039769e-02
6.802721088435300170e-03
4.689754689754681294e-02
3.023431594860133409e-02
2.267573696145100057e-02
5.442176870748279688e-02
1.058201058201056338e-01
1.057513914656770943e-01
3.588681849551376979e-02
1.325658468515597543e-02
1.471655328798181783e-01
6.590136054421757983e-02
4.013605442176827048e-02
2.343159486016603218e-02
1.350237064522775976e-01
3.401360544217649912e-02
2.267573696145100057e-02
0.000000000000000000e+00
1.967930029154514870e-01
1.809523809523807536e-01
1.473922902494330112e-01
2.040816326530610070e-01
2.494331065759630012e-02
3.073822121441164290e-01
5.170068027210830003e-02
9.221466364323480103e-02
2.366522366522363918e-01
1.421768707482989613e-01
1.330309901738468692e-01
0.000000000000000000e+00
2.585034013605415001e-02
1.551020408163260311e-01
6.373075546007854475e-02
7.936507936507899985e-02
3.023431594860133409e-02
3.976975405546792630e-02
1.133786848072550028e-02
9.160997732426286178e-02
2.068027210884348932e-01
1.173802854475121255e-01
5.456349206349194597e-02
3.401360544217649912e-02
1.015873015873010876e-01
1.133786848072559916e-02
1.051182377712987226e-01
8.225108225108189453e-02
2.010582010582008528e-01
7.936507936507899985e-02
7.760141093474393070e-02
1.794340924775688489e-02
9.365079365079322093e-02
2.675736961451218379e-02
3.244374672946067489e-02
9.279609279609239703e-02
1.814058956916095033e-01
5.542957923910245971e-02
6.421356421356393118e-02
3.401360544217649912e-02
7.014361300075548644e-02
6.802721088435349783e-02
8.163265306122440002e-02
4.648526077097456244e-02
7.688154626930099322e-02
3.688586545729362343e-02
0.000000000000000000e+00
2.714932126696829873e-02
2.624434389140268276e-01
1.407065784893837268e-01
1.417797888386120309e-01
2.880373303167420018e-01
1.199095022624434015e-01
4.377828054298639193e-01
1.357466063348415075e-01
1.401384083044980577e-01
3.648567119155354255e-01
6.108597285067870336e-02
3.167420814479636193e-01
1.023965141612198509e-01
2.884615384615384359e-01
1.443850267379679086e-01
3.393665158371039769e-02
2.947845804988660084e-02
2.410106899902815791e-01
2.154195011337864951e-01
6.802721088435356722e-02
1.657965511786106960e-01
9.523809523809520505e-02
4.685374149659865539e-01
3.083028083028081512e-01
1.530612244897957552e-01
4.617604617604614270e-01
5.668934240362809990e-02
1.605442176870745807e-01
1.162131519274374053e-01
2.210884353741494890e-01
1.293502908409737140e-01
4.081632653061220001e-02
3.409090909090899818e-02
1.544421487603303556e-01
1.402698863636363258e-01
1.487603305785121510e-01
2.061310782241012329e-01
1.454545454545453920e-01
3.528074866310160207e-01
1.907670454545452865e-01
1.668278529980653235e-01
4.909090909090909616e-01
7.954545454545450256e-02
1.473684210526315652e-01
1.786157024793385562e-01
2.417355371900823113e-01
1.840909090909089163e-01
3.636363636363629942e-02
3.189066059225510036e-02
2.537792503623936824e-01
1.093394077448744950e-01
1.025056947608198321e-01
2.347506960263224807e-01
1.184510250569476009e-01
3.427790432801819387e-01
2.118451025056947157e-01
2.321391592462205000e-01
3.066970387243736496e-01
7.061503416856490523e-02
1.834080387978542503e-01
9.804892542339288530e-02
2.082655385616659915e-01
2.066143592339492185e-01
3.189066059225510036e-02
4.566210045662100203e-02
1.846778285134449693e-01
1.850837138508372171e-01
1.229763387297632404e-01
2.377542548775423981e-01
1.324200913242009059e-01
3.957382039573821286e-01
2.095383054287163760e-01
1.369863013698630061e-01
2.825342465753424293e-01
6.621004566210039743e-02
1.988475755599041772e-01
9.132420091324200406e-02
2.220620043258830223e-01
2.541511000415108690e-01
3.196347031963470142e-02
2.745995423340959890e-02
2.559660019614251603e-01
1.775743707093821455e-01
1.629290617848969391e-01
2.081339712918659490e-01
1.372997711670480014e-01
4.385964912280699846e-01
2.206603465184700519e-01
2.391304347826086751e-01
5.234172387490463318e-01
5.720823798626999829e-02
1.987233530049379304e-01
1.342486651411135823e-01
2.002288329519450183e-01
1.346423562412341901e-01
4.805491990846680328e-02
6.802721088435185678e-03
4.689754689754593170e-02
3.023431594860092123e-02
2.267573696145006729e-02
5.442176870748289402e-02
1.058201058201047873e-01
1.057513914656762061e-01
3.588681849551390163e-02
1.325658468515490858e-02
1.471655328798182616e-01
6.590136054421573408e-02
4.013605442176752802e-02
2.343159486016597667e-02
1.350237064522769870e-01
3.401360544217583298e-02
2.267573696145037954e-02
0.000000000000000000e+00
1.967930029154508487e-01
1.809523809523809756e-01
1.473922902494320120e-01
2.040816326530609515e-01
2.494331065759626542e-02
3.073822121441167621e-01
5.170068027210790451e-02
9.221466364323363529e-02
2.366522366522354481e-01
1.421768707482984617e-01
1.330309901738471468e-01
0.000000000000000000e+00
2.585034013605395226e-02
1.551020408163265030e-01
6.373075546007794800e-02
7.936507936507818106e-02
3.023431594860050836e-02
3.976975405546760711e-02
1.133786848072478731e-02
9.160997732426193196e-02
2.068027210884346156e-01
1.173802854475122642e-01
5.456349206349085657e-02
3.401360544217618687e-02
1.015873015873011015e-01
1.133786848072539273e-02
1.051182377712983340e-01
8.225108225108081206e-02
2.010582010582002976e-01
7.936507936507804228e-02
7.760141093474402785e-02
1.794340924775614590e-02
9.365079365079309603e-02
2.675736961451226359e-02
3.244374672945980059e-02
9.279609279609224437e-02
1.814058956916089482e-01
5.542957923910187684e-02
6.421356421356361199e-02
3.401360544217583298e-02
7.014361300075538930e-02
6.802721088435356722e-02
8.163265306122438614e-02
4.648526077097504122e-02
7.688154626930072955e-02
3.688586545729311689e-02
0.000000000000000000e+00
