2.467343976777930034e-02
7.204116638078900126e-02
7.740686985970000877e-02
5.805515239477500311e-02
9.288824383164000220e-02
2.709240445089501279e-02
1.203324976909882216e-01
6.890894175553730072e-02
2.545495143463197621e-02
1.027576197387517487e-01
6.748911465892597217e-02
5.137880986937558292e-02
2.499596839219453068e-02
1.209922153318376131e-01
1.088534107402029938e-01
5.079825834542799762e-02
7.778070985618106004e-02
1.427534729421516824e-01
1.158200290275758770e-01
1.161103047895500062e-01
4.354136429608099906e-02
1.451378809869300008e-03
7.869698435736172115e-02
6.618287373004352880e-02
1.967424608934009028e-02
1.947486475788358373e-01
1.240928882438314673e-01
1.064344460570874062e-01
3.445447087776844913e-02
9.927431059506527933e-02
2.068214804063855661e-01
4.758994729203255142e-02
8.708272859216249773e-02
8.708272859216199813e-02
5.939488668080814687e-02
5.805515239477500311e-02
9.968069666182839683e-02
1.075471698113202867e-01
1.126952958251513925e-01
1.117561683599418709e-01
9.433962264150899668e-02
1.544267053701014192e-01
1.015965166908559987e-02
6.116524984449489555e-02
5.264546773980721683e-02
1.378809869375905162e-01
7.982583454281549917e-02
5.676503789711334624e-02
4.019688269072999032e-02
8.563134978229283711e-02
0.000000000000000000e+00
9.344646645082002601e-02
1.527297086077924748e-01
3.628447024673400051e-02
9.756490888566340947e-02
8.220081804987441898e-02
1.306240928882435037e-01
6.173197871311066065e-02
1.378809869375905162e-01
5.805515239477480188e-02
7.934204160619251489e-02
4.305757135945803560e-02
4.131591678761477315e-02
8.708272859216199466e-03
3.338171262699560216e-02
1.200686106346483401e-01
1.019784584829270396e-01
9.330292349160258791e-02
1.509433962264148110e-01
8.563134978229293426e-02
1.165721071381447399e-01
1.033634126333057568e-01
9.981527906056174293e-02
1.955732946298982533e-01
1.323657474600870576e-01
4.724238026124804452e-02
1.596516690856309983e-01
2.249637155297529723e-01
9.443638122883399322e-02
2.031930333817124901e-01
3.226415094339620260e-01
1.814223512336715083e-01
1.161103047895500028e-02
1.210087082728590890e-01
1.153039832285110283e-01
2.020319303338171668e-01
3.445447087776844913e-02
1.571843251088532178e-01
1.168705508328148623e-01
2.206095791001450868e-01
1.158200290275761130e-01
2.600870827285921005e-01
1.306240928882435037e-01
1.278532787966746020e-01
7.438316400580538557e-02
2.612481857764875071e-01
2.373371924746743022e-01
2.604920405209840140e-01
2.706222865412445944e-01
2.315484804630968951e-01
6.521739130434779652e-02
2.782608695652171726e-01
1.244704570791525244e-01
2.068706387546964953e-01
2.504076086956521507e-01
3.333333333333329818e-02
3.260869565217390242e-01
2.173913043478259977e-01
2.485933503836314784e-01
3.477294685990335310e-01
7.101449275362310687e-02
2.376811594202896116e-01
1.311862587224904009e-01
2.608695652173911861e-01
2.063241106719366225e-01
4.057971014492749856e-02
2.467343976777930034e-02
7.204116638078900126e-02
7.740686985970000877e-02
5.805515239477500311e-02
9.288824383164000220e-02
2.709240445089501279e-02
1.203324976909882216e-01
6.890894175553730072e-02
2.545495143463197621e-02
1.027576197387517487e-01
6.748911465892597217e-02
5.137880986937558292e-02
2.499596839219453068e-02
1.209922153318376131e-01
1.088534107402029938e-01
5.079825834542799762e-02
7.778070985618106004e-02
1.427534729421516824e-01
1.158200290275758770e-01
1.161103047895500062e-01
4.354136429608099906e-02
1.451378809869300008e-03
7.869698435736172115e-02
6.618287373004352880e-02
1.967424608934009028e-02
1.947486475788358373e-01
1.240928882438314673e-01
1.064344460570874062e-01
3.445447087776844913e-02
9.927431059506527933e-02
2.068214804063855661e-01
4.758994729203255142e-02
8.708272859216249773e-02
8.708272859216199813e-02
5.939488668080814687e-02
5.805515239477500311e-02
9.968069666182839683e-02
1.075471698113202867e-01
1.126952958251513925e-01
1.117561683599418709e-01
9.433962264150899668e-02
1.544267053701014192e-01
1.015965166908559987e-02
6.116524984449489555e-02
5.264546773980721683e-02
1.378809869375905162e-01
7.982583454281549917e-02
5.676503789711334624e-02
4.019688269072999032e-02
8.563134978229283711e-02
0.000000000000000000e+00
9.344646645082002601e-02
1.527297086077924748e-01
3.628447024673400051e-02
9.756490888566340947e-02
8.220081804987441898e-02
1.306240928882435037e-01
6.173197871311066065e-02
1.378809869375905162e-01
5.805515239477480188e-02
7.934204160619251489e-02
4.305757135945803560e-02
4.131591678761477315e-02
8.708272859216199466e-03
6.521739130434779652e-02
2.782608695652171726e-01
1.244704570791525244e-01
2.068706387546964953e-01
2.504076086956521507e-01
3.333333333333329818e-02
3.260869565217390242e-01
2.173913043478259977e-01
2.485933503836314784e-01
3.477294685990335310e-01
7.101449275362310687e-02
2.376811594202896116e-01
1.311862587224904009e-01
2.608695652173911861e-01
2.063241106719366225e-01
4.057971014492749856e-02
5.950653120464440005e-02
1.799709724238023612e-01
3.410740203193030062e-01
1.306240928882438368e-01
1.016977756775912511e-01
6.966618287372999818e-02
3.261973875181423121e-01
2.593502288712735693e-01
1.777939042089984878e-01
4.137749043409418293e-01
5.805515239477500311e-02
1.798258345428154215e-01
2.529027576197385718e-01
1.197387518142234986e-01
1.914557960497254574e-01
5.660377358490559924e-02
6.104651162790689783e-02
1.588927061310780597e-01
1.722383720930232287e-01
2.140591966173360228e-01
1.757706868577608994e-01
7.267441860465109760e-02
2.878761969904237716e-01
1.865915697674418450e-01
3.343023255813949435e-01
3.282241014799150425e-01
7.848837209302320095e-02
1.713586291309668608e-01
2.104254756871035970e-01
2.735200845665959335e-01
2.049418604651160325e-01
4.505813953488369689e-02
5.531295487627359980e-02
2.347161572052400835e-01
1.615720524017466020e-01
1.905518062723299821e-01
2.228691573669739356e-01
6.113537117903929813e-02
2.766812227074233466e-01
1.615720524017466020e-01
2.888712452031226841e-01
2.132751091703055379e-01
8.296943231441039623e-02
2.050993097619381311e-01
2.107461553066260762e-01
1.871490954460385547e-01
1.873955469297535759e-01
4.803493449781649771e-02
6.705539358600580424e-02
1.726595400064787900e-01
3.102040816326528394e-01
1.727405247813408595e-01
2.355552610654649826e-01
6.705539358600580424e-02
2.842565597667636723e-01
2.054583738257206305e-01
2.011661807580173988e-01
2.405247813411076352e-01
6.997084548104949564e-02
1.842982090795500238e-01
1.574344023323611952e-01
1.847475832438237320e-01
2.669626292075270024e-01
5.393586005830899865e-02
5.255474452554739773e-02
2.056308654848797990e-01
3.115328467153284930e-01
1.922919708029193764e-01
2.713337757133374439e-01
7.007299270072990527e-02
2.372262773722625118e-01
2.477580813347234623e-01
3.051094890510946955e-01
3.481265206812649282e-01
7.737226277372259708e-02
2.362658470995004645e-01
1.440389294403890408e-01
2.798053527980533528e-01
1.395808806216151388e-01
5.255474452554739773e-02
2.467343976777936626e-02
7.204116638078850166e-02
7.740686985969934264e-02
5.805515239477432310e-02
9.288824383163937770e-02
2.709240445089459992e-02
1.203324976909875138e-01
6.890894175553642642e-02
2.545495143463101517e-02
1.027576197387516516e-01
6.748911465892445949e-02
5.137880986937512495e-02
2.499596839219462782e-02
1.209922153318366694e-01
1.088534107402028828e-01
5.079825834542747720e-02
7.778070985618140698e-02
1.427534729421511828e-01
1.158200290275758076e-01
1.161103047895489099e-01
4.354136429608122111e-02
1.451378809869154074e-03
7.869698435736141584e-02
6.618287373004311247e-02
1.967424608934006947e-02
1.947486475788351434e-01
1.240928882438298436e-01
1.064344460570869622e-01
3.445447087776770667e-02
9.927431059506466871e-02
2.068214804063856493e-01
4.758994729203225305e-02
8.708272859216177608e-02
8.708272859216088790e-02
5.939488668080650235e-02
5.805515239477360145e-02
9.968069666182802213e-02
1.075471698113201480e-01
1.126952958251499076e-01
1.117561683599409550e-01
9.433962264150941301e-02
1.544267053701005865e-01
1.015965166908560854e-02
6.116524984449443758e-02
5.264546773980704336e-02
1.378809869375899888e-01
7.982583454281472202e-02
5.676503789711252052e-02
4.019688269073000420e-02
8.563134978229187955e-02
0.000000000000000000e+00
9.344646645081913783e-02
1.527297086077916699e-01
3.628447024673350091e-02
9.756490888566327069e-02
8.220081804987394714e-02
1.306240928882431707e-01
6.173197871311049412e-02
1.378809869375890451e-01
5.805515239477444800e-02
7.934204160619226509e-02
4.305757135945775110e-02
4.131591678761417641e-02
8.708272859216228956e-03
