7.272727272727199863e-03
9.024793388429747099e-02
4.848484848484799908e-02
7.272727272727250170e-02
5.818181818181800136e-02
8.484848484848450667e-02
1.695867768595040459e-01
4.316205533596835509e-02
2.125874125874105403e-02
6.436363636363631735e-02
0.000000000000000000e+00
4.290909090909048040e-02
0.000000000000000000e+00
8.661157024793361692e-02
2.363636363636359983e-01
9.090909090909050916e-02
6.495867768595035840e-02
4.207792207792165895e-02
4.145454545454505674e-02
1.454545454545450034e-01
5.454545454545449423e-02
1.818181818181810114e-02
1.971717171717166928e-01
8.290909090909068246e-02
9.858585858585834638e-02
1.355371900826440601e-01
2.280000000000000915e-01
5.333333333333330206e-02
1.438735177865598652e-02
0.000000000000000000e+00
2.901818181818182074e-01
0.000000000000000000e+00
1.636363636363635243e-01
1.454545454545453365e-01
4.251748251748210805e-02
9.090909090909050916e-02
7.345454545454514761e-02
1.658181818181813649e-01
9.411764705882315341e-02
6.999999999999978462e-02
1.272727272727270098e-01
1.221818181818181276e-01
1.454545454545450034e-02
6.129870129870112344e-02
9.421487603305746250e-02
1.151515151515146856e-01
5.454545454545449423e-02
3.555555555555520858e-02
0.000000000000000000e+00
1.501818181818178610e-01
0.000000000000000000e+00
1.040559440559437610e-01
6.377622377622374494e-02
3.636363636363600105e-02
2.222222222222200450e-02
5.884297520661140729e-02
1.818181818181814902e-01
1.124848484848481461e-01
1.090909090909089885e-01
8.727272727272719632e-02
1.242424242424237241e-01
1.541125541125526292e-02
1.478787878787863816e-02
3.636363636363599931e-03
1.090909090909089954e-02
1.203305785123963551e-01
3.406698564593267642e-02
1.402597402597401677e-01
1.454545454545451977e-01
1.379220779220778625e-01
1.130578512396693408e-01
7.193675889328032813e-02
7.355371900826415676e-02
1.224999999999997341e-01
8.290909090909068246e-02
3.381818181818171259e-02
1.636363636363635243e-01
3.818181818181815013e-01
5.915151515151496203e-02
9.090909090909050916e-02
3.316363636363632850e-01
1.636363636363635243e-01
3.272727272727270209e-02
2.504545454545451522e-01
1.111111111111106470e-01
1.533884297520659024e-01
1.438735177865598652e-02
4.145454545454505674e-02
1.541125541125538956e-01
2.533333333333334103e-01
1.347272727272725290e-01
2.850909090909091170e-01
1.636363636363635243e-01
2.261157024793387094e-01
6.212121212121184816e-02
2.363636363636359983e-01
2.274368231046930977e-01
2.635379061371840859e-01
2.924187725631768875e-01
2.166064981949457902e-01
5.072463768115940269e-02
3.043478260869563745e-01
6.438127090301001831e-02
2.775093934514222815e-01
1.647418478260869179e-01
7.246376811594200384e-02
3.749999999999998335e-01
1.630434782608695121e-01
3.797953964194372145e-01
3.135265700483090834e-01
7.608695652173909363e-02
2.173913043478259977e-01
1.387546967257111408e-01
1.358695652173912971e-01
2.756916996047429902e-01
2.898550724637680154e-02
7.272727272727199863e-03
9.024793388429747099e-02
4.848484848484799908e-02
7.272727272727250170e-02
5.818181818181800136e-02
8.484848484848450667e-02
1.695867768595040459e-01
4.316205533596835509e-02
2.125874125874105403e-02
6.436363636363631735e-02
0.000000000000000000e+00
4.290909090909048040e-02
0.000000000000000000e+00
8.661157024793361692e-02
2.363636363636359983e-01
9.090909090909050916e-02
6.495867768595035840e-02
4.207792207792165895e-02
4.145454545454505674e-02
1.454545454545450034e-01
5.454545454545449423e-02
1.818181818181810114e-02
1.971717171717166928e-01
8.290909090909068246e-02
9.858585858585834638e-02
1.355371900826440601e-01
2.280000000000000915e-01
5.333333333333330206e-02
1.438735177865598652e-02
0.000000000000000000e+00
2.901818181818182074e-01
0.000000000000000000e+00
1.636363636363635243e-01
1.454545454545453365e-01
4.251748251748210805e-02
9.090909090909050916e-02
7.345454545454514761e-02
1.658181818181813649e-01
9.411764705882315341e-02
6.999999999999978462e-02
1.272727272727270098e-01
1.221818181818181276e-01
1.454545454545450034e-02
6.129870129870112344e-02
9.421487603305746250e-02
1.151515151515146856e-01
5.454545454545449423e-02
3.555555555555520858e-02
0.000000000000000000e+00
1.501818181818178610e-01
0.000000000000000000e+00
1.040559440559437610e-01
6.377622377622374494e-02
3.636363636363600105e-02
2.222222222222200450e-02
5.884297520661140729e-02
1.818181818181814902e-01
1.124848484848481461e-01
1.090909090909089885e-01
8.727272727272719632e-02
1.242424242424237241e-01
1.541125541125526292e-02
1.478787878787863816e-02
3.636363636363599931e-03
5.072463768115940269e-02
3.043478260869563745e-01
6.438127090301001831e-02
2.775093934514222815e-01
1.647418478260869179e-01
7.246376811594200384e-02
3.749999999999998335e-01
1.630434782608695121e-01
3.797953964194372145e-01
3.135265700483090834e-01
7.608695652173909363e-02
2.173913043478259977e-01
1.387546967257111408e-01
1.358695652173912971e-01
2.756916996047429902e-01
2.898550724637680154e-02
2.545454545454539988e-02
1.932467532467531113e-01
4.363636363636359539e-01
1.388429752066115686e-01
1.218604651162790709e-01
4.363636363636359816e-02
4.613636363636362536e-01
2.118881118881117687e-01
2.363636363636362481e-01
4.628099173553719137e-01
5.090909090909089690e-02
1.609090909090907795e-01
2.236363636363634944e-01
1.636363636363635243e-01
1.037154150197625163e-01
5.454545454545450117e-02
6.934306569343060000e-02
1.725282017252819933e-01
1.892107664233575459e-01
8.958195089581952320e-02
1.434391444576471053e-01
7.299270072992700142e-02
3.711893516530697101e-01
1.892107664233575459e-01
3.036185743127812753e-01
3.583278035832780373e-01
9.124087591240870321e-02
1.936227429888589535e-01
1.962508294625081029e-01
2.538155275381551168e-01
1.642335766423356214e-01
5.109489051094889822e-02
3.663003663003659705e-02
2.577422577422577854e-01
1.538461538461535771e-01
1.948051948051947868e-01
2.264957264957264682e-01
6.593406593406589411e-02
3.191208791208787754e-01
1.318681318681316772e-01
3.732933732933733095e-01
2.610989010989009929e-01
7.326007326007319409e-02
2.119815668202763848e-01
1.720019111323457250e-01
1.360544217687074398e-01
2.465065798399130870e-01
4.029304029304019846e-02
2.573529411764699862e-02
2.017973856209148154e-01
4.284313725490194735e-01
1.584224598930480399e-01
2.904411764705880916e-01
6.617647058823529493e-02
3.186274509803919130e-01
1.566584967320260591e-01
1.875000000000000000e-01
2.653952205882350035e-01
8.088235294117640528e-02
1.962535014005599987e-01
2.205882352941176128e-01
1.625386996904024384e-01
1.848262032085561390e-01
5.514705882352940319e-02
6.642066420664199944e-02
2.140221402214019519e-01
2.577121771217710244e-01
1.445018450184500092e-01
2.042938611204291877e-01
5.904059040590400181e-02
3.536285362853625602e-01
2.846599894570372435e-01
2.804428044280440901e-01
3.052890528905286560e-01
8.118081180811799469e-02
3.350165080598171974e-01
1.279212792127920051e-01
3.843788437884375075e-01
1.447446732531840197e-01
1.845018450184500100e-02
7.272727272727248435e-03
9.024793388429665220e-02
4.848484848484665988e-02
7.272727272727237680e-02
5.818181818181761278e-02
8.484848484848413197e-02
1.695867768595027969e-01
4.316205533596766813e-02
2.125874125874045728e-02
6.436363636363530427e-02
0.000000000000000000e+00
4.290909090909017509e-02
0.000000000000000000e+00
8.661157024793297854e-02
2.363636363636356652e-01
9.090909090909032875e-02
6.495867768594902614e-02
4.207792207792145772e-02
4.145454545454536205e-02
1.454545454545450867e-01
5.454545454545432076e-02
1.818181818181815665e-02
1.971717171717169981e-01
8.290909090909100165e-02
9.858585858585831863e-02
1.355371900826443654e-01
2.280000000000001470e-01
5.333333333333271919e-02
1.438735177865521804e-02
0.000000000000000000e+00
2.901818181818178188e-01
0.000000000000000000e+00
1.636363636363635243e-01
1.454545454545449201e-01
4.251748251748110885e-02
9.090909090908996792e-02
7.345454545454459250e-02
1.658181818181816702e-01
9.411764705882309789e-02
6.999999999999965972e-02
1.272727272727263437e-01
1.221818181818168231e-01
1.454545454545450728e-02
6.129870129870054751e-02
9.421487603305693515e-02
1.151515151515150742e-01
5.454545454545300237e-02
3.555555555555555552e-02
0.000000000000000000e+00
1.501818181818178333e-01
0.000000000000000000e+00
1.040559440559434695e-01
6.377622377622278738e-02
3.636363636363636187e-02
2.222222222222082141e-02
5.884297520661088687e-02
1.818181818181814347e-01
1.124848484848479102e-01
1.090909090909076978e-01
8.727272727272726571e-02
1.242424242424235020e-01
1.541125541125521956e-02
1.478787878787880122e-02
3.636363636363545721e-03
