1.098901098901089966e-02
3.030303030303020326e-02
7.326007326007266673e-02
1.831501831501800015e-02
1.465201465201440047e-02
5.128205128205088476e-02
5.694305694305649979e-02
1.449275362318816138e-02
2.141448295294413190e-02
1.080586080586079661e-01
2.129120879120843454e-02
4.322344322344306988e-02
0.000000000000000000e+00
4.362304362304347122e-02
1.282051282051279995e-01
3.663003663003649990e-02
6.543456543456491192e-02
4.238618524332795484e-02
1.043956043956043439e-01
9.157509157509149955e-02
7.326007326007299980e-02
1.098901098901089966e-02
1.986161986161987247e-01
6.263736263736215115e-02
7.448107448107392503e-02
1.911421911421908870e-01
2.087912087912086878e-01
7.163207163207140071e-02
2.898550724637671827e-02
2.087912087912052739e-02
3.549450549450546832e-01
3.431656063234998777e-02
5.494505494505450005e-02
7.326007326007266673e-02
0.000000000000000000e+00
3.663003663003649990e-02
1.035897435897434465e-01
2.087912087912086878e-01
2.275371687136390764e-01
2.467948717948713899e-01
1.831501831501800015e-02
3.692307692307691402e-01
2.564102564102559850e-02
7.718472004186284485e-02
3.796203796203784231e-02
9.279609279609250805e-02
1.098901098901094997e-01
5.372405372405330420e-02
0.000000000000000000e+00
2.161172161172124351e-02
2.161172161172124351e-02
7.861369399830876736e-02
6.424344885883297163e-02
3.663003663003649990e-02
2.238502238502200481e-02
5.927405927405908492e-02
5.494505494505450005e-02
1.982905982905979747e-01
2.197802197802194990e-01
5.860805860805839984e-02
2.503052503052460506e-02
4.657247514390335658e-02
4.468864468864432171e-02
1.831501831501829852e-02
2.930402930402930053e-02
7.575757575757571805e-02
8.579140158087519841e-02
4.709576138147529567e-02
7.326007326007319409e-02
1.234955520669806517e-01
6.643356643356633506e-02
4.347826086956487618e-02
7.409257409257405391e-02
3.349358974358974672e-01
8.351648351648324753e-02
2.554945054945034419e-02
7.326007326007299980e-02
2.197802197802194990e-01
8.937728937728905976e-02
1.465201465201464992e-01
4.593406593406589855e-01
2.930402930402929984e-01
3.663003663003659705e-02
2.390109890109889113e-01
8.954008954008924048e-02
2.935730935730936908e-01
4.347826086956487618e-02
2.087912087912052739e-02
9.314495028780714336e-02
1.623931623931621770e-01
2.192307692307691736e-01
5.743589743589743168e-01
5.494505494505450005e-02
5.694305694305649979e-02
1.251526251526230080e-02
1.098901098901094997e-01
1.345454545454544959e-01
2.909090909090908950e-01
3.563636363636363824e-01
2.181818181818180880e-01
3.284671532846709929e-02
1.167883211678831940e-01
9.727681078046027108e-02
1.397675047310081575e-01
1.659443430656933061e-01
6.569343065693429573e-02
3.941605839416058021e-01
2.408759124087590797e-01
1.391155002146844122e-01
6.316301703163016423e-01
1.131386861313868064e-01
2.189781021897808100e-01
6.353068396863997824e-02
1.368613138686131658e-01
2.956204379562042406e-01
4.379562043795619947e-02
1.098901098901089966e-02
3.030303030303020326e-02
7.326007326007266673e-02
1.831501831501800015e-02
1.465201465201440047e-02
5.128205128205088476e-02
5.694305694305649979e-02
1.449275362318816138e-02
2.141448295294413190e-02
1.080586080586079661e-01
2.129120879120843454e-02
4.322344322344306988e-02
0.000000000000000000e+00
4.362304362304347122e-02
1.282051282051279995e-01
3.663003663003649990e-02
6.543456543456491192e-02
4.238618524332795484e-02
1.043956043956043439e-01
9.157509157509149955e-02
7.326007326007299980e-02
1.098901098901089966e-02
1.986161986161987247e-01
6.263736263736215115e-02
7.448107448107392503e-02
1.911421911421908870e-01
2.087912087912086878e-01
7.163207163207140071e-02
2.898550724637671827e-02
2.087912087912052739e-02
3.549450549450546832e-01
3.431656063234998777e-02
5.494505494505450005e-02
7.326007326007266673e-02
0.000000000000000000e+00
3.663003663003649990e-02
1.035897435897434465e-01
2.087912087912086878e-01
2.275371687136390764e-01
2.467948717948713899e-01
1.831501831501800015e-02
3.692307692307691402e-01
2.564102564102559850e-02
7.718472004186284485e-02
3.796203796203784231e-02
9.279609279609250805e-02
1.098901098901094997e-01
5.372405372405330420e-02
0.000000000000000000e+00
2.161172161172124351e-02
2.161172161172124351e-02
7.861369399830876736e-02
6.424344885883297163e-02
3.663003663003649990e-02
2.238502238502200481e-02
5.927405927405908492e-02
5.494505494505450005e-02
1.982905982905979747e-01
2.197802197802194990e-01
5.860805860805839984e-02
2.503052503052460506e-02
4.657247514390335658e-02
4.468864468864432171e-02
1.831501831501829852e-02
3.284671532846709929e-02
1.167883211678831940e-01
9.727681078046027108e-02
1.397675047310081575e-01
1.659443430656933061e-01
6.569343065693429573e-02
3.941605839416058021e-01
2.408759124087590797e-01
1.391155002146844122e-01
6.316301703163016423e-01
1.131386861313868064e-01
2.189781021897808100e-01
6.353068396863997824e-02
1.368613138686131658e-01
2.956204379562042406e-01
4.379562043795619947e-02
1.831501831501829852e-02
1.297749869178438931e-01
2.564102564102559989e-01
5.994005994005974225e-02
1.339125990288779211e-01
4.761904761904760253e-02
5.311355311355311359e-01
1.992110453648912316e-01
1.190476190476190133e-01
6.526806526806526731e-01
9.157509157509149955e-02
2.593406593406593630e-01
8.760683760683747601e-02
1.831501831501829991e-01
2.220098741837869816e-01
5.860805860805860107e-02
2.573529411764699862e-02
8.689839572192498141e-02
1.361443014705882026e-01
1.052807486631013728e-01
7.780437756497930735e-02
1.250000000000000000e-01
4.723183391003457077e-01
1.179917279411764053e-01
2.878598247809762145e-01
3.609625668449193969e-01
1.470588235294116863e-01
2.275541795665632083e-01
1.064505347593580759e-01
2.707219251336899224e-01
1.764705882352941013e-01
6.985294117647050660e-02
2.214022140221399981e-02
9.736665548473659448e-02
1.549815498154979987e-01
1.207648440120763916e-01
1.412464124641245322e-01
9.594095940959410096e-02
3.507011070110697681e-01
1.660516605166049986e-01
2.968802415296877273e-01
3.653136531365310247e-01
1.180811808118081008e-01
2.228306154029280062e-01
4.331782448259261648e-02
2.003162888771742867e-01
2.699193658603250556e-01
4.797047970479700191e-02
2.222222222222219878e-02
1.283950617283949325e-01
2.064197530864196606e-01
1.063973063973063099e-01
1.329966329966328908e-01
8.518518518518509997e-02
4.172839506172840718e-01
2.306584362139915412e-01
8.888888888888879514e-02
3.310185185185185452e-01
1.296296296296295947e-01
2.809523809523810089e-01
1.777777777777775903e-01
1.964912280701752167e-01
3.058922558922556600e-01
2.222222222222219878e-02
3.717472118959100347e-02
1.078066914498138906e-01
1.153903345724904966e-01
1.455762081784383599e-01
8.820547482257502792e-02
8.921933085501849992e-02
5.421313506815362837e-01
1.864046733935210143e-01
2.472118959107807434e-01
5.065675340768277524e-01
1.263940520446096005e-01
2.934846409704557346e-01
4.956629491945466898e-02
3.097893432465921304e-01
1.640484470560018559e-01
5.947955390334570130e-02
1.098901098901084762e-02
3.030303030303000897e-02
7.326007326007216713e-02
1.831501831501815974e-02
1.465201465201450802e-02
5.128205128205094721e-02
5.694305694305629856e-02
1.449275362318799658e-02
2.141448295294417006e-02
1.080586080586074527e-01
2.129120879120775800e-02
4.322344322344168210e-02
0.000000000000000000e+00
4.362304362304240263e-02
1.282051282051278884e-01
3.663003663003561866e-02
6.543456543456481478e-02
4.238618524332687931e-02
1.043956043956038859e-01
9.157509157509147180e-02
7.326007326007233367e-02
1.098901098901094477e-02
1.986161986161983362e-01
6.263736263736253973e-02
7.448107448107368911e-02
1.911421911421904707e-01
2.087912087912086323e-01
7.163207163207165051e-02
2.898550724637599316e-02
2.087912087911989595e-02
3.549450549450541836e-01
3.431656063234966164e-02
5.494505494505412535e-02
7.326007326007241693e-02
0.000000000000000000e+00
3.663003663003528559e-02
1.035897435897431967e-01
2.087912087912076609e-01
2.275371687136381049e-01
2.467948717948711956e-01
1.831501831501741381e-02
3.692307692307680855e-01
2.564102564102564014e-02
7.718472004186155422e-02
3.796203796203658637e-02
9.279609279609286887e-02
1.098901098901085699e-01
5.372405372405344992e-02
0.000000000000000000e+00
2.161172161172102146e-02
2.161172161172084105e-02
7.861369399830908655e-02
6.424344885883320755e-02
3.663003663003611132e-02
2.238502238502109928e-02
5.927405927405855757e-02
5.494505494505439597e-02
1.982905982905977527e-01
2.197802197802188606e-01
5.860805860805753248e-02
2.503052503052435179e-02
4.657247514390364107e-02
4.468864468864450212e-02
1.831501831501822566e-02
