3.450747210685756183e-02
3.521070385846553075e-02
3.351655087711219450e-02
4.466384269901835236e-02
6.088634477317689253e-02
3.584721198328105762e-02
7.437226463376038765e-01
9.161766258577750399e-01
1.349600163552704402e-01
2.068842324714159631e-02
5.036006303459661382e-02
8.336657939178131471e-01
4.642924882404200204e-01
4.693061236982987161e-02
7.763166196666371199e-02
4.782069437616032204e-02
4.665589226250563826e-01
6.720918044412216297e-02
9.668216457063043556e-01
1.227064184589838902e-01
9.223326642202924752e-01
8.725392444231543365e-01
9.749694164285171993e-02
3.079838675373203216e-03
9.178188831486782107e-01
2.043879636890717499e-01
8.706778817910405532e-01
3.488063660477455641e-02
3.296503156872265805e-02
3.043186395166705416e-02
3.825757575757574025e-02
7.446808510638300294e-02
3.535280074997682043e-02
4.458874458874455549e-01
5.560538116591926538e-01
2.259615384615385469e-01
9.999999999999997780e-02
5.551401869158880675e-01
3.340456641547633332e-01
2.843232716650438974e-01
1.289228159457165290e-01
1.447963800904977782e-01
1.604477611940298143e-01
1.415662650602409478e-01
2.307692307692308376e-01
0.000000000000000000e+00
3.808630393996248475e-01
1.000000000000000222e+00
4.827586206896552490e-01
1.183448275862071242e-01
1.214285714285712192e-01
2.735990410548396756e-01
5.128205128205129970e-01
0.000000000000000000e+00
3.800000000000001155e-01
4.678899082568808154e-01
7.222222222222223209e-01
5.714285714285711748e-01
1.000000000000000000e+00
4.576249129252962788e-01
0.000000000000000000e+00
0.000000000000000000e+00
0.000000000000000000e+00
0.000000000000000000e+00
0.000000000000000000e+00
0.000000000000000000e+00
0.000000000000000000e+00
0.000000000000000000e+00
0.000000000000000000e+00
0.000000000000000000e+00
8.628762541806019870e-01
0.000000000000000000e+00
0.000000000000000000e+00
0.000000000000000000e+00
0.000000000000000000e+00
0.000000000000000000e+00
0.000000000000000000e+00
0.000000000000000000e+00
0.000000000000000000e+00
0.000000000000000000e+00
8.731501057082452499e-01
2.914850169193000662e-02
3.008240549224883154e-02
3.038721158194612748e-02
4.230751422298817399e-02
6.747944582156228943e-02
3.119715313710902382e-02
8.264103666006059612e-01
8.917292386592488018e-01
6.585040719602699433e-01
2.152292073070247724e-01
6.788233236902518897e-01
8.321485277355671339e-01
6.947653647310638725e-01
6.289736933051068846e-01
2.346024823743144694e-01
3.533806955199541022e-01
7.701977993132427258e-01
6.807703813549799143e-01
9.157207836581593430e-01
5.939451565052462634e-01
8.268641292087346439e-01
8.712924468086349350e-01
7.809578225825752895e-01
7.566038839748689959e-01
9.558366611711432981e-01
6.861467018229427950e-01
9.330604125658954473e-01
1.231290932022768847e-02
1.290575589822204328e-02
1.260700700872283142e-02
2.049148599770707346e-02
3.901674985771250159e-02
1.344250480420060290e-02
8.001739610096798572e-01
8.695106349224644982e-01
6.258634293675233717e-01
2.042019702352035893e-01
6.479944664753083394e-01
7.992820927575223777e-01
6.556908324895124318e-01
6.074201679801425335e-01
2.238006810578596628e-01
3.422438073263371905e-01
7.398358397160078592e-01
6.514933072476778442e-01
8.949212423037608000e-01
5.651018012277915226e-01
7.852453593033497103e-01
8.429262242195389998e-01
7.478623330298707073e-01
7.252236217675569474e-01
9.496390540895904842e-01
6.445977773728381877e-01
9.122853029682137516e-01
6.507791017415215373e-02
6.882120437107647204e-02
7.156308851224107981e-02
8.041958041958041647e-02
1.428571428571428492e-01
7.052615967656838958e-02
7.590361445783138095e-01
9.233316352521651060e-01
9.437257510562391261e-02
5.347558727664125655e-03
4.953482524515973040e-02
7.702702702702719506e-01
4.958481613285883327e-01
9.065889590416054133e-02
8.324084350721427938e-02
4.548229548229576480e-02
3.489259816112895152e-01
4.870940133938539418e-02
9.628303964757711775e-01
1.414725069897486698e-01
9.095744680851065578e-01
8.550724637681161866e-01
1.300087108013938675e-01
9.856329228155491506e-03
7.846153846153836042e-01
1.620026072639459969e-01
7.433186026936027258e-01
