1.388449655261947413e-02
1.311533144772741855e-02
1.162210082641068620e-02
1.273133878583448952e-02
4.525879336741678305e-02
1.343014238442147290e-02
1.650006430802992696e-01
9.907977759798365369e-01
1.422888174301464304e-01
9.541498614479237972e-02
2.892877962216595655e-01
5.640735408759116609e-01
4.041825241655638834e-01
1.609422431386462460e-01
1.764308317771574597e-01
1.113514407347744317e-01
7.997101849555594555e-01
2.612052206438348900e-01
6.733064178694170288e-01
8.972868811576839576e-02
8.405084656094565787e-01
8.917060380145844789e-01
2.575074451401087039e-01
1.662090318357032359e-01
7.265302106778737112e-01
3.964298307969746915e-01
9.210848882651792024e-01
1.618037135278513339e-02
1.918406993686255779e-02
2.685164466323564092e-02
1.287878787878787845e-02
1.063829787234041313e-02
2.037717569683630825e-02
2.492668621700877551e-01
3.691291007788526368e-01
1.871101871101872316e-01
2.500000000000000000e-01
2.385822606242284927e-01
3.544002893907292062e-01
1.588347494364485968e-01
0.000000000000000000e+00
3.000000000000000444e-01
6.114072494669506863e-01
3.470656820831713452e-01
1.488833746898263755e-01
5.597022860180755899e-01
3.414634146341466447e-01
3.088235294117647189e-01
5.637657361795289646e-01
1.896551724137931494e-01
5.457386363636362869e-01
7.207593386405388713e-01
3.968253968253969699e-01
0.000000000000000000e+00
4.000000000000001332e-01
4.128440366972476738e-01
7.222222222222223209e-01
4.285714285714288252e-01
1.000000000000000000e+00
6.286008603867165867e-01
0.000000000000000000e+00
0.000000000000000000e+00
0.000000000000000000e+00
0.000000000000000000e+00
0.000000000000000000e+00
0.000000000000000000e+00
0.000000000000000000e+00
0.000000000000000000e+00
0.000000000000000000e+00
0.000000000000000000e+00
8.514851485148514643e-01
0.000000000000000000e+00
0.000000000000000000e+00
0.000000000000000000e+00
0.000000000000000000e+00
0.000000000000000000e+00
0.000000000000000000e+00
0.000000000000000000e+00
0.000000000000000000e+00
0.000000000000000000e+00
9.017467248908296318e-01
7.269010457438440653e-03
6.460312380019372913e-03
7.132166502382686346e-03
6.753547938608717160e-03
4.795545075323504047e-02
7.065409351538987082e-03
7.248432918695697502e-01
1.000000000000000222e+00
7.622305925877079780e-01
4.317338196598781153e-01
7.998322730428437666e-01
8.129776476366681326e-01
7.390070638316608154e-01
6.991870235469841433e-01
4.925798015820683773e-01
6.054833537960835343e-01
8.860074273627347452e-01
7.260249476312901074e-01
8.480678592338672939e-01
7.023028734577692056e-01
8.063542031274046895e-01
9.216780405017526157e-01
8.508256636090858471e-01
7.757264722928285394e-01
9.096246151920781564e-01
7.722821781196382851e-01
8.987141093222859034e-01
2.975957618592095510e-03
2.681722163828614836e-03
2.858895034999420215e-03
3.141769448990472391e-03
2.730443767536694377e-02
2.944247483627510098e-03
6.883671393627948110e-01
9.999999999999998890e-01
7.359244568607996584e-01
4.157164737538798782e-01
7.771936685457663252e-01
7.772010765008952049e-01
7.034685584685357318e-01
6.797615750031766879e-01
4.775441974585872273e-01
5.938410235918976099e-01
8.686818682358814492e-01
6.992279336218834018e-01
8.133422031278466635e-01
6.772986237626472672e-01
7.609598364398808545e-01
9.034182282516900475e-01
8.262701977490712890e-01
7.460808217642014295e-01
8.975550723797334207e-01
7.383517653528191005e-01
8.684365377204127379e-01
5.224564619615029715e-02
5.347593582887699704e-02
5.649717514124297235e-02
5.594405594405593707e-02
1.428571428571428492e-01
5.532488341038455104e-02
1.304347826086953432e-01
9.609141669912998340e-01
1.100743586137635788e-01
8.606227327334403654e-02
2.744497074393983382e-01
4.480519480519484787e-01
4.680851063829782888e-01
2.086593635889408827e-01
1.831298557158713702e-01
1.135772576450548854e-01
6.126335023290527815e-01
2.345267471896330669e-01
6.675124072938158903e-01
1.279199110122357652e-01
8.265306122448980997e-01
8.194444444444446418e-01
3.024316109422491294e-01
1.680763510485459022e-01
4.927536231884053208e-01
3.121580850851208844e-01
7.943672839506172867e-01
