3.289968311100111009e-02
3.349549671487533908e-02
3.220340954842626502e-02
4.216961396387225447e-02
6.297800653136609306e-02
3.424730821207983000e-02
6.530413831027210847e-01
9.668568804221671087e-01
1.633183148247816519e-01
4.434888572170980758e-02
3.727847367277092872e-02
7.740830410933581263e-01
7.274740561028743002e-01
7.026528741216697682e-02
6.258034846177373822e-02
3.339280738470051801e-02
4.167518766249447282e-01
8.003228464272993392e-02
9.281048495546166954e-01
1.496047772024939881e-01
8.993090145020765647e-01
8.402390299055166878e-01
1.568576139445618800e-01
8.725479946419500976e-02
9.419104065389962699e-01
1.602264305045379977e-01
8.742065795832338893e-01
8.633952254641910629e-02
7.266877124817872069e-02
6.936674871335868353e-02
7.992424242424242542e-02
1.489361702127659781e-01
7.754997742728930721e-02
7.246376811594190670e-02
4.573991031390132189e-01
1.785714285714286031e-01
8.000000000000007105e-02
4.417782268249559330e-01
4.326686697623600697e-01
1.729957805907171853e-01
2.127226463104325838e-01
5.294117647058826925e-02
2.336394948335245303e-01
5.050472158905895403e-01
4.273504273504280526e-02
2.917678812415651635e-01
3.414634146341466447e-01
7.753676470588233283e-01
5.747126436781613279e-02
8.944667201283078573e-01
2.119480519480518854e-01
2.735990410548396756e-01
1.000000000000000222e+00
0.000000000000000000e+00
4.000000000000001332e-01
4.311926605504585730e-01
6.666666666666665186e-01
1.428571428571432378e-01
1.000000000000000000e+00
5.848002800675469182e-01
0.000000000000000000e+00
0.000000000000000000e+00
0.000000000000000000e+00
0.000000000000000000e+00
0.000000000000000000e+00
0.000000000000000000e+00
0.000000000000000000e+00
0.000000000000000000e+00
0.000000000000000000e+00
0.000000000000000000e+00
7.701492537313432418e-01
0.000000000000000000e+00
0.000000000000000000e+00
0.000000000000000000e+00
0.000000000000000000e+00
0.000000000000000000e+00
0.000000000000000000e+00
0.000000000000000000e+00
0.000000000000000000e+00
0.000000000000000000e+00
7.676579925650557357e-01
3.154240799218283042e-02
3.253747791967176450e-02
3.283085114040362740e-02
4.531143197316395144e-02
8.072557602427210544e-02
3.380523193667384074e-02
7.552275513565640530e-01
9.430309559446043988e-01
7.066289905944334038e-01
1.365718846636001516e-01
6.695055611633380366e-01
7.924971733168895138e-01
7.937808113197415416e-01
6.406874709867533824e-01
2.513351250291711025e-01
2.814336144935793982e-01
7.820115584996862879e-01
6.557940610661452396e-01
8.845136570565996781e-01
5.840656265177339712e-01
8.523831819626674910e-01
8.632099219103497312e-01
8.046430746552140079e-01
7.350931007639300852e-01
9.132799908406270539e-01
7.528101472079677947e-01
9.200046010130054075e-01
1.336906539160191698e-02
1.400604106730013454e-02
1.366923456780703983e-02
2.201970947009200541e-02
4.715935550975558499e-02
1.461808926115015783e-02
7.214191098541269387e-01
9.306675694184886050e-01
6.765389099355521019e-01
1.288733128926904392e-01
6.382177619544260327e-01
7.538027539912197650e-01
7.636194120340361602e-01
6.194256860199600645e-01
2.400158874019506783e-01
2.715772844435013766e-01
7.527686894233647230e-01
6.253845330713101447e-01
8.569837103681970936e-01
5.550119431234317169e-01
8.158035994648848988e-01
8.333420318442745778e-01
7.742310333672554057e-01
7.019105342249609691e-01
9.016520794478490863e-01
7.169070254224132466e-01
8.955249322775019616e-01
6.507791017415215373e-02
6.835619623343408557e-02
6.967984934086629556e-02
8.041958041958041647e-02
1.428571428571428492e-01
6.972326752719448795e-02
6.428571428571423496e-01
9.609141669912998340e-01
1.100743586137635788e-01
3.855589842645801291e-02
0.000000000000000000e+00
7.258064516129039134e-01
8.148148148148139924e-01
1.045111247193304393e-01
8.462052599628422378e-02
4.548229548229576480e-02
2.652093083675550744e-01
5.993326786725261535e-02
9.333359323223269222e-01
2.114942528735634930e-01
8.822705647636583937e-01
8.438215102974826465e-01
2.220982142857139685e-01
7.074099585271076407e-02
9.444444444444428655e-01
7.870881390653972076e-02
7.433186026936027258e-01
