3.535706105520691755e-02
3.602036572111272372e-02
3.476293983312933600e-02
4.514381869160793981e-02
6.133033436426149621e-02
3.674979934618322064e-02
6.151799735381935363e-01
9.375166774077103859e-01
1.591007237087174175e-01
3.751763765363258507e-02
5.431183925138194368e-02
8.105560068115442718e-01
7.817154444802172364e-01
6.460335727346144807e-02
6.393341789459894287e-02
3.472477147701980016e-02
3.588536273127669318e-01
9.071062498314907963e-02
9.250477486852437536e-01
1.537816883096008169e-01
8.981584601914298638e-01
9.121102472431665831e-01
1.431461355554861647e-01
9.019332772127608422e-02
8.579363833727668975e-01
1.689585301527354311e-01
8.641681415081383655e-01
8.726790450928381682e-02
7.588635259834869418e-02
6.891922130230476728e-02
6.590909090909088941e-02
3.191489361702129490e-02
7.903825453184643024e-02
1.834130781499201390e-01
2.528710488898608943e-01
2.259615384615385469e-01
3.066666666666666430e-01
4.874886946035574820e-01
3.426038588562489995e-01
1.450564488539172192e-01
5.060220525869381092e-01
1.540106951871658136e-01
3.451492537313427533e-02
4.501081248069199736e-01
2.820512820512821595e-01
3.085455574419917468e-01
4.345898004434591844e-01
7.077953132472500908e-01
3.067776456599289325e-01
4.443349753694583182e-01
2.258741258741259195e-01
2.735990410548396756e-01
5.853174603174604584e-01
0.000000000000000000e+00
3.000000000000000444e-01
3.302752293577981835e-01
7.222222222222223209e-01
5.714285714285711748e-01
1.000000000000000000e+00
4.695796060930530480e-01
0.000000000000000000e+00
0.000000000000000000e+00
0.000000000000000000e+00
0.000000000000000000e+00
0.000000000000000000e+00
0.000000000000000000e+00
0.000000000000000000e+00
0.000000000000000000e+00
0.000000000000000000e+00
0.000000000000000000e+00
7.288135593220338437e-01
0.000000000000000000e+00
0.000000000000000000e+00
0.000000000000000000e+00
0.000000000000000000e+00
0.000000000000000000e+00
0.000000000000000000e+00
0.000000000000000000e+00
0.000000000000000000e+00
0.000000000000000000e+00
7.676579925650557357e-01
3.120566692155191113e-02
3.221629175618601071e-02
3.233028460235187751e-02
4.389349041962564701e-02
6.517659609803616583e-02
3.310363813543670819e-02
7.858683682855289732e-01
8.887025198187921138e-01
6.728086482144282066e-01
1.641472641287862189e-01
6.958642780274484352e-01
8.111301346885710917e-01
7.789166928157933434e-01
6.777678369979067696e-01
1.732732334713986688e-01
2.808360305923685019e-01
7.677879317729034980e-01
6.415497551500903839e-01
9.158385487024827132e-01
6.444052015724390792e-01
8.181078055239507929e-01
9.156483214510768853e-01
7.392040508580439706e-01
7.755994473663818667e-01
9.251934452035404099e-01
7.411490321266422932e-01
9.039730257046771911e-01
1.322008808828180337e-02
1.386169219419151888e-02
1.345105596790908964e-02
2.129713015478970628e-02
3.761734794348445265e-02
1.430106201138793554e-02
7.550921376002091012e-01
8.659403159166828567e-01
6.408559095872508049e-01
1.551897790994880566e-01
6.659382797600639226e-01
7.750822486286679247e-01
7.471867872371930064e-01
6.575966724732769109e-01
1.646559573144226185e-01
2.709924495952700241e-01
7.372035709018522898e-01
6.105696373028630664e-01
8.950653998061576244e-01
6.170002413517359230e-01
7.748471962810326019e-01
8.961114078489242907e-01
7.019066419691234460e-01
7.459418632310503838e-01
9.150321128360583423e-01
7.041345695612639677e-01
8.750995381219018876e-01
6.691109074243811738e-02
6.928621250871891402e-02
7.156308851224107981e-02
8.041958041958041647e-02
1.428571428571428492e-01
6.976739615927612936e-02
6.428571428571423496e-01
9.609141669912998340e-01
1.100743586137635788e-01
3.288349545966573473e-02
4.953482524515973040e-02
8.265306122448983217e-01
9.063670411985009778e-01
1.091822251337482008e-01
9.433962264150963506e-02
4.548229548229576480e-02
2.652093083675550744e-01
6.560188732577176829e-02
9.351650463783545142e-01
2.114942528735634930e-01
8.944099378881988915e-01
8.677894369158680732e-01
1.703767123287667218e-01
8.644691303930018833e-02
7.846153846153836042e-01
1.059445622107078044e-01
7.433186026936027258e-01
