2.217125011966619708e-02
2.141927453160802353e-02
1.982397552358017290e-02
2.277431044830652285e-02
5.365261334973470131e-02
2.196440385100556503e-02
2.294935191053788515e-01
1.000000000000000000e+00
1.418581568075643062e-01
6.925031792905822492e-02
3.035893577914312580e-01
4.936287457724990446e-01
4.503444959464122377e-01
1.807218160479397984e-01
1.631375766934852756e-01
7.368671770838286506e-02
6.157754994323116904e-01
2.717876645431698268e-01
7.079811746447917109e-01
1.088588229969924548e-01
8.542084099310400802e-01
9.995621668644192326e-01
2.342709878463842266e-01
1.595758459025611309e-01
6.390225964731541808e-01
4.465203546167972881e-01
8.865268178783340947e-01
1.326259946949626123e-04
0.000000000000000000e+00
0.000000000000000000e+00
0.000000000000000000e+00
3.191489361702129490e-02
0.000000000000000000e+00
3.535353535353533694e-01
3.204905280497847286e-01
5.822649572649573058e-01
0.000000000000000000e+00
2.352288927609693658e-01
4.042518715364424864e-01
9.347614410905535909e-02
4.326972010178116168e-01
1.328719723183391377e-01
2.850264805007221014e-01
3.470656820831713452e-01
1.488833746898263755e-01
9.367017543859645912e-01
4.405979543666416198e-02
4.140025575447567885e-01
3.507728894173602896e-01
3.969526864474739458e-01
3.477272727272726627e-01
7.207593386405388713e-01
6.984126984126985960e-01
0.000000000000000000e+00
4.600000000000001865e-01
4.678899082568808154e-01
6.666666666666665186e-01
4.285714285714288252e-01
1.000000000000000000e+00
5.498844772482018861e-01
0.000000000000000000e+00
0.000000000000000000e+00
0.000000000000000000e+00
0.000000000000000000e+00
0.000000000000000000e+00
0.000000000000000000e+00
0.000000000000000000e+00
0.000000000000000000e+00
0.000000000000000000e+00
0.000000000000000000e+00
6.531645569620253555e-01
0.000000000000000000e+00
0.000000000000000000e+00
0.000000000000000000e+00
0.000000000000000000e+00
0.000000000000000000e+00
0.000000000000000000e+00
0.000000000000000000e+00
0.000000000000000000e+00
0.000000000000000000e+00
0.000000000000000000e+00
2.985354407347429184e-03
1.403046078865988200e-03
2.023689236607728592e-03
0.000000000000000000e+00
4.935317485324408615e-02
2.148846806537818566e-03
6.883939486810861652e-01
9.632100418621754034e-01
7.639130045527493529e-01
2.412612267992715331e-01
8.061783021667001670e-01
8.063352505423171390e-01
7.548574040241291527e-01
6.373290327873517569e-01
3.339273176224581974e-01
5.313978785461515031e-01
8.474447172513470683e-01
6.833399137097808662e-01
8.314423047371113373e-01
6.444879010977380140e-01
7.733960889174762432e-01
8.790329830647385378e-01
8.282210383997967718e-01
8.000458708935616059e-01
8.341792439409565496e-01
7.698333463003304011e-01
8.838764081549423945e-01
1.214606265354370440e-03
5.782373871445201097e-04
8.049476711027708786e-04
0.000000000000000000e+00
2.813146310668235284e-02
8.892460221120307429e-04
6.491630984303979890e-01
9.550550625942965111e-01
7.377353535047870281e-01
2.293102752998232852e-01
7.840834973334267488e-01
7.695907101709791309e-01
7.207612404442992338e-01
6.159810117284285624e-01
3.205475027798065923e-01
5.192612953009785315e-01
8.252672488467061029e-01
6.541888803266289187e-01
7.936719641431090322e-01
6.170857981710335949e-01
7.224468846760370155e-01
8.521358702154846476e-01
8.006958871852557502e-01
7.727862618430783037e-01
8.138707963569444814e-01
7.356467997216014076e-01
8.497364856323273985e-01
6.416131989000917191e-02
6.510113926993721378e-02
6.779661016949151131e-02
6.993006993006994909e-02
1.428571428571428492e-01
6.654966346047308523e-02
2.130848977304555802e-01
1.000000000000000000e+00
9.437257510562391261e-02
6.599705124032717585e-02
2.901325478645064848e-01
3.461538461538467004e-01
5.098039215686265280e-01
2.246500811723923796e-01
1.645458534444932397e-01
7.678829107400542142e-02
4.346845249341395601e-01
2.345267471896330669e-01
6.946680844599728566e-01
1.279199110122357652e-01
8.389584338803091068e-01
9.453001748430098772e-01
2.618421052631578760e-01
1.680763510485459022e-01
5.624999999999991118e-01
3.700486811721419578e-01
7.556406981694336888e-01
