6.575761898447163301e-03
6.827843469514316421e-03
6.455148712424418900e-03
9.400982755134679181e-03
1.135400409085141060e-02
6.922017841725358611e-03
7.949847404997871791e-01
7.763347035192902368e-01
3.542901662210740099e-01
1.257588424460727161e-01
1.197980557979003713e-01
8.968434317734734762e-01
6.879903050043205681e-01
8.619793255873320348e-02
9.068707090330629939e-02
9.604947725645729406e-02
7.571677731964925329e-01
1.155833212351102812e-01
8.263651236130402644e-01
2.311885522305288099e-01
8.914931156385317301e-01
6.228553376150616216e-01
5.401203127053344488e-02
1.125417228835381422e-01
4.774999696285862072e-01
2.815627300811565092e-01
9.788815945179629718e-01
7.519893899204246890e-02
6.131617289946572624e-02
4.922801521593200835e-02
7.045454545454546413e-02
4.255319148936168028e-02
6.661714765280019046e-02
3.535353535353533694e-01
3.860318671882452257e-01
2.714932126696832926e-01
1.677419354838709520e-01
4.240654205607476968e-01
5.162523900573614544e-01
1.729957805907171853e-01
5.274115197779316588e-02
3.715170278637770496e-01
4.854357246027920514e-01
3.470656820831713452e-01
5.594405594405595927e-01
1.617408906882586983e-01
2.760768033212248618e-01
6.055998670654705318e-01
1.825557809330629055e-01
3.679310344827586565e-01
6.272727272727272041e-01
6.441808747220165721e-01
5.128205128205129970e-01
0.000000000000000000e+00
3.200000000000000622e-01
4.128440366972476738e-01
7.222222222222223209e-01
5.714285714285711748e-01
1.000000000000000000e+00
4.575768953478567269e-01
0.000000000000000000e+00
0.000000000000000000e+00
0.000000000000000000e+00
0.000000000000000000e+00
0.000000000000000000e+00
0.000000000000000000e+00
0.000000000000000000e+00
0.000000000000000000e+00
0.000000000000000000e+00
0.000000000000000000e+00
8.657718120805368844e-01
0.000000000000000000e+00
0.000000000000000000e+00
0.000000000000000000e+00
0.000000000000000000e+00
0.000000000000000000e+00
0.000000000000000000e+00
0.000000000000000000e+00
0.000000000000000000e+00
0.000000000000000000e+00
8.098039215686274606e-01
2.381416747906117681e-02
2.503040772572673323e-02
2.493562361182505294e-02
3.384236131873635811e-02
4.653475936676165770e-02
2.532907060542372024e-02
9.528680921080217026e-01
9.278879421473289479e-01
9.179169977085619436e-01
7.924239679028870498e-01
8.988453037491526132e-01
9.362367247115181979e-01
9.115965465369169074e-01
8.067669719879475565e-01
7.135150556219302942e-01
7.517878777649400490e-01
8.695602564075559648e-01
8.091059091901486866e-01
9.644796342362000896e-01
8.401009065160400802e-01
8.996384643621506694e-01
9.691756157508786274e-01
8.334805390758708299e-01
8.564619742769936650e-01
8.810987250142754412e-01
8.722294908418923853e-01
9.414705006765282658e-01
9.984005553427960367e-03
1.066393831634629419e-02
1.026322582627900437e-02
1.623717005654262691e-02
2.646563376599411765e-02
1.082670093933940647e-02
9.446545100878340762e-01
9.124895283452519879e-01
9.069806741492665303e-01
7.816851251561813818e-01
8.859886580766676012e-01
9.221897472862310430e-01
8.967476658321532623e-01
7.923686925102146894e-01
7.012185566682145321e-01
7.426931295792273957e-01
8.501029391780219324e-01
7.882983231856712791e-01
9.552466798642119672e-01
8.240354824393194555e-01
8.733900335229738410e-01
9.616189465368776279e-01
8.066287057725208820e-01
8.355136440150201516e-01
8.657175490614554825e-01
8.507275580088666800e-01
9.231417841606733843e-01
8.249312557286891945e-03
8.835154615205786932e-03
1.035781544256120235e-02
1.048951048951052289e-02
0.000000000000000000e+00
9.561213698342563294e-03
7.826086956521738358e-01
7.864238410596026130e-01
1.983968908470501447e-01
8.606227327334403654e-02
6.658779787054225352e-02
8.265306122448983217e-01
6.376811594202891342e-01
1.186063750926611426e-01
6.152584085315826457e-02
1.089181286549707472e-01
4.346845249341395601e-01
4.870940133938539418e-02
8.364388801135502760e-01
2.114942528735634930e-01
8.701420378767672492e-01
6.390541571319605652e-01
9.785015502737115511e-02
1.023541881385376939e-01
6.343283582089540573e-01
1.337040749053404198e-01
9.635971588026381873e-01
