8.108620973845126478e-03
8.296355032561431031e-03
7.779668731921873803e-03
1.126756047880644873e-02
9.879002873143583052e-03
8.426831236737819530e-03
7.922973129385990632e-01
7.485176733551823780e-01
3.380186972538128387e-01
1.249433551615746207e-01
1.331109496833353667e-01
8.929674355864580804e-01
6.623943135049836783e-01
7.411338432453451475e-02
1.001095758133609959e-01
9.007003202759733540e-02
7.637323715752994957e-01
1.174154944571490500e-01
8.472999847791475858e-01
2.422474227982784889e-01
8.937077670848228017e-01
6.624095607688689213e-01
2.566126665009127450e-02
1.215621705109222184e-01
4.986262882724172840e-01
2.767711162977684047e-01
9.700316115294425057e-01
6.472148541114056131e-02
5.815930063137442207e-02
5.683598120384875108e-02
6.515151515151515471e-02
2.127659574468085402e-02
6.236345600026954594e-02
2.159896840747905777e-01
2.896860986547085126e-01
2.714932126696832926e-01
1.933333333333333570e-01
3.084112149532711733e-01
7.106062310201328724e-01
2.843232716650438974e-01
3.053435114503812997e-01
9.411764705882352811e-02
3.283582089552239403e-01
2.917123037604965052e-01
1.025641025641026438e-01
3.427588579291365178e-01
4.129325014180376119e-01
4.912173202614378287e-01
3.612479474548440095e-01
7.467672413793102759e-01
4.917355371900824501e-01
2.190383681398737625e-01
3.025793650793653367e-01
0.000000000000000000e+00
5.200000000000002398e-01
4.862385321100917146e-01
7.222222222222223209e-01
1.428571428571432378e-01
1.000000000000000000e+00
6.103631364748602905e-01
0.000000000000000000e+00
0.000000000000000000e+00
0.000000000000000000e+00
0.000000000000000000e+00
0.000000000000000000e+00
0.000000000000000000e+00
0.000000000000000000e+00
0.000000000000000000e+00
0.000000000000000000e+00
0.000000000000000000e+00
6.246973365617434215e-01
0.000000000000000000e+00
0.000000000000000000e+00
0.000000000000000000e+00
0.000000000000000000e+00
0.000000000000000000e+00
0.000000000000000000e+00
0.000000000000000000e+00
0.000000000000000000e+00
0.000000000000000000e+00
0.000000000000000000e+00
2.475762488524801963e-02
2.613414698519406221e-02
2.607740352460347077e-02
3.572994649997890404e-02
3.590888318414675595e-02
2.640565400955702247e-02
9.291722314229811097e-01
8.528421895595805768e-01
8.620212516003751269e-01
7.758842813385307124e-01
8.399146577168661310e-01
9.627374079799506656e-01
8.926673676090701726e-01
7.988561830297893351e-01
6.923370285146193126e-01
8.293428615991800257e-01
8.681800070265168756e-01
7.146540527335059068e-01
9.697824512927224472e-01
8.443276479807892976e-01
8.918250691588702761e-01
9.609998919655060590e-01
8.539026896504022801e-01
9.174126686612242843e-01
8.364149933518767455e-01
8.379010035255842759e-01
9.279278454686881172e-01
1.039344276329966232e-02
1.115115576110942142e-02
1.075113753713362319e-02
1.717912514400883606e-02
2.024980859482083950e-02
1.130357718664103117e-02
9.171361650050620096e-01
8.239603693727942657e-01
8.447571143682712780e-01
7.645317699815525891e-01
8.209019750213828459e-01
9.542961435871211151e-01
8.750133621836609921e-01
7.840154136142309937e-01
6.795234828108984715e-01
8.224447384660713567e-01
8.485480133342142572e-01
6.871819811079098450e-01
9.618846945963416273e-01
8.286082019516514130e-01
8.637788492580749100e-01
9.515195790554396016e-01
8.297667570522709868e-01
9.045018873772832091e-01
8.163266667277149224e-01
8.116957029297486859e-01
9.056828541383282749e-01
1.283226397800180107e-02
1.116019530341783028e-02
1.318267419962337872e-02
1.398601398601401202e-02
0.000000000000000000e+00
1.224569149079701713e-02
7.959183673469389930e-01
7.864238410596026130e-01
2.085953531746409517e-01
7.381836223033233502e-02
1.015463917525774029e-01
8.606557377049171009e-01
5.803357314148680501e-01
1.091822251337482008e-01
6.152584085315826457e-02
9.274821039526948141e-02
5.048122007547952705e-01
6.560188732577176829e-02
8.295154185022028948e-01
2.465051258154709046e-01
8.806179775280902344e-01
6.913351834720939948e-01
7.107142857142845216e-02
1.023541881385376939e-01
7.083333333333330373e-01
1.337040749053404198e-01
9.635971588026381873e-01
