1.029765153892914231e-02
1.041891262207578217e-02
9.854064822850450156e-03
1.374890647239218611e-02
2.068187543007704576e-02
1.067743813055999080e-02
7.154769178739606161e-01
7.896422260434530216e-01
2.904236563260269577e-01
1.161411202969651058e-01
1.176418351042447519e-01
9.526204375407303360e-01
6.726713670566120129e-01
7.693618880567032470e-02
1.067346078855968550e-01
9.160550748733742310e-02
7.947523255152475485e-01
1.118592421745894239e-01
8.461706061001641466e-01
2.077627772866770250e-01
8.890655414241432908e-01
6.748683016643841626e-01
5.882101468949541001e-02
1.343848787737433881e-01
6.041165244758053277e-01
2.631971877035215179e-01
9.646811315504701945e-01
5.000000000000001665e-02
5.554881010199125280e-02
4.743790557171628786e-02
6.704545454545454697e-02
5.319148936170212116e-02
5.171215900449183112e-02
5.436720142602493588e-01
2.896860986547085126e-01
1.923076923076922906e-01
1.933333333333333570e-01
4.658977928017498105e-01
3.717017208413000429e-01
1.729957805907171853e-01
5.060220525869381092e-01
3.805626598465473576e-01
9.999999999999997780e-01
4.044750430292598509e-01
5.594405594405595927e-01
2.070991432068538529e-01
4.345898004434591844e-01
4.998804399808702836e-01
3.097603740502630210e-01
1.481956696070572121e-01
2.258741258741259195e-01
3.239436619718309984e-01
5.128205128205129970e-01
0.000000000000000000e+00
5.200000000000002398e-01
4.862385321100917146e-01
6.111111111111111605e-01
2.857142857142855874e-01
1.000000000000000000e+00
5.663762847205462414e-01
0.000000000000000000e+00
0.000000000000000000e+00
0.000000000000000000e+00
0.000000000000000000e+00
0.000000000000000000e+00
0.000000000000000000e+00
0.000000000000000000e+00
0.000000000000000000e+00
0.000000000000000000e+00
0.000000000000000000e+00
8.459016393442623238e-01
0.000000000000000000e+00
0.000000000000000000e+00
0.000000000000000000e+00
0.000000000000000000e+00
0.000000000000000000e+00
0.000000000000000000e+00
0.000000000000000000e+00
0.000000000000000000e+00
0.000000000000000000e+00
8.145956607495069557e-01
2.803873225165720573e-02
2.896075923591556744e-02
2.916459831630835442e-02
4.000672004766053780e-02
5.454531728400291435e-02
2.982885919253214224e-02
8.934684698498318589e-01
8.969549871506405925e-01
8.524832759206195654e-01
6.789566932980148906e-01
8.605489470660940832e-01
9.099588125205515521e-01
8.594257800298201744e-01
7.481780705478024984e-01
7.425325542723770766e-01
6.811303826445449516e-01
8.899962831515693118e-01
7.640393293384097895e-01
9.396102965663251094e-01
8.838188082238018772e-01
8.803880299391211306e-01
9.318601079657935493e-01
8.466194004347968871e-01
8.794340294923328472e-01
9.355938378010946188e-01
8.482417345178729917e-01
9.248884625728501785e-01
1.182560866367392272e-02
1.240543155391013452e-02
1.207825325697498009e-02
1.932754364517443035e-02
3.121910074545572455e-02
1.282894617132365744e-02
8.760607379371336823e-01
8.756848547806320715e-01
8.342299573797742340e-01
6.647259243328123013e-01
8.435800331567855359e-01
8.906795887618645935e-01
8.371652308056732883e-01
7.307768524155147105e-01
7.310321169443287914e-01
6.705447756550668714e-01
8.732017129637754671e-01
7.397520327059732281e-01
9.243177129894898369e-01
8.715383716724098839e-01
8.497742606446117009e-01
9.157986234033848039e-01
8.214963639251157135e-01
8.613663502882076273e-01
9.267468947839572202e-01
8.234053657486042344e-01
9.017813041547307895e-01
1.466544454628782024e-02
1.557777261102072375e-02
1.694915254237289171e-02
1.748251748251750115e-02
1.428571428571428492e-01
1.617081154659311126e-02
7.297297297297298257e-01
8.024580872262992992e-01
1.832477186516965340e-01
8.606227327334403654e-02
4.953482524515973040e-02
9.458598726114644251e-01
6.376811594202891342e-01
1.199010666205628795e-01
7.775243624300243184e-02
1.089181286549707472e-01
4.930284519488647987e-01
4.870940133938539418e-02
8.295154185022028948e-01
2.114942528735634930e-01
8.671875000000002220e-01
6.913351834720939948e-01
7.107142857142845216e-02
1.238838621952647046e-01
7.846153846153836042e-01
1.337040749053404198e-01
9.461336336336336750e-01
