4.085433787063941224e-03
3.732037505416452294e-03
3.207262099591101645e-03
4.874023753996203911e-03
1.131962296070843088e-02
3.953742798950110604e-03
5.699312415118793496e-01
7.867269428047372060e-01
3.534986093537977325e-01
1.251804948210961665e-01
1.647693759375408185e-01
8.906001128254681376e-01
7.620215463208186435e-01
1.114968996839162951e-01
1.112888853806639489e-01
9.865983044017179182e-02
8.847440598869038553e-01
1.206984043388430461e-01
8.415562787016717117e-01
2.094720823490012762e-01
8.668087303949731925e-01
6.292067109888419552e-01
7.693074255213483426e-02
1.415331277651548092e-01
5.550867617683801214e-01
3.589708352539386915e-01
9.858531714703722137e-01
7.758620689655174041e-02
6.004128217581350402e-02
4.587155963302752548e-02
6.856060606060607188e-02
3.191489361702129490e-02
6.614332592125998778e-02
2.584670231729053747e-01
5.560538116591926538e-01
1.153846153846155298e-01
6.111111111111111605e-02
7.117181883537027076e-02
4.631521442228898611e-01
5.473828258638384625e-01
6.906579425663395000e-02
2.003795066413662784e-01
2.996905715325808295e-01
4.330262225372076834e-01
1.214574898785425461e-01
3.369946605644544846e-01
2.201540436456996819e-01
7.547438330170777032e-01
3.612479474548440095e-01
3.322758620689656439e-01
2.997245179063361409e-01
2.026002166847236108e-01
3.025793650793653367e-01
0.000000000000000000e+00
3.600000000000000977e-01
3.761467889908258755e-01
6.666666666666665186e-01
2.857142857142855874e-01
1.000000000000000000e+00
5.080808409144323967e-01
0.000000000000000000e+00
0.000000000000000000e+00
0.000000000000000000e+00
0.000000000000000000e+00
0.000000000000000000e+00
0.000000000000000000e+00
0.000000000000000000e+00
0.000000000000000000e+00
0.000000000000000000e+00
0.000000000000000000e+00
8.865979381443298557e-01
0.000000000000000000e+00
0.000000000000000000e+00
0.000000000000000000e+00
0.000000000000000000e+00
0.000000000000000000e+00
0.000000000000000000e+00
0.000000000000000000e+00
0.000000000000000000e+00
0.000000000000000000e+00
8.178217821782178820e-01
2.141732270062590704e-02
2.220308473010262906e-02
2.203728676343053028e-02
3.109182596702775303e-02
4.124213963627998414e-02
2.268882387228410291e-02
9.339951613580841361e-01
9.320144585843637142e-01
9.080422912832570859e-01
8.176103532735385926e-01
9.091257247844044542e-01
9.647261208995578929e-01
1.000000000000000000e+00
8.505995725444641664e-01
6.699590073924541755e-01
7.071341411568017321e-01
8.791271431722229579e-01
7.544769287210706388e-01
9.882410826633176715e-01
8.579581414162906761e-01
9.221309974395357489e-01
9.493053287903285842e-01
8.810998344470712951e-01
9.119585443955280368e-01
8.787208714393974773e-01
9.184255119991266980e-01
9.304244763345517200e-01
8.948597173000907845e-03
9.422431940366376990e-03
9.031758756929034182e-03
1.487144890382632867e-02
2.335683922401696200e-02
9.662959479864355328e-03
9.227204561956448003e-01
9.174326371318047846e-01
8.959221153745833277e-01
8.078746071945714924e-01
8.974436070755218431e-01
9.567188623037559125e-01
1.000000000000000000e+00
8.388625448458437717e-01
6.566577515388729580e-01
6.970406147258882967e-01
8.608985220967269036e-01
7.295216679401628213e-01
9.851092363644181615e-01
8.433835232683319916e-01
9.012560560247628860e-01
9.371322130138126649e-01
8.608313600281541911e-01
8.982769513304154074e-01
8.630744340887126498e-01
9.039706348604863440e-01
9.088922895325065587e-01
5.499541704857890956e-03
5.115089514066528675e-03
7.532956685499081484e-03
3.496503496503489128e-03
0.000000000000000000e+00
4.978680332395679642e-03
5.575221238938059543e-01
7.864238410596026130e-01
2.257717107790040423e-01
7.685561148131192510e-02
1.015463917525774029e-01
8.481658692185014559e-01
5.519713261648746538e-01
1.281413974040319648e-01
8.462052599628422378e-02
1.089181286549707472e-01
6.126335023290527815e-01
6.560188732577176829e-02
8.439793308669565342e-01
2.114942528735634930e-01
8.574695121951219079e-01
6.316751534142834856e-01
1.076839826839828262e-01
1.152276014920445846e-01
7.923848528015184911e-01
1.908560128060541317e-01
9.815457818930040101e-01
