4.647496150479490939e-03
4.605029618926559376e-03
4.133357150366834265e-03
6.208939760445508771e-03
9.688481203912191475e-03
4.737577770819734191e-03
6.549876040444555514e-01
7.457252742350006791e-01
3.525956514486425775e-01
1.381801914758176153e-01
1.279507220378008903e-01
8.619677301681969439e-01
6.338144947423511866e-01
8.902520023548410322e-02
1.176584819441344187e-01
1.133135631842532298e-01
9.434667766736186678e-01
1.076167564841978841e-01
8.138361062641057408e-01
2.173408009766508719e-01
8.754013929740089850e-01
6.638848317185352954e-01
7.260675593699206232e-02
1.384477358592359764e-01
5.458962587027107460e-01
3.460821475440853945e-01
9.875344832803254480e-01
6.498673740053048653e-02
5.154201068479841163e-02
4.385768628328484686e-02
6.628787878787881227e-02
1.063829787234042701e-01
5.135632069021844881e-02
5.282555282555283505e-01
3.525784753363228052e-01
2.838827838827838734e-01
2.947368421052630749e-01
2.482334169136084512e-01
1.000000000000000222e+00
2.025316455696202222e-01
3.193769758655253810e-01
2.588235294117647856e-01
3.283582089552239403e-01
2.917123037604965052e-01
2.714932126696834036e-01
4.651372019793069690e-01
3.414634146341466447e-01
4.912173202614378287e-01
5.637657361795289646e-01
5.462068965517243857e-01
1.497159090909090384e-01
6.793066088840733485e-01
7.448107448107448292e-01
0.000000000000000000e+00
3.400000000000000799e-01
3.761467889908258755e-01
7.222222222222223209e-01
1.428571428571432378e-01
1.000000000000000000e+00
5.584562284908320962e-01
0.000000000000000000e+00
0.000000000000000000e+00
0.000000000000000000e+00
0.000000000000000000e+00
0.000000000000000000e+00
0.000000000000000000e+00
0.000000000000000000e+00
0.000000000000000000e+00
0.000000000000000000e+00
0.000000000000000000e+00
6.632390745501285378e-01
0.000000000000000000e+00
0.000000000000000000e+00
0.000000000000000000e+00
0.000000000000000000e+00
0.000000000000000000e+00
0.000000000000000000e+00
0.000000000000000000e+00
0.000000000000000000e+00
0.000000000000000000e+00
8.326612903225806273e-01
2.526744026756577721e-02
2.661638655076525861e-02
2.638683175892547750e-02
3.760389866395857927e-02
4.278683710031061516e-02
2.715000117029903182e-02
9.421555325517885215e-01
9.033689412722158973e-01
9.216999540084569453e-01
8.249336968838694162e-01
8.892306325900722896e-01
9.378880271911380628e-01
8.971079347717552110e-01
8.787399847333974279e-01
8.444602619770540386e-01
7.360407814364826606e-01
9.706234069139756393e-01
7.973715450056166887e-01
9.768967863289834686e-01
9.058664643500615732e-01
9.117181150251665311e-01
9.796584823966578703e-01
8.804420696749555297e-01
9.158417667112535021e-01
9.542726276837907307e-01
9.165366497487736908e-01
9.414621088057950615e-01
1.061513082375759032e-02
1.136447832138910707e-02
1.088363510256309952e-02
1.811807238036369783e-02
2.426154949705558450e-02
1.163408448568249709e-02
9.321884231897015205e-01
8.832801198177063773e-01
9.112246583704584069e-01
8.155051605529455294e-01
8.753025683393049761e-01
9.241806958764446911e-01
8.801001246650540510e-01
8.688985336958601202e-01
8.365589881486528157e-01
7.265716295201753994e-01
9.657320930749506704e-01
7.756052251454188529e-01
9.708141580852752694e-01
8.956682698091094075e-01
8.883189578876153902e-01
9.746177739677168717e-01
8.600766831797893586e-01
9.027079360213747794e-01
9.478660341900182473e-01
9.017774857554894385e-01
9.231309277442677486e-01
5.499541704857890956e-03
6.045105789351301606e-03
5.649717514124297235e-03
3.496503496503489128e-03
0.000000000000000000e+00
5.553816426752622437e-03
6.497547516860819883e-01
7.864238410596026130e-01
1.983968908470501447e-01
9.766292905624873733e-02
4.953482524515973040e-02
8.265306122448983217e-01
5.238095238095237249e-01
1.186063750926611426e-01
9.433962264150963506e-02
1.269155429066519680e-01
6.126335023290527815e-01
4.870940133938539418e-02
7.978366118550179742e-01
2.114942528735634930e-01
8.671875000000002220e-01
6.650563607085349105e-01
1.140351225440214833e-01
1.238838621952647046e-01
7.846153846153836042e-01
1.620026072639459969e-01
9.815457818930040101e-01
