6.593954275989077907e-03
6.799924890781294806e-03
6.682272744212347515e-03
9.258404305313328031e-03
1.628785357306838932e-02
6.994513513389810644e-03
7.940574910652298257e-01
7.811492698167037396e-01
3.275218258050562881e-01
1.352346297583209012e-01
8.831781138965810740e-02
9.290412603420570292e-01
6.242496312346936804e-01
6.057744144498400374e-02
8.729277838908466869e-02
7.585785897614538698e-02
8.806837376004175155e-01
9.195102320730241807e-02
8.761119398854506635e-01
2.213968421538443643e-01
8.892383164969905884e-01
6.644097191581419537e-01
3.472679860849092748e-02
1.307523926337688103e-01
5.655401117056237936e-01
2.656592977546310408e-01
9.785725758625605231e-01
3.647214854111405224e-02
3.472559494900434585e-02
3.244573730140970502e-02
4.924242424242422644e-02
5.319148936170212116e-02
3.901182179883527779e-02
3.535353535353533694e-01
2.409952263850714260e-01
2.136752136752136932e-01
1.957446808510638903e-01
2.555407209612816644e-01
1.971145489309924503e-01
2.338049143708116340e-01
2.791300590522827196e-01
5.524296675191815442e-01
3.283582089552239403e-01
5.297318305479984391e-01
1.311188811188812586e-01
4.416294974724945810e-01
1.219512195121952303e-01
5.622549019607843146e-01
3.575206261899728233e-01
9.027586206896554000e-01
4.311004784688994285e-01
6.566063044936285564e-01
5.128205128205129970e-01
0.000000000000000000e+00
3.600000000000000977e-01
4.495412844036694722e-01
7.777777777777776791e-01
1.428571428571432378e-01
1.000000000000000000e+00
4.883221194629427941e-01
0.000000000000000000e+00
0.000000000000000000e+00
0.000000000000000000e+00
0.000000000000000000e+00
0.000000000000000000e+00
0.000000000000000000e+00
0.000000000000000000e+00
0.000000000000000000e+00
0.000000000000000000e+00
0.000000000000000000e+00
7.127071823204419454e-01
0.000000000000000000e+00
0.000000000000000000e+00
0.000000000000000000e+00
0.000000000000000000e+00
0.000000000000000000e+00
0.000000000000000000e+00
0.000000000000000000e+00
0.000000000000000000e+00
0.000000000000000000e+00
8.750000000000000000e-01
2.487030594661082672e-02
2.608233533750475841e-02
2.652309961150817186e-02
3.484890457467204605e-02
4.903995060731458633e-02
2.650761398315459871e-02
8.843517498771089613e-01
8.983604426817966004e-01
9.161692271552697164e-01
7.924805988322960459e-01
8.531877452368910042e-01
9.339081735388428118e-01
8.713027370231052338e-01
7.527162005770708930e-01
7.073972914325503680e-01
5.770377826526598142e-01
9.105448771707216338e-01
7.717446410003341306e-01
9.703204232718756206e-01
8.796386347151954332e-01
9.101189767722879242e-01
9.691491414010613425e-01
8.610422917736082482e-01
9.465641419021832981e-01
9.321502299120254520e-01
8.936156727151836066e-01
9.431005980597626515e-01
1.044241436024416492e-02
1.112825275024087457e-02
1.094202182169991266e-02
1.673898436066770246e-02
2.794597644546445436e-02
1.134881128957831997e-02
8.656471294691892027e-01
8.773475447336008815e-01
9.050213063199952224e-01
7.817439186117769445e-01
8.354759089837635599e-01
9.193844315596191308e-01
8.506413151672106432e-01
7.355249267647230305e-01
6.949458890857753701e-01
5.651424060300538343e-01
8.965721907381600797e-01
7.480135095106872356e-01
9.625589695190267525e-01
8.669765230171604387e-01
8.863377524107660665e-01
9.615861885368508499e-01
8.378939114968081414e-01
9.379451356795986960e-01
9.228645705616784767e-01
8.752737635755152290e-01
9.252515010355039093e-01
1.008249312557285560e-02
9.765170890490615374e-03
1.129943502824859447e-02
1.048951048951052289e-02
0.000000000000000000e+00
1.039113186225459895e-02
8.437500000000000000e-01
7.864238410596026130e-01
2.085953531746409517e-01
8.606227327334403654e-02
4.953482524515973040e-02
9.000000000000003553e-01
5.945945945945947386e-01
9.065889590416054133e-02
6.152584085315826457e-02
9.274821039526948141e-02
6.126335023290527815e-01
4.870940133938539418e-02
8.758858456234439593e-01
1.971804153172032059e-01
8.881578947368422572e-01
6.913351834720939948e-01
4.706717123935666436e-02
1.238838621952647046e-01
7.653256704980835323e-01
1.197579082405724193e-01
9.635971588026381873e-01
