5.221963456045919383e-03
5.522294747867806386e-03
5.328302739573409497e-03
7.770274500436769038e-03
1.573906276590453235e-02
5.658050360705768611e-03
7.002874077468170810e-01
8.048914890644001119e-01
3.366309975021772871e-01
1.423871309411186559e-01
8.226481390000817129e-02
8.859750269070749695e-01
6.571144280453706799e-01
7.381975990705114121e-02
9.409391129183375391e-02
1.095515833879145973e-01
8.199959714802034227e-01
1.285510091568020652e-01
8.479240364309319489e-01
2.229052390191847977e-01
8.844436227282459484e-01
6.594680580192013863e-01
9.328095123745283601e-02
1.130126633772330358e-01
4.515266422863764006e-01
2.909988308202224871e-01
9.797394865029633859e-01
6.525198938992041175e-02
5.870568237008255696e-02
5.571716267621390495e-02
7.159090909090912169e-02
1.063829787234042701e-01
6.367916214917745954e-02
6.767676767676764626e-01
2.896860986547085126e-01
1.414027149321267496e-01
1.999999999999999556e-01
3.084112149532711733e-01
2.568024709516105730e-01
2.338049143708116340e-01
1.027353689567429562e-01
1.634674922600619640e-01
2.761194029850744247e-01
2.917123037604965052e-01
2.714932126696834036e-01
1.000000000000000000e+00
3.414634146341466447e-01
6.688112745098038214e-01
2.937420178799485804e-01
3.085057471264369688e-01
2.258741258741259195e-01
3.239436619718309984e-01
1.513473606496864576e-01
0.000000000000000000e+00
5.400000000000002576e-01
4.495412844036694722e-01
7.777777777777776791e-01
4.285714285714288252e-01
0.000000000000000000e+00
6.167721027182668792e-01
0.000000000000000000e+00
0.000000000000000000e+00
0.000000000000000000e+00
0.000000000000000000e+00
0.000000000000000000e+00
0.000000000000000000e+00
0.000000000000000000e+00
0.000000000000000000e+00
0.000000000000000000e+00
0.000000000000000000e+00
0.000000000000000000e+00
0.000000000000000000e+00
0.000000000000000000e+00
0.000000000000000000e+00
0.000000000000000000e+00
0.000000000000000000e+00
0.000000000000000000e+00
0.000000000000000000e+00
0.000000000000000000e+00
0.000000000000000000e+00
7.836812144212523812e-01
2.128364833577356396e-02
2.259238972971083781e-02
2.268963285056851964e-02
3.231145708356802926e-02
5.387654262937380256e-02
2.306622374879185866e-02
9.281864540432915867e-01
9.547725768848722705e-01
9.201850467548182699e-01
7.514429654554275473e-01
8.234442763903806473e-01
9.225549874569216602e-01
8.548794144983151710e-01
7.454212026019968462e-01
6.823587703407154592e-01
6.468923378744459995e-01
9.020749987948644133e-01
8.629030099887149419e-01
9.538686742450839251e-01
8.444647981962876138e-01
9.162883278338445070e-01
9.649855923523360524e-01
8.766341528335277467e-01
8.853923450076850443e-01
8.950418514852223062e-01
8.666142385173256635e-01
9.352575624690098177e-01
8.891052681720218454e-03
9.592820987442574054e-03
9.308048283089440100e-03
1.547602605197521963e-02
3.082002881362583269e-02
9.828804339560751058e-03
9.159958172741138327e-01
9.448351408399521256e-01
9.095246310395714850e-01
7.392490057357350430e-01
8.028866633349007742e-01
9.057432611873030837e-01
8.320204950492694485e-01
7.278943028975537466e-01
6.693203139497825305e-01
6.357593555120564233e-01
8.869216167320392863e-01
8.469657468127969047e-01
9.420094926069783048e-01
8.287566501161283128e-01
8.939892859127183122e-01
9.564388396902057110e-01
8.557110150986572128e-01
8.681012002240373615e-01
8.812495113123723911e-01
8.443118487392375915e-01
9.151170367108162340e-01
6.416131989000928293e-03
6.045105789351301606e-03
1.129943502824859447e-02
6.993006993007033767e-03
0.000000000000000000e+00
6.384706875694923234e-03
7.674418604651158660e-01
8.187838651414810487e-01
2.188741183552047609e-01
8.606227327334403654e-02
4.953482524515973040e-02
8.023255813953493742e-01
5.519713261648746538e-01
1.078459650649470358e-01
6.152584085315826457e-02
1.170831368851175114e-01
4.783529856445474238e-01
6.560188732577176829e-02
8.618342010412498588e-01
2.114942528735634930e-01
8.881578947368422572e-01
6.762845849802365805e-01
1.140351225440214833e-01
1.023541881385376939e-01
6.343283582089540573e-01
1.337040749053404198e-01
9.635971588026381873e-01
