5.571532318936645023e-03
5.545397767748372342e-03
5.229678164139550667e-03
7.627619135289864793e-03
1.424542307361387206e-02
5.774178708097710278e-03
6.627439052757448934e-01
7.654284762298617650e-01
3.659392142432942308e-01
1.251050121824426320e-01
1.138617432442976529e-01
9.192245224144572902e-01
5.850113713600197940e-01
9.640231959450229482e-02
9.524619179071014408e-02
9.766464125632667859e-02
9.252251774088335878e-01
1.124164946681378563e-01
8.470984329949113878e-01
1.942519458625957540e-01
8.866935771523167809e-01
6.575667889698291191e-01
2.702401881299376640e-02
1.442663027012756061e-01
5.660119972463180105e-01
3.081279516687005504e-01
9.873766451397045785e-01
4.389920424403184751e-02
4.122146673142301765e-02
4.094875811143433575e-02
5.265151515151514361e-02
5.319148936170212116e-02
4.555814564932775257e-02
1.739618406285070584e-01
2.102430965305639443e-01
2.714932126696832926e-01
1.846153846153846256e-01
4.552736982643523778e-01
2.294455066921607944e-01
3.233601841196778182e-01
2.486368593238821312e-01
1.764705882352941568e-01
1.258779631255486642e-01
2.917123037604965052e-01
3.146853146853147987e-01
2.495969653864391624e-01
4.129325014180376119e-01
3.088235294117647189e-01
2.507836990595611049e-01
6.588021778584389754e-01
2.258741258741259195e-01
4.830157415078706329e-01
2.194211017740430592e-01
0.000000000000000000e+00
5.600000000000002753e-01
5.229357798165139570e-01
6.111111111111111605e-01
5.714285714285711748e-01
1.000000000000000000e+00
6.957385580745421017e-01
0.000000000000000000e+00
0.000000000000000000e+00
0.000000000000000000e+00
0.000000000000000000e+00
0.000000000000000000e+00
0.000000000000000000e+00
0.000000000000000000e+00
0.000000000000000000e+00
0.000000000000000000e+00
0.000000000000000000e+00
0.000000000000000000e+00
0.000000000000000000e+00
0.000000000000000000e+00
0.000000000000000000e+00
0.000000000000000000e+00
0.000000000000000000e+00
0.000000000000000000e+00
0.000000000000000000e+00
0.000000000000000000e+00
0.000000000000000000e+00
8.497942386831276451e-01
2.650656819821428645e-02
2.741103566695213267e-02
2.810856626587132645e-02
3.816386562257295667e-02
4.582820482000860007e-02
2.832851110901746239e-02
9.203579654703486490e-01
9.029384357258705140e-01
9.435318603404714288e-01
8.172791173610907123e-01
8.604220069825436745e-01
9.310916946265568317e-01
9.051538478073175575e-01
9.046817681277543599e-01
6.814653642743797590e-01
9.083264130828894167e-01
9.196560473739894270e-01
7.869138066266336828e-01
9.620118480415620343e-01
9.147510333054138520e-01
8.951591467342636665e-01
9.702465947281813108e-01
8.584215906463312784e-01
9.410814873697916916e-01
9.003969160757758772e-01
8.839615354126677538e-01
9.493673571528835620e-01
1.115524235820185284e-02
1.171659510255453063e-02
1.162299438842183397e-02
1.839937871095892463e-02
2.604915002252777834e-02
1.215870126291278275e-02
9.069524377499831314e-01
8.827697317157890966e-01
9.357983841024424265e-01
8.075296416716706283e-01
8.434401519128589264e-01
9.159946959466032101e-01
8.893353974976102583e-01
8.967173703014590380e-01
6.684073547243318814e-01
9.042679785949401250e-01
9.069809306951601702e-01
7.643243223058813207e-01
9.521626972650719667e-01
9.054247893516533807e-01
8.678757252011666257e-01
9.629444181928614732e-01
8.349084228472761771e-01
9.316331941452451471e-01
8.872299644489429760e-01
8.641712776777594751e-01
9.333785737226717449e-01
6.416131989000928293e-03
6.510113926993743583e-03
7.532956685499081484e-03
6.993006993007033767e-03
0.000000000000000000e+00
6.375731755929259226e-03
7.095435684647313224e-01
8.105840400347609220e-01
2.159290788933576621e-01
8.606227327334403654e-02
7.521954944635345086e-02
9.123711340206188680e-01
4.680851063829782888e-01
1.091822251337482008e-01
7.593189139438560886e-02
9.596526219562884208e-02
6.126335023290527815e-01
6.560188732577176829e-02
8.509889720013013026e-01
1.690220463538727458e-01
8.881578947368422572e-01
6.913351834720939948e-01
4.230442176870718995e-02
1.152276014920445846e-01
8.105670103092776912e-01
1.620026072639459969e-01
9.815457818930040101e-01
