0.000000000000000000e+00
0.000000000000000000e+00
3.105774580997033851e-05
5.684790860425725789e-04
0.000000000000000000e+00
0.000000000000000000e+00
7.062795881239480877e-01
7.404245287111153040e-01
3.374413647607870104e-01
1.278029335664589983e-01
1.155023439392799389e-01
9.649893786065444345e-01
5.601634246347986235e-01
7.821356120813294233e-02
9.265217393965019532e-02
1.198712221472018058e-01
8.660851911503524292e-01
1.168738711467269820e-01
8.251676521176758428e-01
2.068547415734731665e-01
8.821102794665387492e-01
6.412434840258240953e-01
3.735776327608464342e-02
1.507309165991155275e-01
5.231850560642987702e-01
2.859954940028610615e-01
9.955158204059451066e-01
0.000000000000000000e+00
9.774162214667314608e-03
7.607965987916770478e-03
1.780303030303032052e-02
2.127659574468085402e-02
6.846675152999359693e-03
4.854669140383425230e-01
2.649415570094830752e-01
2.417582417582416765e-01
8.000000000000007105e-02
3.644859813084113664e-01
3.544002893907292062e-01
1.729957805907171853e-01
2.644813650651096637e-01
1.204705882352942181e-01
4.854357246027920514e-01
4.768547875713379236e-01
1.214574898785425461e-01
4.572567783094099170e-01
2.454268292682928454e-01
6.434407096171803619e-01
3.004926108374386118e-01
2.405911330049261831e-01
6.272727272727272041e-01
5.630367571281347239e-01
6.984126984126985960e-01
0.000000000000000000e+00
3.800000000000001155e-01
4.495412844036694722e-01
7.222222222222223209e-01
1.428571428571432378e-01
1.000000000000000000e+00
6.112712136971527599e-01
0.000000000000000000e+00
0.000000000000000000e+00
0.000000000000000000e+00
0.000000000000000000e+00
0.000000000000000000e+00
0.000000000000000000e+00
0.000000000000000000e+00
0.000000000000000000e+00
0.000000000000000000e+00
0.000000000000000000e+00
8.514851485148514643e-01
0.000000000000000000e+00
0.000000000000000000e+00
0.000000000000000000e+00
0.000000000000000000e+00
0.000000000000000000e+00
0.000000000000000000e+00
0.000000000000000000e+00
0.000000000000000000e+00
0.000000000000000000e+00
9.627039627039627456e-01
1.394889078110755909e-02
1.476422083714407085e-02
1.637075375048885340e-02
2.109133445901117954e-02
2.641549645326868312e-02
1.526240251929900094e-02
9.151251366763450967e-01
8.849168632450206129e-01
8.626140414768999065e-01
6.330757600045462397e-01
8.665358058564383015e-01
9.678642446375127495e-01
9.474552842786367890e-01
8.315135027744036122e-01
7.130761473033002673e-01
7.789044429291145377e-01
9.364858089660401674e-01
7.887792709472671859e-01
9.417754725741354083e-01
9.233582006292810895e-01
8.970430182530721996e-01
9.897281407788525165e-01
8.534820065927131161e-01
9.276609734217240444e-01
9.378025183386955455e-01
8.903185408120486422e-01
9.420928289004275591e-01
5.766156270465783162e-03
6.200908887287762128e-03
6.653407500032376687e-03
9.974571907284568439e-03
1.478284961684353527e-02
6.433532433009370166e-03
9.009200343546959200e-01
8.614806884797999720e-01
8.454122540306689970e-01
6.179103288303937624e-01
8.501824098981094480e-01
9.605456186493110948e-01
9.382823224765201031e-01
8.185740611125802424e-01
7.007683851380761553e-01
7.705110690503698123e-01
9.262823995582234460e-01
7.663344643927643141e-01
9.269972042910056276e-01
9.148946880864423647e-01
8.701934624400948781e-01
9.871565698919602116e-01
8.292885002914637260e-01
9.162259698463461888e-01
9.292387945503470803e-01
8.714779400763299488e-01
9.239470098592644787e-01
2.749770852428945478e-03
1.860032550569656884e-03
5.649717514124297235e-03
3.496503496503489128e-03
0.000000000000000000e+00
2.521640445130368668e-03
7.297297297297298257e-01
7.811581566675810384e-01
2.257717107790040423e-01
9.353182906687962372e-02
4.953482524515973040e-02
9.297520661157037125e-01
3.859649122807011778e-01
1.129387044880003632e-01
5.433882792373379012e-02
1.328214860823555554e-01
5.523367413935860171e-01
6.560188732577176829e-02
8.295154185022028948e-01
2.114942528735634930e-01
8.671875000000002220e-01
6.528902824394542392e-01
7.107142857142845216e-02
1.178433169318835461e-01
7.461832061068696120e-01
1.620026072639459969e-01
9.815457818930040101e-01
