4.473993304491193923e-01
4.476473612790320411e-01
5.870119360552104038e-01
4.428300800692508421e-01
6.954594016764555908e-01
3.584281331327574538e-01
8.230941097866339984e-02
9.019905226178768221e-01
7.248161704126180327e-01
5.861551261398467716e-01
4.821566769849312539e-01
7.620252943159155912e-01
6.500118319840816339e-01
6.695940916771750961e-01
6.901931867168803469e-01
4.429952240372134198e-01
5.102335485380020685e-01
3.438596216399942840e-01
9.252948770274003198e-01
6.110833454680415500e-01
5.042177958432715323e-01
2.544648742604079250e-01
0.000000000000000000e+00
3.658567723281308526e-01
2.375196804778190174e-02
2.042754396099226433e-02
0.000000000000000000e+00
1.139709039010050606e-02
6.932895245066593715e-01
4.507724363352864638e-01
8.343936038127446331e-01
7.276388165334912728e-01
4.966018792052211417e-01
1.169431247356939041e-01
4.052658526884674872e-01
8.726080216305014403e-01
3.562904882889134095e-01
9.988266726734268408e-02
7.781458456263129486e-04
7.258974009105438885e-01
1.744845393190402882e-01
1.492324382486823198e-01
3.209503061338421781e-01
5.142486712727208920e-01
6.725390590282231962e-01
1.711446570699072245e-01
3.254750821094435365e-01
6.262073167755112246e-01
7.260482739331571844e-01
8.246222161858852706e-01
6.636701647907154999e-01
6.955685738194177237e-01
6.807958367799215038e-01
2.473102364574193412e-01
5.996420606574531798e-02
8.070210252622112002e-01
9.210061287184821976e-01
3.628927866723348217e-01
5.136540489282940269e-01
4.813502060274803540e-01
7.016786922366418100e-01
5.553360570914943617e-01
6.742679075514778075e-01
5.739710415073761007e-01
5.288333311047043184e-01
3.914053592359665323e-01
8.918815775056105899e-01
4.110285716122074051e-01
5.230623865605206202e-01
4.477130655250955993e-01
0.000000000000000000e+00
8.818954962374523365e-01
8.253225218404960373e-01
6.680343200966711859e-01
5.014058427357765968e-01
6.374883195800005176e-01
8.081983380099291292e-01
5.559675222462590050e-01
4.613258024118045419e-01
3.822208630244278149e-01
9.999999999999997780e-01
6.560851796623448084e-01
3.338969263964834400e-01
0.000000000000000000e+00
4.636637700392415296e-02
1.076839867310308563e-02
7.484833565444445336e-01
4.916225756440389949e-01
4.964238551827035995e-01
6.223242678757867630e-02
3.258699219130447577e-01
1.501715260385524386e-01
3.208461703297140755e-01
8.003825311815986332e-01
7.081214219297107260e-01
8.905626246001445701e-01
7.688523105758995335e-01
1.701586703743891427e-01
3.141073778137941641e-01
8.101008030639547108e-01
6.004168461522251254e-01
5.168711478724261621e-01
8.705698080783601522e-01
6.161000574484520875e-01
6.504550912981923450e-01
1.958082016598922115e-01
0.000000000000000000e+00
9.516206983919335283e-01
5.475208004846001675e-01
1.515312493629639157e-01
3.259246763712156936e-01
4.972166201465435531e-01
8.131255341903874667e-01
5.429429369576064257e-01
6.877774030216414758e-01
6.448858530411712975e-01
4.473993304491193923e-01
4.476473612790320411e-01
5.870119360552104038e-01
4.428300800692508421e-01
6.954594016764555908e-01
3.584281331327574538e-01
8.230941097866339984e-02
9.019905226178768221e-01
7.248161704126180327e-01
5.861551261398467716e-01
4.821566769849312539e-01
7.620252943159155912e-01
6.500118319840816339e-01
6.695940916771750961e-01
6.901931867168803469e-01
4.429952240372134198e-01
5.102335485380020685e-01
3.438596216399942840e-01
9.252948770274003198e-01
6.110833454680415500e-01
5.042177958432715323e-01
2.544648742604079250e-01
0.000000000000000000e+00
3.658567723281308526e-01
2.375196804778190174e-02
2.042754396099226433e-02
0.000000000000000000e+00
1.139709039010050606e-02
6.932895245066593715e-01
4.507724363352864638e-01
8.343936038127446331e-01
7.276388165334912728e-01
4.966018792052211417e-01
1.169431247356939041e-01
4.052658526884674872e-01
8.726080216305014403e-01
3.562904882889134095e-01
9.988266726734268408e-02
7.781458456263129486e-04
7.258974009105438885e-01
1.744845393190402882e-01
1.492324382486823198e-01
3.209503061338421781e-01
5.142486712727208920e-01
6.725390590282231962e-01
1.711446570699072245e-01
3.254750821094435365e-01
6.262073167755112246e-01
7.260482739331571844e-01
8.246222161858852706e-01
6.636701647907154999e-01
6.955685738194177237e-01
6.807958367799215038e-01
2.473102364574193412e-01
5.996420606574531798e-02
8.070210252622112002e-01
9.210061287184821976e-01
3.628927866723348217e-01
5.136540489282940269e-01
4.813502060274803540e-01
7.016786922366418100e-01
5.553360570914943617e-01
6.742679075514778075e-01
5.739710415073761007e-01
6.004168461522251254e-01
5.168711478724261621e-01
8.705698080783601522e-01
6.161000574484520875e-01
6.504550912981923450e-01
1.958082016598922115e-01
0.000000000000000000e+00
9.516206983919335283e-01
5.475208004846001675e-01
1.515312493629639157e-01
3.259246763712156936e-01
4.972166201465435531e-01
8.131255341903874667e-01
5.429429369576064257e-01
6.877774030216414758e-01
6.448858530411712975e-01
6.634033870063591465e-01
6.143997344739315913e-01
4.296328480147253437e-01
6.611748646343342806e-01
2.787911654946677587e-01
1.069584527269852314e-01
2.947591820131367779e-01
4.419620849579644073e-01
4.130494771804009702e-01
1.062769566857796333e-01
1.467900262572786607e-01
1.000000000000000000e+00
7.801247998927703931e-01
6.239026319384468611e-01
3.193992069889945995e-01
6.518056757235259902e-01
7.005298037392557742e-01
7.508076194653146018e-01
4.054472862506073305e-01
6.296962612913130641e-01
6.290429487383857321e-01
9.367374840447317830e-02
2.800587463487775874e-01
4.531822502503306538e-01
4.665180395619743514e-01
1.652137601984186022e-01
1.743466908324146081e-01
1.000000000000000444e+00
6.473115031939735697e-01
5.973866414075059694e-01
7.698152665529081062e-01
7.917323331585833790e-01
7.746667225417698255e-01
3.002622639481042910e-01
3.917424665481950008e-01
7.082569435109350442e-01
5.177001648046708482e-01
1.366239946251123216e-01
2.386612973291148965e-01
6.772131489875947707e-01
3.516053834179717619e-01
2.859484028307612835e-01
2.502972274437810229e-01
3.501466283655405576e-01
6.760681553460989868e-01
4.593878353084233090e-01
8.546899217193368870e-01
7.969190145686803062e-01
6.883961307997914503e-01
4.971784871601547806e-01
4.390952729857922066e-01
7.076136050402699329e-01
1.755909597863665184e-01
1.571948350006008299e-01
2.048264606185863368e-01
5.002194723109454344e-01
4.763458131509481497e-01
2.233077237369588408e-01
2.692435717399123130e-01
6.935182572378142396e-01
7.776389810504323874e-01
7.116690030010568435e-01
3.303455246362041464e-01
7.521576147116768585e-01
7.563342480602777140e-01
5.486387639112928483e-01
5.275114445007620390e-01
6.537397855188318285e-01
6.029072776420232316e-01
1.164369392287640803e-01
1.678183372989270339e-01
7.178581527688461250e-01
4.787053387199420307e-01
2.222038245607328433e-01
2.716461391765467859e-01
6.124449627312014144e-01
6.777857588214548645e-01
5.395084291908367469e-01
8.033251281707842750e-01
8.259916271118376008e-01
4.473993304491162282e-01
4.476473612790342615e-01
5.870119360552079613e-01
4.428300800692409056e-01
6.954594016764423792e-01
3.584281331327616726e-01
8.230941097868582634e-02
9.019905226178760449e-01
7.248161704126255822e-01
5.861551261398307844e-01
4.821566769849292555e-01
7.620252943159111503e-01
6.500118319840819670e-01
6.695940916771784268e-01
6.901931867168781265e-01
4.429952240372168615e-01
5.102335485380093960e-01
3.438596216399875116e-01
9.252948770274038726e-01
6.110833454680447696e-01
5.042177958432696450e-01
2.544648742604034286e-01
0.000000000000000000e+00
3.658567723281314077e-01
2.375196804779139415e-02
2.042754396099891179e-02
0.000000000000000000e+00
1.139709039010061709e-02
6.932895245066628132e-01
4.507724363352831887e-01
8.343936038127501842e-01
7.276388165334902736e-01
4.966018792052242503e-01
1.169431247356926828e-01
4.052658526884596601e-01
8.726080216305096560e-01
3.562904882889004199e-01
9.988266726734834622e-02
7.781458456217887898e-04
7.258974009105458869e-01
1.744845393190336269e-01
1.492324382486810985e-01
3.209503061338537799e-01
5.142486712727386555e-01
6.725390590282114278e-01
1.711446570698952341e-01
3.254750821094195556e-01
6.262073167755182190e-01
7.260482739331592938e-01
8.246222161858837163e-01
6.636701647907192747e-01
6.955685738194317125e-01
6.807958367799317179e-01
2.473102364574206735e-01
5.996420606574992540e-02
8.070210252622184166e-01
9.210061287184850842e-01
3.628927866723338225e-01
5.136540489283015765e-01
4.813502060274751360e-01
7.016786922366359258e-01
5.553360570914974703e-01
6.742679075514796949e-01
5.739710415073744354e-01
