7.844828755641752860e-01
5.973283483949100026e-01
6.367634269030414407e-01
4.462114080944791228e-01
4.001639036969938390e-01
1.619645453000393420e-01
8.859969800221350056e-01
2.059978488820335407e-01
4.133410397544999837e-01
3.129223685625204254e-01
3.476143268942171183e-01
1.189509392143921485e-01
3.033253878240050883e-01
8.926068735010309618e-01
5.836837741563488668e-01
4.253307990731525767e-01
8.113226863723372873e-01
1.796813635781049356e-01
1.189533633449404437e-01
4.277618733172878773e-01
1.669653294750629291e-01
1.898662375883848896e-01
5.423698473252924757e-01
1.119479252293624771e-01
8.915872533696914681e-01
7.435028860899722813e-01
6.577626788610838604e-01
4.486536749378510214e-01
2.885147528481722956e-01
1.433994225556922686e-01
2.410064332228618600e-01
3.874398830837448848e-01
8.652703908993113480e-01
3.649696528308418175e-01
4.594097900879968721e-01
8.888327432581069054e-01
6.167842848588486193e-01
4.555539557557568009e-01
8.232813824554553461e-01
2.433768583591122692e-01
3.846550719267117779e-01
7.127395926374096025e-01
4.450455766923457346e-01
2.274179982834066971e-01
1.120918147822294042e-01
1.258076618631003285e-01
2.278512949623265893e-01
6.338174279406333378e-01
3.944997071341761474e-01
1.878386564568419459e-01
1.031340357122130791e-01
4.663474544134318389e-01
3.529693526633624900e-01
2.003156554902096875e-01
5.891014031390893191e-01
6.500652472273160676e-03
5.929023241942475986e-01
2.359700999962976997e-01
4.146359284708475146e-01
2.398932376141826861e-02
4.013313627853586918e-01
5.074213221291971054e-01
6.541524594210815780e-01
4.797065847359803792e-01
6.483230606722155676e-01
4.972598818600888482e-01
5.839824413822425342e-01
4.034023230891098377e-01
8.795729701330312622e-02
1.150874873136658039e-01
6.438190206689684558e-01
1.543541923069364774e-01
1.618117021273548506e-01
2.692644201198446385e-01
2.627479249540842776e-01
3.136005450993787358e-01
9.627861531308130605e-01
3.530742614520945288e-01
6.522581266765299368e-01
2.282969905607737937e-01
1.916709410808794534e-01
2.271175893281200953e-01
3.671471141882449163e-01
5.968352461929110619e-01
7.662017146491920672e-01
7.827199696219644398e-01
9.812109019933890064e-02
3.395170920747841992e-01
6.617858177550215437e-01
1.941949498313394473e-01
4.268670823967373185e-01
7.048252570594086830e-01
4.676974317540762982e-01
1.258770598702791954e-01
3.871252870074501917e-01
4.417047392092281477e-01
6.290338327605971003e-01
4.665705823665442509e-01
7.286475962375538185e-01
3.519351587994288266e-01
7.970236693568156783e-01
3.060639222458594322e-01
2.834745477389761792e-01
4.955046393433775176e-01
3.207124510830354769e-01
2.961048869959884700e-01
7.674872693348835373e-01
2.974705289826085064e-02
8.081324645503120685e-01
7.277699521198436328e-01
6.272841390380886617e-01
1.256375439200341226e-01
2.766531990212700576e-01
4.347478076145134818e-01
2.061254333686894924e-01
5.160055922512927218e-01
7.844828755641752860e-01
5.973283483949100026e-01
6.367634269030414407e-01
4.462114080944791228e-01
4.001639036969938390e-01
1.619645453000393420e-01
8.859969800221350056e-01
2.059978488820335407e-01
4.133410397544999837e-01
3.129223685625204254e-01
3.476143268942171183e-01
1.189509392143921485e-01
3.033253878240050883e-01
8.926068735010309618e-01
5.836837741563488668e-01
4.253307990731525767e-01
8.113226863723372873e-01
1.796813635781049356e-01
1.189533633449404437e-01
4.277618733172878773e-01
1.669653294750629291e-01
1.898662375883848896e-01
5.423698473252924757e-01
1.119479252293624771e-01
8.915872533696914681e-01
7.435028860899722813e-01
6.577626788610838604e-01
4.486536749378510214e-01
2.885147528481722956e-01
1.433994225556922686e-01
2.410064332228618600e-01
3.874398830837448848e-01
8.652703908993113480e-01
3.649696528308418175e-01
4.594097900879968721e-01
8.888327432581069054e-01
6.167842848588486193e-01
4.555539557557568009e-01
8.232813824554553461e-01
2.433768583591122692e-01
3.846550719267117779e-01
7.127395926374096025e-01
4.450455766923457346e-01
2.274179982834066971e-01
1.120918147822294042e-01
1.258076618631003285e-01
2.278512949623265893e-01
6.338174279406333378e-01
3.944997071341761474e-01
1.878386564568419459e-01
1.031340357122130791e-01
4.663474544134318389e-01
3.529693526633624900e-01
2.003156554902096875e-01
5.891014031390893191e-01
6.500652472273160676e-03
5.929023241942475986e-01
2.359700999962976997e-01
4.146359284708475146e-01
2.398932376141826861e-02
4.013313627853586918e-01
5.074213221291971054e-01
6.541524594210815780e-01
4.797065847359803792e-01
7.970236693568156783e-01
3.060639222458594322e-01
2.834745477389761792e-01
4.955046393433775176e-01
3.207124510830354769e-01
2.961048869959884700e-01
7.674872693348835373e-01
2.974705289826085064e-02
8.081324645503120685e-01
7.277699521198436328e-01
6.272841390380886617e-01
1.256375439200341226e-01
2.766531990212700576e-01
4.347478076145134818e-01
2.061254333686894924e-01
5.160055922512927218e-01
5.712501715326741003e-01
6.016323790555082596e-01
6.246424090351345715e-01
3.454417000305060048e-01
6.445995825532260248e-01
4.311998119006599239e-01
4.806335135904868938e-01
2.605104034042344807e-01
4.824957119035091502e-01
5.537265197835959940e-01
6.838244772651674852e-01
5.542508687429359426e-01
3.594264945070405615e-01
2.281345907313758747e-01
3.901533642453167694e-01
2.327524273863843529e-01
6.018188533737522938e-01
7.661522978632970826e-01
7.380977468120342166e-01
2.515340356749493633e-01
7.106758310560570280e-01
3.269463921366502213e-01
6.322351181371068662e-01
3.562936525344539973e-01
8.080614970023831667e-01
4.440679204865217722e-01
6.557758590008648802e-01
5.692538888690177323e-01
2.253386585874437298e-01
6.393485008146182480e-01
3.487355963863536523e-01
3.000505402120980936e-01
5.835677139048058848e-01
7.327271030229995930e-01
7.318574620847004830e-01
3.500427683679351309e-01
7.950303088789851813e-01
4.703551060196008438e-01
5.373183080841497095e-01
3.557152961673279989e-01
8.366978072726656279e-01
5.583103029680285267e-01
7.253196848509568806e-01
2.788161920008924710e-01
3.088644540783811454e-01
2.208453624063597687e-01
8.186192874828304156e-01
2.970853059275978536e-01
5.534907858264259684e-01
5.191327624623287562e-01
8.739474792469090758e-01
3.511498966882444783e-01
6.745362087093935699e-01
4.415579161456765211e-01
4.797553724581624657e-01
4.017541563143800509e-01
8.984525214958090089e-01
6.051480338740305998e-01
7.109998644812840496e-01
2.747092304663141249e-01
2.979875344816774740e-01
3.925663968718318131e-01
4.550599629845928362e-01
2.912815243847979296e-01
6.855030593078512702e-01
7.435316419973831970e-01
8.199731002031951377e-01
2.396964066104347868e-01
6.329607380774779912e-01
3.448500347274221500e-01
5.177996401714348718e-01
4.395838945032974898e-01
8.093238442503527530e-01
5.343770173730396644e-01
6.642462799914905514e-01
6.355904314272029509e-01
2.699227725231578834e-01
4.173625365920283770e-01
5.042041015189671072e-01
3.411511159538321847e-01
7.844828755641777285e-01
5.973283483949202166e-01
6.367634269030333360e-01
4.462114080944745154e-01
4.001639036969986130e-01
1.619645453000342350e-01
8.859969800221492164e-01
2.059978488820455311e-01
4.133410397544975412e-01
3.129223685625261986e-01
3.476143268942015752e-01
1.189509392143871525e-01
3.033253878240048107e-01
8.926068735010191935e-01
5.836837741563561943e-01
4.253307990731577948e-01
8.113226863723355109e-01
1.796813635780968310e-01
1.189533633449471051e-01
4.277618733172828813e-01
1.669653294750728101e-01
1.898662375883892750e-01
5.423698473252948071e-01
1.119479252293675842e-01
8.915872533696929114e-01
7.435028860899752789e-01
6.577626788610833053e-01
4.486536749378622346e-01
2.885147528481762924e-01
1.433994225556923241e-01
2.410064332228664119e-01
3.874398830837424423e-01
8.652703908992982473e-01
3.649696528308560284e-01
4.594097900880015906e-01
8.888327432581017984e-01
6.167842848588498406e-01
4.555539557557578001e-01
8.232813824554490179e-01
2.433768583591235934e-01
3.846550719267159968e-01
7.127395926373989443e-01
4.450455766923342438e-01
2.274179982834195757e-01
1.120918147822304034e-01
1.258076618631025489e-01
2.278512949623170414e-01
6.338174279406376677e-01
3.944997071341694306e-01
1.878386564568380601e-01
1.031340357122149665e-01
4.663474544134417754e-01
3.529693526633556067e-01
2.003156554902087993e-01
5.891014031390904293e-01
6.500652472283929839e-03
5.929023241942622535e-01
2.359700999963033619e-01
4.146359284708568405e-01
2.398932376141882372e-02
4.013313627853629662e-01
5.074213221292035447e-01
6.541524594210912369e-01
4.797065847359784918e-01
