8.498698340241378490e-01
4.778007743552897812e-01
8.088957222944607173e-01
5.645587482729996776e-01
7.392082856143152858e-01
3.377227059342027271e-01
1.045262814257410522e-01
3.617628601350814099e-01
9.565722092675409405e-01
3.105794875890266482e-02
4.487595074327066502e-01
4.000015253661421966e-01
5.981317535093789717e-01
8.443866044816842331e-01
6.577609666195912697e-01
5.573259951068887386e-01
7.761725733182234244e-01
1.766550664558721451e-01
1.542382734061686911e-01
5.332691539909439893e-01
2.383251084480080273e-01
2.836896866633509817e-01
2.170144499931782878e-01
3.452531538963768964e-01
2.545237623244583913e-01
1.931243351681727893e-01
2.204907432447345550e-01
1.433903022648479464e-01
3.556289874698502773e-01
3.804403380116352928e-01
3.902454508844248604e-01
6.133722631938500758e-01
9.705878126920934879e-01
2.676800586983004715e-01
5.250020144737632677e-01
8.792629765908950290e-01
2.063313816486156416e-01
1.353810820565727324e-01
2.136609045542647856e-01
2.594461450506568845e-02
5.532671908527918569e-01
1.884411145993584724e-01
4.088393606122207591e-01
3.799738276371610324e-01
4.130219668597898686e-01
2.749469216380424630e-01
4.871450098791478833e-01
6.160306874071513894e-01
5.776533069409064414e-01
3.500839587378336004e-01
3.349407271751495552e-01
8.034880446125374220e-01
5.500088834840158869e-01
2.760567422407469440e-01
2.498096968991072586e-01
8.156275757482456257e-01
8.398446306676549122e-01
9.325630367276360744e-02
4.378175294638898540e-01
8.287554856443077878e-01
5.469396733105715835e-01
5.314986756410869928e-01
8.995585889721376960e-01
6.760617435338917014e-01
8.042439844249350545e-01
4.053469052929892236e-01
1.000000000000000000e+00
5.357869763033398236e-01
7.554807915447558919e-01
3.404027431119871494e-01
9.083549506333254975e-02
3.911508735059656683e-01
9.681567410897069514e-01
1.069910999316903144e-02
4.682167207904759376e-01
6.582331315412215389e-01
9.252146471725442023e-01
4.790308949297885643e-01
7.846329944055645544e-01
3.857065468018848753e-01
3.085205496193075270e-01
3.199729011101277720e-01
4.015385026809415447e-01
2.186552598771795142e-01
2.665915886327060447e-01
2.032195913307512924e-01
2.973543044079094422e-01
5.170435648437540221e-01
7.365294816796048583e-01
2.420306045831713826e-01
5.002673949680191967e-02
1.950673899544543843e-01
6.776433967787185431e-01
3.873845168475091860e-01
5.536588176320600407e-01
7.425294721459534397e-01
8.248043947730998582e-01
9.059543004057291071e-02
4.128407679847463374e-01
7.279979797856324097e-01
8.865045714197600235e-01
2.672224984282653981e-01
5.657366073380798444e-01
6.864070816078000625e-01
3.641432537489504018e-01
2.266401946982371518e-01
2.133178854417452364e-01
4.232646826205890278e-01
8.273352863014085123e-01
7.578137803702444941e-02
4.300891574071789014e-01
4.845737047157478994e-01
5.539642605453128921e-01
6.074281200810971448e-01
6.025532157305941716e-01
6.886585061371154337e-01
8.498698340241378490e-01
4.778007743552897812e-01
8.088957222944607173e-01
5.645587482729996776e-01
7.392082856143152858e-01
3.377227059342027271e-01
1.045262814257410522e-01
3.617628601350814099e-01
9.565722092675409405e-01
3.105794875890266482e-02
4.487595074327066502e-01
4.000015253661421966e-01
5.981317535093789717e-01
8.443866044816842331e-01
6.577609666195912697e-01
5.573259951068887386e-01
7.761725733182234244e-01
1.766550664558721451e-01
1.542382734061686911e-01
5.332691539909439893e-01
2.383251084480080273e-01
2.836896866633509817e-01
2.170144499931782878e-01
3.452531538963768964e-01
2.545237623244583913e-01
1.931243351681727893e-01
2.204907432447345550e-01
1.433903022648479464e-01
3.556289874698502773e-01
3.804403380116352928e-01
3.902454508844248604e-01
6.133722631938500758e-01
9.705878126920934879e-01
2.676800586983004715e-01
5.250020144737632677e-01
8.792629765908950290e-01
2.063313816486156416e-01
1.353810820565727324e-01
2.136609045542647856e-01
2.594461450506568845e-02
5.532671908527918569e-01
1.884411145993584724e-01
4.088393606122207591e-01
3.799738276371610324e-01
4.130219668597898686e-01
2.749469216380424630e-01
4.871450098791478833e-01
6.160306874071513894e-01
5.776533069409064414e-01
3.500839587378336004e-01
3.349407271751495552e-01
8.034880446125374220e-01
5.500088834840158869e-01
2.760567422407469440e-01
2.498096968991072586e-01
8.156275757482456257e-01
8.398446306676549122e-01
9.325630367276360744e-02
4.378175294638898540e-01
8.287554856443077878e-01
5.469396733105715835e-01
5.314986756410869928e-01
8.995585889721376960e-01
6.760617435338917014e-01
8.865045714197600235e-01
2.672224984282653981e-01
5.657366073380798444e-01
6.864070816078000625e-01
3.641432537489504018e-01
2.266401946982371518e-01
2.133178854417452364e-01
4.232646826205890278e-01
8.273352863014085123e-01
7.578137803702444941e-02
4.300891574071789014e-01
4.845737047157478994e-01
5.539642605453128921e-01
6.074281200810971448e-01
6.025532157305941716e-01
6.886585061371154337e-01
9.450905656444719138e-01
4.290759845929170702e-01
5.369805916029271042e-01
5.483967059647580911e-01
2.240881239514562751e-01
1.667647498573949782e-01
1.673848236493880037e-01
3.924878659524708713e-01
5.210468692280949554e-01
2.121608115614812551e-01
3.864020352773819278e-01
4.923920099420007190e-01
6.064538346588231876e-01
2.764286222428986584e-01
4.053832260362519868e-01
8.279301167607020506e-01
8.341971305149964433e-01
5.013592948465914745e-01
5.835440619059686362e-01
6.145244053674427942e-01
4.528681881001239695e-01
4.468744882482944547e-02
2.470364328809675492e-01
4.416024434299945511e-01
7.078708311254056085e-01
2.000636424816563119e-01
3.166892858477469153e-01
6.202807311033127213e-01
5.590283441554941835e-01
5.069442255133207453e-01
7.429974925371225503e-01
7.383327659511186303e-01
7.929390944321546009e-01
1.599538161546201209e-01
6.326092901652651257e-01
7.552191105702289464e-01
4.611315090400500694e-01
1.410600599372336950e-01
2.471301936934044985e-01
3.464259526289898972e-01
5.705202644872620077e-01
2.125897908593956664e-01
3.720616280260760078e-01
5.142522598772583109e-01
6.971681237863478486e-01
3.473100152620531844e-01
7.908363133870013328e-01
6.649961822786577548e-01
7.833106248800780769e-01
3.886224761010232953e-01
5.251193266701323914e-01
7.197083127151524540e-01
7.719743290788283474e-02
1.753188575345770994e-01
1.613137708391567671e-01
2.877072368784610035e-01
5.849764486466115798e-01
2.544418592952352176e-01
4.148314953966856233e-01
6.529136887743964834e-01
7.797796054511406671e-01
3.162222360607844784e-01
5.317519497592044786e-01
6.696573172713993216e-01
8.166174410106392667e-01
5.269966005858286451e-01
7.426877738484094493e-01
6.278216490867858379e-01
5.046822284518066581e-01
3.547917880496243015e-02
1.952444393697582159e-01
5.321547533886010761e-01
6.541671792158876286e-01
2.196983008118272851e-01
3.392333969648644310e-01
9.158367368410411657e-01
6.912653217595432498e-01
3.895410939695520547e-01
8.674936845814205100e-01
6.894471377500489551e-01
8.498698340241366278e-01
4.778007743553008835e-01
8.088957222944659353e-01
5.645587482729970130e-01
7.392082856143171732e-01
3.377227059341989523e-01
1.045262814257539308e-01
3.617628601350810769e-01
9.565722092675331689e-01
3.105794875887801787e-02
4.487595074326977684e-01
4.000015253661335368e-01
5.981317535093775284e-01
8.443866044816791261e-01
6.577609666195939342e-01
5.573259951068953999e-01
7.761725733182247566e-01
1.766550664558780293e-01
1.542382734061735761e-01
5.332691539909549805e-01
2.383251084480138005e-01
2.836896866633483727e-01
2.170144499931817295e-01
3.452531538963696800e-01
2.545237623244641090e-01
1.931243351681718179e-01
2.204907432447269777e-01
1.433903022648578274e-01
3.556289874698417286e-01
3.804403380116287980e-01
3.902454508844312997e-01
6.133722631938550718e-01
9.705878126920801652e-01
2.676800586983015817e-01
5.250020144737723715e-01
8.792629765908994699e-01
2.063313816486032071e-01
1.353810820565742312e-01
2.136609045542665064e-01
2.594461450507901112e-02
5.532671908527874161e-01
1.884411145993543091e-01
4.088393606122183721e-01
3.799738276371814605e-01
4.130219668597939764e-01
2.749469216380325820e-01
4.871450098791392236e-01
6.160306874071472816e-01
5.776533069408960053e-01
3.500839587378212769e-01
3.349407271751526083e-01
8.034880446125394204e-01
5.500088834840147767e-01
2.760567422407513849e-01
2.498096968991135869e-01
8.156275757482490674e-01
8.398446306676693451e-01
9.325630367276305233e-02
4.378175294638885218e-01
8.287554856442950202e-01
5.469396733105682529e-01
5.314986756410956525e-01
8.995585889721409156e-01
6.760617435338902581e-01
