1.883664445704839319e-01
5.483004007813762071e-01
9.999999999999998890e-01
4.156280649986049403e-02
9.095592493604386375e-01
6.349669625144991336e-01
7.585412588334268236e-01
7.716661885603632864e-01
8.370769790127058352e-01
4.610941930522003407e-01
9.673943903414974343e-01
4.761266061235711611e-01
5.709580314069584439e-02
1.444491862749450739e-01
5.081551890642260760e-01
1.687037260017467677e-01
8.047506069123044892e-01
4.935228687187995789e-01
3.018296189368694371e-01
2.538453989223952156e-01
2.710503492046179019e-01
2.520983738859293166e-01
4.246896191737953297e-01
4.006084572764588847e-01
5.386220981412584985e-01
3.784995089323204276e-01
3.355033315274006389e-01
5.440544714204659238e-01
6.675331634195771358e-01
6.280694360349881045e-01
6.164816013936862404e-01
2.989667712629621166e-01
5.302723454459612462e-01
9.456077485819524009e-01
9.809529247432040577e-01
3.557476961417356254e-01
2.900076248582886818e-01
2.681075065086350739e-01
3.701007622060031865e-01
5.555442132963870350e-01
7.493280883600562658e-01
4.185829316967741853e-01
5.732788520847367231e-01
9.662768157081335074e-01
5.955469779177706702e-01
4.547494717156843613e-01
9.682612755077133482e-01
3.055363318291672847e-01
4.594405696683689921e-01
5.161177031000322435e-01
2.296215051819371356e-01
3.229828089441323380e-01
4.602487709870785038e-01
3.047859509302699443e-01
3.266767951413821480e-01
2.841011725488695738e-01
8.234447254908997538e-01
6.270456039862359887e-02
7.601858780243709868e-01
2.514440598129863425e-01
2.594513142461166155e-01
2.473619095878351049e-01
2.923768740290393353e-01
3.677476546870100949e-02
5.998825310083769069e-02
2.571773877891132543e-01
8.650709131622900117e-01
5.437478361502490198e-02
5.012848187614185047e-01
9.494464104657651671e-01
6.420672256217734297e-01
6.563975338193552833e-01
5.794778200271410995e-01
5.130406200588166765e-01
8.211266058661454981e-01
9.302244905057366342e-02
1.167735720072566874e-01
1.789325488238784345e-01
4.176025233280475923e-01
8.624288274919741371e-01
5.342195295063303373e-01
6.546100617319814408e-01
4.773604648804126716e-01
3.825937050209655688e-01
4.457503132647836486e-01
3.743708982548122344e-01
4.448934375156299303e-01
9.198601485957833557e-01
2.904125600359419579e-01
8.330147711483585349e-01
8.896056517542993980e-02
4.142452239066279907e-01
8.735725405902923235e-01
5.838872147362821341e-01
3.433577297601722034e-01
6.654608183400418930e-01
6.019184746285088927e-01
4.841465088070853184e-01
8.474215775441849008e-01
2.581335711702337221e-01
5.023962383882488725e-01
9.499889172156807948e-01
9.609170235641062430e-01
5.649041848190283766e-02
4.375282145405721135e-01
3.756255215543630177e-01
4.606120844980630125e-01
6.349956691169247325e-01
9.824073564874749032e-01
3.695489860677513283e-01
7.968212890570337548e-01
7.363931938189194337e-01
3.944333245611856276e-01
4.484381967801798208e-01
5.313146432313726741e-01
1.713925155634850039e-01
1.883664445704839319e-01
5.483004007813762071e-01
9.999999999999998890e-01
4.156280649986049403e-02
9.095592493604386375e-01
6.349669625144991336e-01
7.585412588334268236e-01
7.716661885603632864e-01
8.370769790127058352e-01
4.610941930522003407e-01
9.673943903414974343e-01
4.761266061235711611e-01
5.709580314069584439e-02
1.444491862749450739e-01
5.081551890642260760e-01
1.687037260017467677e-01
8.047506069123044892e-01
4.935228687187995789e-01
3.018296189368694371e-01
2.538453989223952156e-01
2.710503492046179019e-01
2.520983738859293166e-01
4.246896191737953297e-01
4.006084572764588847e-01
5.386220981412584985e-01
3.784995089323204276e-01
3.355033315274006389e-01
5.440544714204659238e-01
6.675331634195771358e-01
6.280694360349881045e-01
6.164816013936862404e-01
2.989667712629621166e-01
5.302723454459612462e-01
9.456077485819524009e-01
9.809529247432040577e-01
3.557476961417356254e-01
2.900076248582886818e-01
2.681075065086350739e-01
3.701007622060031865e-01
5.555442132963870350e-01
7.493280883600562658e-01
4.185829316967741853e-01
5.732788520847367231e-01
9.662768157081335074e-01
5.955469779177706702e-01
4.547494717156843613e-01
9.682612755077133482e-01
3.055363318291672847e-01
4.594405696683689921e-01
5.161177031000322435e-01
2.296215051819371356e-01
3.229828089441323380e-01
4.602487709870785038e-01
3.047859509302699443e-01
3.266767951413821480e-01
2.841011725488695738e-01
8.234447254908997538e-01
6.270456039862359887e-02
7.601858780243709868e-01
2.514440598129863425e-01
2.594513142461166155e-01
2.473619095878351049e-01
2.923768740290393353e-01
3.677476546870100949e-02
5.023962383882488725e-01
9.499889172156807948e-01
9.609170235641062430e-01
5.649041848190283766e-02
4.375282145405721135e-01
3.756255215543630177e-01
4.606120844980630125e-01
6.349956691169247325e-01
9.824073564874749032e-01
3.695489860677513283e-01
7.968212890570337548e-01
7.363931938189194337e-01
3.944333245611856276e-01
4.484381967801798208e-01
5.313146432313726741e-01
1.713925155634850039e-01
3.531889484227557219e-01
4.850175764156037239e-01
9.999999999999997780e-01
2.900567224268431055e-01
7.023549750839737094e-01
4.637807849290518369e-01
4.398143799576037516e-01
2.871249034812248802e-01
5.579917527580366965e-01
6.109432611185600104e-01
8.074380371679675816e-01
5.999862022173036991e-01
4.226964454624116962e-01
2.116163869574192447e-01
2.028725262814328190e-01
3.555528908221750051e-02
5.489844998029342893e-01
6.992805466265750169e-01
8.782351803125454381e-01
2.112529562247833503e-01
9.517438267017044318e-01
2.673903814590490313e-01
6.060269794885702055e-01
4.492501614144579491e-01
7.636406579434358299e-01
6.913060646551772992e-01
6.978256232135351400e-01
5.590006913452225668e-01
1.626394685722321043e-01
3.883927404942899564e-01
8.931216084327533444e-01
1.156406373145546507e-01
5.622027783639831355e-01
3.552127789283572312e-01
8.113042775745595847e-01
3.832485506803694486e-01
8.540320414513988823e-01
4.283647141654133295e-01
7.282753185689740949e-01
5.378402380625679768e-02
8.750663153088567014e-01
8.810271915378042884e-01
7.687665807360666292e-01
8.813339613133130968e-02
2.439393131051454944e-01
5.609758776017903514e-02
8.220134553786815346e-01
2.275487845919467178e-01
5.141402120071645321e-01
5.100502347467239517e-01
9.548743544057853860e-01
3.012370190279960447e-01
7.108755934209005645e-01
3.989513058988075622e-01
7.994914272365227781e-01
3.985918247695341421e-02
8.297827298340187951e-01
7.920024639027954949e-01
6.889153333083439801e-01
6.638462147523824797e-01
2.994366124752217972e-01
8.863400867990822718e-02
4.800479900532792499e-01
1.954660246962282022e-01
6.114884514569272067e-01
9.596720741100996932e-01
6.935937900326618610e-01
2.683080079062907242e-01
3.903578919118002588e-01
1.500375553734927259e-01
9.023602312646381574e-01
2.422594777586617454e-02
9.746208943653282830e-01
7.759980975474086717e-01
6.529465609543032567e-01
5.054348927126177671e-01
2.874688565564194054e-01
2.623730084976352295e-01
6.336847665027089960e-02
2.842097753796600790e-01
1.883664445704827939e-01
5.483004007813822023e-01
1.000000000000000000e+00
4.156280649985233389e-02
9.095592493604254258e-01
6.349669625145024643e-01
7.585412588334468076e-01
7.716661885603653959e-01
8.370769790127058352e-01
4.610941930522014509e-01
9.673943903414832235e-01
4.761266061235724933e-01
5.709580314069967466e-02
1.444491862749335276e-01
5.081551890642409530e-01
1.687037260017554829e-01
8.047506069123013805e-01
4.935228687188003560e-01
3.018296189368807614e-01
2.538453989223881102e-01
2.710503492046255625e-01
2.520983738859216006e-01
4.246896191737933313e-01
4.006084572764607721e-01
5.386220981412537245e-01
3.784995089323180961e-01
3.355033315273984185e-01
5.440544714204820220e-01
6.675331634195698083e-01
6.280694360349888816e-01
6.164816013936942340e-01
2.989667712629604512e-01
5.302723454459594699e-01
9.456077485819626149e-01
9.809529247432140497e-01
3.557476961417456174e-01
2.900076248582874605e-01
2.681075065086421794e-01
3.701007622060001334e-01
5.555442132963883672e-01
7.493280883600655917e-01
4.185829316967710767e-01
5.732788520847456049e-01
9.662768157081359499e-01
5.955469779177624545e-01
4.547494717156848054e-01
9.682612755077075750e-01
3.055363318291755004e-01
4.594405696683719342e-01
5.161177031000380167e-01
2.296215051819500697e-01
3.229828089441390548e-01
4.602487709870818344e-01
3.047859509302741632e-01
3.266767951413829252e-01
2.841011725488696849e-01
8.234447254909137426e-01
6.270456039862970510e-02
7.601858780243732072e-01
2.514440598129895621e-01
2.594513142461204458e-01
2.473619095878424323e-01
2.923768740290405010e-01
3.677476546870234175e-02
