7.785515414398983536e-01
5.965232099954956846e-01
6.350403605110160887e-01
4.621308808024743309e-01
3.938080781703862110e-01
1.639231215043404077e-01
8.416667178370744740e-01
1.516184032619529720e-01
3.702618574612347446e-01
3.187886372510000399e-01
3.776848695272727596e-01
1.119870213226289435e-01
2.912370868529593482e-01
9.144553794607593877e-01
5.737302198436781131e-01
4.246750655648891537e-01
8.291244938983375334e-01
1.511826082073784994e-01
1.332883574343886046e-01
4.392561492707460769e-01
1.675528818833322831e-01
1.742858103359163358e-01
5.499487905206292826e-01
1.310717440971561620e-01
8.717573083392792244e-01
7.459181839428390415e-01
6.652201003239657240e-01
4.700925552399212171e-01
2.732121547805270723e-01
1.592376758843409013e-01
2.214173073319428697e-01
3.831382617761008857e-01
8.934159539463897293e-01
3.366234402765821976e-01
4.525706660719310825e-01
8.792065421299204431e-01
6.269790893340446702e-01
4.580971790072855820e-01
8.228681001074880097e-01
2.268748632331158976e-01
4.253788051792096736e-01
6.998153633303044741e-01
4.564793387673422020e-01
2.500027300570747402e-01
7.724301875040207044e-02
1.513848428338724350e-01
2.571243556103349759e-01
6.342219937380871864e-01
3.750897004094702059e-01
1.586561293350828850e-01
8.996840736774758263e-02
4.322449472329008557e-01
3.657946099918804039e-01
2.367998520571212850e-01
6.133735922398143581e-01
3.011551655339839151e-02
5.972952555352027959e-01
2.475295673412600816e-01
4.059344517120154761e-01
4.990870305811245800e-03
3.764530860097570764e-01
5.350847790233549395e-01
6.524299801629654949e-01
5.025266897359415008e-01
6.593076114261295917e-01
4.969713759574609924e-01
5.776641415383692024e-01
4.114111781102433030e-01
7.309410231275359493e-02
1.321017456851760752e-01
6.360571163126504945e-01
1.208566719191068728e-01
1.503318474079229361e-01
2.631843086570704315e-01
2.929827082980533959e-01
2.896005511388707321e-01
9.702593944187196673e-01
3.538400628875126852e-01
6.632076795693586657e-01
2.299453068510856069e-01
1.861212555061522167e-01
2.195512482811659005e-01
3.645482786734573488e-01
6.043568311490820077e-01
7.710722312995544891e-01
7.837448092553022105e-01
7.881626965141486085e-02
3.450830138423628402e-01
6.972219345168946258e-01
1.945781448448890005e-01
4.413183954336648007e-01
6.983778371463764678e-01
5.331780020953598154e-01
8.977012822493879440e-02
3.644571110317170737e-01
4.539957486895005445e-01
6.165599624750113250e-01
4.711346953953468031e-01
7.338860961361526325e-01
3.555638951613993015e-01
7.991425952210192696e-01
2.587837961669745557e-01
2.787249712880350838e-01
4.929421406016303298e-01
3.310270077393011601e-01
3.012556041189023981e-01
7.703299190359180759e-01
1.712873444781370935e-02
7.988945026599014732e-01
7.278174697220741729e-01
6.399657304805391744e-01
1.352453390165222480e-01
2.472426074302221943e-01
4.733645850998386972e-01
2.012750675460837080e-01
5.242619363663375553e-01
7.785515414398983536e-01
5.965232099954956846e-01
6.350403605110160887e-01
4.621308808024743309e-01
3.938080781703862110e-01
1.639231215043404077e-01
8.416667178370744740e-01
1.516184032619529720e-01
3.702618574612347446e-01
3.187886372510000399e-01
3.776848695272727596e-01
1.119870213226289435e-01
2.912370868529593482e-01
9.144553794607593877e-01
5.737302198436781131e-01
4.246750655648891537e-01
8.291244938983375334e-01
1.511826082073784994e-01
1.332883574343886046e-01
4.392561492707460769e-01
1.675528818833322831e-01
1.742858103359163358e-01
5.499487905206292826e-01
1.310717440971561620e-01
8.717573083392792244e-01
7.459181839428390415e-01
6.652201003239657240e-01
4.700925552399212171e-01
2.732121547805270723e-01
1.592376758843409013e-01
2.214173073319428697e-01
3.831382617761008857e-01
8.934159539463897293e-01
3.366234402765821976e-01
4.525706660719310825e-01
8.792065421299204431e-01
6.269790893340446702e-01
4.580971790072855820e-01
8.228681001074880097e-01
2.268748632331158976e-01
4.253788051792096736e-01
6.998153633303044741e-01
4.564793387673422020e-01
2.500027300570747402e-01
7.724301875040207044e-02
1.513848428338724350e-01
2.571243556103349759e-01
6.342219937380871864e-01
3.750897004094702059e-01
1.586561293350828850e-01
8.996840736774758263e-02
4.322449472329008557e-01
3.657946099918804039e-01
2.367998520571212850e-01
6.133735922398143581e-01
3.011551655339839151e-02
5.972952555352027959e-01
2.475295673412600816e-01
4.059344517120154761e-01
4.990870305811245800e-03
3.764530860097570764e-01
5.350847790233549395e-01
6.524299801629654949e-01
5.025266897359415008e-01
7.991425952210192696e-01
2.587837961669745557e-01
2.787249712880350838e-01
4.929421406016303298e-01
3.310270077393011601e-01
3.012556041189023981e-01
7.703299190359180759e-01
1.712873444781370935e-02
7.988945026599014732e-01
7.278174697220741729e-01
6.399657304805391744e-01
1.352453390165222480e-01
2.472426074302221943e-01
4.733645850998386972e-01
2.012750675460837080e-01
5.242619363663375553e-01
5.503899716468907410e-01
6.174097639027280593e-01
6.163108725231547513e-01
3.373526048969086588e-01
6.330680050773729306e-01
4.256568060694592148e-01
4.852687991533100043e-01
2.787597083709254520e-01
4.955112321921197882e-01
5.493150146985074089e-01
6.926340924601018800e-01
5.518345007142664294e-01
3.483393218584208695e-01
2.447216998998718029e-01
3.979524955799451646e-01
2.381502714732812720e-01
5.893228371185552650e-01
8.031651125804639690e-01
6.987626585775150723e-01
2.410969307727934829e-01
6.968364698864824014e-01
3.339515323391348822e-01
6.319584095152812608e-01
3.698632931115337641e-01
7.888352617549196921e-01
4.372637247776013369e-01
6.666073655391091535e-01
6.142585761059957683e-01
2.252202704756480767e-01
6.284483736393648989e-01
3.949984274949120966e-01
2.992202388814384495e-01
5.558311692217461353e-01
7.098907638103071349e-01
7.402170164540242681e-01
3.548129756231520604e-01
8.147991929800530997e-01
4.663933244287540303e-01
5.539856908886084952e-01
3.326379672900237061e-01
8.437966678852757418e-01
5.589588457091694274e-01
7.212402650375384638e-01
3.209853925174677158e-01
3.025522956078744441e-01
2.587176916431555007e-01
8.063979661916365060e-01
2.985586908813370188e-01
5.461181178380527523e-01
4.576346516544802512e-01
8.604082805446142679e-01
3.562837115663914922e-01
7.241619040893434445e-01
4.552511965584123965e-01
4.702341978856170446e-01
3.817195491083200665e-01
8.963178202249513227e-01
6.075004627610053332e-01
7.005224694003160391e-01
3.427298832382561500e-01
2.653229738119401437e-01
4.223003917180738753e-01
5.863389289511928837e-01
2.851774719901395416e-01
6.717520595077377532e-01
7.581041080976556046e-01
7.825142629383496917e-01
2.399639497642915842e-01
6.172957300379149359e-01
3.420520484010278750e-01
5.309789044832071703e-01
4.376802986533565587e-01
8.210866092037276687e-01
5.386825790855273022e-01
6.615615296094212727e-01
6.572778250053508131e-01
2.548200047792867906e-01
4.260807102084926967e-01
5.620922732392719112e-01
3.449379845522342336e-01
7.785515414398984646e-01
5.965232099955061207e-01
6.350403605110195304e-01
4.621308808024677250e-01
3.938080781703763300e-01
1.639231215043406298e-01
8.416667178370809133e-01
1.516184032619554145e-01
3.702618574612365210e-01
3.187886372509951549e-01
3.776848695272798651e-01
1.119870213226165090e-01
2.912370868529616241e-01
9.144553794607660491e-01
5.737302198436847744e-01
4.246750655648923733e-01
8.291244938983328705e-01
1.511826082073864930e-01
1.332883574344054800e-01
4.392561492707437454e-01
1.675528818833408318e-01
1.742858103359158362e-01
5.499487905206360550e-01
1.310717440971514991e-01
8.717573083392746724e-01
7.459181839428364880e-01
6.652201003239646138e-01
4.700925552399206619e-01
2.732121547805194117e-01
1.592376758843425666e-01
2.214173073319458673e-01
3.831382617761003306e-01
8.934159539463841782e-01
3.366234402765839739e-01
4.525706660719288066e-01
8.792065421299379846e-01
6.269790893340509985e-01
4.580971790072882466e-01
8.228681001074877877e-01
2.268748632331132331e-01
4.253788051792127822e-01
6.998153633302998111e-01
4.564793387673429237e-01
2.500027300570891731e-01
7.724301875040184839e-02
1.513848428338673280e-01
2.571243556103305350e-01
6.342219937380864092e-01
3.750897004094650433e-01
1.586561293350671198e-01
8.996840736774819325e-02
4.322449472329017994e-01
3.657946099918863991e-01
2.367998520571288346e-01
6.133735922398152463e-01
3.011551655340116707e-02
5.972952555352101234e-01
2.475295673412750697e-01
4.059344517120252460e-01
4.990870305809469443e-03
3.764530860097613507e-01
5.350847790233540513e-01
6.524299801629649398e-01
5.025266897359415008e-01
