2.470084707782226052e-01
3.350376753999542156e-01
6.697624730210237631e-01
1.821993778425859967e-01
7.056528958575051247e-01
3.663437072250159687e-01
6.563432296447448966e-01
6.724038241589160858e-01
7.435643739949421294e-01
8.292397998244389612e-01
7.804132601865072516e-01
4.954489845686997906e-01
2.836628835905077306e-01
5.228683218290697265e-02
5.519612219879815873e-01
2.333983498582916094e-01
5.957331133850238825e-01
3.986813538389961664e-01
6.968422467147032950e-01
5.359965916085140947e-02
4.573503663645728246e-02
3.574345890822739347e-01
4.915109422798794592e-01
3.624527509887270904e-01
2.777102311862260642e-01
5.396480689751221860e-01
5.531785137770276473e-01
3.097066182996078831e-01
8.579036651407326852e-01
3.919549093028589781e-01
8.705608507521553907e-01
1.309235913706493504e-01
3.442488784721897677e-01
6.124257723166569578e-01
8.340869073639385345e-01
3.896230426784890177e-01
9.405449156454156467e-01
3.473346633237777703e-01
5.892209646391528555e-01
8.271470431173277849e-01
9.046031185076358616e-01
5.944766375434339389e-01
9.152676593820547879e-01
5.802555073656813223e-01
7.610251321784564649e-01
1.014727314067783159e-01
7.281422413765792356e-01
2.291068527094403118e-01
4.034987658974498181e-01
6.485625099189750165e-01
5.381039454955189871e-01
6.258594662023180266e-01
4.412520115348328442e-02
1.812131779720453917e-01
9.939761242991668189e-02
1.386079061002072343e-01
4.303892939476262613e-01
6.653255503272170746e-01
6.677003828197244362e-01
2.568685999995481417e-01
2.722416492677615651e-01
2.874135233944585810e-02
3.059367443078514492e-01
9.431735525114870455e-02
1.265043118473323236e-01
6.500531082927385462e-02
3.471662909190380564e-01
1.626423241179693058e-01
3.937753358156512729e-01
4.989278175409290750e-01
4.513193319737820453e-01
6.125323613882680540e-01
4.369614035238749139e-01
8.440030068751698256e-01
6.827177155933690234e-01
3.791856170979993612e-01
8.064598686630031210e-02
7.243012260691261694e-02
2.847990955227561738e-01
6.607495953467844574e-01
9.060077741658003614e-01
3.433509557062730533e-01
7.356342881291926261e-01
5.206180266116119393e-01
1.893526433947058107e-01
5.640168460108874182e-01
7.802897150730579989e-01
6.972863796508754763e-01
3.014187284130076527e-02
3.416994566027876656e-01
9.253519982600031391e-01
5.687356419536566676e-01
9.099052572175732045e-01
7.519066316892071278e-01
3.229181958708698952e-01
1.103232772667752659e-01
5.394393176230027898e-01
4.719862377480650295e-01
9.602443584023181433e-01
2.246467270166259134e-01
4.197350951257711182e-01
6.540582963915861914e-01
9.936738876080906113e-01
1.668719867214532027e-01
3.624070225154254477e-01
3.513373830551768107e-01
4.911697214260840605e-01
6.324275515810409143e-01
7.237926892264305856e-01
7.857260391327097748e-01
9.333786612790192505e-01
4.661874100767302576e-01
5.889384054767706766e-01
4.820419306446699359e-02
6.080762703365354405e-01
1.551287452836580538e-01
2.470084707782226052e-01
3.350376753999542156e-01
6.697624730210237631e-01
1.821993778425859967e-01
7.056528958575051247e-01
3.663437072250159687e-01
6.563432296447448966e-01
6.724038241589160858e-01
7.435643739949421294e-01
8.292397998244389612e-01
7.804132601865072516e-01
4.954489845686997906e-01
2.836628835905077306e-01
5.228683218290697265e-02
5.519612219879815873e-01
2.333983498582916094e-01
5.957331133850238825e-01
3.986813538389961664e-01
6.968422467147032950e-01
5.359965916085140947e-02
4.573503663645728246e-02
3.574345890822739347e-01
4.915109422798794592e-01
3.624527509887270904e-01
2.777102311862260642e-01
5.396480689751221860e-01
5.531785137770276473e-01
3.097066182996078831e-01
8.579036651407326852e-01
3.919549093028589781e-01
8.705608507521553907e-01
1.309235913706493504e-01
3.442488784721897677e-01
6.124257723166569578e-01
8.340869073639385345e-01
3.896230426784890177e-01
9.405449156454156467e-01
3.473346633237777703e-01
5.892209646391528555e-01
8.271470431173277849e-01
9.046031185076358616e-01
5.944766375434339389e-01
9.152676593820547879e-01
5.802555073656813223e-01
7.610251321784564649e-01
1.014727314067783159e-01
7.281422413765792356e-01
2.291068527094403118e-01
4.034987658974498181e-01
6.485625099189750165e-01
5.381039454955189871e-01
6.258594662023180266e-01
4.412520115348328442e-02
1.812131779720453917e-01
9.939761242991668189e-02
1.386079061002072343e-01
4.303892939476262613e-01
6.653255503272170746e-01
6.677003828197244362e-01
2.568685999995481417e-01
2.722416492677615651e-01
2.874135233944585810e-02
3.059367443078514492e-01
9.431735525114870455e-02
4.197350951257711182e-01
6.540582963915861914e-01
9.936738876080906113e-01
1.668719867214532027e-01
3.624070225154254477e-01
3.513373830551768107e-01
4.911697214260840605e-01
6.324275515810409143e-01
7.237926892264305856e-01
7.857260391327097748e-01
9.333786612790192505e-01
4.661874100767302576e-01
5.889384054767706766e-01
4.820419306446699359e-02
6.080762703365354405e-01
1.551287452836580538e-01
4.074978132882736137e-01
3.157334882360789408e-01
7.227419294073567091e-01
3.548800568454412163e-01
2.867040471435760018e-01
4.996650675668918851e-01
7.590518842151672274e-01
0.000000000000000000e+00
9.522781699419464729e-01
5.180409870674952399e-01
9.388506912263286930e-01
5.016013796665093061e-01
1.729998194319605220e-01
3.989425509578821138e-01
1.142098077922875099e-01
1.259347071937153562e-01
5.380371909529622076e-01
6.021174568677745143e-01
7.506913511428470187e-01
1.626181721417556680e-01
6.266580795760896549e-01
3.657188701692459798e-01
7.839504053464660949e-01
1.598748345281730820e-02
6.279610914061977134e-01
7.683187908586873727e-01
8.192300714572686715e-01
8.465967499237252447e-01
2.111718991011868329e-01
2.904413392643645508e-02
8.779076870882991379e-01
1.499905063097594082e-01
5.005899296461990833e-01
3.440026476218314144e-01
9.886160056414547981e-01
2.441952565112047724e-01
4.457985565107049908e-01
3.729322156986286663e-01
8.423818132123988001e-01
1.290990561072185017e-01
9.575770119909092770e-01
9.456822979477557123e-01
8.569817157615160497e-01
3.217684780823457658e-01
2.412606227672174919e-01
1.780694222169554308e-02
7.193233368564948549e-01
1.982876522265000219e-01
4.534768034445366691e-01
4.293547808628828122e-01
1.000000000000000000e+00
2.346555318914992361e-01
5.261961324776383009e-01
5.082190808589414077e-01
7.144963540490953946e-01
1.542229482629631221e-02
8.828891523306663380e-01
7.260313150206271215e-01
9.282601433611790132e-01
8.208351944943386158e-01
2.457273584727074356e-01
2.130632167962076551e-02
6.234617953663112999e-01
1.604363773091385115e-01
6.143059877091934240e-01
6.760291875672876927e-01
7.300636313565611601e-01
1.677328147053716023e-01
5.672386072085879860e-01
4.148856545578822885e-01
5.722009650425916583e-01
1.511391494865081953e-01
8.296180645672075471e-01
6.212306512091446686e-01
9.783332596669471748e-01
8.160565443333087643e-01
1.460680440838364458e-01
5.705403364868555371e-02
9.154088201016623572e-01
2.055572669451370960e-01
2.470084707782260747e-01
3.350376753999575463e-01
6.697624730210254285e-01
1.821993778425792798e-01
7.056528958575125632e-01
3.663437072250184112e-01
6.563432296447420100e-01
6.724038241589168630e-01
7.435643739949439057e-01
8.292397998244251944e-01
7.804132601865079177e-01
4.954489845687013450e-01
2.836628835905100066e-01
5.228683218288932011e-02
5.519612219879913573e-01
2.333983498582968275e-01
5.957331133850161109e-01
3.986813538389969436e-01
6.968422467147057375e-01
5.359965916085507320e-02
4.573503663646105721e-02
3.574345890822805405e-01
4.915109422798777938e-01
3.624527509887234267e-01
2.777102311862368889e-01
5.396480689751192994e-01
5.531785137770202088e-01
3.097066182996190964e-01
8.579036651407334624e-01
3.919549093028598108e-01
8.705608507521613859e-01
1.309235913706520149e-01
3.442488784721891015e-01
6.124257723166633971e-01
8.340869073639500808e-01
3.896230426784819123e-01
9.405449156454150916e-01
3.473346633237827663e-01
5.892209646391478595e-01
8.271470431173375548e-01
9.046031185076218728e-01
5.944766375434241690e-01
9.152676593820624484e-01
5.802555073657013063e-01
7.610251321784549106e-01
1.014727314067666031e-01
7.281422413765663570e-01
2.291068527094412000e-01
4.034987658974482083e-01
6.485625099189805676e-01
5.381039454955227619e-01
6.258594662023251320e-01
4.412520115348361749e-02
1.812131779720571600e-01
9.939761242991485002e-02
1.386079061002180035e-01
4.303892939476233748e-01
6.653255503272262894e-01
6.677003828197344282e-01
2.568685999995542479e-01
2.722416492677658395e-01
2.874135233946140122e-02
3.059367443078520599e-01
9.431735525115095276e-02
