4.332450969246897099e-01
5.632131771098468631e-01
6.309295268368871890e-01
5.003662417573693233e-01
6.421886991791553312e-01
5.612503738948129151e-01
2.089936948245825210e-01
1.000000000000000000e+00
5.297279382830674122e-01
3.706651005897281248e-01
3.792813196980944213e-01
8.271101065669470565e-01
6.568996979563078709e-01
2.591027686344998804e-01
6.566792514960156923e-01
5.214392070233251353e-01
5.921035902250486593e-01
2.015816218309858243e-01
5.393467926170945059e-01
6.441081648799447112e-01
4.582771614938329074e-01
2.524822710287833449e-01
8.454505063974149248e-02
2.763196051204001025e-01
2.761197043507468418e-03
2.971572951615054914e-02
9.185433107733786962e-02
2.145674924313213383e-01
7.781168602136224743e-01
4.899246734652654145e-01
6.672225945213885456e-01
7.422729383503170464e-01
5.120145777253215513e-01
2.216988750467280278e-01
3.022546026797077179e-01
4.182144339054327808e-01
3.382410005670669628e-01
2.606302714189434599e-02
3.405664192651793043e-02
5.460278697764322509e-01
7.716697473901223958e-02
9.606201620092053028e-02
2.691513908969523361e-01
7.206645688515592729e-01
8.513238710223567374e-01
3.130847041907242057e-01
4.046645147555274491e-01
6.889596257881814845e-01
8.659933755442689174e-01
9.999999999999998890e-01
7.058930818108452021e-01
7.320915874826245950e-01
4.773007883287262443e-01
2.057564706447172487e-01
7.762394860220844794e-02
9.352866435149660429e-01
7.797914915523481705e-01
3.772387400719618977e-01
4.698654737544737392e-01
5.647468290417778647e-01
8.121986021125036093e-01
5.581068812275870039e-01
7.273358064378890875e-01
4.805497588608003134e-01
4.635924461783462736e-01
5.089944072071055370e-01
9.526123542892652729e-01
4.829854876566445077e-01
5.442125933289609918e-01
7.288131204203238678e-01
1.832574821488841543e-01
9.706069661419525207e-01
7.860795619784337607e-01
4.629225695093925896e-01
3.831613614942923629e-01
6.594811552122481491e-01
2.332714391446686353e-01
5.546340535942879679e-01
5.504919670658059427e-01
3.493565808671535988e-01
6.903320639077976661e-01
5.692639577685676411e-01
3.029945728178281006e-01
8.799502989036309120e-02
4.681227409680921436e-02
3.184961185736025213e-02
8.352516964319612880e-01
4.570738714851526607e-01
5.068139727259397542e-01
2.401108323747650486e-01
3.223984988946348995e-01
7.423231888807135803e-02
2.014275487189780556e-01
1.000000000000000222e+00
8.349755842974848630e-01
6.509141608403079537e-01
7.635284316428889717e-01
1.670410413554814788e-01
2.918746169647234989e-01
8.372654646322925664e-01
6.588696137662045649e-01
6.908155101742881055e-01
6.853111135574680990e-01
5.402165993595937632e-01
4.892273187117652800e-01
2.019155113806588853e-01
6.520558836509821043e-02
9.300700027813995074e-01
3.871996227841918436e-01
9.086745524605266411e-02
3.121890378863531046e-01
7.490912462136127825e-01
9.391621692494630524e-01
4.929059863747176085e-01
6.342076407024843654e-01
6.470944254966627396e-01
4.332450969246897099e-01
5.632131771098468631e-01
6.309295268368871890e-01
5.003662417573693233e-01
6.421886991791553312e-01
5.612503738948129151e-01
2.089936948245825210e-01
1.000000000000000000e+00
5.297279382830674122e-01
3.706651005897281248e-01
3.792813196980944213e-01
8.271101065669470565e-01
6.568996979563078709e-01
2.591027686344998804e-01
6.566792514960156923e-01
5.214392070233251353e-01
5.921035902250486593e-01
2.015816218309858243e-01
5.393467926170945059e-01
6.441081648799447112e-01
4.582771614938329074e-01
2.524822710287833449e-01
8.454505063974149248e-02
2.763196051204001025e-01
2.761197043507468418e-03
2.971572951615054914e-02
9.185433107733786962e-02
2.145674924313213383e-01
7.781168602136224743e-01
4.899246734652654145e-01
6.672225945213885456e-01
7.422729383503170464e-01
5.120145777253215513e-01
2.216988750467280278e-01
3.022546026797077179e-01
4.182144339054327808e-01
3.382410005670669628e-01
2.606302714189434599e-02
3.405664192651793043e-02
5.460278697764322509e-01
7.716697473901223958e-02
9.606201620092053028e-02
2.691513908969523361e-01
7.206645688515592729e-01
8.513238710223567374e-01
3.130847041907242057e-01
4.046645147555274491e-01
6.889596257881814845e-01
8.659933755442689174e-01
9.999999999999998890e-01
7.058930818108452021e-01
7.320915874826245950e-01
4.773007883287262443e-01
2.057564706447172487e-01
7.762394860220844794e-02
9.352866435149660429e-01
7.797914915523481705e-01
3.772387400719618977e-01
4.698654737544737392e-01
5.647468290417778647e-01
8.121986021125036093e-01
5.581068812275870039e-01
7.273358064378890875e-01
4.805497588608003134e-01
6.588856140864424171e-01
6.908507992267363118e-01
6.853432271239026097e-01
5.402372466671163664e-01
4.892591145746305603e-01
2.019312872448678631e-01
6.521112365183140414e-02
9.296393682946575421e-01
3.872212824290326427e-01
9.088025518946152292e-02
3.122036238673676634e-01
7.491235917065590666e-01
9.391832712636675184e-01
4.929284627031376154e-01
6.342454269744730588e-01
6.471091577850059950e-01
5.955036618641251778e-01
4.720532340359913093e-01
4.417748671188070908e-01
7.544936046968306886e-01
3.457468128366372184e-01
8.910096703357373027e-02
2.277388662921768780e-01
5.138722822147554492e-01
4.624198884756443029e-01
1.257537255203436954e-01
1.387412863557816456e-01
7.774828405043106017e-01
7.698821182660492424e-01
7.011948187433703072e-01
3.721578888703396260e-01
6.542713705852098993e-01
7.372025202862826365e-01
6.976849744765232231e-01
4.217563312705205902e-01
5.832080858124499834e-01
6.563494921351504807e-01
7.190471387768848643e-02
2.270664107814011068e-01
5.902922826013097257e-01
4.619096323124738390e-01
1.433050831857251017e-01
1.710117806558612008e-01
9.308469605523899126e-01
5.857386655136485043e-01
7.178724659336954694e-01
7.471771607112112079e-01
8.555171133342204248e-01
8.095008034389994389e-01
7.327900196304959479e-02
5.170627982171271952e-01
6.716563953095658901e-01
2.526978828098069840e-01
1.913480271686905931e-01
1.964415335787306205e-01
8.079792444776843219e-01
3.614653942456595992e-01
2.782282172246499652e-01
2.427697362442956530e-01
2.125276892687608665e-01
6.923878101838463195e-01
4.872323978338015671e-01
6.533597033236917540e-01
8.712043161359573906e-01
7.118960095900088714e-01
3.343509487319549223e-01
4.010668015427469868e-01
7.345445879596053107e-01
1.476735001719067242e-01
1.627251646589017442e-01
1.564895524782781155e-01
5.663906975042691805e-01
3.970140929194925228e-01
2.311353935459785625e-01
2.601417340164464687e-01
6.472939102824843971e-01
7.807683370605172923e-01
7.874202330253861071e-01
3.826018925839980156e-01
7.673091423289803981e-01
7.159927742323892730e-01
5.221696175382382066e-01
5.222778149712512530e-01
6.976068407136268856e-01
6.116673412201265592e-01
1.012002059668455356e-01
1.442470353295850494e-01
8.110000401178929508e-01
4.668693147131324217e-01
2.154672834355552125e-01
2.433402643497895035e-01
5.961697252124427138e-01
7.192649064949239168e-01
5.999125030071148501e-01
8.551749893509166256e-01
8.201266559041756610e-01
4.332450969246934291e-01
5.632131771098553008e-01
6.309295268368859677e-01
5.003662417573671028e-01
6.421886991791450061e-01
5.612503738948200205e-01
2.089936948245796344e-01
1.000000000000000000e+00
5.297279382830736294e-01
3.706651005897179108e-01
3.792813196980915347e-01
8.271101065669392849e-01
6.568996979563119787e-01
2.591027686344945513e-01
6.566792514960174687e-01
5.214392070233235810e-01
5.921035902250531002e-01
2.015816218309761654e-01
5.393467926170933957e-01
6.441081648799406034e-01
4.582771614938394578e-01
2.524822710287834004e-01
8.454505063974321333e-02
2.763196051203933301e-01
2.761197043508023530e-03
2.971572951614837033e-02
9.185433107733495528e-02
2.145674924313230036e-01
7.781168602136137036e-01
4.899246734652703550e-01
6.672225945213947629e-01
7.422729383503218203e-01
5.120145777253253261e-01
2.216988750467268066e-01
3.022546026797053309e-01
4.182144339054374438e-01
3.382410005670593023e-01
2.606302714189234759e-02
3.405664192651663980e-02
5.460278697764442413e-01
7.716697473900679949e-02
9.606201620091581184e-02
2.691513908969397351e-01
7.206645688515641579e-01
8.513238710223587358e-01
3.130847041907195427e-01
4.046645147555019140e-01
6.889596257881829278e-01
8.659933755442681402e-01
9.999999999999998890e-01
7.058930818108457572e-01
7.320915874826390279e-01
4.773007883287262443e-01
2.057564706447259084e-01
7.762394860221255577e-02
9.352866435149586044e-01
7.797914915523461721e-01
3.772387400719613426e-01
4.698654737544746274e-01
5.647468290417873016e-01
8.121986021125019439e-01
5.581068812275896684e-01
7.273358064378965260e-01
4.805497588608016457e-01
