9.536264765436631707e-01
1.000000000000000000e+00
3.333600572440174048e-01
5.969804154476533453e-01
8.526451405728457944e-01
5.406875845189971219e-01
5.592450236838120148e-01
4.609274027824341591e-01
1.464798293908314841e-01
6.179052898179215880e-02
1.790098775239421514e-01
4.331136846319580957e-01
5.975099753848015505e-01
7.921277528326328143e-01
5.483585228213837537e-01
5.318617140777233132e-01
5.922788749180216694e-01
3.666411691143462992e-01
6.472118907624051509e-01
3.879083181410671877e-01
1.609799239346257904e-01
2.293709959147728905e-01
4.113167647207511823e-01
0.000000000000000000e+00
2.773178906827115098e-01
3.926155625929076964e-01
3.726423800881381032e-01
6.281568044228210690e-01
2.979105614385932910e-01
0.000000000000000000e+00
6.316569236331492920e-01
1.979579141331309078e-01
8.526691757533257920e-01
1.273974620653285372e-01
5.990182889016593126e-03
7.777292404524203118e-01
3.072761476724777951e-01
1.276620225430890598e-01
4.172921184803302652e-01
5.440155251536626935e-02
3.817797637726350057e-02
2.153881695721258094e-01
3.199023188033581211e-01
6.761803445406199264e-01
4.864252052813730076e-01
2.734053890633226791e-01
6.819052959045905915e-01
1.000000000000000000e+00
8.509303383741592119e-01
4.160127525123378245e-01
2.240217136859062874e-01
7.895664679814229370e-01
6.833093089766871797e-01
0.000000000000000000e+00
2.886819557322245489e-01
1.091836586912254825e-01
9.885098523228202927e-01
1.430713109077277334e-01
3.341218532292807852e-01
7.102449155374412904e-01
7.454343888522121375e-01
4.487054275039011886e-01
5.696542634101456892e-01
6.633229739866537411e-01
8.510897944472853860e-01
1.000000000000000000e+00
7.110836709450452098e-02
5.392558545813611603e-01
7.459249173674051825e-01
6.839549846456225435e-01
5.996913569969046787e-01
4.632471534465205654e-01
6.463687467422429833e-02
4.148021037199134398e-02
9.032318711701747826e-02
6.510772641331434851e-01
8.221402608551560132e-01
3.002172079156693041e-01
4.502731042765177882e-01
6.140256029409857375e-01
7.224905185770678084e-01
1.457204470657778028e-01
3.185378981080935756e-01
3.930624610786631612e-01
3.001401823012260772e-01
4.047459310205779315e-01
1.842196107858319332e-01
0.000000000000000000e+00
6.121774810693485502e-01
1.467814123818518279e-01
1.520537772667041043e-01
2.070935355968194225e-01
0.000000000000000000e+00
4.659369659905723271e-01
7.921687871309135431e-01
9.345620928622797585e-01
8.054993450538483479e-01
1.833237497877981959e-01
4.283276949171359593e-01
6.639423007799156728e-01
9.354270149905531406e-01
6.464131187873995987e-01
1.353697914157734328e-01
6.255388271143096368e-01
4.814357851809190070e-01
1.917999817104097948e-01
4.352534165076045181e-01
5.176723525698379014e-02
4.606762499667462762e-01
2.233258777017260721e-01
3.680433957883818552e-01
8.197951491844512883e-01
6.365086836258931902e-01
3.806678656452222587e-01
5.908571925749614984e-01
6.479994619247056997e-01
9.536264765436631707e-01
1.000000000000000000e+00
3.333600572440174048e-01
5.969804154476533453e-01
8.526451405728457944e-01
5.406875845189971219e-01
5.592450236838120148e-01
4.609274027824341591e-01
1.464798293908314841e-01
6.179052898179215880e-02
1.790098775239421514e-01
4.331136846319580957e-01
5.975099753848015505e-01
7.921277528326328143e-01
5.483585228213837537e-01
5.318617140777233132e-01
5.922788749180216694e-01
3.666411691143462992e-01
6.472118907624051509e-01
3.879083181410671877e-01
1.609799239346257904e-01
2.293709959147728905e-01
4.113167647207511823e-01
0.000000000000000000e+00
2.773178906827115098e-01
3.926155625929076964e-01
3.726423800881381032e-01
6.281568044228210690e-01
2.979105614385932910e-01
0.000000000000000000e+00
6.316569236331492920e-01
1.979579141331309078e-01
8.526691757533257920e-01
1.273974620653285372e-01
5.990182889016593126e-03
7.777292404524203118e-01
3.072761476724777951e-01
1.276620225430890598e-01
4.172921184803302652e-01
5.440155251536626935e-02
3.817797637726350057e-02
2.153881695721258094e-01
3.199023188033581211e-01
6.761803445406199264e-01
4.864252052813730076e-01
2.734053890633226791e-01
6.819052959045905915e-01
1.000000000000000000e+00
8.509303383741592119e-01
4.160127525123378245e-01
2.240217136859062874e-01
7.895664679814229370e-01
6.833093089766871797e-01
0.000000000000000000e+00
2.886819557322245489e-01
1.091836586912254825e-01
9.885098523228202927e-01
1.430713109077277334e-01
3.341218532292807852e-01
7.102449155374412904e-01
7.454343888522121375e-01
4.487054275039011886e-01
5.696542634101456892e-01
6.633229739866537411e-01
9.354270149905531406e-01
6.464131187873995987e-01
1.353697914157734328e-01
6.255388271143096368e-01
4.814357851809190070e-01
1.917999817104097948e-01
4.352534165076045181e-01
5.176723525698379014e-02
4.606762499667462762e-01
2.233258777017260721e-01
3.680433957883818552e-01
8.197951491844512883e-01
6.365086836258931902e-01
3.806678656452222587e-01
5.908571925749614984e-01
6.479994619247056997e-01
8.215045373068439183e-01
9.330329155023608934e-01
2.604647221954694558e-01
5.817771408923557708e-01
0.000000000000000000e+00
1.959771339829720072e-01
5.431728191268641037e-01
1.694805685115199356e-01
3.816752084604679851e-01
1.814471334091042332e-01
3.679920495697378557e-01
9.105722043313861924e-01
8.591513853040705362e-01
2.013079529185808347e-01
3.315796716480079454e-02
6.217667207335806356e-01
8.085100293169045216e-01
5.704670477348900981e-01
7.987733054635168806e-01
4.791616666958578019e-01
3.222444889491731246e-01
6.625838039873976903e-02
3.826630380092317374e-01
6.321743671988131474e-01
6.758403844353519929e-01
2.885819813398121658e-01
2.974293963383257688e-01
5.893942826414524383e-01
6.055946240201508513e-01
5.888968905174154500e-01
2.848115170500800097e-01
6.604317991582610015e-01
7.485116403948932629e-01
1.676903384356958071e-01
8.141763278432341266e-01
6.867407235322345871e-01
4.622963804919528741e-01
2.106525911886248936e-01
2.363469493594032578e-01
6.120247635151012666e-01
6.810492547574318323e-01
3.206618726914391981e-01
3.824917341222602296e-01
1.158981255755611173e-01
6.553755809781809383e-01
3.813269413708502142e-01
6.340378449448795806e-01
5.932716383839323759e-01
6.800207512440730184e-01
4.783288225414583650e-01
5.366954817456615068e-01
7.534115663560549958e-01
2.280485955399580433e-01
2.329914208639994877e-01
2.855497879608217549e-01
2.598082857993322392e-01
7.487094601604371569e-01
2.515153375356872223e-01
3.939379302760508406e-01
6.136777285354151346e-01
7.426384098600710137e-01
5.409319229455760158e-01
3.792815972269512059e-01
5.295898030849877092e-01
7.699224988191992747e-01
7.324852232316487743e-01
6.350673047105401814e-01
6.370260716357025732e-01
6.119207615355444219e-01
5.997214754474344822e-02
2.804738768338862487e-01
5.824372214368551681e-01
6.646290499656681838e-01
3.135279002380902957e-01
3.698232853319780578e-01
4.772298836285244761e-01
6.695449298516986669e-01
4.028076427482720767e-01
6.526242828879071922e-01
6.230784313931118090e-01
9.536264765436650581e-01
9.999999999999998890e-01
3.333600572440102439e-01
5.969804154476463509e-01
8.526451405728412425e-01
5.406875845189911267e-01
5.592450236838168998e-01
4.609274027824340481e-01
1.464798293908415872e-01
6.179052898177617159e-02
1.790098775239362672e-01
4.331136846319525446e-01
5.975099753847985529e-01
7.921277528326321482e-01
5.483585228213797569e-01
5.318617140777264218e-01
5.922788749180294410e-01
3.666411691143390827e-01
6.472118907624073714e-01
3.879083181410621917e-01
1.609799239346315636e-01
2.293709959147763877e-01
4.113167647207499611e-01
0.000000000000000000e+00
2.773178906827235557e-01
3.926155625929091952e-01
3.726423800881352166e-01
6.281568044228302838e-01
2.979105614385966216e-01
0.000000000000000000e+00
6.316569236331459614e-01
1.979579141331291314e-01
8.526691757533302329e-01
1.273974620653307577e-01
5.990182889015482903e-03
7.777292404524278613e-01
3.072761476724696905e-01
1.276620225430897260e-01
4.172921184803276562e-01
5.440155251538358883e-02
3.817797637727704529e-02
2.153881695721233669e-01
3.199023188033700560e-01
6.761803445406336932e-01
4.864252052813701210e-01
2.734053890633092454e-01
6.819052959045763807e-01
1.000000000000000000e+00
8.509303383741648741e-01
4.160127525123425984e-01
2.240217136859060099e-01
7.895664679814335951e-01
6.833093089766867356e-01
0.000000000000000000e+00
2.886819557322221064e-01
1.091836586912361406e-01
9.885098523228296186e-01
1.430713109077391687e-01
3.341218532292761223e-01
7.102449155374307432e-01
7.454343888522166894e-01
4.487054275039007445e-01
5.696542634101431357e-01
6.633229739866537411e-01
