3.244895520381778642e-01
4.883398674883439039e-01
1.163520373022367549e-01
2.675161054032283436e-01
3.154944543855178196e-01
5.123952029882186121e-01
9.068049021567817780e-01
2.714116210429966536e-01
2.126934992613016551e-01
5.787421196788362643e-01
4.039244236070771432e-01
2.397790247007538511e-01
3.087581860873609974e-01
1.208531141128755815e-01
1.345915474195753525e-01
2.093614721665280620e-01
3.924563071923681257e-02
5.074308865991097317e-01
6.266155885968640593e-01
8.619177395929722429e-02
4.759555502074198641e-01
1.000000000000000000e+00
8.836937490855638622e-01
4.376445406523106207e-01
7.556715172138537273e-01
7.215108573466172404e-01
8.091980692698999000e-01
8.858909106356364083e-01
3.833555267861490368e-01
4.813173302005537280e-01
3.818443790488481593e-01
3.641515144277243099e-01
1.248401882449665656e-01
4.785744911991016703e-01
4.245429513894066198e-01
8.623074346996828510e-02
5.533823163960480684e-01
8.446475553614001264e-01
6.692724830133339742e-01
3.978463605922719637e-01
4.024385037729665271e-01
7.760092259768056611e-01
7.923598864995948787e-01
5.482231559332583215e-01
6.136278115911809605e-01
4.884006528927061774e-01
5.584641003525273595e-01
3.113927775445841650e-01
3.162112750062993083e-01
4.276414231847028846e-01
4.205016783375733480e-01
2.907039164962404998e-01
6.636816051520100235e-02
5.978682468507217074e-01
6.790460777729990793e-01
3.286660960824034916e-01
8.348853744561446355e-02
5.094905143469228292e-01
3.533954442557308839e-01
2.831666369418253115e-01
3.570600854513888978e-01
3.281580648411549506e-01
1.861752052264444846e-01
3.032489996930714526e-01
3.133046439964268792e-01
3.908234186183789927e-01
2.252087514317178130e-01
2.304620239360161138e-01
2.993117431380167837e-01
5.419626806829231924e-01
9.115720895291821169e-01
2.569790102892852701e-01
2.835647101516352020e-01
5.135058388862465684e-01
3.979758961558669261e-01
3.022596019697061376e-01
9.406497773582245259e-02
7.857652454870001080e-02
1.215799329893862968e-02
5.459740414630271932e-01
5.453667165614499712e-01
2.655154928853120655e-01
8.984800484099004780e-01
8.446015395494066436e-01
7.156281458925292105e-01
6.948061628387015576e-01
4.145841605014198850e-01
4.471792092281246522e-01
1.536614215865657052e-01
4.816914407627619910e-01
5.351331239453418487e-01
8.013214269818863533e-01
4.775225993066030128e-01
5.268177833577639690e-01
3.346309641873616014e-01
9.684902384194371550e-02
2.158499567477245584e-01
8.091634979315052156e-01
8.155507565069683995e-01
2.150812106516342137e-01
1.878680611387950616e-01
6.435572574756056596e-01
2.786910622155165385e-01
2.137819001490668391e-01
1.799155924005493290e-01
8.714199966247706541e-01
7.809823616522937328e-01
3.255039130432433314e-01
2.181860586175869976e-01
7.018753278765906822e-01
7.817664553585289555e-01
5.433233035768760821e-01
3.665803012721005061e-01
3.405407507923030597e-01
2.073707084312039761e-01
3.010771171428437976e-01
3.244895520381778642e-01
4.883398674883439039e-01
1.163520373022367549e-01
2.675161054032283436e-01
3.154944543855178196e-01
5.123952029882186121e-01
9.068049021567817780e-01
2.714116210429966536e-01
2.126934992613016551e-01
5.787421196788362643e-01
4.039244236070771432e-01
2.397790247007538511e-01
3.087581860873609974e-01
1.208531141128755815e-01
1.345915474195753525e-01
2.093614721665280620e-01
3.924563071923681257e-02
5.074308865991097317e-01
6.266155885968640593e-01
8.619177395929722429e-02
4.759555502074198641e-01
1.000000000000000000e+00
8.836937490855638622e-01
4.376445406523106207e-01
7.556715172138537273e-01
7.215108573466172404e-01
8.091980692698999000e-01
8.858909106356364083e-01
3.833555267861490368e-01
4.813173302005537280e-01
3.818443790488481593e-01
3.641515144277243099e-01
1.248401882449665656e-01
4.785744911991016703e-01
4.245429513894066198e-01
8.623074346996828510e-02
5.533823163960480684e-01
8.446475553614001264e-01
6.692724830133339742e-01
3.978463605922719637e-01
4.024385037729665271e-01
7.760092259768056611e-01
7.923598864995948787e-01
5.482231559332583215e-01
6.136278115911809605e-01
4.884006528927061774e-01
5.584641003525273595e-01
3.113927775445841650e-01
3.162112750062993083e-01
4.276414231847028846e-01
4.205016783375733480e-01
2.907039164962404998e-01
6.636816051520100235e-02
5.978682468507217074e-01
6.790460777729990793e-01
3.286660960824034916e-01
8.348853744561446355e-02
5.094905143469228292e-01
3.533954442557308839e-01
2.831666369418253115e-01
3.570600854513888978e-01
3.281580648411549506e-01
1.861752052264444846e-01
3.032489996930714526e-01
1.878680611387950616e-01
6.435572574756056596e-01
2.786910622155165385e-01
2.137819001490668391e-01
1.799155924005493290e-01
8.714199966247706541e-01
7.809823616522937328e-01
3.255039130432433314e-01
2.181860586175869976e-01
7.018753278765906822e-01
7.817664553585289555e-01
5.433233035768760821e-01
3.665803012721005061e-01
3.405407507923030597e-01
2.073707084312039761e-01
3.010771171428437976e-01
2.081631968931236809e-01
4.972112619304476233e-01
3.845482727228051179e-01
1.313804859609695175e-01
3.820399937321665718e-01
8.100283843008125872e-01
8.798722084511139130e-01
4.430854283120235770e-01
4.373465218684824407e-01
7.855213039727613200e-01
7.771278568400319386e-01
4.379228804056549684e-01
2.375995262052097434e-01
3.433909137872483974e-01
3.222086252290279340e-01
3.088280203677500335e-01
1.896087956273080355e-01
7.087973803127596284e-01
6.227937347356493625e-01
1.624822770753439061e-01
5.585276697644356858e-01
8.282612503386556080e-01
7.254724642069354523e-01
4.020324265583394840e-01
7.207861371388366578e-01
6.173400412522260794e-01
8.245577174113934982e-01
5.828773142894476678e-01
1.187635853749263726e-01
7.147241791603518024e-01
3.806528405297799900e-01
2.658604868397799192e-01
2.343205465480489025e-01
6.079341291798057156e-01
7.445468417450404885e-01
1.380589717902173108e-01
7.537404680709265392e-01
6.704188476691055332e-01
8.206545233939875894e-01
7.521531444445965775e-01
6.575007792264653261e-01
8.552255039170876261e-01
6.862119223518847733e-01
8.028727622165394706e-01
1.482548130700364064e-01
6.685260441989142599e-01
5.171169560248403130e-01
1.886491792255520217e-01
1.935753567898610417e-01
8.299591542287894086e-01
7.414777745291121214e-01
1.714855089132240051e-01
7.612528118272492428e-01
7.649356341334189180e-01
7.698895265315398584e-01
5.242074617729426400e-01
6.057864339535110609e-01
7.236298097782449812e-01
7.910456962011901405e-01
6.127363823329163850e-01
1.612243637370402993e-01
6.835847244108084197e-01
6.729056600924945286e-01
2.019658047176567939e-01
1.504563639722322765e-01
6.991263732417909438e-01
7.451890535356264778e-01
1.777255225109574122e-01
6.704988378351561806e-01
8.514707478057454981e-01
5.196655368022663479e-01
7.592254084960314842e-01
6.140250818299697322e-01
6.589526449162792510e-01
7.891318766649554339e-01
6.952578942802629669e-01
1.618618079279749988e-01
6.667263254283435359e-01
6.165121030456992557e-01
1.486392344093144802e-01
3.244895520381793630e-01
4.883398674883423496e-01
1.163520373022288723e-01
2.675161054032300645e-01
3.154944543855038308e-01
5.123952029882148373e-01
9.068049021567772261e-01
2.714116210429948772e-01
2.126934992613128683e-01
5.787421196788409272e-01
4.039244236070920202e-01
2.397790247007645092e-01
3.087581860873599426e-01
1.208531141128919018e-01
1.345915474195755746e-01
2.093614721665333356e-01
3.924563071923126145e-02
5.074308865991132844e-01
6.266155885968742734e-01
8.619177395927057894e-02
4.759555502074155342e-01
1.000000000000000000e+00
8.836937490855626409e-01
4.376445406522946335e-01
7.556715172138506187e-01
7.215108573466141317e-01
8.091980692699048960e-01
8.858909106356274155e-01
3.833555267861459281e-01
4.813173302005406828e-01
3.818443790488538214e-01
3.641515144277274185e-01
1.248401882449479139e-01
4.785744911990926775e-01
4.245429513894161122e-01
8.623074346995696082e-02
5.533823163960407410e-01
8.446475553613944642e-01
6.692724830133351954e-01
3.978463605922635260e-01
4.024385037729423242e-01
7.760092259768065492e-01
7.923598864995704538e-01
5.482231559332518822e-01
6.136278115911729669e-01
4.884006528927048452e-01
5.584641003525293579e-01
3.113927775445974877e-01
3.162112750062957556e-01
4.276414231847158742e-01
4.205016783375760125e-01
2.907039164962422761e-01
6.636816051519867088e-02
5.978682468507470205e-01
6.790460777729986352e-01
3.286660960824075994e-01
8.348853744562156898e-02
5.094905143469077302e-01
3.533954442557105668e-01
2.831666369418055496e-01
3.570600854513874545e-01
3.281580648411482892e-01
1.861752052264444846e-01
3.032489996930681775e-01
