2.889032823783621584e-01
3.785187168104675592e-02
9.538208211081411481e-01
3.379192220724260842e-01
4.372229451411462353e-01
1.813910371155056378e-01
1.676570369343242106e-01
6.031978507125093092e-01
7.688267294972971344e-01
8.050095756326125507e-01
8.347592100111163038e-01
5.047404174746097372e-01
4.162073875163629366e-01
1.763956582630671344e-01
9.978158533154408705e-01
2.900866574811414300e-01
3.637364305886061633e-01
4.642088079213360086e-01
4.277372771388274764e-01
1.638994626113192687e-01
7.921734303043148628e-02
4.072106387494633939e-02
2.437296357758454435e-01
8.524528110373148504e-01
1.803217695654427688e-01
2.392337894461052938e-01
1.580591065112000593e-01
3.243174223397062850e-01
9.638339286798389693e-01
4.902836731024960426e-01
4.486862812099150499e-01
6.202872347100978345e-01
7.406503914965649749e-01
2.900626435671644909e-01
6.586236994522154387e-01
6.178991775122342212e-01
8.288724662087827433e-01
3.255559553118048677e-01
2.194451714009817422e-01
6.573473626592589714e-01
5.442945895933870570e-01
4.507294007383350065e-01
4.491224355431865378e-01
8.141496799092057257e-01
8.203073307798450786e-01
2.146127811441909117e-01
9.023688222066873488e-01
9.107068502222048778e-02
4.528513307059689463e-01
4.030467206486322285e-01
7.688365575822128095e-01
7.240591191269437621e-01
1.743915955746234703e-01
1.262715631646318393e-01
2.073882084818903238e-01
4.453667235995955043e-01
9.560674427604465286e-01
8.744819466130187013e-01
8.274628005672953757e-01
4.166774102313632877e-01
4.498815769527195751e-01
2.497597777072035896e-02
6.179260936766191037e-01
2.069625458082895997e-01
2.406854231114783083e-01
5.105934193665495613e-02
8.557176165666193768e-01
3.067002001298121394e-01
4.269382279792284240e-01
6.013088586022194981e-01
2.422426252788493217e-01
5.573840704188763873e-01
6.691567177858559479e-01
7.808729750770122546e-01
8.466552451311671890e-01
5.475020732338482521e-01
4.159734389178106895e-01
9.448891454706993542e-01
4.442889020194420446e-01
7.598462257319349433e-01
4.915472374442571013e-01
4.977786623744535621e-01
2.881946334468977744e-01
1.983874854325686776e-01
1.915287676035914988e-01
2.280567022645542674e-01
9.449025066011284002e-01
5.915056028596574755e-01
1.813539303029649830e-01
2.555801213988170839e-01
8.540507410279349898e-01
3.808438551891418777e-01
3.672674362966035222e-01
6.119247705725573416e-01
4.486080255541651240e-01
6.867918540201793931e-01
6.158415902044667156e-01
1.838215942995597985e-01
7.401119645804710157e-01
4.439707319046883871e-01
3.847515496908984201e-01
2.035306311473377150e-01
9.372960908216674270e-01
4.806180263839517908e-01
3.130865058269840517e-01
1.745756812976246852e-01
2.136220222260590829e-01
7.214833820179082924e-01
6.733931631519110006e-01
4.217382400950607790e-01
6.699007519413445744e-01
5.589165898302121960e-01
6.707452068768253728e-01
3.688196241424135380e-02
9.969055614031301360e-01
2.868901036543816119e-01
2.889032823783621584e-01
3.785187168104675592e-02
9.538208211081411481e-01
3.379192220724260842e-01
4.372229451411462353e-01
1.813910371155056378e-01
1.676570369343242106e-01
6.031978507125093092e-01
7.688267294972971344e-01
8.050095756326125507e-01
8.347592100111163038e-01
5.047404174746097372e-01
4.162073875163629366e-01
1.763956582630671344e-01
9.978158533154408705e-01
2.900866574811414300e-01
3.637364305886061633e-01
4.642088079213360086e-01
4.277372771388274764e-01
1.638994626113192687e-01
7.921734303043148628e-02
4.072106387494633939e-02
2.437296357758454435e-01
8.524528110373148504e-01
1.803217695654427688e-01
2.392337894461052938e-01
1.580591065112000593e-01
3.243174223397062850e-01
9.638339286798389693e-01
4.902836731024960426e-01
4.486862812099150499e-01
6.202872347100978345e-01
7.406503914965649749e-01
2.900626435671644909e-01
6.586236994522154387e-01
6.178991775122342212e-01
8.288724662087827433e-01
3.255559553118048677e-01
2.194451714009817422e-01
6.573473626592589714e-01
5.442945895933870570e-01
4.507294007383350065e-01
4.491224355431865378e-01
8.141496799092057257e-01
8.203073307798450786e-01
2.146127811441909117e-01
9.023688222066873488e-01
9.107068502222048778e-02
4.528513307059689463e-01
4.030467206486322285e-01
7.688365575822128095e-01
7.240591191269437621e-01
1.743915955746234703e-01
1.262715631646318393e-01
2.073882084818903238e-01
4.453667235995955043e-01
9.560674427604465286e-01
8.744819466130187013e-01
8.274628005672953757e-01
4.166774102313632877e-01
4.498815769527195751e-01
2.497597777072035896e-02
6.179260936766191037e-01
2.069625458082895997e-01
3.847515496908984201e-01
2.035306311473377150e-01
9.372960908216674270e-01
4.806180263839517908e-01
3.130865058269840517e-01
1.745756812976246852e-01
2.136220222260590829e-01
7.214833820179082924e-01
6.733931631519110006e-01
4.217382400950607790e-01
6.699007519413445744e-01
5.589165898302121960e-01
6.707452068768253728e-01
3.688196241424135380e-02
9.969055614031301360e-01
2.868901036543816119e-01
4.410137468571553310e-01
1.307647274572958374e-01
9.670395459634446578e-01
3.096339146773035012e-01
1.728801001467425991e-01
2.323241492708624234e-01
2.751268540569993259e-01
4.356237914654617072e-01
9.482902151232077692e-01
3.807896320404183244e-01
5.963220421865225163e-01
9.346026013758987894e-01
5.246294232109967037e-01
1.007261647366499702e-01
9.580536427662020849e-01
4.015027515216227361e-01
5.055440883352049219e-01
3.889284520083888808e-01
9.497141053818225487e-01
4.455327828137204405e-01
2.364736162709464296e-01
8.311065185767241292e-02
4.149865609277871847e-01
5.575813350368319377e-02
9.598644002732559244e-01
2.896232194517971426e-01
7.183199166280932468e-01
9.515841090414554060e-01
4.154357492377028782e-01
2.276918840966759561e-01
5.899294668467729430e-01
4.355237340688554726e-01
6.739705496795833639e-01
1.959106605726290695e-02
9.126393667382663999e-01
4.706587452515526016e-01
4.986881853227886907e-02
2.133511682541010535e-01
4.416788508294323679e-01
3.013458313504604469e-01
9.251092505230742447e-01
4.568647572775547117e-01
6.941072266641166166e-01
8.396691295154878887e-01
4.567884549926595206e-01
3.572082966348855138e-02
7.845728902729036669e-01
4.219024383447188553e-01
6.877247558390655602e-01
1.029900821503826336e-01
9.448752372453297355e-01
4.640093036105766844e-01
8.736247643190697687e-03
2.094544767079101755e-01
4.281554808007695945e-01
1.577591624704304252e-01
9.718771796799341445e-01
4.334081358321354438e-01
7.133513667487779708e-01
8.802738619688419419e-01
4.656273326808404445e-01
2.977915838101079515e-01
9.074912914660844265e-01
3.960132941267099360e-01
5.825630479791559235e-01
1.760738578664433618e-02
9.695120500464362578e-01
4.583625715932472255e-01
2.895370937467234285e-01
9.520925761567355927e-02
3.357957983177743966e-01
2.616970338028661303e-01
8.039175668816902487e-01
4.688371770272241612e-01
7.034121863789725149e-01
8.248268927074278167e-01
4.491651383953272347e-01
1.584239812792871405e-01
7.753695104260511783e-01
4.191611930612005876e-01
2.889032823783565518e-01
3.785187168104631183e-02
9.538208211081310450e-01
3.379192220724271389e-01
4.372229451411424606e-01
1.813910371155105228e-01
1.676570369343350353e-01
6.031978507125039801e-01
7.688267294972954691e-01
8.050095756326187679e-01
8.347592100111164148e-01
5.047404174746132899e-01
4.162073875163558867e-01
1.763956582630787917e-01
9.978158533154348753e-01
2.900866574811457044e-01
3.637364305885990579e-01
4.642088079213473328e-01
4.277372771388365802e-01
1.638994626113163822e-01
7.921734303045002701e-02
4.072106387495366686e-02
2.437296357758509946e-01
8.524528110373077450e-01
1.803217695654451558e-01
2.392337894461005754e-01
1.580591065112031124e-01
3.243174223396965150e-01
9.638339286798331962e-01
4.902836731025028705e-01
4.486862812099178255e-01
6.202872347101058281e-01
7.406503914965427704e-01
2.900626435671647130e-01
6.586236994522152166e-01
6.178991775122271157e-01
8.288724662087787465e-01
3.255559553118194671e-01
2.194451714009831855e-01
6.573473626592538643e-01
5.442945895933999356e-01
4.507294007383468304e-01
4.491224355431873705e-01
8.141496799092070580e-01
8.203073307798612879e-01
2.146127811442012367e-01
9.023688222066913456e-01
9.107068502221893347e-02
4.528513307059647275e-01
4.030467206486290088e-01
7.688365575822190268e-01
7.240591191269384330e-01
1.743915955746253577e-01
1.262715631646653680e-01
2.073882084818982063e-01
4.453667235996024987e-01
9.560674427604394232e-01
8.744819466130073771e-01
8.274628005672817199e-01
4.166774102313399730e-01
4.498815769527205743e-01
2.497597777071891567e-02
6.179260936766222123e-01
2.069625458082908764e-01
