2.616372340674200103e-01
8.008605293720649776e-02
9.366404905206038300e-01
3.127901769469668691e-01
4.781640740605297424e-01
1.719877072979878463e-01
1.692028753222410975e-01
6.774345057464559172e-01
7.700312400127119483e-01
7.848593331481883428e-01
8.584965452276409614e-01
5.420168732319445848e-01
3.620205908103892312e-01
9.903784764398759766e-02
9.900558948035411699e-01
2.837948288168274380e-01
3.908892047029299821e-01
4.040188930416341861e-01
4.665377362688698515e-01
1.264026385693117760e-01
6.071011237781231973e-02
4.645987178364185954e-02
2.667375070681601845e-01
8.929800926516193726e-01
2.089505151662977012e-01
2.390650915695816114e-01
1.474808737164438333e-01
3.524046331468562165e-01
9.855410931881456449e-01
5.256982787643815769e-01
4.975053044829713667e-01
6.352023818675434086e-01
6.470140923161555868e-01
3.079095358991339459e-01
6.942566631458704229e-01
6.282320400888439238e-01
8.096134186904848651e-01
3.726625897763719553e-01
2.146654632567164822e-01
6.954372830910762193e-01
5.031103096302904643e-01
4.891311964544952096e-01
4.485780904035996386e-01
7.713308928809331499e-01
9.052482653290973014e-01
1.955014191957832326e-01
8.562956553494281975e-01
8.882662240959726674e-02
4.492908414404093165e-01
4.600459305463547866e-01
7.522142098627525586e-01
6.425863148264275848e-01
1.590874913198129237e-01
1.111634099337477366e-01
2.212059828112331594e-01
4.525166763305377149e-01
9.679238446709552690e-01
8.984163995466640795e-01
8.047154467170464232e-01
4.140129177012463746e-01
4.119818596585514969e-01
7.817557252049456284e-02
6.154687464901227312e-01
1.997906386368788478e-01
2.254478738267823579e-01
7.124931144773638536e-02
8.522648313702585465e-01
2.901579889811759516e-01
4.460511842447034692e-01
5.697320454312093663e-01
2.564615315175711174e-01
6.138606961723298561e-01
6.732966490668168547e-01
7.962728741245366226e-01
8.777230696118304420e-01
4.816157873633887254e-01
3.737061816326072705e-01
9.058948714966730265e-01
4.562251004195927440e-01
7.070883043197317974e-01
5.479318190345143780e-01
4.599250546460911249e-01
2.902512553927001360e-01
2.038175391205463427e-01
2.126634602222335912e-01
2.255703458248404791e-01
9.484671520477486739e-01
6.270515060021975007e-01
1.835711598491474028e-01
2.573543520671973117e-01
8.547153722431737322e-01
4.241107073306584763e-01
3.363263427200779976e-01
6.836462942383613184e-01
4.263940199796463215e-01
6.827141930297653261e-01
5.917737225198700379e-01
2.136795700021929534e-01
7.472632222990081008e-01
4.333611254664153645e-01
3.586049924384846488e-01
2.551076972479466853e-01
9.551644616878767202e-01
4.394981778795302718e-01
3.003973292533945738e-01
1.950864755887009583e-01
2.208295414320884387e-01
7.782467247484234907e-01
6.822864907856085459e-01
4.367597681762299677e-01
6.643151609735097329e-01
5.597810299364622821e-01
6.497257992567244678e-01
3.737319916008585707e-02
9.963636072798855992e-01
2.831575566712498659e-01
2.616372340674200103e-01
8.008605293720649776e-02
9.366404905206038300e-01
3.127901769469668691e-01
4.781640740605297424e-01
1.719877072979878463e-01
1.692028753222410975e-01
6.774345057464559172e-01
7.700312400127119483e-01
7.848593331481883428e-01
8.584965452276409614e-01
5.420168732319445848e-01
3.620205908103892312e-01
9.903784764398759766e-02
9.900558948035411699e-01
2.837948288168274380e-01
3.908892047029299821e-01
4.040188930416341861e-01
4.665377362688698515e-01
1.264026385693117760e-01
6.071011237781231973e-02
4.645987178364185954e-02
2.667375070681601845e-01
8.929800926516193726e-01
2.089505151662977012e-01
2.390650915695816114e-01
1.474808737164438333e-01
3.524046331468562165e-01
9.855410931881456449e-01
5.256982787643815769e-01
4.975053044829713667e-01
6.352023818675434086e-01
6.470140923161555868e-01
3.079095358991339459e-01
6.942566631458704229e-01
6.282320400888439238e-01
8.096134186904848651e-01
3.726625897763719553e-01
2.146654632567164822e-01
6.954372830910762193e-01
5.031103096302904643e-01
4.891311964544952096e-01
4.485780904035996386e-01
7.713308928809331499e-01
9.052482653290973014e-01
1.955014191957832326e-01
8.562956553494281975e-01
8.882662240959726674e-02
4.492908414404093165e-01
4.600459305463547866e-01
7.522142098627525586e-01
6.425863148264275848e-01
1.590874913198129237e-01
1.111634099337477366e-01
2.212059828112331594e-01
4.525166763305377149e-01
9.679238446709552690e-01
8.984163995466640795e-01
8.047154467170464232e-01
4.140129177012463746e-01
4.119818596585514969e-01
7.817557252049456284e-02
6.154687464901227312e-01
1.997906386368788478e-01
3.586049924384846488e-01
2.551076972479466853e-01
9.551644616878767202e-01
4.394981778795302718e-01
3.003973292533945738e-01
1.950864755887009583e-01
2.208295414320884387e-01
7.782467247484234907e-01
6.822864907856085459e-01
4.367597681762299677e-01
6.643151609735097329e-01
5.597810299364622821e-01
6.497257992567244678e-01
3.737319916008585707e-02
9.963636072798855992e-01
2.831575566712498659e-01
4.105083718349560318e-01
8.613542176879596113e-02
9.661815414855496886e-01
3.113157884068573633e-01
2.233461916672156988e-01
2.319949674864053568e-01
3.038611680399430082e-01
4.638597368454697722e-01
9.285756211563969131e-01
4.101692673871493722e-01
5.927502358454872500e-01
9.283328648480102530e-01
5.075438825979337043e-01
1.889426616439688900e-01
9.345648825929750991e-01
3.774971865130712922e-01
4.841665685399441088e-01
3.530131966790293063e-01
9.219238098461080000e-01
4.419044408340265795e-01
2.374756920200820076e-01
1.257396161613461016e-01
4.349265876726760016e-01
4.829725270682949656e-02
9.954177700840243226e-01
3.047951185836683674e-01
7.196338053229717202e-01
8.932422918531939260e-01
3.821165613640310488e-01
2.614269203355741311e-01
6.186145710350987592e-01
4.329735297062354826e-01
6.491933736563979540e-01
7.677108263686438505e-02
9.245789438064622168e-01
4.373449408397550586e-01
1.118869643256230617e-01
2.200248512233038412e-01
4.545937027729310964e-01
3.514692709432560846e-01
8.792280607156417460e-01
5.029098970403172997e-01
6.992064984496828561e-01
8.235676383556249647e-01
4.440623984763740761e-01
2.087411308745501515e-02
7.724965704684922940e-01
4.228177325558567512e-01
6.753554492215534388e-01
7.807916518756474744e-02
9.307949856294328583e-01
4.484926877217941810e-01
6.803787833102781235e-02
2.488036304438986379e-01
4.590917334899488056e-01
9.601002214568810089e-02
8.906740040730829477e-01
4.358657448278573376e-01
7.225140259662760078e-01
1.000000000000000888e+00
4.471780361323638431e-01
3.748261032086452893e-01
8.742205957835240682e-01
3.812590962388432425e-01
5.659007292065387773e-01
9.077525607381353723e-02
9.588686761397173797e-01
4.270317017846551044e-01
3.268149160268274400e-01
1.498345745443498966e-01
3.387381696462922198e-01
2.411431041459781710e-01
8.535223554555582126e-01
4.712294130373821943e-01
6.919454227383244893e-01
8.552491449350769770e-01
3.958270083525785576e-01
1.261056664457416154e-01
8.889107759413210630e-01
4.296615952400409943e-01
2.616372340674188446e-01
8.008605293718940032e-02
9.366404905206050513e-01
3.127901769469644822e-01
4.781640740605106465e-01
1.719877072980038335e-01
1.692028753222488135e-01
6.774345057464392639e-01
7.700312400127078405e-01
7.848593331481839019e-01
8.584965452276286380e-01
5.420168732319359250e-01
3.620205908103847348e-01
9.903784764399126139e-02
9.900558948035507179e-01
2.837948288168276045e-01
3.908892047029335348e-01
4.040188930416508395e-01
4.665377362688665208e-01
1.264026385693113319e-01
6.071011237781465120e-02
4.645987178364086034e-02
2.667375070681655691e-01
8.929800926515985005e-01
2.089505151663097471e-01
2.390650915695802792e-01
1.474808737164506056e-01
3.524046331468506654e-01
9.855410931881527503e-01
5.256982787643866839e-01
4.975053044829756965e-01
6.352023818675391897e-01
6.470140923161569191e-01
3.079095358991400522e-01
6.942566631458580995e-01
6.282320400888601331e-01
8.096134186904726526e-01
3.726625897763660156e-01
2.146654632567194243e-01
6.954372830910700021e-01
5.031103096302971256e-01
4.891311964545080326e-01
4.485780904035982508e-01
7.713308928809422538e-01
9.052482653291070713e-01
1.955014191957987757e-01
8.562956553494324163e-01
8.882662240961280986e-02
4.492908414404084283e-01
4.600459305463409088e-01
7.522142098627523366e-01
6.425863148264233660e-01
1.590874913198201401e-01
1.111634099337621695e-01
2.212059828112373783e-01
4.525166763305473738e-01
9.679238446709366173e-01
8.984163995466407648e-01
8.047154467170354319e-01
4.140129177012323858e-01
4.119818596585562709e-01
7.817557252048867866e-02
6.154687464901216210e-01
1.997906386368765164e-01
