2.664284816131584632e-01
4.847442853932748541e-02
1.000000000000000222e+00
3.150117397821460274e-01
4.538858458453103317e-01
2.091972645216495508e-01
1.830334341397206188e-01
6.241549780820501159e-01
7.955332249701910774e-01
7.820938811001496571e-01
8.865185224551197507e-01
5.613647240890269341e-01
3.874086021858126894e-01
7.948280182835587571e-02
9.286469681913256391e-01
3.310377651762075879e-01
4.084566362678963003e-01
4.543095827500265305e-01
4.418682461989336119e-01
9.338737664760254908e-02
8.614305401599697820e-02
7.269467232774740051e-02
2.442046947121644385e-01
9.291493293019961186e-01
1.586120328442234828e-01
2.412560258258402146e-01
1.588728696146009811e-01
3.139052746005815964e-01
9.602360987601985531e-01
5.131098821651671749e-01
4.717080996582625474e-01
5.990603874345374891e-01
6.961270574215565610e-01
2.993325543638919450e-01
6.839860016587464564e-01
6.368045984729107101e-01
8.227622217141454808e-01
3.449233430541222556e-01
2.121141334809940604e-01
6.303757431290388791e-01
5.236836766454202596e-01
4.665847040258382927e-01
4.134732562439737968e-01
8.144622546938721230e-01
9.630961081874659380e-01
1.863457838236646236e-01
8.428883035855189165e-01
6.253757069326604245e-02
4.587300229808264351e-01
4.523282369673916614e-01
7.838191227159324592e-01
7.076685475565159811e-01
1.429484701265709701e-01
1.424989779354064456e-01
1.816819677902297148e-01
4.325582459056502849e-01
9.996784256246695755e-01
8.224883844021924073e-01
7.873329894832815645e-01
3.839663206373327142e-01
4.383237305171091558e-01
4.995939659077452966e-02
6.450659096749569166e-01
2.085735448132892689e-01
2.326889089919353115e-01
4.189201145090937217e-02
8.738663088367133458e-01
3.137382363821544784e-01
4.188854166027942139e-01
6.112810484568438341e-01
2.456425489572643395e-01
5.958217455351990655e-01
6.788511054499770658e-01
7.533526655078850442e-01
9.102061809155387317e-01
5.238308962032347527e-01
3.662452798378179608e-01
8.209558782686046108e-01
4.835266583566919518e-01
7.165079635234383737e-01
5.159706384912694510e-01
4.591529581807221039e-01
2.796347353145699488e-01
1.990402488050491137e-01
1.677014417561099591e-01
2.253814770525617850e-01
9.510203769179078614e-01
6.158567507478225345e-01
1.821251992789734153e-01
2.485059010915679489e-01
8.265955234587478717e-01
3.986709877524423629e-01
3.616331849494909267e-01
7.070104475321014048e-01
4.450770192996358343e-01
6.897112395773477012e-01
6.192953788304453866e-01
1.895743993073604194e-01
7.392630101732178272e-01
4.377769074915776049e-01
3.762753096876627623e-01
2.428810509171777099e-01
9.878799012840735472e-01
4.542538915827626367e-01
2.944364140636883675e-01
2.034736737730746814e-01
2.086296957375942673e-01
7.315828530619141734e-01
6.896595705186387981e-01
4.165563240664914568e-01
6.642849291899785014e-01
5.601182290661315122e-01
6.846399879383158193e-01
0.000000000000000000e+00
9.626971738701723957e-01
2.937768320864991844e-01
2.664284816131584632e-01
4.847442853932748541e-02
1.000000000000000222e+00
3.150117397821460274e-01
4.538858458453103317e-01
2.091972645216495508e-01
1.830334341397206188e-01
6.241549780820501159e-01
7.955332249701910774e-01
7.820938811001496571e-01
8.865185224551197507e-01
5.613647240890269341e-01
3.874086021858126894e-01
7.948280182835587571e-02
9.286469681913256391e-01
3.310377651762075879e-01
4.084566362678963003e-01
4.543095827500265305e-01
4.418682461989336119e-01
9.338737664760254908e-02
8.614305401599697820e-02
7.269467232774740051e-02
2.442046947121644385e-01
9.291493293019961186e-01
1.586120328442234828e-01
2.412560258258402146e-01
1.588728696146009811e-01
3.139052746005815964e-01
9.602360987601985531e-01
5.131098821651671749e-01
4.717080996582625474e-01
5.990603874345374891e-01
6.961270574215565610e-01
2.993325543638919450e-01
6.839860016587464564e-01
6.368045984729107101e-01
8.227622217141454808e-01
3.449233430541222556e-01
2.121141334809940604e-01
6.303757431290388791e-01
5.236836766454202596e-01
4.665847040258382927e-01
4.134732562439737968e-01
8.144622546938721230e-01
9.630961081874659380e-01
1.863457838236646236e-01
8.428883035855189165e-01
6.253757069326604245e-02
4.587300229808264351e-01
4.523282369673916614e-01
7.838191227159324592e-01
7.076685475565159811e-01
1.429484701265709701e-01
1.424989779354064456e-01
1.816819677902297148e-01
4.325582459056502849e-01
9.996784256246695755e-01
8.224883844021924073e-01
7.873329894832815645e-01
3.839663206373327142e-01
4.383237305171091558e-01
4.995939659077452966e-02
6.450659096749569166e-01
2.085735448132892689e-01
3.762753096876627623e-01
2.428810509171777099e-01
9.878799012840735472e-01
4.542538915827626367e-01
2.944364140636883675e-01
2.034736737730746814e-01
2.086296957375942673e-01
7.315828530619141734e-01
6.896595705186387981e-01
4.165563240664914568e-01
6.642849291899785014e-01
5.601182290661315122e-01
6.846399879383158193e-01
0.000000000000000000e+00
9.626971738701723957e-01
2.937768320864991844e-01
4.278227598537938103e-01
6.390473771992821739e-02
9.930223892251317519e-01
3.296410601324988310e-01
1.828135570701010515e-01
2.450368753082506901e-01
2.860429269458633073e-01
3.931237869212562686e-01
9.883817398606131732e-01
3.884399479737206673e-01
5.760177779063737624e-01
9.123695246490739486e-01
5.231635586919016756e-01
1.334686417081480947e-01
9.202766499621222174e-01
3.907090356290370270e-01
4.948955035537769831e-01
4.976502713175436909e-01
9.766119064235683211e-01
4.353127538946938158e-01
3.407231185655357208e-01
8.027407237902040027e-02
4.123598691445427011e-01
2.997181843663110357e-02
9.800183930855634884e-01
2.958455093714520423e-01
7.090023595662487965e-01
9.248111784975865390e-01
4.027639016474225953e-01
1.865029026037152704e-01
5.878980163916258661e-01
4.442158225029008145e-01
6.648717623509305952e-01
1.462270744808069622e-02
9.471314096899572377e-01
4.744031626761807674e-01
3.201671239961090265e-02
2.131126701341886642e-01
4.459439735567644059e-01
3.368608262551573418e-01
9.298540187033927928e-01
4.617975877145822361e-01
6.831092238130183070e-01
8.535034053485208716e-01
4.721871278348375167e-01
5.568831983309996403e-02
7.678777202909410349e-01
3.947883955190621963e-01
7.216394947191944187e-01
8.002831244504271524e-02
8.902600557605291343e-01
4.680246758729574852e-01
1.251760773319521292e-02
2.124777314384657112e-01
4.655485339920862886e-01
9.669977471821811221e-02
9.292948476208744424e-01
4.302535294663177856e-01
7.140953165872160335e-01
9.361716599092844149e-01
4.538537359831289475e-01
3.533910397182324914e-01
8.882347810651562980e-01
3.856151992324868827e-01
5.751592940997085623e-01
7.589614581922177194e-02
1.000000000000000000e+00
4.493526200854708330e-01
3.259656822415895050e-01
1.180761961591787479e-01
3.317763891681262400e-01
2.162542961153470777e-01
8.450267676603933076e-01
4.497023088275675651e-01
6.898938811924267833e-01
8.977362864841875734e-01
4.370134735474631160e-01
1.553338217037842917e-01
7.927613352712414851e-01
4.150447019870119325e-01
2.664284816131607392e-01
4.847442853932837359e-02
9.999999999999998890e-01
3.150117397821469711e-01
4.538858458452941225e-01
2.091972645216482185e-01
1.830334341397391040e-01
6.241549780820521143e-01
7.955332249701920766e-01
7.820938811001398872e-01
8.865185224551194176e-01
5.613647240890460299e-01
3.874086021858099693e-01
7.948280182836464647e-02
9.286469681913178675e-01
3.310377651762086426e-01
4.084566362679034057e-01
4.543095827500540640e-01
4.418682461989535959e-01
9.338737664758345325e-02
8.614305401599442469e-02
7.269467232776294363e-02
2.442046947121576661e-01
9.291493293019872368e-01
1.586120328442249816e-01
2.412560258258438228e-01
1.588728696146074759e-01
3.139052746005880357e-01
9.602360987602120979e-01
5.131098821651608466e-01
4.717080996582615482e-01
5.990603874345390434e-01
6.961270574215649987e-01
2.993325543638862829e-01
6.839860016587482328e-01
6.368045984729020503e-01
8.227622217141299377e-01
3.449233430541311929e-01
2.121141334810033308e-01
6.303757431290344382e-01
5.236836766454198155e-01
4.665847040258391254e-01
4.134732562439498715e-01
8.144622546938750096e-01
9.630961081874743757e-01
1.863457838236740605e-01
8.428883035855251338e-01
6.253757069328758078e-02
4.587300229808233265e-01
4.523282369673884418e-01
7.838191227159324592e-01
7.076685475565075434e-01
1.429484701265621993e-01
1.424989779354262076e-01
1.816819677902306585e-01
4.325582459056532825e-01
9.996784256246500355e-01
8.224883844021935175e-01
7.873329894832594711e-01
3.839663206373225002e-01
4.383237305171111542e-01
4.995939659076986672e-02
6.450659096749484789e-01
2.085735448132862158e-01
