9.765807219432898201e-01
4.395885785683590896e-01
8.931085598981083340e-01
4.963244185726322089e-01
7.997405949689710969e-01
1.858082242492726799e-01
3.464629618300707481e-02
9.435165619892953437e-01
9.810827560104841139e-01
4.945343299435316364e-01
3.275572915569419097e-01
7.858564447198745917e-01
4.952770471705759125e-01
2.004044549624220961e-01
6.961584798479039105e-01
4.579759380736800334e-01
7.095411698675524459e-01
4.383918199697596219e-01
5.696122752400416545e-01
2.284746933541772496e-01
3.533886777301015192e-01
1.007713574485568087e-01
0.000000000000000000e+00
3.729784440257144507e-01
3.822923103805614398e-02
1.317553983334322776e-02
1.226180031632714829e-02
2.109489832170574619e-02
6.735619118653799475e-01
6.270155681822180416e-01
3.259958562186879849e-01
9.774305694360103658e-01
7.584151922228254961e-01
2.957527902632570704e-01
4.976394289967125961e-01
4.728057865959189865e-01
2.791130134128754214e-01
6.742329110205613762e-03
8.221314081347769198e-03
3.437760619737917356e-01
5.873551137456289872e-02
6.694125328119993057e-02
2.800615954348425474e-01
5.277738560988015637e-01
6.718128344550079456e-01
2.258783137943090047e-01
4.788693965486209292e-01
5.081469056175851318e-01
7.289362220384636437e-01
4.362018443573066895e-01
6.322483916634403789e-01
6.579340158022483065e-01
5.396445117297520300e-01
1.996554856538179656e-02
2.946463345305100345e-02
8.206460426175066214e-01
8.860130860900889971e-01
4.469349770679145184e-01
4.165937346575007139e-01
7.692821200127799575e-01
7.273886148481426561e-01
3.210563138142698003e-01
9.134153229498409576e-01
4.765173558792487607e-01
6.787830026889143387e-01
4.664122797784842067e-01
9.866326740148145813e-01
4.717246640110477340e-01
7.844936422133890197e-01
4.137593225383668916e-01
2.549980134473883719e-02
8.700722084825183167e-01
9.747968171367922263e-01
4.412354837982801481e-01
3.216279558454052667e-01
5.656410065444543722e-01
3.523534380397892463e-01
7.199440575200224401e-01
8.014560555269754083e-01
4.675971553620112964e-01
4.743040568965828374e-01
2.469102110309979725e-01
2.094496771067735352e-01
5.802793748161394483e-03
3.062116351921845281e-02
9.087848003257181784e-03
7.003422221066998299e-01
5.492224089624273553e-01
4.581429527573659399e-01
2.637136903331947502e-01
3.572976183811831241e-01
1.676227787981987571e-02
3.221327327448042510e-02
5.592557945731334579e-01
7.276931806568398553e-01
9.090541488806822557e-01
9.725322775161311384e-01
1.338950260999638431e-02
3.503148597900451744e-01
6.870364278854153017e-01
9.328281349902149966e-01
4.461452497111642046e-01
8.158522695853811513e-01
5.305271995366206417e-01
7.156777796411981640e-01
7.312711256570736396e-04
1.086757661788692597e-02
7.646947642242440946e-01
5.156775553910550869e-01
4.530736845365679333e-02
2.613050346717268324e-01
4.913855719047357518e-01
7.377883301709691199e-01
2.974625986314738402e-01
7.331948510948316233e-01
5.986082918940267561e-01
9.765807219432898201e-01
4.395885785683590896e-01
8.931085598981083340e-01
4.963244185726322089e-01
7.997405949689710969e-01
1.858082242492726799e-01
3.464629618300707481e-02
9.435165619892953437e-01
9.810827560104841139e-01
4.945343299435316364e-01
3.275572915569419097e-01
7.858564447198745917e-01
4.952770471705759125e-01
2.004044549624220961e-01
6.961584798479039105e-01
4.579759380736800334e-01
7.095411698675524459e-01
4.383918199697596219e-01
5.696122752400416545e-01
2.284746933541772496e-01
3.533886777301015192e-01
1.007713574485568087e-01
0.000000000000000000e+00
3.729784440257144507e-01
3.822923103805614398e-02
1.317553983334322776e-02
1.226180031632714829e-02
2.109489832170574619e-02
6.735619118653799475e-01
6.270155681822180416e-01
3.259958562186879849e-01
9.774305694360103658e-01
7.584151922228254961e-01
2.957527902632570704e-01
4.976394289967125961e-01
4.728057865959189865e-01
2.791130134128754214e-01
6.742329110205613762e-03
8.221314081347769198e-03
3.437760619737917356e-01
5.873551137456289872e-02
6.694125328119993057e-02
2.800615954348425474e-01
5.277738560988015637e-01
6.718128344550079456e-01
2.258783137943090047e-01
4.788693965486209292e-01
5.081469056175851318e-01
7.289362220384636437e-01
4.362018443573066895e-01
6.322483916634403789e-01
6.579340158022483065e-01
5.396445117297520300e-01
1.996554856538179656e-02
2.946463345305100345e-02
8.206460426175066214e-01
8.860130860900889971e-01
4.469349770679145184e-01
4.165937346575007139e-01
7.692821200127799575e-01
7.273886148481426561e-01
3.210563138142698003e-01
9.134153229498409576e-01
4.765173558792487607e-01
9.328281349902149966e-01
4.461452497111642046e-01
8.158522695853811513e-01
5.305271995366206417e-01
7.156777796411981640e-01
7.312711256570736396e-04
1.086757661788692597e-02
7.646947642242440946e-01
5.156775553910550869e-01
4.530736845365679333e-02
2.613050346717268324e-01
4.913855719047357518e-01
7.377883301709691199e-01
2.974625986314738402e-01
7.331948510948316233e-01
5.986082918940267561e-01
9.899802100815089378e-01
3.034094172021144509e-01
5.597328200609836824e-01
5.834945482975453235e-01
2.324714999527359716e-01
1.008216598741860093e-01
9.439155622085326769e-02
3.013332486243398556e-01
4.284940201691211925e-01
1.467296678150373235e-01
2.569883861456441210e-01
7.117891821966142452e-01
7.992074818971133254e-01
1.178171171419259977e-01
4.728933661630434493e-01
6.844180135195458980e-01
8.483198655729957682e-01
4.491190261822879393e-01
8.153428444913344286e-01
7.516234993781115703e-01
3.247830736459942358e-01
1.321551731889436532e-02
3.901488588481594189e-02
2.899189665558750129e-01
6.763912688482212054e-01
4.089880372080789694e-02
3.239016450699416794e-01
4.201681593213395516e-01
7.655562778710943705e-01
7.109842973171343061e-02
3.023686233120606026e-01
6.479738729889960025e-01
9.125023335882544995e-01
1.183634587151987105e-01
6.572892774555993967e-01
8.957152211342868098e-01
4.310568600419140139e-01
4.875144964187327901e-02
1.324248314154647943e-01
3.643307856707753700e-01
5.880137909055731527e-01
2.014773377977371327e-01
2.767436698880153534e-01
3.866276633681371422e-01
8.482208680795473299e-01
1.001062849405811583e-01
5.469993447874408332e-01
5.583707854815090910e-01
8.395755496826395881e-01
5.810770576971329149e-01
7.033113121665599543e-01
8.768855282523494443e-01
4.369572406952344501e-01
7.345861031279032893e-02
3.857795030560917660e-02
1.045730243028533124e-01
4.532831817814737541e-01
1.960322287416942366e-01
2.805179651669175156e-01
7.475061839127725705e-01
9.652578619820126882e-01
9.261375060705523410e-02
6.674478162865620234e-01
5.039360941593521437e-01
8.168068860150594634e-01
7.567560098151862036e-01
5.303108545379613403e-01
8.496907707335225046e-01
9.823795318910182317e-01
1.116901267091774397e-02
4.517305323837961240e-02
6.475371656753203808e-02
4.752845701696042369e-01
1.350778905005040054e-01
3.187967628040302426e-01
7.056242726087615935e-01
7.923007294619028862e-01
2.325568470553829314e-02
9.382429257410409562e-01
5.741900203768864897e-01
9.765807219432864894e-01
4.395885785683417701e-01
8.931085598981064466e-01
4.963244185726357061e-01
7.997405949689644356e-01
1.858082242492922198e-01
3.464629618302456082e-02
9.435165619893011169e-01
9.810827560104744549e-01
4.945343299435509543e-01
3.275572915569417987e-01
7.858564447198852498e-01
4.952770471705723043e-01
2.004044549624275362e-01
6.961584798478996916e-01
4.579759380736814212e-01
7.095411698675639922e-01
4.383918199697760532e-01
5.696122752400594180e-01
2.284746933541619285e-01
3.533886777301218363e-01
1.007713574485744612e-01
0.000000000000000000e+00
3.729784440257177813e-01
3.822923103807335243e-02
1.317553983334170120e-02
1.226180031633278267e-02
2.109489832171784762e-02
6.735619118653792814e-01
6.270155681822239258e-01
3.259958562186900943e-01
9.774305694360141405e-01
7.584151922228064002e-01
2.957527902632515193e-01
4.976394289967137619e-01
4.728057865959247597e-01
2.791130134128860796e-01
6.742329110204059450e-03
8.221314081358774284e-03
3.437760619737750822e-01
5.873551137456889393e-02
6.694125328120203999e-02
2.800615954348255054e-01
5.277738560987969008e-01
6.718128344550208242e-01
2.258783137943255470e-01
4.788693965486127135e-01
5.081469056175844656e-01
7.289362220384585367e-01
4.362018443573201232e-01
6.322483916634363821e-01
6.579340158022443097e-01
5.396445117297450356e-01
1.996554856537602340e-02
2.946463345306571391e-02
8.206460426175167244e-01
8.860130860900841121e-01
4.469349770679231781e-01
4.165937346574983824e-01
7.692821200127666348e-01
7.273886148481426561e-01
3.210563138142695783e-01
9.134153229498405135e-01
4.765173558792442088e-01
