2.548253771677491120e-01
1.218746426955850115e-01
1.358107286741083719e-01
2.179137936755392857e-01
0.000000000000000000e+00
5.497252851340497237e-01
9.043533321918114654e-01
0.000000000000000000e+00
0.000000000000000000e+00
6.735930121061139975e-01
3.340140418932650013e-01
0.000000000000000000e+00
2.250374901696829411e-01
3.316868121466670649e-01
1.180768208239710848e-01
1.774217837266765518e-01
1.489847179913454944e-01
7.746231462263788448e-01
5.807724281638833030e-01
7.021024219683202894e-02
7.262910058894468390e-01
9.377819847654482732e-01
1.000000000000000000e+00
3.699990870459100023e-01
1.000000000000000000e+00
9.999999999999998890e-01
1.000000000000000000e+00
9.693213406856208136e-01
1.089884827229921083e-01
2.442668906808857510e-01
3.251060507206031680e-01
2.939913298655891793e-01
0.000000000000000000e+00
5.621206675239907025e-01
3.037729993026161979e-01
3.238601979802264719e-01
9.345987340422861056e-01
1.000000000000000000e+00
9.999999999999997780e-01
4.108806412597514335e-01
5.772386131738114212e-01
1.000000000000000000e+00
1.000000000000000000e+00
5.337794912164112171e-01
1.560031687286188573e-01
7.183434232316180390e-01
6.069571003711656809e-01
5.579391430115210326e-02
1.323337230203391890e-03
5.036837838189189842e-02
5.163636944740945811e-02
2.156951456156771529e-01
0.000000000000000000e+00
8.478016744396221771e-01
1.000000000000000000e+00
0.000000000000000000e+00
0.000000000000000000e+00
8.383827182565586345e-01
5.296109358422597113e-01
0.000000000000000000e+00
9.465793075030992654e-02
2.261047585975805019e-01
3.562452456555820213e-01
2.715523913188996330e-01
2.662608470206728750e-01
7.553248745319662838e-02
2.040783463765332151e-01
1.885615919157179743e-01
0.000000000000000000e+00
5.455358289960592355e-01
9.499788803884243737e-01
0.000000000000000000e+00
0.000000000000000000e+00
5.642405260686331747e-01
3.250493755288067499e-01
2.219100796256248120e-01
3.530124226647359809e-01
4.971042495695909835e-02
1.734024532511992955e-01
6.759742702116904312e-01
4.794463637814825319e-01
6.348496847592250969e-01
1.000000000000000222e+00
1.000000000000000000e+00
9.999999999999998890e-01
1.000000000000000222e+00
5.187788211227495339e-02
2.800475857279290381e-01
0.000000000000000000e+00
6.292487680952865148e-01
8.946465563622041373e-01
9.999999999999998890e-01
6.857878850852034969e-01
1.019832593346058358e-01
4.566785700296849271e-02
0.000000000000000000e+00
0.000000000000000000e+00
1.000000000000000000e+00
1.000000000000000222e+00
5.472335281359996806e-02
3.961173242146798223e-02
3.746524421279517902e-01
7.927997112230600329e-02
2.060419411979598214e-01
3.538812520288683316e-01
9.999999999999997780e-01
1.000000000000000000e+00
5.551560866019245033e-02
2.561415977403775912e-01
1.000000000000000000e+00
9.637333192067704113e-01
4.020366833459134703e-01
7.133058107227974176e-03
3.999449941781876294e-01
2.731434300926567360e-01
2.257094924395819380e-01
2.548253771677491120e-01
1.218746426955850115e-01
1.358107286741083719e-01
2.179137936755392857e-01
0.000000000000000000e+00
5.497252851340497237e-01
9.043533321918114654e-01
0.000000000000000000e+00
0.000000000000000000e+00
6.735930121061139975e-01
3.340140418932650013e-01
0.000000000000000000e+00
2.250374901696829411e-01
3.316868121466670649e-01
1.180768208239710848e-01
1.774217837266765518e-01
1.489847179913454944e-01
7.746231462263788448e-01
5.807724281638833030e-01
7.021024219683202894e-02
7.262910058894468390e-01
9.377819847654482732e-01
1.000000000000000000e+00
3.699990870459100023e-01
1.000000000000000000e+00
9.999999999999998890e-01
1.000000000000000000e+00
9.693213406856208136e-01
1.089884827229921083e-01
2.442668906808857510e-01
3.251060507206031680e-01
2.939913298655891793e-01
0.000000000000000000e+00
5.621206675239907025e-01
3.037729993026161979e-01
3.238601979802264719e-01
9.345987340422861056e-01
1.000000000000000000e+00
9.999999999999997780e-01
4.108806412597514335e-01
5.772386131738114212e-01
1.000000000000000000e+00
1.000000000000000000e+00
5.337794912164112171e-01
1.560031687286188573e-01
7.183434232316180390e-01
6.069571003711656809e-01
5.579391430115210326e-02
1.323337230203391890e-03
5.036837838189189842e-02
5.163636944740945811e-02
2.156951456156771529e-01
0.000000000000000000e+00
8.478016744396221771e-01
1.000000000000000000e+00
0.000000000000000000e+00
0.000000000000000000e+00
8.383827182565586345e-01
5.296109358422597113e-01
0.000000000000000000e+00
9.465793075030992654e-02
2.261047585975805019e-01
3.562452456555820213e-01
2.715523913188996330e-01
3.961173242146798223e-02
3.746524421279517902e-01
7.927997112230600329e-02
2.060419411979598214e-01
3.538812520288683316e-01
9.999999999999997780e-01
1.000000000000000000e+00
5.551560866019245033e-02
2.561415977403775912e-01
1.000000000000000000e+00
9.637333192067704113e-01
4.020366833459134703e-01
7.133058107227974176e-03
3.999449941781876294e-01
2.731434300926567360e-01
2.257094924395819380e-01
0.000000000000000000e+00
4.482984776451091058e-01
3.582691354147726770e-01
2.933128090964132184e-03
6.694863017812653361e-01
9.999999999999998890e-01
9.919489905644864880e-01
4.107716494235242877e-01
4.268329460349917781e-01
1.000000000000000000e+00
1.000000000000000000e+00
4.074242935037180047e-01
0.000000000000000000e+00
2.575039340273304056e-01
7.844500697151075563e-01
1.601566311285534949e-01
0.000000000000000000e+00
5.711554831654783726e-01
6.396301314476420252e-01
0.000000000000000000e+00
4.193258478300840864e-01
9.999999999999998890e-01
1.000000000000000000e+00
3.243049799858535032e-01
6.713234387492916788e-01
9.302716505239856382e-01
9.999999999999998890e-01
5.984413790362124175e-01
0.000000000000000000e+00
4.974397678517448185e-01
3.647073921450281198e-01
1.392185385193562830e-01
0.000000000000000000e+00
8.813602768501116458e-01
5.463223959939158547e-01
0.000000000000000000e+00
5.507279096487813774e-01
1.000000000000000000e+00
9.943124328262530343e-01
6.085181284741572050e-01
8.154347972076085860e-01
8.399384088404141524e-01
1.000000000000000000e+00
9.679154498775179860e-01
0.000000000000000000e+00
6.720365269239594319e-01
5.460188348023056193e-01
2.012420991086871780e-02
0.000000000000000000e+00
4.874432746399932626e-01
9.386147159655058303e-01
0.000000000000000000e+00
6.928395232817394778e-01
1.000000000000000000e+00
8.622664854691600711e-01
7.686986080072237826e-01
6.056243975815744918e-01
1.000000000000000000e+00
9.966732184660688221e-01
3.764655792851607785e-01
0.000000000000000000e+00
4.833365848912540841e-01
8.893985146176985879e-01
4.936008431116534201e-02
0.000000000000000000e+00
7.807301684761362992e-01
6.311290794219810429e-01
0.000000000000000000e+00
5.337182115580194619e-01
1.000000000000000000e+00
7.433560322977580404e-01
6.767385091080573289e-01
5.459576533568220036e-01
8.754917116290730217e-01
9.999999999999998890e-01
7.721301215882556690e-01
0.000000000000000000e+00
5.878173972838158790e-01
5.439377120663815290e-01
1.975727822946626855e-02
2.548253771677473911e-01
1.218746426955725770e-01
1.358107286741022657e-01
2.179137936755359828e-01
0.000000000000000000e+00
5.497252851340515001e-01
9.043533321918115764e-01
0.000000000000000000e+00
0.000000000000000000e+00
6.735930121061282083e-01
3.340140418932573407e-01
0.000000000000000000e+00
2.250374901696844399e-01
3.316868121466840513e-01
1.180768208239768580e-01
1.774217837266769404e-01
1.489847179913554864e-01
7.746231462263812872e-01
5.807724281639066177e-01
7.021024219682381329e-02
7.262910058894398446e-01
9.377819847654533802e-01
1.000000000000000000e+00
3.699990870459257675e-01
1.000000000000000222e+00
1.000000000000000000e+00
1.000000000000000000e+00
9.693213406856184822e-01
1.089884827229978814e-01
2.442668906808858065e-01
3.251060507206208205e-01
2.939913298655896234e-01
0.000000000000000000e+00
5.621206675239821537e-01
3.037729993026246911e-01
3.238601979802253616e-01
9.345987340422921008e-01
9.999999999999998890e-01
1.000000000000000000e+00
4.108806412597365565e-01
5.772386131737956561e-01
1.000000000000000000e+00
1.000000000000000000e+00
5.337794912164136596e-01
1.560031687286075330e-01
7.183434232316212587e-01
6.069571003711841106e-01
5.579391430116431572e-02
1.323337230206722559e-03
5.036837838188201744e-02
5.163636944741012424e-02
2.156951456156755986e-01
0.000000000000000000e+00
8.478016744396315030e-01
1.000000000000000000e+00
0.000000000000000000e+00
0.000000000000000000e+00
8.383827182565428693e-01
5.296109358422564917e-01
0.000000000000000000e+00
9.465793075031292414e-02
2.261047585975731744e-01
3.562452456555731395e-01
2.715523913189004102e-01
