2.805042424911685650e-01
4.680017873643045334e-01
1.550851641178072615e-01
2.453425522076944920e-01
3.081020960304572398e-01
5.582265551681833138e-01
8.777139372565366804e-01
3.043276496989599789e-01
2.191981650521896974e-01
5.807318948753952270e-01
3.576922714618975263e-01
2.662264749406173525e-01
2.990020086105634189e-01
1.330384707150119583e-01
1.587268006311071122e-01
2.315137912087971706e-01
0.000000000000000000e+00
5.374286863348951560e-01
6.203682689979319598e-01
1.347808170852005105e-01
5.312963225047758753e-01
9.591283594942605628e-01
8.252254596194972258e-01
5.734797215726192832e-01
7.736307694440880400e-01
7.024255146997201438e-01
7.623536662474090786e-01
8.539054755255738316e-01
3.357013409343541088e-01
5.713584964151940948e-01
3.723567041189537186e-01
3.656340455378441767e-01
1.701489798004343079e-01
4.821132233238224485e-01
3.902948960398786027e-01
1.647918715649943078e-01
4.847686166316944600e-01
8.241047454796588401e-01
6.597125483395467338e-01
2.795569526097876345e-01
3.131491775626331631e-01
7.038079669242761627e-01
8.609855272044031338e-01
5.683111534308634694e-01
6.112185159157540459e-01
4.818815872529913502e-01
5.203107261286511465e-01
3.937328031870102052e-01
3.022091473118282412e-01
4.367274092121590234e-01
3.898202985882127658e-01
2.984142073777079629e-01
1.077493008448039413e-01
6.461385244541877348e-01
6.888134997494980150e-01
3.593270229625440404e-01
1.848573475775732167e-01
4.332186719009158971e-01
3.359913116602243344e-01
3.063719912810867196e-01
3.785056322600424128e-01
3.543212730826860168e-01
2.443578169852507198e-01
3.405999621402401312e-01
3.184002926126209276e-01
4.224890497705231507e-01
2.494978640942278059e-01
2.289902196840419846e-01
3.072360373911537934e-01
5.713236417420581859e-01
8.805213625471186578e-01
2.868603239401144034e-01
3.021118467483105974e-01
4.386077565767925179e-01
4.146015583534473636e-01
2.998323160858525904e-01
1.440922887022733079e-01
1.421612594140952979e-01
2.920274902871389244e-02
5.314542509891471145e-01
5.350811322591306762e-01
2.859962903469572826e-01
9.235724531121132230e-01
7.921854902407317045e-01
7.294493869052064428e-01
6.804771644370126715e-01
3.699039343920381695e-01
4.624859517436526457e-01
1.995837949862413474e-01
4.808532182135020761e-01
4.624974446328686817e-01
7.505579713785800466e-01
4.439923219669508203e-01
5.306437037113439503e-01
3.397417586253898003e-01
1.861733082630028235e-01
2.068707800092259852e-01
7.964584613507628141e-01
7.913228632024436049e-01
2.565118860263064793e-01
1.583004573273050219e-01
6.506620355711967285e-01
2.689895918668230301e-01
2.274846773892785778e-01
2.012153809778194358e-01
8.728676509611457135e-01
7.589927962909561732e-01
3.381101836746964739e-01
2.467117837877657038e-01
6.529140660933626661e-01
7.551454500793089997e-01
5.554896003653833070e-01
3.590545443412156423e-01
3.984407695241001246e-01
2.222389206909456405e-01
3.398738951548074816e-01
2.805042424911685650e-01
4.680017873643045334e-01
1.550851641178072615e-01
2.453425522076944920e-01
3.081020960304572398e-01
5.582265551681833138e-01
8.777139372565366804e-01
3.043276496989599789e-01
2.191981650521896974e-01
5.807318948753952270e-01
3.576922714618975263e-01
2.662264749406173525e-01
2.990020086105634189e-01
1.330384707150119583e-01
1.587268006311071122e-01
2.315137912087971706e-01
0.000000000000000000e+00
5.374286863348951560e-01
6.203682689979319598e-01
1.347808170852005105e-01
5.312963225047758753e-01
9.591283594942605628e-01
8.252254596194972258e-01
5.734797215726192832e-01
7.736307694440880400e-01
7.024255146997201438e-01
7.623536662474090786e-01
8.539054755255738316e-01
3.357013409343541088e-01
5.713584964151940948e-01
3.723567041189537186e-01
3.656340455378441767e-01
1.701489798004343079e-01
4.821132233238224485e-01
3.902948960398786027e-01
1.647918715649943078e-01
4.847686166316944600e-01
8.241047454796588401e-01
6.597125483395467338e-01
2.795569526097876345e-01
3.131491775626331631e-01
7.038079669242761627e-01
8.609855272044031338e-01
5.683111534308634694e-01
6.112185159157540459e-01
4.818815872529913502e-01
5.203107261286511465e-01
3.937328031870102052e-01
3.022091473118282412e-01
4.367274092121590234e-01
3.898202985882127658e-01
2.984142073777079629e-01
1.077493008448039413e-01
6.461385244541877348e-01
6.888134997494980150e-01
3.593270229625440404e-01
1.848573475775732167e-01
4.332186719009158971e-01
3.359913116602243344e-01
3.063719912810867196e-01
3.785056322600424128e-01
3.543212730826860168e-01
2.443578169852507198e-01
3.405999621402401312e-01
1.583004573273050219e-01
6.506620355711967285e-01
2.689895918668230301e-01
2.274846773892785778e-01
2.012153809778194358e-01
8.728676509611457135e-01
7.589927962909561732e-01
3.381101836746964739e-01
2.467117837877657038e-01
6.529140660933626661e-01
7.551454500793089997e-01
5.554896003653833070e-01
3.590545443412156423e-01
3.984407695241001246e-01
2.222389206909456405e-01
3.398738951548074816e-01
1.805932302929031952e-01
5.165035818375360854e-01
3.806707412760996778e-01
1.397760753239027931e-01
3.758781199427643216e-01
8.188782643583746301e-01
8.283162714499698875e-01
5.171281697667255983e-01
3.843916947493264402e-01
7.517609149120096923e-01
7.647484011460141673e-01
4.755686754610133349e-01
2.724980182769305426e-01
3.492391451497898203e-01
3.471321777137439391e-01
3.440023203565651944e-01
1.700101718278250740e-01
5.840110516075291969e-01
5.879890632701343378e-01
1.977994168274833653e-01
5.588460533539203468e-01
8.001933476875845441e-01
6.874321044850117968e-01
5.192666783978743261e-01
6.474048202734064006e-01
6.061018187477045238e-01
8.045809570455645376e-01
6.213258011242874801e-01
1.534503477567367158e-01
8.406540676997646955e-01
4.176521902706413769e-01
2.736589344617279540e-01
2.432227295557918278e-01
6.237333971261120880e-01
6.512725906054108727e-01
1.418539761062950211e-01
5.812457162403852351e-01
6.750925231488340561e-01
8.092969566065696396e-01
8.630763803876222440e-01
6.376493994558849465e-01
8.279548852531090075e-01
6.733645980119624674e-01
7.515063295001445098e-01
1.775294241256982763e-01
6.479766008664062937e-01
5.188390676004881463e-01
2.438518251225928468e-01
2.009462522517011518e-01
7.785803727689595277e-01
6.740178701061032562e-01
1.900827514012027875e-01
6.900991526060002990e-01
7.705950162549063398e-01
7.587369800176747558e-01
5.365272063651214118e-01
5.618588668121851093e-01
7.124712198787390705e-01
7.629899494891231315e-01
6.101390528773595889e-01
1.740408362501517647e-01
6.832449576854129347e-01
7.148394994677040870e-01
2.580961580367605590e-01
1.621985460934440848e-01
6.779346415170168783e-01
6.601381370215997357e-01
1.877519163653610379e-01
7.056943157195201266e-01
8.228312268553370501e-01
5.109120161390695580e-01
7.695797172958069865e-01
5.312856524683278181e-01
6.354370041857098084e-01
7.648682776175331766e-01
8.369424862018464140e-01
1.599932475034486767e-01
7.686609185181412229e-01
6.768807850962668127e-01
1.929340638142570397e-01
2.805042424911690646e-01
4.680017873642894344e-01
1.550851641178140339e-01
2.453425522076936316e-01
3.081020960304479139e-01
5.582265551681770965e-01
8.777139372565472275e-01
3.043276496989582025e-01
2.191981650521859226e-01
5.807318948754196519e-01
3.576922714619000798e-01
2.662264749406362263e-01
2.990020086105542596e-01
1.330384707150131796e-01
1.587268006311144397e-01
2.315137912088038874e-01
0.000000000000000000e+00
5.374286863348949339e-01
6.203682689979230780e-01
1.347808170851763077e-01
5.312963225047997451e-01
9.591283594942552337e-01
8.252254596195002234e-01
5.734797215726357145e-01
7.736307694440960336e-01
7.024255146997179233e-01
7.623536662474068581e-01
8.539054755255681695e-01
3.357013409343683197e-01
5.713584964151833256e-01
3.723567041189562721e-01
3.656340455378530585e-01
1.701489798004129916e-01
4.821132233238156761e-01
3.902948960398819889e-01
1.647918715650027455e-01
4.847686166316846901e-01
8.241047454796660565e-01
6.597125483395488432e-01
2.795569526097911872e-01
3.131491775626229490e-01
7.038079669242782721e-01
8.609855272044015795e-01
5.683111534308703527e-01
6.112185159157695891e-01
4.818815872529993438e-01
5.203107261286600282e-01
3.937328031870024336e-01
3.022091473118304616e-01
4.367274092121655737e-01
3.898202985882119886e-01
2.984142073777120707e-01
1.077493008448144884e-01
6.461385244542154904e-01
6.888134997494992362e-01
3.593270229625434853e-01
1.848573475775763253e-01
4.332186719009125664e-01
3.359913116602082361e-01
3.063719912810987100e-01
3.785056322600367507e-01
3.543212730826844625e-01
2.443578169852429482e-01
3.405999621402411859e-01
