5.766490057355261323e-02
3.145307857761960868e-01
7.581926108238770112e-01
6.535137067054488935e-02
4.715463687274650262e-01
7.090442321041545704e-01
6.924704623789977864e-01
8.555872429606741214e-01
5.870356708992022776e-01
7.383112444005448527e-01
8.111369561318328980e-01
6.384312424339866343e-01
1.310100380117709684e-01
9.260651467628322475e-02
4.244874323567906504e-01
2.526927422141816981e-02
4.032360834452883847e-01
5.638878694750011356e-01
5.508462140238594706e-01
9.365257084692024669e-02
4.687500502441933614e-01
2.481811910123077336e-01
4.478568950696839579e-01
8.964957405998590367e-01
6.575074323519144448e-01
2.994123639860269415e-01
3.422357493015431018e-01
7.242651074662834754e-01
9.073475627592599846e-01
8.092065430893535805e-01
9.406139629142804548e-01
3.116347783644228819e-01
3.168008684027445732e-01
9.948473218810055529e-01
8.487141261466468745e-01
1.280745930378452968e-01
1.125689618019758420e-01
3.035294096795763674e-01
2.858441658109450167e-01
9.630905213594682657e-01
9.236030225466715926e-01
5.036279127841097880e-01
7.771433147934549979e-01
9.083508581870926024e-01
4.894991205132203094e-01
9.304353656215379464e-01
8.416572307659128116e-01
4.953026431010743025e-02
1.561933137995390464e-01
2.874726960010388632e-01
3.981929303401651188e-01
2.802154501488192118e-01
5.506665599954115864e-01
8.241333522945686330e-01
4.901296779610881948e-01
4.346842195115185881e-01
8.458596779838276625e-01
3.420694849882635058e-01
9.732717183444222764e-01
1.197691718880444789e-01
1.057053628351357633e-01
1.551838897254399496e-01
1.161811333836706428e-01
4.309932511263063482e-02
4.895164953602132440e-02
1.696549247509566705e-01
5.914625334874430429e-01
3.414560499544672112e-02
2.954531694317852342e-01
8.488285735787297615e-01
7.180626864821006983e-01
7.527882993927583755e-01
5.562727410595194044e-01
9.469566375084006449e-01
8.460412685485875217e-01
1.943891999266005310e-01
9.922173012704105233e-02
3.537056532314966084e-01
1.489046164185627852e-01
7.557192158359558043e-01
9.204422819493274233e-01
9.331376412356811034e-01
5.759427783241275467e-01
3.921913256868240216e-01
5.706581582000186392e-01
2.914589516606345132e-01
7.085391352614228699e-01
8.329622349697431982e-01
9.125047731322766253e-02
9.667542622277025544e-01
2.182587616146314247e-01
4.013654516165489072e-01
8.835911609291102753e-01
3.908667731404705803e-01
1.237822620740062218e-01
8.934387833944694712e-01
3.432161439776546530e-01
6.060940760028086238e-01
8.970898566086999981e-01
1.830395470641905664e-01
9.074029640877245839e-02
9.088737358146214973e-01
8.464915412494353752e-01
1.149688635893434396e-01
4.295952175147323970e-01
5.011481938387836177e-01
4.471333735547827204e-01
9.472927177598406967e-01
9.397941887788388016e-01
3.739535361311666639e-01
8.821208001771495555e-01
7.146857669643904565e-01
2.491629207068817298e-01
6.002222495876574637e-01
7.387791306111184397e-01
5.982603939950359440e-02
5.766490057355261323e-02
3.145307857761960868e-01
7.581926108238770112e-01
6.535137067054488935e-02
4.715463687274650262e-01
7.090442321041545704e-01
6.924704623789977864e-01
8.555872429606741214e-01
5.870356708992022776e-01
7.383112444005448527e-01
8.111369561318328980e-01
6.384312424339866343e-01
1.310100380117709684e-01
9.260651467628322475e-02
4.244874323567906504e-01
2.526927422141816981e-02
4.032360834452883847e-01
5.638878694750011356e-01
5.508462140238594706e-01
9.365257084692024669e-02
4.687500502441933614e-01
2.481811910123077336e-01
4.478568950696839579e-01
8.964957405998590367e-01
6.575074323519144448e-01
2.994123639860269415e-01
3.422357493015431018e-01
7.242651074662834754e-01
9.073475627592599846e-01
8.092065430893535805e-01
9.406139629142804548e-01
3.116347783644228819e-01
3.168008684027445732e-01
9.948473218810055529e-01
8.487141261466468745e-01
1.280745930378452968e-01
1.125689618019758420e-01
3.035294096795763674e-01
2.858441658109450167e-01
9.630905213594682657e-01
9.236030225466715926e-01
5.036279127841097880e-01
7.771433147934549979e-01
9.083508581870926024e-01
4.894991205132203094e-01
9.304353656215379464e-01
8.416572307659128116e-01
4.953026431010743025e-02
1.561933137995390464e-01
2.874726960010388632e-01
3.981929303401651188e-01
2.802154501488192118e-01
5.506665599954115864e-01
8.241333522945686330e-01
4.901296779610881948e-01
4.346842195115185881e-01
8.458596779838276625e-01
3.420694849882635058e-01
9.732717183444222764e-01
1.197691718880444789e-01
1.057053628351357633e-01
1.551838897254399496e-01
1.161811333836706428e-01
4.309932511263063482e-02
9.074029640877245839e-02
9.088737358146214973e-01
8.464915412494353752e-01
1.149688635893434396e-01
4.295952175147323970e-01
5.011481938387836177e-01
4.471333735547827204e-01
9.472927177598406967e-01
9.397941887788388016e-01
3.739535361311666639e-01
8.821208001771495555e-01
7.146857669643904565e-01
2.491629207068817298e-01
6.002222495876574637e-01
7.387791306111184397e-01
5.982603939950359440e-02
1.357506643096761945e-01
5.276507754376109638e-01
8.824964461171440622e-01
9.347338954215622664e-02
8.914682298382081704e-01
4.335032733247975445e-01
6.310398145734947839e-01
4.833185755694597852e-01
4.470310481737951314e-01
8.001517254411480984e-01
7.598718976970502137e-01
8.982088441034297155e-01
3.680882483388487891e-01
1.014736227116306289e-01
6.997505572670124074e-01
1.380584900800787551e-01
2.500420199834483270e-01
9.602737144539661429e-01
8.489290779716132107e-01
1.933830187908650577e-01
6.664633918623463771e-01
4.576184996524726989e-01
6.613800493037482742e-01
3.981023923634503525e-01
7.550063939201061558e-01
7.154104048331073606e-01
8.371093967860318008e-01
8.973949037415671626e-01
2.282705584459424619e-01
8.755330052790100126e-02
7.856061794752280392e-01
1.269566850556765880e-01
2.885548480037551933e-01
4.776068860614754996e-01
5.894289779608850033e-01
3.741855355258102422e-01
8.259076076404410216e-01
5.882328564424132988e-01
7.109911092726647341e-01
1.222061299443923943e-01
9.402167065959776693e-01
7.888200913916706414e-01
8.539160284561133629e-01
5.216400885322691749e-01
1.662655963398742553e-01
1.346206827674381046e-01
9.450287048652015187e-01
1.288971548414673540e-01
3.110819618251099428e-01
6.816451391271112215e-01
7.949794133680287977e-01
2.840592388919026545e-01
7.219289779624022962e-01
5.297179520216542814e-01
8.120450083733482538e-01
3.169625368634187979e-02
8.716851481057354967e-01
7.127521831674965558e-01
8.331928069255377656e-01
8.368369461259392850e-01
1.889231177721815147e-01
3.373903110387201920e-01
1.000000000000000000e+00
1.282829950151231913e-01
3.835472176592140681e-01
5.136977939457887388e-01
7.529841235597225513e-01
2.034117932838993559e-01
0.000000000000000000e+00
4.031472229940205043e-01
7.517236197295350530e-01
4.490619464587513043e-01
9.679679025088860911e-01
7.005788176179761351e-01
8.108045208308439777e-01
5.800091295209757192e-01
1.825053989176841363e-01
6.918245768833877207e-01
1.883507150405074881e-01
1.571629728336071397e-01
5.766490057355744270e-02
3.145307857761818759e-01
7.581926108238713491e-01
6.535137067053903293e-02
4.715463687274497051e-01
7.090442321041705576e-01
6.924704623790083335e-01
8.555872429606630192e-01
5.870356708992021666e-01
7.383112444005612840e-01
8.111369561318281241e-01
6.384312424340008452e-01
1.310100380117641405e-01
9.260651467627978306e-02
4.244874323567848773e-01
2.526927422142410951e-02
4.032360834452970444e-01
5.638878694749931419e-01
5.508462140238723492e-01
9.365257084691713807e-02
4.687500502441965811e-01
2.481811910123064013e-01
4.478568950696856232e-01
8.964957405998621454e-01
6.575074323519130015e-01
2.994123639860298280e-01
3.422357493015560914e-01
7.242651074662809219e-01
9.073475627592639814e-01
8.092065430893428113e-01
9.406139629142972192e-01
3.116347783644244362e-01
3.168008684027250332e-01
9.948473218810014451e-01
8.487141261466492059e-01
1.280745930378601738e-01
1.125689618019696248e-01
3.035294096795750907e-01
2.858441658109464600e-01
9.630905213594613823e-01
9.236030225466607124e-01
5.036279127841183367e-01
7.771433147934276864e-01
9.083508581871070353e-01
4.894991205132376288e-01
9.304353656215356150e-01
8.416572307659259122e-01
4.953026431012985675e-02
1.561933137995430432e-01
2.874726960010414167e-01
3.981929303401675613e-01
2.802154501488127725e-01
5.506665599954141399e-01
8.241333522945610834e-01
4.901296779610877508e-01
4.346842195115246943e-01
8.458596779838090107e-01
3.420694849882515154e-01
9.732717183444183906e-01
1.197691718880302680e-01
1.057053628351332097e-01
1.551838897254377292e-01
1.161811333836685334e-01
4.309932511262723476e-02
