5.971749733206421773e-02
1.882644895381286876e-01
1.791386601069352436e-01
2.070736495000711219e-01
2.995180787501264819e-01
5.785027357872198905e-01
4.701381373849160550e-01
4.833408598780029042e-01
1.217333965902169801e-01
9.292330409173823469e-01
5.406649346377470078e-01
6.161172595063102442e-01
5.228246006613030961e-01
3.011680175405676563e-01
0.000000000000000000e+00
1.459902129431607243e-01
2.989212346071359883e-01
6.720694959952666636e-01
9.458877500993143617e-01
5.242686853081026666e-01
7.116971657832619202e-01
9.327080019392506305e-01
5.115462606166246706e-01
7.292823734705772276e-01
1.344530536819137367e-01
5.781347585316103377e-01
5.173890791036875880e-01
6.000596262040084339e-01
4.884923814271262543e-01
8.343416809873480666e-01
7.360251981609955418e-01
6.240405270434352669e-01
4.339455739931707967e-02
2.658951910670492857e-02
3.973691164842335644e-01
5.261240479658313429e-02
7.266765853724873603e-01
6.276077885870656736e-01
5.919730712990500798e-01
8.010357557479630408e-01
1.461115060421173117e-01
4.033668061593916887e-01
3.568948726734550436e-01
4.251877933612714378e-01
6.457990277939202883e-01
5.948797373135789046e-01
5.086781257330068584e-01
3.935379975520519880e-01
2.543319035922209093e-01
7.731633580677496065e-01
9.070559085574170233e-01
2.348241255069980493e-01
2.994245363570545715e-01
9.590965488126701466e-01
2.616256312640312665e-01
7.495878979824819321e-01
4.051163325488582601e-02
1.000000000000000000e+00
1.169533387571752847e-03
4.872186414512655883e-01
3.570061590600018264e-01
2.879593579976532647e-01
5.851738089671011389e-01
1.692459133734936783e-01
7.406101915292709337e-02
6.958614368027293828e-02
3.619766372249544339e-01
1.291806018915544474e-01
3.115008868898270222e-01
5.353361355376711206e-01
5.407250946715287387e-01
5.742225120177941733e-01
4.326938865267646595e-01
8.794533569114573179e-01
7.605637327174137319e-01
3.353648370533325318e-01
1.026096645163931953e-02
0.000000000000000000e+00
2.616477986641472242e-01
6.825922712018314131e-01
9.456102924608360549e-01
3.827919292461066103e-01
7.533983382002160667e-01
5.143040700504825091e-01
2.168460119696049571e-01
5.849373217844473505e-01
7.662853737197489190e-01
7.149106418938013796e-01
5.551068505212675142e-02
3.229282080943717270e-01
9.888380878932556683e-01
6.156723888411650414e-01
8.739444406660004105e-01
7.563919018260205629e-01
2.953334507838997203e-01
5.709814642017807529e-02
2.409191104655488136e-01
9.962911233958759993e-01
5.992304666589094442e-01
4.409373512120140504e-01
1.630450519754343963e-01
4.170554609770424914e-01
7.216641616093666389e-01
1.074136327013586190e-01
6.301877468134609028e-01
9.587415371530082497e-01
5.174039835113642960e-01
9.383821326885370961e-01
5.491440405774272726e-02
8.362874768766043188e-01
4.362873965899526363e-01
6.911616028283857904e-01
5.640849182285113672e-01
6.779970423658372436e-01
2.875328868868063381e-01
3.193492041462373532e-01
5.971749733206421773e-02
1.882644895381286876e-01
1.791386601069352436e-01
2.070736495000711219e-01
2.995180787501264819e-01
5.785027357872198905e-01
4.701381373849160550e-01
4.833408598780029042e-01
1.217333965902169801e-01
9.292330409173823469e-01
5.406649346377470078e-01
6.161172595063102442e-01
5.228246006613030961e-01
3.011680175405676563e-01
0.000000000000000000e+00
1.459902129431607243e-01
2.989212346071359883e-01
6.720694959952666636e-01
9.458877500993143617e-01
5.242686853081026666e-01
7.116971657832619202e-01
9.327080019392506305e-01
5.115462606166246706e-01
7.292823734705772276e-01
1.344530536819137367e-01
5.781347585316103377e-01
5.173890791036875880e-01
6.000596262040084339e-01
4.884923814271262543e-01
8.343416809873480666e-01
7.360251981609955418e-01
6.240405270434352669e-01
4.339455739931707967e-02
2.658951910670492857e-02
3.973691164842335644e-01
5.261240479658313429e-02
7.266765853724873603e-01
6.276077885870656736e-01
5.919730712990500798e-01
8.010357557479630408e-01
1.461115060421173117e-01
4.033668061593916887e-01
3.568948726734550436e-01
4.251877933612714378e-01
6.457990277939202883e-01
5.948797373135789046e-01
5.086781257330068584e-01
3.935379975520519880e-01
2.543319035922209093e-01
7.731633580677496065e-01
9.070559085574170233e-01
2.348241255069980493e-01
2.994245363570545715e-01
9.590965488126701466e-01
2.616256312640312665e-01
7.495878979824819321e-01
4.051163325488582601e-02
1.000000000000000000e+00
1.169533387571752847e-03
4.872186414512655883e-01
3.570061590600018264e-01
2.879593579976532647e-01
5.851738089671011389e-01
1.692459133734936783e-01
1.630450519754343963e-01
4.170554609770424914e-01
7.216641616093666389e-01
1.074136327013586190e-01
6.301877468134609028e-01
9.587415371530082497e-01
5.174039835113642960e-01
9.383821326885370961e-01
5.491440405774272726e-02
8.362874768766043188e-01
4.362873965899526363e-01
6.911616028283857904e-01
5.640849182285113672e-01
6.779970423658372436e-01
2.875328868868063381e-01
3.193492041462373532e-01
1.421328989138370691e-01
5.109766533582753567e-01
4.055494206317744599e-02
3.127558683506649340e-01
2.305382477845165923e-01
9.688199384206945819e-01
7.724382913002774131e-01
7.266829619903258930e-01
4.083259131054020052e-01
5.435729908228349450e-01
5.676591712956727820e-01
3.102139326407962194e-01
1.306442577836716135e-01
9.832436532870565404e-01
2.135722698168049938e-01
2.558720630772339799e-01
1.524157607692877558e-01
7.352879114017891737e-01
7.358801383775182003e-02
1.472863225431455536e-01
9.066289537977998414e-01
8.757867706593644996e-01
7.994043418072593887e-01
7.846296065924054375e-01
3.401975245864452546e-02
8.427681873493985121e-01
4.541467974595883028e-01
5.235284950874512511e-01
1.680628607893572823e-01
6.552333569143837799e-01
6.721404831799402402e-01
4.341921145718080632e-01
2.288669915514244257e-01
3.542289845875945531e-01
5.443846944184249637e-02
2.340078991262127817e-01
6.467477867037532135e-01
8.854597164762895156e-01
9.062505062093191288e-01
9.578747332353390043e-01
7.385008851270935537e-02
9.778467730068134411e-01
4.844531610289426471e-01
2.453139303964020357e-01
2.082911206023907447e-01
9.761693887996734098e-01
3.988981709454320068e-01
3.760065426400324151e-01
1.856559855293731243e-01
9.113566826211032534e-01
4.618043186908815656e-02
1.776911040878078607e-01
5.683110370187938187e-01
9.731636492288230356e-01
7.625803247893234715e-01
1.000000000000000000e+00
3.786006737773783826e-02
7.392034555615770719e-01
6.139927704212813087e-01
4.098051808321958589e-01
2.039040236612540413e-01
9.264647598478266133e-01
5.144802900848892691e-01
3.570572003338535749e-01
2.070750593904230330e-01
8.538447366610357747e-01
1.623022753740865909e-01
1.478715593555997021e-01
9.547809461032832345e-01
9.863944654502594389e-01
5.871777316126589596e-01
8.396498462634385263e-01
1.391209502528294450e-01
6.657782783590270315e-01
5.746714292437706817e-01
4.627031413914144409e-01
1.141821323897889151e-01
8.430697428228013379e-01
5.454608325306056216e-01
4.942209128852762534e-01
5.971749733206671573e-02
1.882644895381248018e-01
1.791386601069270834e-01
2.070736495000626287e-01
2.995180787501188213e-01
5.785027357872334353e-01
4.701381373849338186e-01
4.833408598780067900e-01
1.217333965902186454e-01
9.292330409173616967e-01
5.406649346377454535e-01
6.161172595063011403e-01
5.228246006613102015e-01
3.011680175405476723e-01
0.000000000000000000e+00
1.459902129431582263e-01
2.989212346071463133e-01
6.720694959952634440e-01
9.458877500993232434e-01
5.242686853080983367e-01
7.116971657832620313e-01
9.327080019392461896e-01
5.115462606166207848e-01
7.292823734705762284e-01
1.344530536819205646e-01
5.781347585316075621e-01
5.173890791036906966e-01
6.000596262040114315e-01
4.884923814271273645e-01
8.343416809873479556e-01
7.360251981610057559e-01
6.240405270434364882e-01
4.339455739930753175e-02
2.658951910671158991e-02
3.973691164842481638e-01
5.261240479656703606e-02
7.266765853724783675e-01
6.276077885870630091e-01
5.919730712990457500e-01
8.010357557479683699e-01
1.461115060421344092e-01
4.033668061593850274e-01
3.568948726734523236e-01
4.251877933612860927e-01
6.457990277939189561e-01
5.948797373135799038e-01
5.086781257330075245e-01
3.935379975520529872e-01
2.543319035922173010e-01
7.731633580677507167e-01
9.070559085574252389e-01
2.348241255070114275e-01
2.994245363570537943e-01
9.590965488126677041e-01
2.616256312640279358e-01
7.495878979824753818e-01
4.051163325489581801e-02
9.999999999999998890e-01
1.169533387585408590e-03
4.872186414512634789e-01
3.570061590600069890e-01
2.879593579976610362e-01
5.851738089671199017e-01
1.692459133734942889e-01
