2.146818257055267132e-01
3.550675930112103806e-01
6.935418499715982898e-01
1.224121760002225279e-01
6.036145577864354683e-01
4.360111821312875335e-01
6.684483093877668924e-01
6.989188528244176801e-01
7.496754502643389051e-01
8.617983173531311714e-01
7.022558605228472750e-01
4.684514812993751942e-01
2.230979008781729389e-01
3.183039885920602163e-02
5.282949857577291519e-01
2.013913234288934873e-01
5.447161620714005004e-01
3.972515363904678409e-01
6.587359284623732769e-01
5.252889754095924069e-02
9.816524612612176348e-03
3.342161588508965608e-01
4.852529901747618668e-01
4.843628168953445501e-01
2.610411025426162546e-01
5.474357108059187960e-01
5.376619307911478796e-01
3.813857561342067770e-01
9.028797874567261461e-01
3.828525493676724900e-01
9.570606708923150574e-01
1.658608601255570081e-01
3.531514003409843561e-01
5.999428388222983743e-01
8.075092321188759303e-01
3.412258054291028575e-01
9.793833249819586806e-01
3.621297505971228792e-01
5.951774624696273275e-01
8.921717830690294448e-01
8.624925613432404825e-01
6.360380777582054224e-01
1.000000000000000000e+00
5.441287080016160571e-01
7.974084657480593474e-01
9.454769788336125913e-02
8.082285155463617699e-01
1.813803315707436248e-01
4.153299872366829071e-01
6.561700435310814372e-01
5.058407067620989128e-01
5.929158139239494307e-01
2.317250892137845408e-02
1.447658752049529873e-01
1.211677858003762931e-01
1.316339727135886761e-01
3.986953542012231511e-01
6.892717110304322770e-01
7.577687984503126417e-01
2.987541147972123667e-01
2.348660652885065647e-01
4.003573485516431774e-02
2.909820010598720419e-01
6.536346220639135951e-02
9.154810668366006321e-02
4.843679057860894588e-02
4.085710704933833703e-01
1.142185681606834313e-01
3.635019195636828293e-01
5.211566555704549852e-01
5.006665689939258090e-01
6.124706742107666191e-01
4.364238907926372146e-01
8.956235909234104842e-01
7.095227905798928703e-01
3.260590137076454509e-01
3.437974030228407862e-02
5.467987690144626711e-02
2.407622552248187553e-01
7.090841141227622879e-01
9.435147561371433067e-01
3.919258389055888525e-01
7.706224411031972199e-01
5.099900021443081188e-01
1.942481847823025465e-01
5.709043439371049855e-01
7.903253164611668824e-01
6.769715147747907835e-01
4.320349696495018321e-02
3.280769813312883754e-01
9.676432329087805151e-01
6.029383839347393081e-01
8.432337980780677533e-01
7.767956845255483689e-01
3.088197435252779677e-01
7.494261032924520727e-02
4.985900047794591394e-01
4.984712348264173087e-01
9.880587570116430296e-01
2.185003488447334608e-01
3.975786869840471915e-01
6.634915268867891402e-01
9.614883080683072070e-01
1.147432617395909293e-01
3.165712036340908586e-01
3.612683667055055503e-01
4.990460200746642538e-01
7.207617377396620117e-01
6.920863852040424202e-01
8.223667270882634162e-01
9.622016501147948597e-01
4.914520487466813581e-01
5.769464077667479929e-01
3.896867978319962234e-02
6.773661239086892216e-01
1.331419450546785788e-01
2.146818257055267132e-01
3.550675930112103806e-01
6.935418499715982898e-01
1.224121760002225279e-01
6.036145577864354683e-01
4.360111821312875335e-01
6.684483093877668924e-01
6.989188528244176801e-01
7.496754502643389051e-01
8.617983173531311714e-01
7.022558605228472750e-01
4.684514812993751942e-01
2.230979008781729389e-01
3.183039885920602163e-02
5.282949857577291519e-01
2.013913234288934873e-01
5.447161620714005004e-01
3.972515363904678409e-01
6.587359284623732769e-01
5.252889754095924069e-02
9.816524612612176348e-03
3.342161588508965608e-01
4.852529901747618668e-01
4.843628168953445501e-01
2.610411025426162546e-01
5.474357108059187960e-01
5.376619307911478796e-01
3.813857561342067770e-01
9.028797874567261461e-01
3.828525493676724900e-01
9.570606708923150574e-01
1.658608601255570081e-01
3.531514003409843561e-01
5.999428388222983743e-01
8.075092321188759303e-01
3.412258054291028575e-01
9.793833249819586806e-01
3.621297505971228792e-01
5.951774624696273275e-01
8.921717830690294448e-01
8.624925613432404825e-01
6.360380777582054224e-01
1.000000000000000000e+00
5.441287080016160571e-01
7.974084657480593474e-01
9.454769788336125913e-02
8.082285155463617699e-01
1.813803315707436248e-01
4.153299872366829071e-01
6.561700435310814372e-01
5.058407067620989128e-01
5.929158139239494307e-01
2.317250892137845408e-02
1.447658752049529873e-01
1.211677858003762931e-01
1.316339727135886761e-01
3.986953542012231511e-01
6.892717110304322770e-01
7.577687984503126417e-01
2.987541147972123667e-01
2.348660652885065647e-01
4.003573485516431774e-02
2.909820010598720419e-01
6.536346220639135951e-02
3.975993026299630140e-01
6.635495419094354919e-01
9.615479831061011229e-01
1.147678467625268262e-01
3.166200924028308439e-01
3.612982234304574769e-01
4.990651336878640931e-01
7.208132882003182029e-01
6.921293452200634189e-01
8.224047154857986319e-01
9.617486521971093660e-01
4.914999084939337681e-01
5.769731941603507552e-01
3.899565351471157015e-02
6.774298994578438204e-01
1.331546788971865736e-01
3.428125069482204079e-01
3.755979366785502371e-01
6.993843402554780209e-01
3.175272387427083842e-01
2.360930551018247670e-01
4.931739042382794480e-01
7.672080211262610749e-01
9.445295830437139273e-02
9.780454959548885441e-01
5.362724354416920081e-01
9.815272562968025971e-01
4.539889121268907424e-01
1.479136805782047537e-01
4.072018103473642459e-01
1.753061643708888617e-01
1.064727115339592078e-01
4.864083308755347002e-01
5.561386229678917381e-01
7.485276684163788552e-01
1.411943624326610358e-01
7.076847623252495723e-01
3.501873754764492919e-01
7.908234757349812405e-01
9.740813204368103939e-02
5.768809056255261858e-01
8.232640181310374450e-01
8.642163156738544849e-01
7.783876816830370693e-01
1.730119146202631075e-01
8.909705626537034462e-02
8.792162527067133304e-01
1.448226251965918365e-01
4.354327560203834491e-01
2.425812009197212404e-01
9.867670960283811965e-01
2.503972989485726552e-01
3.979986301688507311e-01
3.923954203835323673e-01
8.954265319293730485e-01
1.103861331018287650e-01
9.650643600940203015e-01
9.801610703246323997e-01
8.822004216969558943e-01
3.378690173432827848e-01
2.290677596411274664e-01
8.696545141810041457e-02
6.635362456890474547e-01
1.822600211705861506e-01
4.166576819279088628e-01
4.299875455002224456e-01
9.647611765455987864e-01
2.024254640112361781e-01
4.136538855677960314e-01
5.515067877750888803e-01
7.598964854967886762e-01
1.933670939945164591e-02
8.753527390069826275e-01
7.293385905367354427e-01
9.662862225575041819e-01
8.950861579293611925e-01
2.223811012702950896e-01
3.399123496877898276e-02
6.494509319298149563e-01
1.568877434840180163e-01
5.512261059235514793e-01
5.585028071365085722e-01
7.802769545931638184e-01
1.521340839102856002e-01
5.733797274085050688e-01
4.520776138033395508e-01
5.792939983895297740e-01
1.519302126295287714e-01
8.490576972639551911e-01
6.410921011255855673e-01
1.000000000000000222e+00
8.543378191335673222e-01
1.131074386844328483e-01
1.062099081710052850e-01
9.449367973545150790e-01
1.976018254794005280e-01
2.146818257055257972e-01
3.550675930112112688e-01
6.935418499716010654e-01
1.224121760002148673e-01
6.036145577864475698e-01
4.360111821312855351e-01
6.684483093877753301e-01
6.989188528244182352e-01
7.496754502643349083e-01
8.617983173531256202e-01
7.022558605228319539e-01
4.684514812993649802e-01
2.230979008781800998e-01
3.183039885919825007e-02
5.282949857577340369e-01
2.013913234288920440e-01
5.447161620714007224e-01
3.972515363904683960e-01
6.587359284623797162e-01
5.252889754094580699e-02
9.816524612610733058e-03
3.342161588508979486e-01
4.852529901747653085e-01
4.843628168953373336e-01
2.610411025426130904e-01
5.474357108059172417e-01
5.376619307911435497e-01
3.813857561342106628e-01
9.028797874567162651e-01
3.828525493676790958e-01
9.570606708923157235e-01
1.658608601255541215e-01
3.531514003409774727e-01
5.999428388223017050e-01
8.075092321188828137e-01
3.412258054290924214e-01
9.793833249819541287e-01
3.621297505971217690e-01
5.951774624696198890e-01
8.921717830690372164e-01
8.624925613432362637e-01
6.360380777581955414e-01
9.999999999999998890e-01
5.441287080016136146e-01
7.974084657480555727e-01
9.454769788336175873e-02
8.082285155463473370e-01
1.813803315707394059e-01
4.153299872366849610e-01
6.561700435310727775e-01
5.058407067620918074e-01
5.929158139239545378e-01
2.317250892137312501e-02
1.447658752049583164e-01
1.211677858003762931e-01
1.316339727135945603e-01
3.986953542012262597e-01
6.892717110304452666e-01
7.577687984503164165e-01
2.987541147972113675e-01
2.348660652885162792e-01
4.003573485516775943e-02
2.909820010598800910e-01
6.536346220639191462e-02
