2.175608252944506715e-01
3.492992749899783700e-01
6.721203379669929978e-01
1.559468379711025365e-01
6.413070319729280433e-01
3.518239004028909100e-01
7.328007394881168590e-01
6.502872777011745598e-01
7.691565236715217635e-01
8.356132008696921520e-01
7.124181306163883676e-01
5.006810135285881813e-01
2.489081332920587419e-01
8.103346780195130883e-02
5.449140397384527601e-01
1.886603246455052507e-01
5.088650233361786679e-01
3.924942415667502793e-01
7.570707914297611918e-01
1.494797659063773487e-02
8.141895791076492195e-03
3.136958580042601974e-01
4.837423065993812221e-01
3.671192804832977830e-01
3.056623855817689472e-01
5.695666674441624000e-01
5.372044807331058935e-01
3.758887729129308797e-01
8.654123056423871363e-01
4.062579204868649874e-01
9.108905311296366936e-01
1.402367938778046330e-01
3.807945322822821055e-01
6.035856727141456490e-01
7.815652596160884702e-01
3.476539884181921725e-01
9.655626469339101403e-01
3.406108560003438535e-01
5.987712939701130832e-01
8.669639467379199882e-01
7.945605392126643407e-01
6.124523084752381274e-01
9.541065787697644573e-01
6.321799230297141525e-01
8.625415477661482200e-01
1.063236798900971669e-01
7.875546627079208495e-01
2.277538416667538312e-01
4.447039411269588793e-01
6.298581804476012236e-01
5.049133565329890772e-01
6.441150869379326238e-01
2.084671845977381643e-02
1.348817215446618256e-01
1.485200120591114725e-01
2.178380362788090441e-01
3.864382082651726114e-01
6.386805237834656257e-01
7.331556873363850313e-01
3.229642467931634897e-01
2.306736931690936410e-01
5.753428339273214398e-02
2.744989909819238738e-01
5.094673727194776180e-02
8.415067052860528141e-02
7.378088098487101121e-02
3.594304727367720886e-01
1.250487669159783266e-01
3.985181869419378575e-01
5.251252006292446151e-01
5.275430855431739730e-01
6.032587638154727205e-01
4.995207085549764336e-01
8.688729676975956995e-01
6.437722507602281485e-01
3.667835738877101015e-01
7.043471646052279489e-02
4.072886075108672621e-02
2.060149013329215517e-01
6.936714848642920872e-01
9.637458892068895278e-01
3.671973978652427473e-01
7.322084823465924153e-01
5.089764446283117083e-01
2.313452114928523651e-01
5.839229204467483170e-01
7.636648710857497635e-01
6.763114530935416813e-01
7.096348273017061281e-02
3.394490201223056003e-01
9.258689169557019483e-01
5.758347708685195299e-01
7.754043304810993575e-01
7.989797358471673050e-01
3.208929830452205145e-01
6.556138262424537899e-02
5.104735758348155628e-01
4.767657467013601824e-01
9.864774611079043520e-01
2.247732146552499088e-01
4.026552938937454362e-01
6.441853315047374462e-01
9.780121524720797321e-01
1.366528788430916297e-01
3.198683147180203523e-01
3.165163583125242264e-01
5.166647634921537335e-01
6.726361663278737080e-01
6.938066835352927342e-01
8.050939114651823880e-01
9.419313053268546509e-01
5.500652099356260205e-01
5.938778272018406801e-01
7.912578500315348151e-02
6.385384251487633556e-01
1.264617456532366457e-01
2.175608252944506715e-01
3.492992749899783700e-01
6.721203379669929978e-01
1.559468379711025365e-01
6.413070319729280433e-01
3.518239004028909100e-01
7.328007394881168590e-01
6.502872777011745598e-01
7.691565236715217635e-01
8.356132008696921520e-01
7.124181306163883676e-01
5.006810135285881813e-01
2.489081332920587419e-01
8.103346780195130883e-02
5.449140397384527601e-01
1.886603246455052507e-01
5.088650233361786679e-01
3.924942415667502793e-01
7.570707914297611918e-01
1.494797659063773487e-02
8.141895791076492195e-03
3.136958580042601974e-01
4.837423065993812221e-01
3.671192804832977830e-01
3.056623855817689472e-01
5.695666674441624000e-01
5.372044807331058935e-01
3.758887729129308797e-01
8.654123056423871363e-01
4.062579204868649874e-01
9.108905311296366936e-01
1.402367938778046330e-01
3.807945322822821055e-01
6.035856727141456490e-01
7.815652596160884702e-01
3.476539884181921725e-01
9.655626469339101403e-01
3.406108560003438535e-01
5.987712939701130832e-01
8.669639467379199882e-01
7.945605392126643407e-01
6.124523084752381274e-01
9.541065787697644573e-01
6.321799230297141525e-01
8.625415477661482200e-01
1.063236798900971669e-01
7.875546627079208495e-01
2.277538416667538312e-01
4.447039411269588793e-01
6.298581804476012236e-01
5.049133565329890772e-01
6.441150869379326238e-01
2.084671845977381643e-02
1.348817215446618256e-01
1.485200120591114725e-01
2.178380362788090441e-01
3.864382082651726114e-01
6.386805237834656257e-01
7.331556873363850313e-01
3.229642467931634897e-01
2.306736931690936410e-01
5.753428339273214398e-02
2.744989909819238738e-01
5.094673727194776180e-02
4.026552938937454362e-01
6.441853315047374462e-01
9.780121524720797321e-01
1.366528788430916297e-01
3.198683147180203523e-01
3.165163583125242264e-01
5.166647634921537335e-01
6.726361663278737080e-01
6.938066835352927342e-01
8.050939114651823880e-01
9.419313053268546509e-01
5.500652099356260205e-01
5.938778272018406801e-01
7.912578500315348151e-02
6.385384251487633556e-01
1.264617456532366457e-01
3.684448191868774369e-01
3.382388276734151766e-01
7.197044092294431206e-01
3.219352447311257803e-01
2.166987916744034237e-01
5.089115520949936133e-01
7.761783633479475419e-01
1.849884401213874874e-02
9.889906232166301159e-01
5.221451782155984711e-01
9.555676497897415134e-01
5.292798466890604736e-01
1.525952382193999091e-01
3.773719010261866735e-01
1.704051860084070391e-01
1.383757194109895838e-01
5.047423896475362604e-01
5.777305308149660590e-01
7.367964685746524189e-01
1.460519890344331717e-01
6.558787543944144538e-01
3.251858121965855997e-01
7.881495539194034450e-01
1.138908071251232279e-01
6.041598753995094384e-01
8.024585408934413744e-01
8.502066141490314255e-01
8.425909793179253704e-01
1.837924371277341873e-01
8.844392755551622187e-02
9.429192139548780993e-01
1.329120018780681756e-01
4.587995837624598838e-01
2.246128732229379921e-01
9.802040186957166057e-01
2.594333032188070876e-01
4.531797468783071992e-01
3.680709926993274150e-01
8.756055209803956796e-01
7.940403217603231312e-02
9.840522509786024941e-01
9.566071227892463114e-01
8.973179578336436535e-01
3.054184355723199573e-01
2.098351820966758430e-01
1.006831580011362526e-01
6.704827020663284287e-01
2.068230274389862844e-01
4.223079219885246260e-01
4.575165265020002536e-01
9.780542601734372177e-01
2.078371935531631021e-01
4.598707900001173243e-01
5.216461761683520715e-01
7.373892005748734491e-01
4.911542445708683147e-03
9.265104824362939695e-01
7.067615150245992739e-01
9.475265344731500505e-01
9.543483804712931118e-01
2.110362580474888228e-01
4.027826580400351020e-02
7.388732312998316232e-01
1.565310941679234347e-01
5.607784828810276068e-01
6.492706503964651432e-01
7.827808579584369930e-01
1.473926425341536284e-01
5.093737008927909926e-01
4.210596948943052809e-01
5.836104944630469138e-01
1.587058117725739237e-01
8.711155344510466136e-01
6.198885329574191916e-01
9.793172531341707288e-01
1.000000000000000000e+00
1.387819025484899882e-01
8.346441321630360122e-02
1.000000000000000000e+00
1.862240587817984849e-01
2.175608252944561949e-01
3.492992749899832550e-01
6.721203379669942191e-01
1.559468379710976516e-01
6.413070319729166080e-01
3.518239004028922423e-01
7.328007394881161929e-01
6.502872777011773353e-01
7.691565236715299791e-01
8.356132008696752766e-01
7.124181306163848149e-01
5.006810135285844066e-01
2.489081332920671241e-01
8.103346780193443344e-02
5.449140397384625301e-01
1.886603246455094696e-01
5.088650233361793340e-01
3.924942415667452833e-01
7.570707914297702956e-01
1.494797659063684669e-02
8.141895791087594425e-03
3.136958580042599198e-01
4.837423065993772253e-01
3.671192804832994483e-01
3.056623855817749980e-01
5.695666674441595134e-01
5.372044807330971228e-01
3.758887729129434252e-01
8.654123056423830285e-01
4.062579204868653759e-01
9.108905311296418006e-01
1.402367938778057432e-01
3.807945322822812173e-01
6.035856727141551969e-01
7.815652596160955756e-01
3.476539884181919504e-01
9.655626469338984830e-01
3.406108560003532904e-01
5.987712939701053116e-01
8.669639467379157693e-01
7.945605392126727784e-01
6.124523084752293567e-01
9.541065787697725620e-01
6.321799230297210359e-01
8.625415477661371177e-01
1.063236798900937252e-01
7.875546627079246242e-01
2.277538416667527210e-01
4.447039411269599340e-01
6.298581804475945622e-01
5.049133565330028439e-01
6.441150869379366206e-01
2.084671845977248417e-02
1.348817215446722617e-01
1.485200120591133599e-01
2.178380362788095992e-01
3.864382082651757200e-01
6.386805237834723981e-01
7.331556873363797022e-01
3.229642467931593819e-01
2.306736931691037995e-01
5.753428339274191394e-02
2.744989909819222640e-01
5.094673727194601320e-02
