7.061014010581453948e-02
1.758272055981155990e-01
2.166921313976243324e-01
2.413204193222721061e-01
3.859645187517178888e-01
5.618495915971877253e-01
4.571118192183871720e-01
5.215608529763204881e-01
9.800155646264185894e-02
9.564771767923123669e-01
4.600655447972741285e-01
6.327773311834254955e-01
5.211070631017115096e-01
3.411522962071155129e-01
2.591303754483287314e-02
1.107709142591289941e-01
3.313604246732772540e-01
6.786507065296734087e-01
9.506526135633277530e-01
5.237690579419811421e-01
6.834314571539258365e-01
9.485092429869870223e-01
5.073484817317781559e-01
6.662444772093886192e-01
1.107818015327869388e-01
5.802684424730658597e-01
5.255292853409014864e-01
5.484169834571407387e-01
5.236749657499442101e-01
8.086664981388613782e-01
7.096165221743171436e-01
6.256273625367572144e-01
5.976195686111385186e-02
4.148252289406118010e-02
3.210958909811784112e-01
0.000000000000000000e+00
7.307021971373045544e-01
5.864095189125020369e-01
5.718340702516431229e-01
7.874225281842672786e-01
1.272690133026105341e-01
3.839827835539805223e-01
4.042061084270443527e-01
4.223858759513744454e-01
6.872608387705576583e-01
6.240685834429917644e-01
5.635656485548947714e-01
3.905250827513647716e-01
2.840724495503547109e-01
8.333771456452877535e-01
8.789726938943538403e-01
2.312433280986719852e-01
3.117579242812296147e-01
9.332874681313754195e-01
2.603677972583545719e-01
7.648469845118464061e-01
0.000000000000000000e+00
8.952007870848590620e-01
9.863519245454921425e-03
6.932955535107017120e-01
3.507148640955033980e-01
2.580926067523653389e-01
5.715830494702821563e-01
1.839289484532606045e-01
8.888667986945689159e-02
5.928953053562202591e-02
4.023701625507598578e-01
1.284157960105447582e-01
4.822314567215948422e-01
5.220797534830354802e-01
5.031499587242795890e-01
6.041125351295328905e-01
4.277145048347692491e-01
8.855697265309225852e-01
6.722903161544804274e-01
3.325702710403654061e-01
0.000000000000000000e+00
1.828317136148727151e-02
2.749496160711493165e-01
7.200480121910542985e-01
9.306143553547541192e-01
3.627593478000512572e-01
7.898510054262917190e-01
5.159298182595832838e-01
2.049358244970265197e-01
5.761223192065632048e-01
7.722630139974694385e-01
6.568759381155324650e-01
4.264909071577793753e-02
3.550482245111906687e-01
9.250711126661150807e-01
5.796117006503548330e-01
8.363961861395132757e-01
8.136338728495997596e-01
3.064699607413147175e-01
4.099870596851129534e-02
2.574107734936137426e-01
9.768812717512589394e-01
5.870013804842171279e-01
4.507312778872698544e-01
1.878102032093132978e-01
4.572118445101673867e-01
6.934032974928878712e-01
1.081395412006751489e-01
6.518194999765360986e-01
9.315614462054174760e-01
5.059483926286815203e-01
9.278108251881949098e-01
1.396555696197920859e-02
8.054679792138402794e-01
4.364241814670229980e-01
7.540146244821703814e-01
5.842780688374146214e-01
6.802670066108149616e-01
3.028484377893367885e-01
3.145998281862488755e-01
7.061014010581453948e-02
1.758272055981155990e-01
2.166921313976243324e-01
2.413204193222721061e-01
3.859645187517178888e-01
5.618495915971877253e-01
4.571118192183871720e-01
5.215608529763204881e-01
9.800155646264185894e-02
9.564771767923123669e-01
4.600655447972741285e-01
6.327773311834254955e-01
5.211070631017115096e-01
3.411522962071155129e-01
2.591303754483287314e-02
1.107709142591289941e-01
3.313604246732772540e-01
6.786507065296734087e-01
9.506526135633277530e-01
5.237690579419811421e-01
6.834314571539258365e-01
9.485092429869870223e-01
5.073484817317781559e-01
6.662444772093886192e-01
1.107818015327869388e-01
5.802684424730658597e-01
5.255292853409014864e-01
5.484169834571407387e-01
5.236749657499442101e-01
8.086664981388613782e-01
7.096165221743171436e-01
6.256273625367572144e-01
5.976195686111385186e-02
4.148252289406118010e-02
3.210958909811784112e-01
0.000000000000000000e+00
7.307021971373045544e-01
5.864095189125020369e-01
5.718340702516431229e-01
7.874225281842672786e-01
1.272690133026105341e-01
3.839827835539805223e-01
4.042061084270443527e-01
4.223858759513744454e-01
6.872608387705576583e-01
6.240685834429917644e-01
5.635656485548947714e-01
3.905250827513647716e-01
2.840724495503547109e-01
8.333771456452877535e-01
8.789726938943538403e-01
2.312433280986719852e-01
3.117579242812296147e-01
9.332874681313754195e-01
2.603677972583545719e-01
7.648469845118464061e-01
0.000000000000000000e+00
8.952007870848590620e-01
9.863519245454921425e-03
6.932955535107017120e-01
3.507148640955033980e-01
2.580926067523653389e-01
5.715830494702821563e-01
1.839289484532606045e-01
1.878102032093132978e-01
4.572118445101673867e-01
6.934032974928878712e-01
1.081395412006751489e-01
6.518194999765360986e-01
9.315614462054174760e-01
5.059483926286815203e-01
9.278108251881949098e-01
1.396555696197920859e-02
8.054679792138402794e-01
4.364241814670229980e-01
7.540146244821703814e-01
5.842780688374146214e-01
6.802670066108149616e-01
3.028484377893367885e-01
3.145998281862488755e-01
1.613212564786632441e-01
5.289679327738086023e-01
3.777154306034824494e-02
3.248957903748110887e-01
2.381243748491099765e-01
9.680286804470692452e-01
7.666187550907543891e-01
6.825043443995379988e-01
4.299686024237132642e-01
5.312478315255407813e-01
5.599032668745337338e-01
2.654614029541129128e-01
1.318320293738920457e-01
9.417026601065676683e-01
1.897374425510776064e-01
3.147881578285487425e-01
1.491122358964459549e-01
8.371546493938275546e-01
1.172320378412736730e-01
1.368998733733823858e-01
9.193061546629275327e-01
8.254705595825941877e-01
8.078028342899219449e-01
8.016613414580193719e-01
4.014934449703577712e-02
8.210866052176409857e-01
4.269162007086606536e-01
6.037699776691884956e-01
2.029481078732016108e-01
6.661007138221046731e-01
6.183865169081688151e-01
4.360151521075804615e-01
2.492451859139874770e-01
3.564107612648399481e-01
7.647554845838877569e-02
2.398106254068858023e-01
6.843790911584930470e-01
8.499484082297722454e-01
8.932856833585800516e-01
9.585327483062595633e-01
7.156879895744738818e-02
9.611856598201204971e-01
4.570011390858204070e-01
3.008724942642881928e-01
2.136603997208316175e-01
1.000000000000000000e+00
4.203340101131418649e-01
3.772312280038473409e-01
1.920694626837826657e-01
8.963145939581664834e-01
3.808707726351112655e-02
2.127474667965421062e-01
6.231336177388202557e-01
9.489993307611085394e-01
7.492481819211316285e-01
9.654729651440487892e-01
5.401681721530149360e-02
7.395677122942440063e-01
5.897271412386104750e-01
3.810677727719529173e-01
2.139586341494744692e-01
9.053553993779428488e-01
5.596138312003864357e-01
3.654007746134622092e-01
2.357411118062636701e-01
8.916084353623858760e-01
1.535853777108782126e-01
1.470506693963613554e-01
1.000000000000000000e+00
9.571279352912329674e-01
5.707622783690000645e-01
8.461357239261610985e-01
1.284470672371926803e-01
6.555242277636462722e-01
5.521626821195368962e-01
5.276603453754349360e-01
1.112599883237861409e-01
8.338852658681887853e-01
6.303024830789185629e-01
5.002293589717529132e-01
7.061014010581223577e-02
1.758272055981099369e-01
2.166921313976161723e-01
2.413204193222668326e-01
3.859645187517184439e-01
5.618495915971837285e-01
4.571118192183931672e-01
5.215608529763332557e-01
9.800155646264629983e-02
9.564771767923094803e-01
4.600655447972705758e-01
6.327773311834323788e-01
5.211070631017138410e-01
3.411522962070990816e-01
2.591303754483065269e-02
1.107709142591271623e-01
3.313604246732781422e-01
6.786507065296590868e-01
9.506526135633286412e-01
5.237690579419792547e-01
6.834314571539328309e-01
9.485092429869850239e-01
5.073484817317839290e-01
6.662444772093814027e-01
1.107818015327839967e-01
5.802684424730629731e-01
5.255292853408995990e-01
5.484169834571517299e-01
5.236749657499456534e-01
8.086664981388661522e-01
7.096165221743129248e-01
6.256273625367557711e-01
5.976195686110807870e-02
4.148252289407594606e-02
3.210958909811886808e-01
0.000000000000000000e+00
7.307021971372948954e-01
5.864095189125042573e-01
5.718340702516365726e-01
7.874225281842712754e-01
1.272690133026027626e-01
3.839827835539806333e-01
4.042061084270610616e-01
4.223858759513964278e-01
6.872608387705478883e-01
6.240685834429899881e-01
5.635656485548838912e-01
3.905250827513577772e-01
2.840724495503508806e-01
8.333771456452941928e-01
8.789726938943620560e-01
2.312433280986743722e-01
3.117579242812359430e-01
9.332874681313829690e-01
2.603677972583595679e-01
7.648469845118309740e-01
0.000000000000000000e+00
8.952007870848558424e-01
9.863519245467911034e-03
6.932955535107002687e-01
3.507148640955013441e-01
2.580926067523624523e-01
5.715830494702918152e-01
1.839289484532611596e-01
