1.152815430859632506e-01
2.339654689250840747e-01
3.550646490299015356e-01
2.303596966468324236e-01
6.257719265514031237e-01
8.964908791135006716e-01
1.620356922928449794e-01
3.862448653721095582e-01
3.275746524804848958e-01
5.652538089465339866e-01
7.542431091346546435e-01
2.978671232115495116e-01
5.602591570522074127e-01
5.824977774352476656e-01
3.720062982949868813e-01
2.177072463040480854e-01
5.070056623924545924e-01
1.000000000000000000e+00
7.828154500305302133e-01
9.436797780453771711e-01
9.696982031586366402e-01
5.661150698403887294e-01
2.954071082156909389e-01
8.836205060928760124e-01
1.825474832653788404e-01
3.499553041078350968e-01
3.176555938710762250e-01
0.000000000000000000e+00
1.675287650387203287e-01
8.144595985943727801e-01
5.339569279177496242e-01
8.837431969533660059e-01
9.795023114038059475e-02
2.165212079337288653e-01
4.979288745412592254e-01
3.532350417243579344e-01
5.339420467895220623e-01
6.465276906608852237e-01
3.094814727499931029e-01
4.617260257125554990e-01
1.935935156798790358e-01
3.977165083751688091e-01
4.210337303385322527e-01
7.334601666833256983e-01
2.690077612109080807e-01
4.772012241022782764e-01
5.736281621517975715e-01
4.044154676146710647e-01
2.805613531779072023e-01
4.462463792296367249e-01
4.935407031114514842e-01
2.973761440948197166e-01
6.953285899245135182e-01
6.284696756059071632e-01
1.695198932652837165e-01
7.576111589830454296e-01
4.237874294685924914e-01
7.261557519806263183e-01
3.727874809277261781e-01
6.607130823168765321e-01
3.819107766660884695e-01
2.886948880370180381e-01
9.851150215178156033e-01
1.806040663719669370e-01
1.103913119591256875e-01
1.072991771985885023e-01
8.175613541779243043e-01
1.795756667091458203e-01
5.929322215077637015e-01
9.653897409087044412e-01
3.050334772022111895e-02
3.494464176332734429e-01
5.597830676809405492e-01
5.136556633738982303e-01
9.866753675187336370e-01
3.887338659051272627e-01
3.969022236508019663e-01
5.564372435177762366e-01
6.569429398521022812e-01
9.102255353232161506e-01
7.278959524447543572e-01
9.881428363173669904e-01
5.746299214142644995e-01
3.059083900483077212e-01
1.855471063291528333e-01
3.300593960933661530e-01
2.709609023050288945e-01
7.595243342796302866e-01
8.568073275966647806e-02
3.610775367309823070e-01
6.804974767169726935e-01
6.232944390286783154e-01
6.472260264971891885e-01
3.596157369913538515e-01
3.213356755349959792e-01
5.910772931550676290e-01
3.935082024534990452e-01
8.029386254562704828e-01
5.213205397470772606e-01
5.101678244411864682e-01
2.598499265539452319e-01
5.134021735546345777e-01
6.156605981652514270e-01
3.482211368050103228e-01
9.963270295242054875e-01
8.433746479121456696e-01
2.636229621514364352e-01
8.250934077296909752e-01
3.086076623485889403e-01
5.487077695584196002e-01
5.446000433438454857e-01
4.503781563812372379e-01
3.756200558260246458e-01
7.069799159612244477e-01
6.272836880605878740e-01
4.140013146833624313e-01
1.152815430859632506e-01
2.339654689250840747e-01
3.550646490299015356e-01
2.303596966468324236e-01
6.257719265514031237e-01
8.964908791135006716e-01
1.620356922928449794e-01
3.862448653721095582e-01
3.275746524804848958e-01
5.652538089465339866e-01
7.542431091346546435e-01
2.978671232115495116e-01
5.602591570522074127e-01
5.824977774352476656e-01
3.720062982949868813e-01
2.177072463040480854e-01
5.070056623924545924e-01
1.000000000000000000e+00
7.828154500305302133e-01
9.436797780453771711e-01
9.696982031586366402e-01
5.661150698403887294e-01
2.954071082156909389e-01
8.836205060928760124e-01
1.825474832653788404e-01
3.499553041078350968e-01
3.176555938710762250e-01
0.000000000000000000e+00
1.675287650387203287e-01
8.144595985943727801e-01
5.339569279177496242e-01
8.837431969533660059e-01
9.795023114038059475e-02
2.165212079337288653e-01
4.979288745412592254e-01
3.532350417243579344e-01
5.339420467895220623e-01
6.465276906608852237e-01
3.094814727499931029e-01
4.617260257125554990e-01
1.935935156798790358e-01
3.977165083751688091e-01
4.210337303385322527e-01
7.334601666833256983e-01
2.690077612109080807e-01
4.772012241022782764e-01
5.736281621517975715e-01
4.044154676146710647e-01
2.805613531779072023e-01
4.462463792296367249e-01
4.935407031114514842e-01
2.973761440948197166e-01
6.953285899245135182e-01
6.284696756059071632e-01
1.695198932652837165e-01
7.576111589830454296e-01
4.237874294685924914e-01
7.261557519806263183e-01
3.727874809277261781e-01
6.607130823168765321e-01
3.819107766660884695e-01
2.886948880370180381e-01
9.851150215178156033e-01
1.806040663719669370e-01
2.598499265539452319e-01
5.134021735546345777e-01
6.156605981652514270e-01
3.482211368050103228e-01
9.963270295242054875e-01
8.433746479121456696e-01
2.636229621514364352e-01
8.250934077296909752e-01
3.086076623485889403e-01
5.487077695584196002e-01
5.446000433438454857e-01
4.503781563812372379e-01
3.756200558260246458e-01
7.069799159612244477e-01
6.272836880605878740e-01
4.140013146833624313e-01
3.168380823005392255e-01
6.854031113863015001e-01
2.881082811589226189e-01
2.558953023497608781e-01
4.184303560105515629e-01
7.608470269671561148e-01
4.603407030236119635e-01
8.546609086213736717e-01
1.646750295097318961e-01
5.646899713412211197e-01
4.632231749165324208e-01
4.793711911598985687e-01
3.753814407142898046e-01
6.006095029890767822e-01
4.440494451214744842e-01
3.227692505735690887e-01
3.026414830043633319e-01
9.013594766974000194e-01
1.122108773897583234e-01
2.643362288140227445e-01
6.587671963647205864e-01
6.625408814241675604e-01
8.183890742932440343e-01
6.418998421806665355e-01
4.816580224952722311e-01
4.897255402281642800e-01
3.385489942916748429e-01
7.870941596669385198e-01
2.060399582615664027e-01
9.886890501585914315e-01
4.924712270909048506e-01
4.626082329704183094e-01
4.232723378798728397e-01
3.349076427920874011e-01
1.758339536919177881e-01
3.244715547853603832e-01
6.581855228315083295e-01
7.587973404755418150e-01
7.233487816365264944e-01
8.194460424691394351e-01
3.105883600454051319e-02
6.987649328519911496e-01
5.060756855678107957e-01
4.008868338586992763e-01
3.464871375646734197e-01
9.593155020826387158e-01
1.376952309690926413e-01
4.521942452730768336e-01
3.523812644000423600e-01
6.325565022692121175e-01
2.043154960076480897e-01
3.326740780675117026e-01
3.876637509697147266e-01
7.642264463045483902e-01
6.186567907547129153e-01
9.825086818349388906e-01
2.060825074728538375e-01
7.117194612673148901e-01
5.114176443124995863e-01
5.054435228348186371e-02
3.445124920659329293e-01
8.105577910208037196e-01
3.818725582579416411e-01
4.517545951946591032e-01
3.661915516933442749e-01
7.443119322827635997e-01
4.400135002802292306e-01
2.253151241056274845e-01
7.290192422776096137e-01
6.775450305386871985e-01
5.627008749424255996e-01
9.634987668771550773e-01
3.521480802115872777e-01
6.682325508477359177e-01
3.724272219278033091e-01
3.842929995563189038e-01
2.594374867504372073e-01
8.001550161724075849e-01
4.855039907146316835e-01
5.459343859335222815e-01
1.152815430859682189e-01
2.339654689250778574e-01
3.550646490298923763e-01
2.303596966468224871e-01
6.257719265514114504e-01
8.964908791135057786e-01
1.620356922928587462e-01
3.862448653721178848e-01
3.275746524804917792e-01
5.652538089465195537e-01
7.542431091346408767e-01
2.978671232115426282e-01
5.602591570522090780e-01
5.824977774352496640e-01
3.720062982949866592e-01
2.177072463040500838e-01
5.070056623924557027e-01
9.999999999999998890e-01
7.828154500305368746e-01
9.436797780453908269e-01
9.696982031586440787e-01
5.661150698403802917e-01
2.954071082156868311e-01
8.836205060928681299e-01
1.825474832653862234e-01
3.499553041078395932e-01
3.176555938710691196e-01
0.000000000000000000e+00
1.675287650387113914e-01
8.144595985943691163e-01
5.339569279177487360e-01
8.837431969533636744e-01
9.795023114038436951e-02
2.165212079337262008e-01
4.979288745412552841e-01
3.532350417243581564e-01
5.339420467895172884e-01
6.465276906608872221e-01
3.094814727499943796e-01
4.617260257125606060e-01
1.935935156798717083e-01
3.977165083751685870e-01
4.210337303385442986e-01
7.334601666833265865e-01
2.690077612109046390e-01
4.772012241022799417e-01
5.736281621517920204e-01
4.044154676146636263e-01
2.805613531779108105e-01
4.462463792296341714e-01
4.935407031114523169e-01
2.973761440948159973e-01
6.953285899245241763e-01
6.284696756059069411e-01
1.695198932652896007e-01
7.576111589830493154e-01
4.237874294686002630e-01
7.261557519806228767e-01
3.727874809277244017e-01
6.607130823168806399e-01
3.819107766660904124e-01
2.886948880370258097e-01
9.851150215178310354e-01
1.806040663719658823e-01
