5.690447328306716956e-01
5.613330818040859205e-01
4.206102319886039220e-01
5.029667195581739580e-01
7.855318645380848785e-02
2.171840151395281193e-01
5.111039528170946422e-01
1.805708929597985568e-01
2.351636169295812095e-02
2.320221818683443349e-01
1.409219112158941467e-01
1.930739089796102981e-01
4.262171202755985489e-01
9.522885600860991895e-01
4.506353560955248527e-01
4.767562654193527316e-01
6.540307874205286698e-01
1.028290308737876968e-01
9.218554658987598849e-02
6.142035679487074518e-01
3.689085800243788738e-01
3.505140080232054811e-01
6.069639145518128664e-01
3.205808345915152069e-01
6.638352246480131447e-01
7.710499987851083814e-01
4.888724934363168906e-01
6.920079799552713018e-01
1.586401820019308628e-01
4.726955460396587427e-01
2.781134015769001211e-01
6.134822281163545554e-01
6.775129184006496441e-01
6.449933734619117676e-02
1.199149104580972680e-01
7.737233339603941662e-01
3.367642296495633181e-01
6.663039320737622617e-01
6.974755722730396901e-01
3.243229216218219690e-01
1.037262688503884922e-01
4.215880173999491110e-01
1.530469629713323010e-01
1.380877335910398740e-01
2.395830244621223182e-01
3.849937511256914524e-01
2.877773757774489960e-01
6.372935363120527663e-01
4.737180948934295310e-01
1.187909173193314460e-01
2.840554707386292455e-01
4.491088535124454495e-01
5.386980717861896695e-01
4.431965794414556292e-01
7.080235357126231088e-01
4.443168514662585444e-01
4.519123087335862321e-01
5.503063289329610530e-01
1.435143807169043662e-01
3.656848341649907574e-01
4.183562765246892634e-01
6.720914623762807016e-01
8.240997181757211409e-01
7.372925935117425889e-01
6.939970989875166030e-01
4.751495541711299175e-01
5.997889887078207138e-01
4.605693182787121698e-01
1.184731158613940849e-01
9.055616835084401295e-02
6.159741095303628011e-01
1.804317151921283058e-01
1.918858843375059742e-01
2.731898488463462282e-01
2.637716130775329404e-01
3.804788995388533879e-01
9.224501515832910226e-01
3.859126317205456846e-01
6.539688546689772508e-01
2.210718912135848369e-01
2.023829383722048902e-01
1.744286978069480298e-01
2.939933212648256355e-01
5.512247818145754596e-01
7.284246321556601123e-01
7.348826784946427271e-01
1.269018821628646876e-01
3.445466597354633898e-01
6.797280029155332581e-01
1.892092095054100920e-01
4.313101380514965388e-01
6.495518532894273278e-01
4.176447484690797296e-01
1.594700548222198755e-01
4.347385694848284743e-01
4.920053566787223609e-01
4.347146922563567273e-01
6.301652231479386579e-01
4.968232406149104552e-01
6.207179983102131260e-01
6.521117859490438429e-01
3.208293944607909509e-02
2.864098446891438776e-02
5.419862742270351585e-01
2.782654720624353484e-01
5.415845509938604918e-01
7.205338803073841891e-01
3.141866749725161778e-01
4.236376453201036174e-01
6.824731814048309309e-01
2.962035640482151289e-01
3.789304121337015996e-01
3.292497725269761810e-01
7.985645645370920143e-01
2.843553096867172947e-01
6.940455341157106828e-01
5.690447328306716956e-01
5.613330818040859205e-01
4.206102319886039220e-01
5.029667195581739580e-01
7.855318645380848785e-02
2.171840151395281193e-01
5.111039528170946422e-01
1.805708929597985568e-01
2.351636169295812095e-02
2.320221818683443349e-01
1.409219112158941467e-01
1.930739089796102981e-01
4.262171202755985489e-01
9.522885600860991895e-01
4.506353560955248527e-01
4.767562654193527316e-01
6.540307874205286698e-01
1.028290308737876968e-01
9.218554658987598849e-02
6.142035679487074518e-01
3.689085800243788738e-01
3.505140080232054811e-01
6.069639145518128664e-01
3.205808345915152069e-01
6.638352246480131447e-01
7.710499987851083814e-01
4.888724934363168906e-01
6.920079799552713018e-01
1.586401820019308628e-01
4.726955460396587427e-01
2.781134015769001211e-01
6.134822281163545554e-01
6.775129184006496441e-01
6.449933734619117676e-02
1.199149104580972680e-01
7.737233339603941662e-01
3.367642296495633181e-01
6.663039320737622617e-01
6.974755722730396901e-01
3.243229216218219690e-01
1.037262688503884922e-01
4.215880173999491110e-01
1.530469629713323010e-01
1.380877335910398740e-01
2.395830244621223182e-01
3.849937511256914524e-01
2.877773757774489960e-01
6.372935363120527663e-01
4.737180948934295310e-01
1.187909173193314460e-01
2.840554707386292455e-01
4.491088535124454495e-01
5.386980717861896695e-01
4.431965794414556292e-01
7.080235357126231088e-01
4.443168514662585444e-01
4.519123087335862321e-01
5.503063289329610530e-01
1.435143807169043662e-01
3.656848341649907574e-01
4.183562765246892634e-01
6.720914623762807016e-01
8.240997181757211409e-01
7.372925935117425889e-01
6.521117859490438429e-01
3.208293944607909509e-02
2.864098446891438776e-02
5.419862742270351585e-01
2.782654720624353484e-01
5.415845509938604918e-01
7.205338803073841891e-01
3.141866749725161778e-01
4.236376453201036174e-01
6.824731814048309309e-01
2.962035640482151289e-01
3.789304121337015996e-01
3.292497725269761810e-01
7.985645645370920143e-01
2.843553096867172947e-01
6.940455341157106828e-01
3.220733485955655784e-01
5.944989958158597432e-01
2.363660568719745392e-01
4.006397769820506660e-01
4.205160293821870177e-01
6.098091568535086715e-01
4.411825774010935675e-01
6.422352878941195442e-01
2.344076735239810638e-01
5.124998342811769581e-01
4.214783987291369494e-01
4.823514729886979602e-01
4.149374111869864601e-01
4.948511806558590909e-01
5.494049359859323189e-01
5.686606855613032252e-01
3.781723963624958884e-01
5.613257911862605809e-01
3.004612543950866410e-01
3.124458744996689852e-01
3.888661906385206812e-01
5.900942488158011923e-01
5.694353156309825970e-01
8.116018299722300711e-01
5.212055711237209010e-01
3.933447749091801837e-01
3.678638243565552912e-01
7.216809488460280697e-01
2.880432105957853040e-01
9.231824625249953620e-01
6.264733146677960995e-01
6.100131119830586313e-01
4.015427040837575845e-01
3.264070588913456916e-01
2.471085753786117500e-01
4.126034489298809893e-01
7.740761088145866609e-01
6.559570777360809180e-01
4.932862269150570800e-01
7.535523953298977062e-01
1.751375719703180955e-01
4.980542238996503723e-01
4.714041334082021972e-01
6.552882993393458477e-01
3.647452959520049998e-01
8.371605858665973621e-01
8.017938683177057158e-01
5.650761696191725081e-01
3.873915156770797452e-01
3.523271972248238626e-01
3.527692158560946645e-01
3.937950061041339822e-01
3.698359203122096872e-01
6.279682481728824373e-01
4.199000912790362694e-01
9.054320577439556317e-01
3.475874036160333524e-01
5.541522460724320753e-01
4.356664666861178592e-01
4.826821760659667504e-01
3.447795377011094731e-01
9.645817597251857833e-01
7.332697073703364765e-01
5.440897660659285151e-01
4.296064125254210886e-01
7.134023089845928922e-01
3.440516732089240470e-01
2.950036663977990692e-01
4.901272471393012253e-01
5.387138720277240278e-01
4.658721219684982540e-01
9.540939319878924962e-01
3.980568368556709480e-01
4.791396125966428388e-01
4.234972882250493953e-01
6.154036118733401395e-01
3.247454476922697619e-01
8.585242892473763376e-01
6.207412435797872163e-01
6.659117976390561688e-01
5.690447328306726948e-01
5.613330818040852543e-01
4.206102319886044216e-01
5.029667195581684069e-01
7.855318645381526022e-02
2.171840151395294516e-01
5.111039528171086310e-01
1.805708929598059953e-01
2.351636169296900114e-02
2.320221818683387838e-01
1.409219112158710541e-01
1.930739089796081887e-01
4.262171202755972721e-01
9.522885600861031863e-01
4.506353560955184134e-01
4.767562654193551741e-01
6.540307874205282257e-01
1.028290308737844772e-01
9.218554658987088146e-02
6.142035679487080069e-01
3.689085800243780966e-01
3.505140080231992084e-01
6.069639145518106460e-01
3.205808345915126534e-01
6.638352246480101471e-01
7.710499987851053838e-01
4.888724934363208874e-01
6.920079799552851796e-01
1.586401820019282538e-01
4.726955460396641273e-01
2.781134015768931267e-01
6.134822281163528901e-01
6.775129184006520866e-01
6.449933734620072467e-02
1.199149104580976566e-01
7.737233339604006055e-01
3.367642296495529930e-01
6.663039320737669247e-01
6.974755722730344720e-01
3.243229216218350697e-01
1.037262688503760577e-01
4.215880173999506653e-01
1.530469629713366309e-01
1.380877335910531967e-01
2.395830244621224292e-01
3.849937511256796840e-01
2.877773757774324537e-01
6.372935363120464380e-01
4.737180948934303637e-01
1.187909173193263390e-01
2.840554707386384048e-01
4.491088535124570513e-01
5.386980717861887813e-01
4.431965794414618465e-01
7.080235357126208884e-01
4.443168514662630963e-01
4.519123087336017752e-01
5.503063289329700458e-01
1.435143807169252383e-01
3.656848341649964196e-01
4.183562765246935378e-01
6.720914623762858087e-01
8.240997181757252488e-01
7.372925935117403684e-01
