6.363049133736020657e-02
1.767966583457766250e-01
1.854310136349273108e-01
2.099221960528978581e-01
3.475690072313536438e-01
6.474756581465890282e-01
4.659345339737019920e-01
4.789824402385491897e-01
5.736129489433283712e-02
9.514343520515615715e-01
4.608880976752400827e-01
5.957111339829792573e-01
5.372524797437477906e-01
3.391380351457263798e-01
1.777889927539255677e-02
1.498035784797296932e-01
2.954991670004902260e-01
7.441904962395031742e-01
9.578093927601802893e-01
5.647453658840027035e-01
7.556948709861691649e-01
8.500038619591407940e-01
5.025316101385604028e-01
6.961886185159559259e-01
1.256975245479164949e-01
5.906552468582081383e-01
5.027920845962353669e-01
5.487810367955486823e-01
4.735333807395813999e-01
7.710028773984767270e-01
7.357157311314772574e-01
6.358413138879555060e-01
4.550535668503119524e-02
7.614282698141239258e-03
3.096158608362056253e-01
7.511637283299532619e-02
7.375674075613384284e-01
6.169870304093494351e-01
5.730889998579383748e-01
7.789038825774414754e-01
8.017085159133396921e-02
3.680138775270280771e-01
4.188253887548394894e-01
4.864420808729855716e-01
6.683485552529635498e-01
5.936623584693679900e-01
5.902532297563864994e-01
3.744501577353406274e-01
2.557460466150333067e-01
8.275300341600207998e-01
8.567018957445313720e-01
2.448162621829330643e-01
3.044540733476713834e-01
9.136572599574961373e-01
2.618541337927958734e-01
7.260474987095268951e-01
6.322553614744585992e-02
9.536079842807561047e-01
3.388482287138505633e-02
6.024890630478105802e-01
3.523009489575654185e-01
2.844391158860705149e-01
5.970949883723463136e-01
1.979939273252032395e-01
9.390379124339429118e-02
4.980879666022164365e-02
3.809238008018718258e-01
1.327056860350848133e-01
4.068352755516952968e-01
6.247197703865319252e-01
5.075155434189626558e-01
5.608312060957210132e-01
3.803796037942877017e-01
8.784208190816398254e-01
6.911848668937234930e-01
3.490642515554062131e-01
5.008443954488539518e-02
4.067334105781417186e-02
2.669180539185063150e-01
7.739550795781185988e-01
9.515581290166277295e-01
4.573021620203105986e-01
7.403137316491972264e-01
5.026545540428158931e-01
2.128473973539765085e-01
5.820201257749886281e-01
7.227427871040997820e-01
6.280750255811977656e-01
5.409342951472573269e-02
3.092794289491692661e-01
9.669609720903449279e-01
5.877305161657478960e-01
7.789919937879425937e-01
7.996359801959935787e-01
2.935219430252867800e-01
7.501842734281605196e-02
2.461953360377331368e-01
9.784929996270208541e-01
5.888659689868183111e-01
4.583737566518082396e-01
1.645518213524825857e-01
4.636901141732414633e-01
6.584451312374135501e-01
1.303851477532662617e-01
6.802144490530703802e-01
9.311158188368190425e-01
5.064327043274601259e-01
9.037854551187283203e-01
1.678817446158986648e-02
8.192871141396872448e-01
4.382271538778937936e-01
7.286062562178925450e-01
5.700943436786966023e-01
6.596745657881646352e-01
3.419222580569463155e-01
3.314972829152036393e-01
6.363049133736020657e-02
1.767966583457766250e-01
1.854310136349273108e-01
2.099221960528978581e-01
3.475690072313536438e-01
6.474756581465890282e-01
4.659345339737019920e-01
4.789824402385491897e-01
5.736129489433283712e-02
9.514343520515615715e-01
4.608880976752400827e-01
5.957111339829792573e-01
5.372524797437477906e-01
3.391380351457263798e-01
1.777889927539255677e-02
1.498035784797296932e-01
2.954991670004902260e-01
7.441904962395031742e-01
9.578093927601802893e-01
5.647453658840027035e-01
7.556948709861691649e-01
8.500038619591407940e-01
5.025316101385604028e-01
6.961886185159559259e-01
1.256975245479164949e-01
5.906552468582081383e-01
5.027920845962353669e-01
5.487810367955486823e-01
4.735333807395813999e-01
7.710028773984767270e-01
7.357157311314772574e-01
6.358413138879555060e-01
4.550535668503119524e-02
7.614282698141239258e-03
3.096158608362056253e-01
7.511637283299532619e-02
7.375674075613384284e-01
6.169870304093494351e-01
5.730889998579383748e-01
7.789038825774414754e-01
8.017085159133396921e-02
3.680138775270280771e-01
4.188253887548394894e-01
4.864420808729855716e-01
6.683485552529635498e-01
5.936623584693679900e-01
5.902532297563864994e-01
3.744501577353406274e-01
2.557460466150333067e-01
8.275300341600207998e-01
8.567018957445313720e-01
2.448162621829330643e-01
3.044540733476713834e-01
9.136572599574961373e-01
2.618541337927958734e-01
7.260474987095268951e-01
6.322553614744585992e-02
9.536079842807561047e-01
3.388482287138505633e-02
6.024890630478105802e-01
3.523009489575654185e-01
2.844391158860705149e-01
5.970949883723463136e-01
1.979939273252032395e-01
1.645518213524825857e-01
4.636901141732414633e-01
6.584451312374135501e-01
1.303851477532662617e-01
6.802144490530703802e-01
9.311158188368190425e-01
5.064327043274601259e-01
9.037854551187283203e-01
1.678817446158986648e-02
8.192871141396872448e-01
4.382271538778937936e-01
7.286062562178925450e-01
5.700943436786966023e-01
6.596745657881646352e-01
3.419222580569463155e-01
3.314972829152036393e-01
1.445247386143349022e-01
5.730966795178535911e-01
1.945302756694089474e-02
3.097715107908584065e-01
2.461622530137219655e-01
9.441641819385715451e-01
7.639500521940199018e-01
7.163229534304260682e-01
4.022579807136543728e-01
5.181478298582636866e-01
5.685614633836185705e-01
3.322564687312143938e-01
1.369286685219822663e-01
9.717817595765680938e-01
2.150532130100057948e-01
2.974018246247163155e-01
1.379230136468572177e-01
8.043979637929963289e-01
5.244671711359671917e-02
1.621372056271663809e-01
8.778654230216953458e-01
8.355798966429199837e-01
8.155460290751366248e-01
8.028274928055969539e-01
9.328430629327133516e-02
8.160865368543624987e-01
4.348272588528496740e-01
5.133887013561273527e-01
1.765514197054991463e-01
6.828145954942130835e-01
6.632170568331807736e-01
4.542966771494637568e-01
2.431223284355462644e-01
3.987752001038220584e-01
6.400904333665069501e-02
2.141105092610181559e-01
6.707216384561078826e-01
8.586558393519388988e-01
8.963216653347145790e-01
9.503827382349245845e-01
2.651755704373792710e-02
9.581280390206767805e-01
4.567202962627185947e-01
3.979029637284750009e-01
2.188951220046462254e-01
9.680310142588925970e-01
4.437250307480100631e-01
3.953175387440753807e-01
1.854150063479171884e-01
9.305792480606616124e-01
1.096013452700406177e-02
1.984683959178382695e-01
5.351215323030054094e-01
9.568151414027864510e-01
7.840138665510480998e-01
9.504776938142942555e-01
5.406580437585306598e-02
7.290088351547246992e-01
5.927185245220039089e-01
4.198697771968120662e-01
2.177504232696166886e-01
8.967789047315384288e-01
5.154726921375747395e-01
3.908884683799804804e-01
2.236407986535472459e-01
7.885029438156152537e-01
1.867672688837442863e-01
1.441401240696145170e-01
8.844806270449980801e-01
9.841412534468190199e-01
5.670925210410318051e-01
8.710214575810937276e-01
1.143565009309908120e-01
6.546943817176272828e-01
5.589482621480470481e-01
5.365247260022121267e-01
1.355606538210838430e-01
8.320382588628696396e-01
5.780299712722030137e-01
5.081963658632048242e-01
6.363049133736034535e-02
1.767966583457762919e-01
1.854310136349268112e-01
2.099221960528883657e-01
3.475690072313617485e-01
6.474756581465823668e-01
4.659345339737051006e-01
4.789824402385617352e-01
5.736129489433305917e-02
9.514343520515506913e-01
4.608880976752405267e-01
5.957111339829663788e-01
5.372524797437481237e-01
3.391380351457066178e-01
1.777889927539100245e-02
1.498035784797319137e-01
2.954991670004945559e-01
7.441904962395039513e-01
9.578093927601838420e-01
5.647453658840014823e-01
7.556948709861748270e-01
8.500038619591436806e-01
5.025316101385649548e-01
6.961886185159571472e-01
1.256975245479159953e-01
5.906552468582073612e-01
5.027920845962328134e-01
5.487810367955665569e-01
4.735333807395684103e-01
7.710028773984854977e-01
7.357157311314850290e-01
6.358413138879567272e-01
4.550535668502742048e-02
7.614282698147567530e-03
3.096158608362121201e-01
7.511637283298266965e-02
7.375674075613385394e-01
6.169870304093523217e-01
5.730889998579402622e-01
7.789038825774352581e-01
8.017085159133685579e-02
3.680138775270187512e-01
4.188253887548284427e-01
4.864420808730051116e-01
6.683485552529626617e-01
5.936623584693547784e-01
5.902532297563669594e-01
3.744501577353378519e-01
2.557460466150315859e-01
8.275300341600181353e-01
8.567018957445335925e-01
2.448162621829283458e-01
3.044540733476761574e-01
9.136572599574961373e-01
2.618541337928032009e-01
7.260474987095363320e-01
6.322553614743808836e-02
9.536079842807562157e-01
3.388482287138960825e-02
6.024890630478075826e-01
3.523009489575656961e-01
2.844391158860747337e-01
5.970949883723479790e-01
1.979939273252038501e-01
