1.916090609975137637e-01
3.554326473429412214e-01
6.635518466113389247e-01
1.233730055793708646e-01
5.985196525032964177e-01
4.464912453053815344e-01
7.608499436194371413e-01
6.018484831916415256e-01
6.608051309079764346e-01
9.031379705046878037e-01
7.123636848528573928e-01
4.794413475046126472e-01
2.127918593299489292e-01
3.833897546606312989e-02
5.082414919623675642e-01
2.142089238778662197e-01
5.622484034040524659e-01
3.776863353849133631e-01
7.112986325772978624e-01
7.877877872111582747e-03
1.312522302919738593e-02
3.271538456362074743e-01
4.985076923011394490e-01
4.476510226163171735e-01
3.246511463040191448e-01
5.754330621053439510e-01
5.424200370393523762e-01
3.970016123835627964e-01
8.121569283016619734e-01
3.995045474978694000e-01
9.511979910914267755e-01
1.504509976444751151e-01
3.724723288329960802e-01
6.064655872393084346e-01
7.966811690184507633e-01
3.537592057212244345e-01
9.794783144545774478e-01
3.510257558957332047e-01
5.973912975059364472e-01
9.598400655672498782e-01
8.394800663773162031e-01
6.160659618570309970e-01
9.355724423785678479e-01
6.209592796195685382e-01
8.274283665820725275e-01
8.756077647954557674e-02
8.343644596567980631e-01
2.051570160392596209e-01
3.553039091614127454e-01
6.541223587649874771e-01
4.880657364505971429e-01
6.176147467714947492e-01
2.917978435830459460e-02
1.509815127414810831e-01
1.611944763580913653e-01
8.143908517720432894e-02
4.380326833658348962e-01
6.774921563732787533e-01
7.547534341768774580e-01
2.774408130568335462e-01
2.383955251999161917e-01
5.189970568370139148e-02
2.974228156073204232e-01
6.009743607784823194e-02
7.612219460339361699e-02
6.367447632145983860e-02
3.613807544158178509e-01
1.215448770257269162e-01
3.479333851162285107e-01
5.816297417549110005e-01
5.535775799027244926e-01
5.653095565603398764e-01
3.536238403789637719e-01
9.530481333140394806e-01
6.931934590660602247e-01
3.317667916467653688e-01
4.714044783723392307e-02
9.494857033332637641e-03
2.567239531349676529e-01
7.139222849137701887e-01
9.667657298008547340e-01
3.923992535097517997e-01
7.294829967842675345e-01
5.192343123133819072e-01
2.477385665033566831e-01
5.862271731898041072e-01
7.155491409522173329e-01
6.807826163693557753e-01
6.233918176880837159e-02
3.271537169949666479e-01
9.602264933419299986e-01
5.841606092310098752e-01
8.280234018926320161e-01
7.926675793134441150e-01
2.814712631724618497e-01
1.039653090674128588e-01
4.829303752909059888e-01
5.077211218773531876e-01
9.999999999999997780e-01
2.156654527094268303e-01
3.793247622682003328e-01
6.573871987623147728e-01
9.510207378542128165e-01
1.122745259707265131e-01
3.207160011575271863e-01
3.572075243141018541e-01
5.287673683615299325e-01
6.720059428876130614e-01
7.011524840091498678e-01
8.352333629885174693e-01
9.456842252727132303e-01
5.282155325792674549e-01
5.571117466455247635e-01
5.059315901687333472e-02
6.788524741608141788e-01
1.357381811954396778e-01
1.916090609975137637e-01
3.554326473429412214e-01
6.635518466113389247e-01
1.233730055793708646e-01
5.985196525032964177e-01
4.464912453053815344e-01
7.608499436194371413e-01
6.018484831916415256e-01
6.608051309079764346e-01
9.031379705046878037e-01
7.123636848528573928e-01
4.794413475046126472e-01
2.127918593299489292e-01
3.833897546606312989e-02
5.082414919623675642e-01
2.142089238778662197e-01
5.622484034040524659e-01
3.776863353849133631e-01
7.112986325772978624e-01
7.877877872111582747e-03
1.312522302919738593e-02
3.271538456362074743e-01
4.985076923011394490e-01
4.476510226163171735e-01
3.246511463040191448e-01
5.754330621053439510e-01
5.424200370393523762e-01
3.970016123835627964e-01
8.121569283016619734e-01
3.995045474978694000e-01
9.511979910914267755e-01
1.504509976444751151e-01
3.724723288329960802e-01
6.064655872393084346e-01
7.966811690184507633e-01
3.537592057212244345e-01
9.794783144545774478e-01
3.510257558957332047e-01
5.973912975059364472e-01
9.598400655672498782e-01
8.394800663773162031e-01
6.160659618570309970e-01
9.355724423785678479e-01
6.209592796195685382e-01
8.274283665820725275e-01
8.756077647954557674e-02
8.343644596567980631e-01
2.051570160392596209e-01
3.553039091614127454e-01
6.541223587649874771e-01
4.880657364505971429e-01
6.176147467714947492e-01
2.917978435830459460e-02
1.509815127414810831e-01
1.611944763580913653e-01
8.143908517720432894e-02
4.380326833658348962e-01
6.774921563732787533e-01
7.547534341768774580e-01
2.774408130568335462e-01
2.383955251999161917e-01
5.189970568370139148e-02
2.974228156073204232e-01
6.009743607784823194e-02
3.793247622682003328e-01
6.573871987623147728e-01
9.510207378542128165e-01
1.122745259707265131e-01
3.207160011575271863e-01
3.572075243141018541e-01
5.287673683615299325e-01
6.720059428876130614e-01
7.011524840091498678e-01
8.352333629885174693e-01
9.456842252727132303e-01
5.282155325792674549e-01
5.571117466455247635e-01
5.059315901687333472e-02
6.788524741608141788e-01
1.357381811954396778e-01
3.011927036254855583e-01
4.071867069704349085e-01
7.077859937302932725e-01
3.030706368811882934e-01
2.407592825178417328e-01
5.112356545899767735e-01
7.877352247597282364e-01
6.022037526150914033e-02
9.916943370616682074e-01
5.229808918726296385e-01
9.660952492804647518e-01
5.658345386098813101e-01
1.405226756867662408e-01
4.086653761631382498e-01
2.069816379697191344e-01
9.361962097211451450e-02
4.724308968626389493e-01
5.094661095189247924e-01
7.528109216779874657e-01
1.352545625929060247e-01
6.020599006755458227e-01
3.846869160094437134e-01
8.061907474663589923e-01
1.021847949716625514e-01
6.038475140529824259e-01
8.178147015908786566e-01
8.681165242036263940e-01
8.176143937844613241e-01
1.746061165727534892e-01
9.032189351987707226e-02
8.992917391775692160e-01
1.325052734100955476e-01
4.366553422936922946e-01
3.356892266357416332e-01
9.140690221453078301e-01
2.184767945152384927e-01
4.765691152978446254e-01
4.045965275770805336e-01
8.961723288923739705e-01
6.955405526723046350e-02
9.184741192698604451e-01
9.692463963574546870e-01
9.151074956518059356e-01
4.130789088984831992e-01
1.953379395534201590e-01
5.901490930137942570e-02
7.451782872738190733e-01
2.018001357354701764e-01
4.094709264076339394e-01
4.107323864485872278e-01
9.724674453597641488e-01
1.793027980604069427e-01
3.677198947351110192e-01
5.581192007179814896e-01
7.735692343573306040e-01
4.456932290945747610e-02
8.934700724369344371e-01
7.205864280595261073e-01
9.616879240795477291e-01
1.000000000000000000e+00
1.975593585624847437e-01
9.734839821388918679e-02
7.083286795495649102e-01
1.369537429291112218e-01
5.427742746552430830e-01
4.929231070988722152e-01
8.233985562769476907e-01
1.229801922302871109e-01
4.500457291416104511e-01
4.677297704135545686e-01
5.941108472945269003e-01
1.897455101913863018e-01
8.656612005156647527e-01
6.562398736928430898e-01
9.997824813001869870e-01
8.692860116675413806e-01
1.099127314670667044e-01
1.061392995158434438e-01
9.115635702936142337e-01
2.016330250074375163e-01
1.916090609975150683e-01
3.554326473429392230e-01
6.635518466113354830e-01
1.233730055793596514e-01
5.985196525032809856e-01
4.464912453053799801e-01
7.608499436194615662e-01
6.018484831916505184e-01
6.608051309079768787e-01
9.031379705046684858e-01
7.123636848528420717e-01
4.794413475046168660e-01
2.127918593299587546e-01
3.833897546605313789e-02
5.082414919623788885e-01
2.142089238778775440e-01
5.622484034040506895e-01
3.776863353848981530e-01
7.112986325772976404e-01
7.877877872099037226e-03
1.312522302920404726e-02
3.271538456362009795e-01
4.985076923011356742e-01
4.476510226163199491e-01
3.246511463040207546e-01
5.754330621053442840e-01
5.424200370393563730e-01
3.970016123835755639e-01
8.121569283016480956e-01
3.995045474978704547e-01
9.511979910914323266e-01
1.504509976444781127e-01
3.724723288329938597e-01
6.064655872393059921e-01
7.966811690184485428e-01
3.537592057212224361e-01
9.794783144545680109e-01
3.510257558957379787e-01
5.973912975059384456e-01
9.598400655672350013e-01
8.394800663773039906e-01
6.160659618570244467e-01
9.355724423785715116e-01
6.209592796195809727e-01
8.274283665820607592e-01
8.756077647954030319e-02
8.343644596567856286e-01
2.051570160392675035e-01
3.553039091614085820e-01
6.541223587649810378e-01
4.880657364506102991e-01
6.176147467715014105e-01
2.917978435829748918e-02
1.509815127414839697e-01
1.611944763580926421e-01
8.143908517721609730e-02
4.380326833658431118e-01
6.774921563732868579e-01
7.547534341768721289e-01
2.774408130568472020e-01
2.383955251999170244e-01
5.189970568371360393e-02
2.974228156073302487e-01
6.009743607785128505e-02
