1.697543324642891427e-01
5.155688267508263811e-01
9.849939974626488182e-01
3.379487085799220969e-02
8.683165660689494691e-01
6.130155301281838831e-01
7.312691853428279209e-01
7.660998763348068064e-01
8.935087252497672106e-01
5.135231248105209811e-01
9.392729838262705577e-01
4.838384986405861454e-01
9.188819078082149927e-02
1.270599057375332297e-01
5.219668311207722455e-01
1.624429402174739634e-01
7.599227258229543924e-01
4.922217789965859236e-01
4.020761421239165134e-01
3.106492688228985610e-01
2.924071841609861000e-01
2.370767089108151704e-01
4.152987200303630555e-01
3.926103482432105052e-01
5.038784706846648476e-01
3.634813559493000334e-01
3.613855289264543691e-01
5.278486688543592154e-01
6.510748195680046146e-01
6.438269573088954978e-01
6.284949094279730364e-01
2.867951853368693182e-01
5.633262567317152136e-01
9.355569384403666922e-01
9.604184098629402477e-01
3.275962316893545889e-01
3.210314370019867747e-01
2.565093729895019936e-01
3.742301360750653894e-01
5.554922296662576642e-01
6.780577499720455981e-01
4.366652210617729679e-01
5.759325666328170001e-01
9.439199840831097310e-01
5.559755524029417195e-01
4.903860574584449905e-01
9.587572225066438580e-01
3.462635832010356740e-01
4.222200211152038474e-01
4.937035749640531490e-01
2.495307687984702483e-01
3.380045937061569861e-01
5.162720916682749239e-01
3.570986474216073514e-01
3.152832947564351285e-01
2.974697530533487733e-01
8.437401738085777980e-01
4.830894390198758881e-02
7.073899534432047664e-01
3.313494595625323669e-01
2.459774976426093995e-01
2.913605482374427291e-01
2.809707170981012858e-01
2.371981495257211026e-02
4.209801521168957117e-02
2.607574047535710093e-01
8.367483680827820791e-01
4.696439817133812866e-02
5.268721320640203931e-01
9.190115481230367589e-01
6.193867444941123512e-01
6.575132314055758265e-01
6.209950697955768373e-01
5.390623086450454515e-01
7.989226929577566416e-01
1.216422585163124959e-01
8.632911673127852126e-02
2.280053439406311000e-01
3.800115973334887709e-01
8.558506912402900069e-01
5.938938171832615076e-01
6.264379721389385924e-01
4.700498340047533641e-01
3.898517020603655681e-01
4.226717121268944721e-01
3.687651833873115126e-01
4.465542997261852110e-01
9.176945754011878176e-01
3.404119557438198829e-01
8.532951603823893949e-01
1.014465670314188550e-01
4.185520455861541089e-01
8.533173134674925109e-01
5.488950278704869401e-01
3.180779201773299425e-01
7.198408195144960775e-01
5.916860882645584852e-01
4.893132264441022450e-01
8.462050730375112462e-01
2.649945476236004183e-01
4.782680766293539998e-01
9.092787749759272398e-01
9.958734629538905647e-01
6.695865845272130912e-02
4.817208111590891573e-01
3.706492913639568565e-01
4.519039780524434224e-01
6.343800258072553877e-01
9.699014765371454239e-01
3.762443474784454844e-01
7.845538473815033553e-01
7.541979270644663114e-01
3.842025607515644481e-01
4.859166056682260315e-01
5.351123721451744863e-01
1.694759448190800155e-01
1.697543324642891427e-01
5.155688267508263811e-01
9.849939974626488182e-01
3.379487085799220969e-02
8.683165660689494691e-01
6.130155301281838831e-01
7.312691853428279209e-01
7.660998763348068064e-01
8.935087252497672106e-01
5.135231248105209811e-01
9.392729838262705577e-01
4.838384986405861454e-01
9.188819078082149927e-02
1.270599057375332297e-01
5.219668311207722455e-01
1.624429402174739634e-01
7.599227258229543924e-01
4.922217789965859236e-01
4.020761421239165134e-01
3.106492688228985610e-01
2.924071841609861000e-01
2.370767089108151704e-01
4.152987200303630555e-01
3.926103482432105052e-01
5.038784706846648476e-01
3.634813559493000334e-01
3.613855289264543691e-01
5.278486688543592154e-01
6.510748195680046146e-01
6.438269573088954978e-01
6.284949094279730364e-01
2.867951853368693182e-01
5.633262567317152136e-01
9.355569384403666922e-01
9.604184098629402477e-01
3.275962316893545889e-01
3.210314370019867747e-01
2.565093729895019936e-01
3.742301360750653894e-01
5.554922296662576642e-01
6.780577499720455981e-01
4.366652210617729679e-01
5.759325666328170001e-01
9.439199840831097310e-01
5.559755524029417195e-01
4.903860574584449905e-01
9.587572225066438580e-01
3.462635832010356740e-01
4.222200211152038474e-01
4.937035749640531490e-01
2.495307687984702483e-01
3.380045937061569861e-01
5.162720916682749239e-01
3.570986474216073514e-01
3.152832947564351285e-01
2.974697530533487733e-01
8.437401738085777980e-01
4.830894390198758881e-02
7.073899534432047664e-01
3.313494595625323669e-01
2.459774976426093995e-01
2.913605482374427291e-01
2.809707170981012858e-01
2.371981495257211026e-02
4.782680766293539998e-01
9.092787749759272398e-01
9.958734629538905647e-01
6.695865845272130912e-02
4.817208111590891573e-01
3.706492913639568565e-01
4.519039780524434224e-01
6.343800258072553877e-01
9.699014765371454239e-01
3.762443474784454844e-01
7.845538473815033553e-01
7.541979270644663114e-01
3.842025607515644481e-01
4.859166056682260315e-01
5.351123721451744863e-01
1.694759448190800155e-01
3.615769067377108126e-01
4.656806922753560229e-01
9.774696889588290194e-01
2.848163752916423874e-01
6.468646698604310075e-01
4.535268576320945488e-01
4.764400910967161451e-01
2.937475954869492867e-01
5.414065700038053208e-01
6.223498115224840310e-01
8.016981015247502951e-01
6.001442197166215742e-01
4.275500828980111079e-01
2.327498264407947826e-01
1.536312823788814619e-01
5.336034950303714108e-02
5.391063303491701042e-01
6.930788337065489912e-01
8.853177850222255785e-01
1.977007970338369169e-01
8.761516103905844233e-01
2.790166163066236660e-01
6.218242177376922530e-01
4.737622575582323137e-01
7.637137905987030351e-01
7.056023259087539357e-01
6.768267079168728273e-01
5.888405291036309386e-01
1.760672162881831149e-01
3.584170153840338102e-01
9.136200501174154276e-01
1.248454472738103060e-01
5.362830697470279961e-01
3.631914203438748601e-01
8.316344384495040210e-01
3.781956255562796132e-01
7.693089143378148975e-01
4.229061445557745769e-01
7.504225418125900493e-01
9.333109882663626067e-02
9.379385199265648509e-01
8.781913685374391765e-01
7.395641324018438212e-01
8.589492754515504203e-02
2.428555806299337316e-01
8.743618800301167227e-02
8.111262326631489827e-01
2.334537609810607428e-01
5.055084089198942365e-01
5.567996150611920214e-01
8.830471472159100443e-01
3.079553128753920177e-01
7.103663014469008274e-01
4.036359777062427101e-01
8.196476544976545320e-01
2.097680102715626660e-02
8.416727830665258203e-01
7.780251990667018669e-01
6.876154616581768853e-01
6.880071708702306665e-01
2.797702183159495037e-01
1.024532511036655436e-01
5.457120668305543987e-01
2.061910571904901346e-01
6.240117938365081773e-01
9.844913241703405760e-01
6.024315895199392479e-01
2.617078667523218272e-01
2.908778256534327866e-01
1.440213836234425226e-01
9.102211377446165486e-01
1.071651303008209766e-01
9.362235615129090860e-01
7.919850316371647159e-01
6.617791711996778847e-01
4.410225149886839446e-01
2.889757772421139848e-01
2.465416859566840202e-01
1.141913564387433411e-01
2.907266343498279282e-01
1.697543324642826201e-01
5.155688267508272693e-01
9.849939974626440442e-01
3.379487085798249524e-02
8.683165660689422527e-01
6.130155301281976499e-01
7.312691853428490152e-01
7.660998763348160212e-01
8.935087252497543320e-01
5.135231248105263102e-01
9.392729838262667830e-01
4.838384986405790400e-01
9.188819078082277603e-02
1.270599057375111363e-01
5.219668311207633637e-01
1.624429402174744075e-01
7.599227258229601656e-01
4.922217789965758206e-01
4.020761421239182898e-01
3.106492688228853494e-01
2.924071841609999778e-01
2.370767089108098968e-01
4.152987200303618343e-01
3.926103482431999581e-01
5.038784706846697325e-01
3.634813559493055291e-01
3.613855289264542581e-01
5.278486688543622130e-01
6.510748195679904038e-01
6.438269573088974962e-01
6.284949094279794757e-01
2.867951853368650994e-01
5.633262567317094405e-01
9.355569384403797928e-01
9.604184098629453548e-01
3.275962316893488158e-01
3.210314370019808905e-01
2.565093729895053243e-01
3.742301360750588946e-01
5.554922296662592185e-01
6.780577499720351620e-01
4.366652210617623098e-01
5.759325666328314330e-01
9.439199840831097310e-01
5.559755524029448281e-01
4.903860574584338883e-01
9.587572225066278708e-01
3.462635832010418913e-01
4.222200211151980187e-01
4.937035749640449334e-01
2.495307687984785194e-01
3.380045937061519346e-01
5.162720916682873584e-01
3.570986474216049089e-01
3.152832947564379040e-01
2.974697530533602086e-01
8.437401738085928971e-01
4.830894390198814392e-02
7.073899534432014358e-01
3.313494595625426919e-01
2.459774976426069015e-01
2.913605482374465039e-01
2.809707170981102231e-01
2.371981495257385886e-02
