8.411847468954519735e-01
6.331821288151201488e-01
5.499790439782311635e-01
1.000000000000000000e+00
6.034786299622870720e-01
2.250451691881685257e-01
2.791507478744812421e-01
6.145083845364103237e-01
6.831764909890242210e-01
2.040416614549582786e-01
1.823969434583416760e-02
5.510125370520950749e-01
1.000000000000000000e+00
7.483633711316292070e-01
5.480677882056946837e-01
1.000000000000000222e+00
8.669977641046451300e-01
7.503973666088281647e-02
1.222006283171064300e-01
9.201345798548425936e-01
2.826041000411989579e-01
0.000000000000000000e+00
1.466353770189373906e-01
2.392189271693190289e-02
2.177567144283184541e-01
1.645595738409809106e-01
1.037419058667657379e-01
1.044417177233105676e-01
5.083372613833661013e-01
3.285996122592239055e-01
1.800536845345788173e-01
7.907533357945613073e-01
8.274640302550182458e-01
1.310459950334684764e-01
2.636772179872360899e-01
6.084301958231863594e-01
1.953677914807541161e-01
9.017748866996244672e-05
1.195398329660137676e-01
1.868655065345619093e-01
1.103158173405313081e-01
0.000000000000000000e+00
0.000000000000000000e+00
0.000000000000000000e+00
3.887800059377901629e-01
1.591551471097462089e-01
4.394572561258514032e-02
6.345021182359648071e-01
1.000000000000000000e+00
5.525412789731788399e-01
6.583231554447427358e-01
1.000000000000000000e+00
9.344853490495740322e-01
1.938189712065139236e-01
1.514744822030265059e-01
8.347360168118176382e-01
6.566328617802877909e-01
4.924612451458332263e-02
9.157548783359581446e-02
4.387455360847138941e-01
1.000000000000000000e+00
1.000000000000000000e+00
7.431926263654463627e-01
1.000000000000000222e+00
1.000000000000000222e+00
5.218980732443174730e-01
9.203386534662558738e-01
1.000000000000000222e+00
4.475074149340372287e-01
0.000000000000000000e+00
1.491279945457399947e-01
6.108408959047002540e-01
8.171484804664606028e-01
1.843625702999271976e-01
6.153752669588063995e-03
1.000000000000000222e+00
6.781791140188886402e-01
6.667729297628619545e-01
7.465896597388659295e-01
5.550750751878819056e-02
1.530597617959348344e-01
3.973370969764755678e-02
0.000000000000000000e+00
1.263896651837528584e-01
1.915861661940932992e-01
1.424290121117429697e-01
6.163719763643514815e-01
3.396548013445750414e-01
9.999999999999997780e-01
6.259961745833231284e-02
1.442506899270634690e-02
0.000000000000000000e+00
2.209142002447170849e-01
4.870720995814910026e-01
1.000000000000000000e+00
9.144641126494819083e-01
1.000000000000000000e+00
0.000000000000000000e+00
0.000000000000000000e+00
1.000000000000000000e+00
9.999999999999998890e-01
3.607124018382121822e-01
3.930450395884481640e-01
1.000000000000000000e+00
5.403940909708448981e-01
0.000000000000000000e+00
1.502612712035189535e-01
4.672152885020526281e-01
5.063925411651064579e-01
0.000000000000000000e+00
0.000000000000000000e+00
2.147763410625334046e-01
9.137365870992691930e-01
7.025941814990122047e-01
1.155112392689887635e-01
9.999999999999998890e-01
8.411847468954519735e-01
6.331821288151201488e-01
5.499790439782311635e-01
1.000000000000000000e+00
6.034786299622870720e-01
2.250451691881685257e-01
2.791507478744812421e-01
6.145083845364103237e-01
6.831764909890242210e-01
2.040416614549582786e-01
1.823969434583416760e-02
5.510125370520950749e-01
1.000000000000000000e+00
7.483633711316292070e-01
5.480677882056946837e-01
1.000000000000000222e+00
8.669977641046451300e-01
7.503973666088281647e-02
1.222006283171064300e-01
9.201345798548425936e-01
2.826041000411989579e-01
0.000000000000000000e+00
1.466353770189373906e-01
2.392189271693190289e-02
2.177567144283184541e-01
1.645595738409809106e-01
1.037419058667657379e-01
1.044417177233105676e-01
5.083372613833661013e-01
3.285996122592239055e-01
1.800536845345788173e-01
7.907533357945613073e-01
8.274640302550182458e-01
1.310459950334684764e-01
2.636772179872360899e-01
6.084301958231863594e-01
1.953677914807541161e-01
9.017748866996244672e-05
1.195398329660137676e-01
1.868655065345619093e-01
1.103158173405313081e-01
0.000000000000000000e+00
0.000000000000000000e+00
0.000000000000000000e+00
3.887800059377901629e-01
1.591551471097462089e-01
4.394572561258514032e-02
6.345021182359648071e-01
1.000000000000000000e+00
5.525412789731788399e-01
6.583231554447427358e-01
1.000000000000000000e+00
9.344853490495740322e-01
1.938189712065139236e-01
1.514744822030265059e-01
8.347360168118176382e-01
6.566328617802877909e-01
4.924612451458332263e-02
9.157548783359581446e-02
4.387455360847138941e-01
1.000000000000000000e+00
1.000000000000000000e+00
7.431926263654463627e-01
1.000000000000000222e+00
9.999999999999998890e-01
3.607124018382121822e-01
3.930450395884481640e-01
1.000000000000000000e+00
5.403940909708448981e-01
0.000000000000000000e+00
1.502612712035189535e-01
4.672152885020526281e-01
5.063925411651064579e-01
0.000000000000000000e+00
0.000000000000000000e+00
2.147763410625334046e-01
9.137365870992691930e-01
7.025941814990122047e-01
1.155112392689887635e-01
9.999999999999998890e-01
1.000000000000000000e+00
5.257628451338094422e-01
2.290366867685922347e-01
1.000000000000000000e+00
4.030986516346088955e-01
0.000000000000000000e+00
0.000000000000000000e+00
5.137926540498800598e-01
2.938666052707046283e-01
0.000000000000000000e+00
0.000000000000000000e+00
2.133576534015788617e-01
1.000000000000000000e+00
5.542970407747132011e-01
1.258040481930189358e-01
1.000000000000000000e+00
1.000000000000000000e+00
6.131217301805969022e-01
1.425139898961131912e-01
9.999999999999997780e-01
5.981310549378124897e-01
0.000000000000000000e+00
0.000000000000000000e+00
5.559428938489094918e-01
1.904859383925607830e-01
0.000000000000000000e+00
0.000000000000000000e+00
4.407244067823246070e-01
1.000000000000000000e+00
5.837177397808503976e-01
3.782661669256359716e-01
1.000000000000000000e+00
1.000000000000000000e+00
3.337784449581322477e-01
3.219878483376312772e-01
1.000000000000000000e+00
6.907647231619398198e-01
0.000000000000000000e+00
0.000000000000000000e+00
6.807801229225223238e-01
8.219177474988370591e-02
0.000000000000000000e+00
0.000000000000000000e+00
6.359030049215430580e-02
9.999999999999997780e-01
5.330765335564287000e-01
1.939448037594502239e-01
9.999999999999998890e-01
1.000000000000000222e+00
5.984339790207551246e-01
9.922764258747296395e-02
1.000000000000000000e+00
2.145347796177654587e-01
0.000000000000000000e+00
0.000000000000000000e+00
4.539723759003240211e-01
3.765407538472955729e-01
0.000000000000000000e+00
0.000000000000000000e+00
2.418413213174561704e-01
9.999999999999998890e-01
8.069875788544695894e-01
0.000000000000000000e+00
1.000000000000000000e+00
1.000000000000000222e+00
5.494352130054043215e-01
3.080779843212444469e-01
9.999999999999997780e-01
6.387008788788408609e-01
0.000000000000000000e+00
0.000000000000000000e+00
7.040613392225756328e-01
3.306701748977962652e-01
0.000000000000000000e+00
0.000000000000000000e+00
2.182808951838026701e-01
9.999999999999997780e-01
6.165456325412166372e-01
4.823616670985497734e-01
9.999999999999998890e-01
8.411847468954483098e-01
6.331821288151210370e-01
5.499790439782290541e-01
1.000000000000000000e+00
6.034786299622796335e-01
2.250451691881723004e-01
2.791507478745007820e-01
6.145083845364042174e-01
6.831764909890266635e-01
2.040416614549580565e-01
1.823969434581285132e-02
5.510125370520972954e-01
1.000000000000000000e+00
7.483633711316207693e-01
5.480677882057011230e-01
1.000000000000000000e+00
8.669977641046484607e-01
7.503973666087415673e-02
1.222006283171181984e-01
9.201345798548546950e-01
2.826041000412000681e-01
0.000000000000000000e+00
1.466353770189336159e-01
2.392189271692057861e-02
2.177567144283200640e-01
1.645595738409818820e-01
1.037419058667634342e-01
1.044417177233045724e-01
5.083372613833611053e-01
3.285996122592178548e-01
1.800536845345768189e-01
7.907533357945547570e-01
8.274640302550293480e-01
1.310459950334668111e-01
2.636772179872408084e-01
6.084301958231912444e-01
1.953677914807442351e-01
9.017748867862218631e-05
1.195398329660110892e-01
1.868655065345574684e-01
1.103158173405515141e-01
0.000000000000000000e+00
0.000000000000000000e+00
0.000000000000000000e+00
3.887800059377850559e-01
1.591551471097409909e-01
4.394572561257326093e-02
6.345021182359560363e-01
1.000000000000000000e+00
5.525412789731777297e-01
6.583231554447579459e-01
1.000000000000000000e+00
9.344853490495911297e-01
1.938189712065121473e-01
1.514744822030255622e-01
8.347360168118188595e-01
6.566328617803006695e-01
4.924612451458409978e-02
9.157548783360580646e-02
4.387455360847033470e-01
9.999999999999998890e-01
1.000000000000000000e+00
7.431926263654577980e-01
9.999999999999998890e-01
