1.813462248390212694e-01
5.811825366624380207e-01
9.858561808027478390e-01
6.679064268304429897e-02
9.373063445245656267e-01
6.530234265056749088e-01
6.990338294817695086e-01
7.589028852228068001e-01
8.113586149861268249e-01
4.678814042460399669e-01
9.884772590551387239e-01
5.216466525412513100e-01
9.414418012808584146e-02
1.742959544591601295e-01
4.754810579918330449e-01
1.646583576310491348e-01
7.931883757628939158e-01
5.231504400273410127e-01
3.633418453489203337e-01
3.044329643625180992e-01
2.617644822731935994e-01
2.591039428472032280e-01
4.004768359869853578e-01
4.367370749179534384e-01
4.879061616325980344e-01
3.670619781346402544e-01
3.275535173544741330e-01
5.189737355462143986e-01
6.743124632807268037e-01
6.285969314915469397e-01
6.616264453649851607e-01
2.607404648739465314e-01
5.604594788403776118e-01
8.683919085067971499e-01
9.547087507596516698e-01
2.918148961965993937e-01
3.307070950671512355e-01
2.333094005582298514e-01
3.495312687937860430e-01
5.713527250930421353e-01
6.740607127361749606e-01
4.374387924506123460e-01
5.632483016162030953e-01
9.151861706905227711e-01
6.227222059341879223e-01
5.009397653121829830e-01
9.376485654425048555e-01
3.408643493230498756e-01
4.961873827946891025e-01
5.129162772589109798e-01
2.633359650396036589e-01
3.229595269901512911e-01
5.164054176333269242e-01
3.274940563822987816e-01
3.335294555106935732e-01
2.518847584016328245e-01
8.221337334327422086e-01
1.305963722606706678e-02
6.933860411832400983e-01
4.088869387779932030e-01
2.545713615513963135e-01
2.314352272892133966e-01
2.961626554225226249e-01
2.084739910941016405e-02
4.643546471664963815e-02
3.016519381495152974e-01
8.101278350111176252e-01
6.546655259904149426e-02
6.109185373196361901e-01
9.262300897306559033e-01
5.988405580050972787e-01
6.739718218259753701e-01
5.449428690990505419e-01
5.250297827632215419e-01
8.562774160082913255e-01
1.157021856409378158e-01
9.224669424183384869e-02
1.903055086643121729e-01
4.121879291664525269e-01
8.606046464104738503e-01
5.958027155093554850e-01
5.827710597329598396e-01
4.757220772985773505e-01
3.660570407258053605e-01
4.258301086787436018e-01
3.584443264626199777e-01
4.717970843230293587e-01
9.054494667371477679e-01
2.952104755303057715e-01
8.162532221095660789e-01
8.580061147555984036e-02
4.054251581390774239e-01
8.257553291116388472e-01
5.974999736688868524e-01
3.586551267931153975e-01
7.064558613768698869e-01
6.144684032772906868e-01
4.818545042071340490e-01
8.249252704543799108e-01
2.681973595301874180e-01
5.124528318007751659e-01
9.377594236437063469e-01
9.830130092514142159e-01
6.640370072459478301e-02
4.926204413107095892e-01
3.701597749156889661e-01
4.376405515606706098e-01
6.391099036324743299e-01
9.245384177578341856e-01
3.591951202263802267e-01
7.719958280110795767e-01
7.853682327291180432e-01
4.159551430484750290e-01
4.733831910544092914e-01
5.295247353619649822e-01
1.611965113763972335e-01
1.813462248390212694e-01
5.811825366624380207e-01
9.858561808027478390e-01
6.679064268304429897e-02
9.373063445245656267e-01
6.530234265056749088e-01
6.990338294817695086e-01
7.589028852228068001e-01
8.113586149861268249e-01
4.678814042460399669e-01
9.884772590551387239e-01
5.216466525412513100e-01
9.414418012808584146e-02
1.742959544591601295e-01
4.754810579918330449e-01
1.646583576310491348e-01
7.931883757628939158e-01
5.231504400273410127e-01
3.633418453489203337e-01
3.044329643625180992e-01
2.617644822731935994e-01
2.591039428472032280e-01
4.004768359869853578e-01
4.367370749179534384e-01
4.879061616325980344e-01
3.670619781346402544e-01
3.275535173544741330e-01
5.189737355462143986e-01
6.743124632807268037e-01
6.285969314915469397e-01
6.616264453649851607e-01
2.607404648739465314e-01
5.604594788403776118e-01
8.683919085067971499e-01
9.547087507596516698e-01
2.918148961965993937e-01
3.307070950671512355e-01
2.333094005582298514e-01
3.495312687937860430e-01
5.713527250930421353e-01
6.740607127361749606e-01
4.374387924506123460e-01
5.632483016162030953e-01
9.151861706905227711e-01
6.227222059341879223e-01
5.009397653121829830e-01
9.376485654425048555e-01
3.408643493230498756e-01
4.961873827946891025e-01
5.129162772589109798e-01
2.633359650396036589e-01
3.229595269901512911e-01
5.164054176333269242e-01
3.274940563822987816e-01
3.335294555106935732e-01
2.518847584016328245e-01
8.221337334327422086e-01
1.305963722606706678e-02
6.933860411832400983e-01
4.088869387779932030e-01
2.545713615513963135e-01
2.314352272892133966e-01
2.961626554225226249e-01
2.084739910941016405e-02
5.124528318007751659e-01
9.377594236437063469e-01
9.830130092514142159e-01
6.640370072459478301e-02
4.926204413107095892e-01
3.701597749156889661e-01
4.376405515606706098e-01
6.391099036324743299e-01
9.245384177578341856e-01
3.591951202263802267e-01
7.719958280110795767e-01
7.853682327291180432e-01
4.159551430484750290e-01
4.733831910544092914e-01
5.295247353619649822e-01
1.611965113763972335e-01
3.637008825188960959e-01
5.407484209933324237e-01
9.659082693044231949e-01
3.060963025802388993e-01
6.511638868712976702e-01
4.664238400980442734e-01
4.540395504012091354e-01
2.893949260385573208e-01
5.763251260550243948e-01
5.977876680593207093e-01
7.751382032801573674e-01
5.666862889508510470e-01
4.510443767119033387e-01
1.872750501878299723e-01
1.822839969210630073e-01
5.422649964379311349e-02
5.647059933805254062e-01
7.139739140043093180e-01
8.861168305706947912e-01
2.154530508760597041e-01
8.910137918160137005e-01
2.557616799477016034e-01
6.228708044752380157e-01
4.875871812309617859e-01
7.906990495247065986e-01
6.854814147513293987e-01
6.655697110887393020e-01
5.014439085499655668e-01
1.808863646576086559e-01
4.074303588095005146e-01
8.090200773406706070e-01
1.355381568887567001e-01
5.569110352275699061e-01
3.741576126615031583e-01
8.436127026342674640e-01
3.991550475462722902e-01
8.251080971924835694e-01
4.328884932842401723e-01
7.153057386275902818e-01
8.301447904723868731e-02
9.536965473453711262e-01
8.633277223823800917e-01
7.159010918915404975e-01
2.536631538528411056e-02
2.490356177039011465e-01
5.642868415485313704e-02
8.385119286307824993e-01
2.397791543225491484e-01
5.346483607076004674e-01
5.001667313955087124e-01
8.878998106172275584e-01
3.398831908560269177e-01
7.008618388672545052e-01
4.031162833140941038e-01
7.825902810786984354e-01
5.545805757688349047e-02
8.362503542528259004e-01
7.750484450760443123e-01
6.860787319479377810e-01
5.569596774572493914e-01
3.048772244150138588e-01
1.191881015123148480e-01
4.754562316554729051e-01
2.018745499710596913e-01
6.499018864266004059e-01
8.702550016981316361e-01
7.017858126923117723e-01
2.699825167045248886e-01
3.754119869890502059e-01
1.478413542394652058e-01
8.836139271467142731e-01
8.772381234076043199e-02
8.984730580885189610e-01
8.084715662635072464e-01
6.177284079888774038e-01
4.635102446507541885e-01
3.071128687714150818e-01
2.227142813134341814e-01
1.019366728624957474e-01
2.918627794087557126e-01
1.813462248390259601e-01
5.811825366624462363e-01
9.858561808027559437e-01
6.679064268303702701e-02
9.373063445245561898e-01
6.530234265056706899e-01
6.990338294817846077e-01
7.589028852228035804e-01
8.113586149861279351e-01
4.678814042460421874e-01
9.884772590551362814e-01
5.216466525412541966e-01
9.414418012808400960e-02
1.742959544591505816e-01
4.754810579918443691e-01
1.646583576310556296e-01
7.931883757628968024e-01
5.231504400273311317e-01
3.633418453489150046e-01
3.044329643625086623e-01
2.617644822732024812e-01
2.591039428472047268e-01
4.004768359869848027e-01
4.367370749179539935e-01
4.879061616325943151e-01
3.670619781346422528e-01
3.275535173544807943e-01
5.189737355462160640e-01
6.743124632807306895e-01
6.285969314915554884e-01
6.616264453649884913e-01
2.607404648739486408e-01
5.604594788403880479e-01
8.683919085067969279e-01
9.547087507596705436e-01
2.918148961965987276e-01
3.307070950671424647e-01
2.333094005582348474e-01
3.495312687937852658e-01
5.713527250930432455e-01
6.740607127361831763e-01
4.374387924505994674e-01
5.632483016162195266e-01
9.151861706905185523e-01
6.227222059341930294e-01
5.009397653121846483e-01
9.376485654424968619e-01
3.408643493230537613e-01
4.961873827946933768e-01
5.129162772589016539e-01
2.633359650396037144e-01
3.229595269901529009e-01
5.164054176333340296e-01
3.274940563823112161e-01
3.335294555106961267e-01
2.518847584016404850e-01
8.221337334327459834e-01
1.305963722607661470e-02
6.933860411832436510e-01
4.088869387779955344e-01
2.545713615514003658e-01
2.314352272892232776e-01
2.961626554225322283e-01
2.084739910941027508e-02
