1.801324395842407167e-01
5.973599442515967750e-01
9.628631963786590253e-01
7.628943614212402302e-03
8.770211456434818809e-01
6.970329216199762090e-01
7.914474217102887010e-01
8.135604574426238411e-01
8.127172124810538856e-01
4.398036140844954200e-01
9.752232396452795715e-01
5.232239289138678195e-01
9.597213283759842284e-03
1.211775948873402564e-01
4.593433135530530231e-01
1.339903083496993830e-01
7.853939788025228186e-01
5.250298404707649524e-01
3.921051784666589324e-01
2.445749829038296186e-01
2.463462411975673172e-01
2.526309006515796152e-01
4.483205421664603341e-01
4.385764973118829735e-01
5.944955208002934421e-01
4.026253495762658896e-01
3.605246230880688740e-01
5.372553620376733230e-01
6.921012628729587002e-01
6.482969293379232667e-01
6.587563098125865935e-01
2.483838270661479219e-01
5.479558003629085849e-01
9.529941056634233520e-01
9.753344884434647089e-01
3.087994971011365219e-01
3.577176122885860066e-01
2.607887924503449750e-01
3.843103503396715914e-01
5.403516133934531673e-01
6.637670769698221784e-01
4.656737747914798664e-01
5.953851347848362341e-01
9.332851093561121969e-01
5.861927023990134433e-01
5.098208597303585110e-01
9.483746727822319755e-01
3.102891892127299656e-01
4.283385876425140903e-01
5.158401739686350185e-01
2.136777140754040905e-01
2.427477713750418875e-01
5.091431758552577014e-01
3.164089677923735966e-01
3.635330036245830732e-01
2.485468048351391346e-01
8.180792142018261659e-01
3.073782686052961566e-02
7.031309993569146988e-01
2.968194380199951077e-01
1.941730681626605004e-01
2.647086719545143074e-01
2.480962774115880176e-01
1.904638299393854317e-02
4.468145981771112774e-02
2.932963645237438577e-01
7.733752293428302060e-01
1.808382972603544969e-02
5.108618454206981241e-01
9.686895775123922636e-01
6.533809800461922723e-01
7.047157540068855752e-01
5.437549940470458587e-01
4.941809819509164203e-01
8.492569203034869840e-01
2.488390667712336857e-02
6.968716706826927343e-02
1.374559733265348083e-01
3.763277694870956758e-01
8.682639579543668384e-01
6.087495270185412366e-01
5.765305236669873157e-01
4.903642787716811502e-01
4.068808817654574472e-01
4.937302610106020229e-01
3.936221609017225842e-01
4.514810549312491261e-01
9.287167319167075608e-01
3.126519544453918442e-01
8.797255468219401520e-01
1.158633167404670150e-01
4.388790889319453825e-01
8.076908817358061654e-01
5.784285124864849692e-01
2.935318826283368487e-01
6.985181690563069257e-01
5.830768048534715753e-01
5.353727337536469122e-01
8.617043823819299231e-01
2.252772466925405670e-01
4.882813084069528298e-01
9.999999999999997780e-01
9.669033268641167300e-01
0.000000000000000000e+00
4.737204873395424176e-01
3.920021805681682681e-01
4.891979456864328224e-01
6.490186108322932856e-01
9.720069962163324639e-01
3.912007889899556945e-01
7.987678238999141866e-01
7.580444249495441600e-01
3.556155099774612749e-01
4.834973753091624804e-01
4.959699256335032835e-01
1.419437670416963115e-01
1.801324395842407167e-01
5.973599442515967750e-01
9.628631963786590253e-01
7.628943614212402302e-03
8.770211456434818809e-01
6.970329216199762090e-01
7.914474217102887010e-01
8.135604574426238411e-01
8.127172124810538856e-01
4.398036140844954200e-01
9.752232396452795715e-01
5.232239289138678195e-01
9.597213283759842284e-03
1.211775948873402564e-01
4.593433135530530231e-01
1.339903083496993830e-01
7.853939788025228186e-01
5.250298404707649524e-01
3.921051784666589324e-01
2.445749829038296186e-01
2.463462411975673172e-01
2.526309006515796152e-01
4.483205421664603341e-01
4.385764973118829735e-01
5.944955208002934421e-01
4.026253495762658896e-01
3.605246230880688740e-01
5.372553620376733230e-01
6.921012628729587002e-01
6.482969293379232667e-01
6.587563098125865935e-01
2.483838270661479219e-01
5.479558003629085849e-01
9.529941056634233520e-01
9.753344884434647089e-01
3.087994971011365219e-01
3.577176122885860066e-01
2.607887924503449750e-01
3.843103503396715914e-01
5.403516133934531673e-01
6.637670769698221784e-01
4.656737747914798664e-01
5.953851347848362341e-01
9.332851093561121969e-01
5.861927023990134433e-01
5.098208597303585110e-01
9.483746727822319755e-01
3.102891892127299656e-01
4.283385876425140903e-01
5.158401739686350185e-01
2.136777140754040905e-01
2.427477713750418875e-01
5.091431758552577014e-01
3.164089677923735966e-01
3.635330036245830732e-01
2.485468048351391346e-01
8.180792142018261659e-01
3.073782686052961566e-02
7.031309993569146988e-01
2.968194380199951077e-01
1.941730681626605004e-01
2.647086719545143074e-01
2.480962774115880176e-01
1.904638299393854317e-02
4.882813084069528298e-01
9.999999999999997780e-01
9.669033268641167300e-01
0.000000000000000000e+00
4.737204873395424176e-01
3.920021805681682681e-01
4.891979456864328224e-01
6.490186108322932856e-01
9.720069962163324639e-01
3.912007889899556945e-01
7.987678238999141866e-01
7.580444249495441600e-01
3.556155099774612749e-01
4.834973753091624804e-01
4.959699256335032835e-01
1.419437670416963115e-01
3.156338380521837017e-01
5.329513611834491016e-01
9.709808939422510665e-01
2.826442552527568264e-01
7.276984159782351469e-01
4.969482908651101649e-01
5.004921929138212988e-01
2.662516770666869537e-01
5.638527296627136032e-01
6.476434858275424977e-01
8.160616672843835628e-01
5.459153222751811363e-01
4.008836343809244473e-01
2.092857046860077119e-01
1.503009555096586070e-01
3.298186674083436465e-03
5.448425219050547774e-01
6.756426730285851612e-01
9.050418202642309673e-01
1.669980158190438324e-01
8.760682255873035729e-01
3.461009923839921676e-01
6.578318899067003844e-01
4.245048807248492651e-01
7.532515153955872123e-01
7.333184319456601541e-01
6.977562625356650283e-01
5.494493098759360983e-01
1.544307409878207249e-01
3.402233785255397436e-01
8.175060089348025194e-01
9.367332808813788603e-02
5.064949487637260273e-01
4.518620713520853371e-01
8.716982525582026575e-01
3.503573097182354212e-01
9.231937013361983801e-01
4.605483289510968747e-01
7.658517206298918190e-01
7.212280616709154657e-02
9.688939548160515614e-01
8.820558105037807906e-01
7.573251881197220481e-01
8.534286176308381044e-02
2.041120158918956484e-01
1.325615845844985152e-01
7.514051005480260059e-01
1.831557140311962373e-01
4.943371246232211025e-01
5.144094381065578148e-01
9.212315135321129667e-01
2.953242229177126532e-01
8.340625270546162540e-01
4.274805480477138486e-01
8.165658624739138283e-01
8.860476477193257594e-02
8.223812689314162760e-01
8.542469322987612523e-01
7.231165587872301348e-01
4.443768781192449779e-01
2.496797228169379546e-01
9.019974834708888167e-02
4.765633862942415533e-01
1.696470776243120815e-01
6.197473392372021550e-01
9.095952631691961443e-01
6.967302201274847562e-01
2.240001103472248900e-01
3.943813111309184549e-01
2.114130659662261102e-01
9.359907537565395064e-01
0.000000000000000000e+00
9.103006949753305044e-01
8.357988785230575646e-01
6.500912016839999197e-01
5.154452347792348732e-01
2.570183456340859873e-01
2.158397855546252408e-01
3.954525150387677712e-02
2.611111928800222692e-01
1.801324395842409110e-01
5.973599442515934443e-01
9.628631963786640213e-01
7.628943614205963009e-03
8.770211456434877650e-01
6.970329216199697697e-01
7.914474217103084630e-01
8.135604574426299473e-01
8.127172124810354559e-01
4.398036140844943098e-01
9.752232396452615859e-01
5.232239289138655991e-01
9.597213283761063529e-03
1.211775948873193842e-01
4.593433135530463618e-01
1.339903083497064884e-01
7.853939788025305901e-01
5.250298404707515187e-01
3.921051784666766959e-01
2.445749829038229572e-01
2.463462411975695376e-01
2.526309006515736755e-01
4.483205421664621104e-01
4.385764973118766452e-01
5.944955208002982161e-01
4.026253495762652790e-01
3.605246230880742031e-01
5.372553620376845362e-01
6.921012628729433791e-01
6.482969293379289288e-01
6.587563098125819305e-01
2.483838270661513636e-01
5.479558003629150242e-01
9.529941056634182450e-01
9.753344884434691497e-01
3.087994971011349676e-01
3.577176122885747933e-01
2.607887924503517474e-01
3.843103503396660403e-01
5.403516133934587184e-01
6.637670769698077455e-01
4.656737747914724279e-01
5.953851347848375664e-01
9.332851093561039812e-01
5.861927023990118890e-01
5.098208597303497402e-01
9.483746727822075506e-01
3.102891892127378481e-01
4.283385876425097050e-01
5.158401739686334642e-01
2.136777140754146376e-01
2.427477713750541555e-01
5.091431758552694697e-01
3.164089677923676014e-01
3.635330036245826291e-01
2.485468048351388015e-01
8.180792142018379343e-01
3.073782686053350144e-02
7.031309993569155870e-01
2.968194380199967730e-01
1.941730681626575583e-01
2.647086719545245215e-01
2.480962774115879621e-01
1.904638299394101342e-02
