7.099124357890356229e-01
4.566984973885651611e-01
4.896012236941545970e-01
6.339545694796644426e-01
5.789764591909730695e-01
2.654972368154229212e-01
1.347221725136489301e-01
4.400106199723792244e-01
3.924123378192142519e-01
4.105736772809154278e-01
3.712642556067791144e-01
1.936798222411875159e-01
4.981401828630115380e-01
7.771802250000660051e-01
1.000000000000000000e+00
5.476191777120704707e-01
8.700082913095852355e-01
2.259225931440800306e-01
4.572293895441459366e-01
8.773958584213872314e-01
2.752366073536119950e-01
1.029051932247458390e-01
3.299406919681000527e-01
1.947144650630742158e-01
3.041068371228152767e-01
5.316298489239803526e-01
3.121295471285820966e-01
7.168863436682881840e-02
3.488075647212550701e-01
4.243755928699278201e-01
5.283124361663829038e-01
4.491060384052193433e-01
5.235632875813631681e-01
2.974660849578315558e-01
4.584878665962485167e-01
6.344992307550216815e-01
6.937338492023649161e-01
3.472315494912301959e-01
5.372652780469913125e-01
4.931075086766227855e-01
2.071119100490449449e-01
5.355708548934617896e-01
2.803794930189941748e-01
2.344837208620699220e-01
1.940572467925232303e-01
2.407175135121787379e-01
4.176276085509744718e-01
3.226358062146711392e-01
5.108421081926406426e-01
2.291598495531741442e-01
1.383163054109191603e-01
7.282246662912497115e-01
8.111155168081750633e-01
5.974152190140213925e-02
2.241648689761799318e-01
3.768542800398289039e-01
8.882930113603778599e-01
4.421489885398339759e-01
5.241476199235713951e-01
4.748117931850632800e-01
4.670018863168513001e-01
3.362372745086149584e-01
6.896775225386889696e-01
5.605603151695351949e-01
6.589959209520926953e-01
2.061140729109742775e-01
4.973656114883080459e-01
5.670541269191858857e-01
4.558586885223991914e-01
1.903122588468313392e-01
6.134234417371831061e-02
3.226503268318889894e-01
3.707319957437642532e-01
4.539060510335972687e-01
3.281176893945998430e-01
5.603636435187984155e-01
7.145518439583911086e-01
9.621905257843892390e-01
7.145734802558079135e-01
3.712501372640030217e-01
5.561406023252806197e-01
4.376485537534986481e-01
2.214758653681070943e-01
3.215338343231142204e-01
2.749597039494267037e-01
5.344000828181280083e-01
1.631972537701745773e-01
5.058105326240235344e-01
3.514971281849981199e-01
2.360525862428498600e-01
6.114941253932371090e-01
5.324932550199434900e-01
1.972352544048654455e-01
1.954967294335604455e-01
4.786589522705938515e-01
9.671805470095633517e-01
7.023191136359336895e-01
3.466549479334140038e-01
5.117774266785197756e-01
5.656163622681180669e-01
7.503979903993577283e-01
2.219932880154005250e-01
3.583453355558006148e-01
7.335795433062104465e-01
7.255796178366222815e-01
2.011609087613176472e-01
3.749177650311947829e-01
4.147155789612659849e-01
5.713371228652004419e-01
6.037151709499203323e-01
4.442015779816598231e-01
1.545427193147501654e-01
4.163275772430244936e-01
5.034516337043315470e-01
7.177856781422922161e-01
5.371149743019107969e-01
7.099124357890356229e-01
4.566984973885651611e-01
4.896012236941545970e-01
6.339545694796644426e-01
5.789764591909730695e-01
2.654972368154229212e-01
1.347221725136489301e-01
4.400106199723792244e-01
3.924123378192142519e-01
4.105736772809154278e-01
3.712642556067791144e-01
1.936798222411875159e-01
4.981401828630115380e-01
7.771802250000660051e-01
1.000000000000000000e+00
5.476191777120704707e-01
8.700082913095852355e-01
2.259225931440800306e-01
4.572293895441459366e-01
8.773958584213872314e-01
2.752366073536119950e-01
1.029051932247458390e-01
3.299406919681000527e-01
1.947144650630742158e-01
3.041068371228152767e-01
5.316298489239803526e-01
3.121295471285820966e-01
7.168863436682881840e-02
3.488075647212550701e-01
4.243755928699278201e-01
5.283124361663829038e-01
4.491060384052193433e-01
5.235632875813631681e-01
2.974660849578315558e-01
4.584878665962485167e-01
6.344992307550216815e-01
6.937338492023649161e-01
3.472315494912301959e-01
5.372652780469913125e-01
4.931075086766227855e-01
2.071119100490449449e-01
5.355708548934617896e-01
2.803794930189941748e-01
2.344837208620699220e-01
1.940572467925232303e-01
2.407175135121787379e-01
4.176276085509744718e-01
3.226358062146711392e-01
5.108421081926406426e-01
2.291598495531741442e-01
1.383163054109191603e-01
7.282246662912497115e-01
8.111155168081750633e-01
5.974152190140213925e-02
2.241648689761799318e-01
3.768542800398289039e-01
8.882930113603778599e-01
4.421489885398339759e-01
5.241476199235713951e-01
4.748117931850632800e-01
4.670018863168513001e-01
3.362372745086149584e-01
6.896775225386889696e-01
5.605603151695351949e-01
7.503979903993577283e-01
2.219932880154005250e-01
3.583453355558006148e-01
7.335795433062104465e-01
7.255796178366222815e-01
2.011609087613176472e-01
3.749177650311947829e-01
4.147155789612659849e-01
5.713371228652004419e-01
6.037151709499203323e-01
4.442015779816598231e-01
1.545427193147501654e-01
4.163275772430244936e-01
5.034516337043315470e-01
7.177856781422922161e-01
5.371149743019107969e-01
6.417737841763953011e-01
5.370211308050976129e-01
4.851220623987446690e-01
5.433389834890158809e-01
3.596662713789950949e-01
3.699684666239773101e-01
3.907485656231406423e-01
3.542670356037755930e-01
3.715090713011273138e-01
4.488356712461921694e-01
5.058139218126912473e-01
3.178136097551491623e-01
6.476577418201200365e-01
2.119210119153114302e-01
1.530834982112638798e-01
5.497925612726606293e-01
6.859572267003535284e-01
8.149944308673084947e-01
5.572251063556845629e-01
3.936476767997079129e-01
4.917830438431129991e-01
3.182873573230244890e-01
3.925253143373730325e-01
5.343257124126772339e-01
7.951983275089258285e-01
1.777539225227632302e-01
4.798454887274581360e-01
5.793738900159000060e-01
3.830629697988230387e-01
6.989430548287214329e-01
4.229775809258340402e-01
5.617336921693537599e-01
7.019708634691952387e-01
5.320755808635206918e-01
5.652787651052282314e-01
5.075934853216624854e-01
8.392570532607281919e-01
3.765212695701475321e-01
3.532061422662622352e-01
4.382240596684310319e-01
5.539614230423755004e-01
4.127363165785582488e-01
4.785479182224672279e-01
3.629442292998890096e-01
4.495770671823144937e-01
3.087413843240525146e-01
9.143458094836578454e-01
5.507023498046684784e-01
6.535011712039431320e-01
5.137275590196317410e-01
5.892888449278039786e-01
5.330554002892631260e-01
5.560433069449421950e-01
3.895807248716075533e-01
3.101714734014489050e-01
3.706708538343188586e-01
6.064236959570594721e-01
4.389259255599186060e-01
4.949115582400129831e-01
4.232417901500422630e-01
5.116768213552617128e-01
4.083885080322828820e-01
5.025307893740995624e-01
5.346730395338077368e-01
6.817415919986777872e-01
9.053464864563895986e-01
6.847534488446354040e-01
4.385786418044277379e-01
7.809332244598774508e-01
2.341151330674997588e-01
3.411513884436210287e-01
6.052521104485504289e-01
7.730894519115811825e-01
3.303217866349211773e-01
4.498239853636354368e-01
6.034254771289635499e-01
4.330549341104619199e-01
5.803475999201164193e-01
6.436235171609743233e-01
5.566290743945124797e-01
7.099124357890347348e-01
4.566984973885638288e-01
4.896012236941464368e-01
6.339545694796513420e-01
5.789764591909660751e-01
2.654972368154178142e-01
1.347221725136635850e-01
4.400106199723875511e-01
3.924123378192166944e-01
4.105736772809167601e-01
3.712642556067762278e-01
1.936798222411837411e-01
4.981401828630167006e-01
7.771802250000464651e-01
9.999999999999998890e-01
5.476191777120760218e-01
8.700082913095803505e-01
2.259225931440714819e-01
4.572293895441399414e-01
8.773958584213900069e-01
2.752366073536195445e-01
1.029051932247452839e-01
3.299406919681067141e-01
1.947144650630779905e-01
3.041068371228159983e-01
5.316298489239789093e-01
3.121295471285804313e-01
7.168863436681971457e-02
3.488075647212551811e-01
4.243755928699228797e-01
5.283124361663869006e-01
4.491060384052196763e-01
5.235632875813520659e-01
2.974660849578311117e-01
4.584878665962430211e-01
6.344992307550310073e-01
6.937338492023585879e-01
3.472315494912299738e-01
5.372652780469912015e-01
4.931075086766185667e-01
2.071119100490538267e-01
5.355708548934623447e-01
2.803794930190084411e-01
2.344837208620828006e-01
1.940572467925221201e-01
2.407175135121811804e-01
4.176276085509627034e-01
3.226358062146805761e-01
5.108421081926379781e-01
2.291598495531721458e-01
1.383163054109218248e-01
7.282246662912550406e-01
8.111155168081879419e-01
5.974152190142301144e-02
2.241648689761790436e-01
3.768542800398261283e-01
8.882930113603885180e-01
4.421489885398347530e-01
5.241476199235833855e-01
4.748117931850602824e-01
4.670018863168563517e-01
3.362372745086149584e-01
6.896775225386961861e-01
5.605603151695379704e-01
