7.313660967194322016e-01
4.465485905185634374e-01
4.404750763891404075e-01
6.367425528875070295e-01
5.325000665394435950e-01
2.986811874173169734e-01
1.300593728587580156e-01
4.419392783218771825e-01
3.093948287575364331e-01
4.425372486060197286e-01
3.732601518731497592e-01
1.861727602853028296e-01
5.209064334439209576e-01
7.480546653301894944e-01
8.883635084423174844e-01
6.092351571556124945e-01
8.813600251259241514e-01
2.868359193173770638e-01
4.102179813740474135e-01
9.288719348473108983e-01
3.017302892745351572e-01
1.286031497897213716e-01
3.577772614325728240e-01
2.107954485042858872e-01
2.916015317613007696e-01
5.423306039393466227e-01
3.307200405061571091e-01
9.172915806991088772e-02
2.884228650782469927e-01
4.589348392914671115e-01
5.722287685484999109e-01
4.305493886492534061e-01
4.754590101757767417e-01
2.538025501829298536e-01
5.049129163131210740e-01
6.182505730710177172e-01
7.642381363988887122e-01
3.656304279259010026e-01
5.290594855423087495e-01
4.802462344195232991e-01
2.540671396012185168e-01
5.557512349914908167e-01
2.173164956237566003e-01
1.789392319415129551e-01
1.414178637130955041e-01
2.737143718167140971e-01
3.676578469595934706e-01
2.918239419774829591e-01
4.734724116869623023e-01
2.287946302828780532e-01
1.495395499934202843e-01
6.737805161758740891e-01
8.051313390850410867e-01
1.199801967200702091e-01
2.428388043341254132e-01
3.754690968937584028e-01
8.839019968755991163e-01
4.401247921255324602e-01
5.161437542273766832e-01
3.972212574352891323e-01
4.666425080511204526e-01
3.442748172642399185e-01
7.167888119741682162e-01
5.675277183017904958e-01
6.746200766097139034e-01
1.798345075755851674e-01
4.271232112623470911e-01
6.013114925375310227e-01
3.840103012130720028e-01
1.742773340740266796e-01
7.135957245291701945e-02
3.196556288917817845e-01
3.205819734303174684e-01
4.627772078905552089e-01
3.392203557629722699e-01
5.478116388502669576e-01
6.846977367244542201e-01
9.174140298194639609e-01
7.395063689227820980e-01
3.754594337312621155e-01
5.609062060250564752e-01
4.565611762792858297e-01
2.003856975812328689e-01
3.450062572861919419e-01
2.800053081129191268e-01
5.358068590400275610e-01
1.286003955133444565e-01
5.523737400116883745e-01
3.312209689516563138e-01
2.317891070263277120e-01
6.593661701935538133e-01
5.556759107436481937e-01
2.874936970429387006e-01
1.654493116716401202e-01
4.602745283965917755e-01
9.599844765594243157e-01
6.890612918507148521e-01
3.904479649706695810e-01
4.967774989892503879e-01
5.591990925204299856e-01
7.427464516319622900e-01
2.176277390714245197e-01
3.345461576604360499e-01
7.295969448639156862e-01
7.591129117977686303e-01
2.442446273859714134e-01
3.859004561078539508e-01
4.165714018474904190e-01
5.510195291483852564e-01
6.252162613131192481e-01
4.311489732757779469e-01
1.058631699850955954e-01
3.902985145379185283e-01
5.285944457953450915e-01
6.771831753990156244e-01
5.471722034232600063e-01
7.313660967194322016e-01
4.465485905185634374e-01
4.404750763891404075e-01
6.367425528875070295e-01
5.325000665394435950e-01
2.986811874173169734e-01
1.300593728587580156e-01
4.419392783218771825e-01
3.093948287575364331e-01
4.425372486060197286e-01
3.732601518731497592e-01
1.861727602853028296e-01
5.209064334439209576e-01
7.480546653301894944e-01
8.883635084423174844e-01
6.092351571556124945e-01
8.813600251259241514e-01
2.868359193173770638e-01
4.102179813740474135e-01
9.288719348473108983e-01
3.017302892745351572e-01
1.286031497897213716e-01
3.577772614325728240e-01
2.107954485042858872e-01
2.916015317613007696e-01
5.423306039393466227e-01
3.307200405061571091e-01
9.172915806991088772e-02
2.884228650782469927e-01
4.589348392914671115e-01
5.722287685484999109e-01
4.305493886492534061e-01
4.754590101757767417e-01
2.538025501829298536e-01
5.049129163131210740e-01
6.182505730710177172e-01
7.642381363988887122e-01
3.656304279259010026e-01
5.290594855423087495e-01
4.802462344195232991e-01
2.540671396012185168e-01
5.557512349914908167e-01
2.173164956237566003e-01
1.789392319415129551e-01
1.414178637130955041e-01
2.737143718167140971e-01
3.676578469595934706e-01
2.918239419774829591e-01
4.734724116869623023e-01
2.287946302828780532e-01
1.495395499934202843e-01
6.737805161758740891e-01
8.051313390850410867e-01
1.199801967200702091e-01
2.428388043341254132e-01
3.754690968937584028e-01
8.839019968755991163e-01
4.401247921255324602e-01
5.161437542273766832e-01
3.972212574352891323e-01
4.666425080511204526e-01
3.442748172642399185e-01
7.167888119741682162e-01
5.675277183017904958e-01
7.427464516319622900e-01
2.176277390714245197e-01
3.345461576604360499e-01
7.295969448639156862e-01
7.591129117977686303e-01
2.442446273859714134e-01
3.859004561078539508e-01
4.165714018474904190e-01
5.510195291483852564e-01
6.252162613131192481e-01
4.311489732757779469e-01
1.058631699850955954e-01
3.902985145379185283e-01
5.285944457953450915e-01
6.771831753990156244e-01
5.471722034232600063e-01
6.312925437966721010e-01
5.481472500038147011e-01
4.066113716287846902e-01
5.684857247207772968e-01
3.392945625117262942e-01
4.158984841941628652e-01
4.161330744829689898e-01
3.790619789625471192e-01
3.801358591302883561e-01
4.635091868482866806e-01
4.828705999435837226e-01
2.440739994106801980e-01
6.313995458596762811e-01
2.340127160298719478e-01
1.944113680115435727e-01
5.201378178695017507e-01
6.921957486752305932e-01
8.068664306855399815e-01
4.977003410132794237e-01
3.825630673510405089e-01
4.692654342966497971e-01
3.719338106759122464e-01
4.119825574915902955e-01
5.661308669317528519e-01
7.409661292845393099e-01
2.029069966959192728e-01
4.644078525691950343e-01
5.494129094460986629e-01
3.804286814293151853e-01
7.003029593695075938e-01
4.073495120346422027e-01
5.548407588699445503e-01
7.059622983631703708e-01
5.315364922296090811e-01
5.796565380123146483e-01
4.687745423000807543e-01
9.196304502318612961e-01
4.108626689883786431e-01
3.732679013938782209e-01
4.503855174638635717e-01
4.929226338212053804e-01
4.501060801578666837e-01
4.633426414793651027e-01
3.005154516403889531e-01
4.241200615631162130e-01
3.470209819981788790e-01
7.544250139717325609e-01
5.821151918725760988e-01
6.346606317792700125e-01
5.406211775101175121e-01
4.936515919123132257e-01
5.597441829446423434e-01
6.654693760548511250e-01
4.220991138960951128e-01
3.436016028915838127e-01
3.655215130256088685e-01
5.873309911156789909e-01
4.361746505654674477e-01
5.012264965580095488e-01
3.280139303007478802e-01
4.828221314552706422e-01
5.160385884289304670e-01
4.451908189225246559e-01
5.227434531947472429e-01
6.806852675270751440e-01
8.721598655079834117e-01
6.636051805514662227e-01
4.249589655900836149e-01
7.281466311304596317e-01
2.830508646646086035e-01
3.827651368808366872e-01
5.898069853598051360e-01
7.657626169181988018e-01
3.768673144449404822e-01
4.000206033295741204e-01
5.305331198007632310e-01
4.189515681195064012e-01
5.543595835277397299e-01
5.977096764743272672e-01
5.716449688951009689e-01
7.313660967194250961e-01
4.465485905185649917e-01
4.404750763891318033e-01
6.367425528875019225e-01
5.325000665394328259e-01
2.986811874173314063e-01
1.300593728587580156e-01
4.419392783218861753e-01
3.093948287575370992e-01
4.425372486059981902e-01
3.732601518731459844e-01
1.861727602853100461e-01
5.209064334439330590e-01
7.480546653301721749e-01
8.883635084423214812e-01
6.092351571556158252e-01
8.813600251259126050e-01
2.868359193173765087e-01
4.102179813740680636e-01
9.288719348473216675e-01
3.017302892745405973e-01
1.286031497897254239e-01
3.577772614325743783e-01
2.107954485042772275e-01
2.916015317612982716e-01
5.423306039393431810e-01
3.307200405061641035e-01
9.172915806991932541e-02
2.884228650782423298e-01
4.589348392914629482e-01
5.722287685484963582e-01
4.305493886492486322e-01
4.754590101757796283e-01
2.538025501829336283e-01
5.049129163131169662e-01
6.182505730710197156e-01
7.642381363988859366e-01
3.656304279259006695e-01
5.290594855423090825e-01
4.802462344195181920e-01
2.540671396012131877e-01
5.557512349914829342e-01
2.173164956237485512e-01
1.789392319415336052e-01
1.414178637130838467e-01
2.737143718167047712e-01
3.676578469595732646e-01
2.918239419774893983e-01
4.734724116869600263e-01
2.287946302828716139e-01
1.495395499934254468e-01
6.737805161758867456e-01
8.051313390850501905e-01
1.199801967200815334e-01
2.428388043341183078e-01
3.754690968937691720e-01
8.839019968756037793e-01
4.401247921255470041e-01
5.161437542273851209e-01
3.972212574352972370e-01
4.666425080511243939e-01
3.442748172642412507e-01
7.167888119741825381e-01
5.675277183017941596e-01
