4.458605214057648203e-02
4.505455206456582262e-02
4.238072984669882803e-02
5.522206021000530818e-02
7.224035347313517708e-02
4.577448741688999734e-02
1.966504021050390350e-01
9.483179201024480864e-01
4.835046205439175182e-02
4.165692052140523849e-02
2.288898720081187221e-01
5.243578494036782445e-01
8.768976438046012234e-01
1.145321879868221870e-02
6.968762909644876657e-02
2.816990613920911102e-02
5.830691112937040899e-01
5.247250584196772039e-02
8.919459467351877890e-01
1.085850506177261643e-01
9.514339447445701037e-01
7.817150131276946468e-01
3.049510852992742826e-01
1.651059683753839380e-01
8.016232927124207208e-01
3.722007467395709313e-01
8.306925641722369136e-01
3.053902397551437609e-02
3.077984363708035492e-02
2.582585991599500863e-02
4.260589546693088758e-02
1.016949152542372947e-01
3.109812451738348804e-02
2.276146131805156791e-01
3.105485232067510815e-01
6.140309343434343647e-01
3.003676470588234615e-01
1.558759062552689256e-01
1.409445163265782841e-01
6.069171932158297089e-01
1.979949874686717237e-01
3.185745140388768215e-02
1.611444393170280431e-01
4.487179487179486781e-01
4.540115046927037934e-01
1.132224482469785798e-01
2.316176470588238168e-01
2.142857142857139685e-01
1.680672268907565936e-01
1.400966183574878787e-01
5.210855949895616401e-01
2.768979591836735477e-01
4.722222222222224319e-01
0.000000000000000000e+00
8.125000000000000000e-01
7.463235294117647189e-01
8.644067796610169774e-01
8.666666666666666963e-01
1.000000000000000000e+00
8.893627542927938778e-01
0.000000000000000000e+00
0.000000000000000000e+00
0.000000000000000000e+00
0.000000000000000000e+00
0.000000000000000000e+00
0.000000000000000000e+00
0.000000000000000000e+00
0.000000000000000000e+00
0.000000000000000000e+00
0.000000000000000000e+00
7.854545454545454053e-01
0.000000000000000000e+00
0.000000000000000000e+00
0.000000000000000000e+00
0.000000000000000000e+00
0.000000000000000000e+00
0.000000000000000000e+00
0.000000000000000000e+00
0.000000000000000000e+00
0.000000000000000000e+00
5.396551724137931272e-01
2.358175350356989108e-02
2.404708523331663961e-02
2.205145639973335459e-02
3.087329935896451771e-02
4.830423833588892712e-02
2.439305629331220415e-02
7.725229164605864618e-01
8.731190757350881793e-01
7.100193056248018664e-01
3.694190773185352938e-01
7.165175796519900331e-01
7.779311745727686134e-01
8.849004514479792416e-01
7.118034284509628939e-01
5.083285758108653241e-01
6.199260462663467308e-01
8.771606095696733441e-01
8.240588448285035561e-01
9.246160244617123158e-01
6.818213664360421866e-01
8.567231291841919116e-01
9.235499058613387824e-01
8.501731298240662316e-01
7.807911546007462178e-01
9.269228494309609268e-01
8.172093879131334671e-01
9.379365725226898043e-01
7.019368338690105263e-03
7.155568767789048656e-03
6.119339459622875899e-03
1.018661680887459481e-02
2.401158840227361757e-02
7.280909862908857555e-03
7.405670021032871864e-01
8.474767791151945895e-01
6.738091290474704786e-01
3.441087864433365340e-01
6.733329034989254946e-01
7.385901592616975764e-01
8.630183674218596668e-01
6.805642722491731522e-01
4.863669094093978629e-01
5.915922800667072767e-01
8.548767771909577817e-01
7.977376820093858845e-01
9.068469454330734258e-01
6.505923717373125470e-01
8.233151266208565966e-01
9.067748034038267679e-01
8.211614782829549375e-01
7.430374127532113349e-01
9.136701556391718659e-01
7.826267080856853520e-01
9.209913936940505863e-01
7.404103479036577840e-02
7.325842696629217277e-02
6.715063520871142333e-02
8.305647840531560355e-02
1.250000000000000000e-01
7.399888585359395976e-02
1.878720238095228368e-01
9.593855218855218414e-01
5.588893864755917207e-02
3.580290677064867921e-02
2.452684245787590811e-01
3.504761904761899416e-01
8.764044943820223921e-01
0.000000000000000000e+00
6.460002342073600801e-02
4.974948423224301308e-02
2.493718828514648322e-01
3.454545454545465688e-02
8.188520088865054447e-01
9.890109890109943791e-02
9.444255713082818637e-01
7.750000000000003553e-01
2.454877939995840919e-01
1.059259259259253128e-01
6.397641422517041931e-01
2.276029055690065306e-01
7.018327067669172248e-01
