3.680579292719604600e-02
3.671892902621232135e-02
3.378204420209224290e-02
4.346546394820693937e-02
6.191319849639420614e-02
3.720744703296258171e-02
6.218401313867172320e-02
9.188664797199057599e-01
6.376462901794432980e-02
6.885007076471016951e-02
4.629246313899573195e-01
1.418360074583429054e-01
5.798889790883938744e-01
2.123293907469574471e-01
1.012678903235140204e-01
1.130174121875349158e-01
6.858517481825749940e-01
1.263607893223488432e-01
5.604136336824154796e-01
8.441192792208029871e-02
9.198315657335653928e-01
8.666958443603149931e-01
1.208921551844897024e-01
8.387703972461313384e-02
8.004832471603133826e-01
7.773221323605454813e-01
8.542295891289628518e-01
1.428328515558581480e-03
1.921687142763292555e-03
1.702803950505149544e-04
1.486252167451081185e-03
0.000000000000000000e+00
6.922839096142954785e-04
6.461318051575928312e-01
3.526943942133815568e-01
6.140309343434343647e-01
2.568933823529411242e-01
1.822867740925403490e-01
6.146300144739984539e-01
4.624014554275319711e-01
5.104039167686660328e-01
6.371490280777536430e-02
3.249746192893401275e-01
6.960880999342538011e-01
3.248623700161263894e-01
6.911571137968169909e-02
1.848214285714286920e-01
3.088235294117644969e-01
3.174603174603172207e-01
2.649213027894654626e-01
5.210855949895616401e-01
3.878696741854636976e-01
6.833333333333334592e-01
0.000000000000000000e+00
7.968750000000000000e-01
7.977941176470587648e-01
8.644067796610169774e-01
9.000000000000000222e-01
1.000000000000000000e+00
9.041028296668726094e-01
0.000000000000000000e+00
0.000000000000000000e+00
0.000000000000000000e+00
0.000000000000000000e+00
0.000000000000000000e+00
0.000000000000000000e+00
0.000000000000000000e+00
0.000000000000000000e+00
0.000000000000000000e+00
0.000000000000000000e+00
7.605633802816901268e-01
0.000000000000000000e+00
0.000000000000000000e+00
0.000000000000000000e+00
0.000000000000000000e+00
0.000000000000000000e+00
0.000000000000000000e+00
0.000000000000000000e+00
0.000000000000000000e+00
0.000000000000000000e+00
9.968152866242038224e-01
1.198645916710558423e-02
1.150915803796317971e-02
1.000114498572951538e-02
1.393247600120534058e-02
3.312306135285064679e-02
1.183263378829299550e-02
7.850489141559182649e-01
9.505144195961581222e-01
7.083556601350173842e-01
4.223217702915329497e-01
7.604667423618391986e-01
8.346154440673776431e-01
8.521533858730323541e-01
8.915023955461678362e-01
5.840647432345322798e-01
7.540827250809600812e-01
8.706073229920612278e-01
7.785626491781538761e-01
8.910791385973564349e-01
6.854287445613165275e-01
8.965808076313268593e-01
9.134308203036272111e-01
7.964668757812931599e-01
7.794839728463247575e-01
9.503467595584385030e-01
8.718485546270036135e-01
9.379894881851145172e-01
3.467928228541979074e-03
3.320861986463186782e-03
2.686308561710048365e-03
4.433818985613652286e-03
1.619944432190770223e-02
3.424970353907038495e-03
7.543630338860710660e-01
9.396270118688870854e-01
6.720230732818722741e-01
3.958144112937573844e-01
7.217389508666729458e-01
8.031815517431603046e-01
8.250857826598394507e-01
8.767727236496942744e-01
5.627179558754207278e-01
7.317827517784534219e-01
8.473100481280975149e-01
7.472641257305626672e-01
8.663361696847535764e-01
6.543904583352468940e-01
8.713445756740866299e-01
8.946434605364776971e-01
7.595454734274692532e-01
7.415686819656812645e-01
9.411144859830470333e-01
8.459821557474803688e-01
9.210578017380537386e-01
6.512042818911684128e-02
6.651685393258430223e-02
5.989110707803993461e-02
6.976744186046507368e-02
1.250000000000000000e-01
6.530949836299806965e-02
6.148538961038862993e-02
9.204287775716344377e-01
4.273250638020043013e-02
5.458475950279240152e-02
4.435270677799225680e-01
1.142857142857138797e-01
5.217391304347831493e-01
1.783216783216783341e-01
9.288262073926700779e-02
1.270013241844227814e-01
3.793262443374398885e-01
1.244652406417112722e-01
4.807090921413159634e-01
8.196721311475485550e-02
9.021512838306731119e-01
7.750000000000003553e-01
9.267024354048913892e-02
0.000000000000000000e+00
6.565570920113996678e-01
4.300717479463447290e-01
7.277992277992277881e-01
