9.441301614026496036e-01
9.441767711760680193e-01
9.439762085193181829e-01
9.462628562342405569e-01
9.397406473925261627e-01
9.445036500130151724e-01
8.898135743190440650e-01
4.179580641401514640e-02
9.428816634961920684e-01
9.935971659981925885e-01
8.436852395758132062e-01
3.810929120167774187e-01
2.167393884492616607e-01
9.241829269008317027e-01
9.374742130735702617e-01
8.961631494453872193e-01
6.582393488250382063e-02
8.650101173226740769e-01
9.838374988520115494e-02
9.690855774590949601e-01
3.997685174062892699e-02
1.356757692624821487e-01
8.944746565755359313e-01
8.967034770438759850e-01
9.204528625522279128e-02
6.869104928736557980e-01
3.459752546741279300e-02
4.759054582553987611e-01
4.520563694895210483e-01
4.006130094221818649e-01
4.871191478820906529e-01
8.559322033898304483e-01
4.606677668473890819e-01
4.768736674859790359e-01
3.478929658708540540e-01
4.483471074380174226e-02
1.264705882352941124e-01
1.053308010676234918e-02
8.311705948740527594e-02
3.025096324065397191e-01
1.228070175438598088e-01
1.794077526429463942e-01
3.249746192893401275e-01
7.766272189349110455e-02
5.148606162230142669e-01
3.261515227787565863e-01
5.331156716417910779e-01
0.000000000000000000e+00
3.174603174603172207e-01
1.135563905290151165e-01
5.587397988233060442e-01
4.164285714285715923e-01
0.000000000000000000e+00
0.000000000000000000e+00
1.000000000000000000e+00
9.926470588235293269e-01
9.830508474576270528e-01
9.666666666666666741e-01
1.000000000000000000e+00
9.889081237350435538e-01
0.000000000000000000e+00
0.000000000000000000e+00
0.000000000000000000e+00
0.000000000000000000e+00
0.000000000000000000e+00
0.000000000000000000e+00
0.000000000000000000e+00
0.000000000000000000e+00
0.000000000000000000e+00
0.000000000000000000e+00
6.728971962616822067e-01
0.000000000000000000e+00
0.000000000000000000e+00
0.000000000000000000e+00
0.000000000000000000e+00
0.000000000000000000e+00
0.000000000000000000e+00
0.000000000000000000e+00
0.000000000000000000e+00
0.000000000000000000e+00
9.892541087231353225e-02
8.822710524317208813e-01
8.766847426904151863e-01
8.533636874447498855e-01
8.788375624770821126e-01
9.397010647937212857e-01
8.764146557516254710e-01
9.563703959575242664e-02
6.266649452358863392e-02
4.150795339116308824e-02
1.816625461125127572e-01
4.397094047648719695e-02
5.788152207289121165e-02
6.543486800387743330e-02
1.179022981230581912e-01
3.024315067600884532e-01
9.374757206159367584e-02
7.396704009615739928e-02
1.396476122780208051e-01
9.745051490934519833e-02
7.627558497707731533e-02
9.719766522854378366e-02
7.427594139415072405e-02
7.867580371715487964e-02
6.456089435486944694e-02
6.567491721243756686e-02
4.172274189978986136e-02
1.277219672227369873e-01
8.075580499091813413e-01
7.988743522458680024e-01
7.609160338466822715e-01
8.052161984625874069e-01
9.097583702256559768e-01
7.985321366605336868e-01
7.990912592509291645e-02
4.907032245431497408e-02
3.451096370677331215e-02
1.655102296576276277e-01
3.503349237723818455e-02
4.546321891846538676e-02
5.229655969702695639e-02
1.020646981220760807e-01
2.838936429189296007e-01
8.353099240154970850e-02
5.980134811219883773e-02
1.178359236027740620e-01
7.502824238334671048e-02
6.613310043399933669e-02
7.331501946522944735e-02
5.793953592299183608e-02
6.216648941917313209e-02
5.123942585846397169e-02
5.366952058490470634e-02
3.246648429668397284e-02
9.529118196045482936e-02
9.179304192685103780e-01
9.164044943820225386e-01
9.201451905626134575e-01
9.302325581395348708e-01
8.750000000000000000e-01
9.122712782394901687e-01
8.829985119047609743e-01
3.046507859342073576e-02
9.702087731644377655e-01
9.916769620911631833e-01
8.825283491539277492e-01
8.075442789728501936e-01
1.115467051167140511e-01
9.168877099911578732e-01
9.361256510376601003e-01
8.829671739602451552e-01
1.647227116083076481e-01
9.336061901390486639e-01
8.360428024938038050e-02
9.763769463165234974e-01
3.387334761070470712e-02
9.323308270676733400e-02
9.336304162321038547e-01
9.211571892001986228e-01
1.107862248213122847e-01
8.747092057161847123e-01
1.976553980370776564e-02
