9.541165449714950064e-01
9.538831523321134043e-01
9.515462853390983522e-01
9.543902036259901411e-01
9.568445955553085414e-01
9.535845943468458374e-01
8.668468841437011463e-01
3.903558611566748660e-02
9.360698808908400892e-01
9.739187691589459295e-01
9.295700412373379962e-01
3.446607652011675071e-01
3.601083634014523582e-01
9.988024028852233727e-01
9.482170737813468975e-01
9.295992515763922270e-01
7.501082347019494279e-02
9.215323804120654216e-01
5.899888413622100813e-02
9.258951102050496651e-01
2.408399548749917685e-02
1.118146654813880758e-01
8.578438093365203798e-01
8.899952680911829006e-01
4.526052785299850001e-02
8.148779438557713917e-01
2.015127079539535959e-02
3.358612480870600825e-01
3.287234741475592581e-01
3.176296969008968185e-01
3.334159028981917294e-01
2.796610169491525744e-01
3.319707313700011042e-01
4.768736674859790359e-01
4.319179618650856867e-01
4.483471074380174226e-02
1.264705882352941124e-01
1.494776450123598277e-01
8.311705948740527594e-02
4.050817452879307279e-01
5.567867036011080462e-01
1.319808701018204133e-01
4.045868754204637874e-01
7.766272189349110455e-02
5.148606162230142669e-01
3.261515227787565863e-01
5.331156716417910779e-01
0.000000000000000000e+00
5.277525022747955319e-01
9.999999999999997780e-01
5.587397988233060442e-01
4.164285714285715923e-01
1.112707535121328917e-01
0.000000000000000000e+00
1.000000000000000000e+00
9.411764705882351700e-01
9.830508474576270528e-01
9.666666666666666741e-01
1.000000000000000000e+00
9.889081237350435538e-01
0.000000000000000000e+00
0.000000000000000000e+00
0.000000000000000000e+00
0.000000000000000000e+00
0.000000000000000000e+00
0.000000000000000000e+00
0.000000000000000000e+00
0.000000000000000000e+00
0.000000000000000000e+00
0.000000000000000000e+00
6.728971962616822067e-01
0.000000000000000000e+00
0.000000000000000000e+00
0.000000000000000000e+00
0.000000000000000000e+00
0.000000000000000000e+00
0.000000000000000000e+00
0.000000000000000000e+00
0.000000000000000000e+00
0.000000000000000000e+00
1.264646464646464741e-01
8.468525294043766083e-01
8.416910582846734989e-01
8.183919457383617146e-01
8.393668685046462574e-01
9.081776440246066562e-01
8.402793307909117715e-01
8.256732913283615360e-02
5.765628392126598278e-02
4.695073694605733650e-02
9.481913093853666652e-02
6.582413784892060526e-02
7.289162429614881589e-02
5.621463829770090292e-02
1.506987009657270171e-01
2.141010541359911201e-01
1.846301624119295326e-02
5.070681415482147791e-02
1.533167274881446218e-01
7.926727305579950311e-02
3.760737321918439235e-02
5.945552495540451510e-02
8.555275950133323093e-02
4.590121284032955273e-02
4.185568725334687379e-02
4.913746751615644115e-02
6.352141701068414470e-02
6.579461096624550365e-02
7.535639423145917837e-01
7.457873297753414565e-01
7.085883264732867337e-01
7.461457744633832601e-01
8.641109209042652228e-01
7.437746920670165185e-01
6.879254937305112616e-02
4.508026749784166398e-02
3.908120028384309830e-02
8.549371253454562947e-02
5.275067895017870878e-02
5.750210957132650957e-02
4.481625381626175297e-02
1.312082581528672964e-01
1.993157143429682421e-01
1.628377337215880516e-02
4.075184775956608441e-02
1.297505074735135766e-01
6.066131815588426957e-02
3.239732584847532237e-02
4.423584621977716402e-02
6.696532443168468074e-02
3.592667286610939925e-02
3.300957500180667914e-02
3.999613566255144637e-02
4.974965728645730501e-02
4.790216882106118623e-02
9.438001784121320403e-01
9.341573033707865070e-01
9.446460980036297528e-01
9.468438538205979915e-01
8.750000000000000000e-01
9.374111748914015774e-01
8.712424537267455804e-01
3.573368089497119815e-02
9.653233199159254596e-01
9.793148028442146824e-01
9.219596019719515922e-01
7.939358600583084069e-01
3.345195729537362439e-01
9.858774038461537437e-01
9.369738534217624260e-01
9.474557690853320224e-01
2.493718828514648322e-01
9.614845261121858222e-01
5.560086009046472100e-02
9.166666666666669627e-01
2.581672990294459069e-02
7.431702961761921244e-02
8.883305415968729690e-01
9.352080034604401959e-01
4.122390307382417518e-02
8.873646100268883785e-01
1.352611940298509285e-02
