9.733132527884349461e-01
9.732932859032532580e-01
9.724157632113203942e-01
9.753999634655126094e-01
9.686649397393373162e-01
9.734357480900771575e-01
9.028654569079037628e-01
2.672461741208098651e-02
9.474585846213914309e-01
9.703811693260619986e-01
9.459451207314630850e-01
4.315380612620955958e-01
2.241254692205485455e-01
9.643628853117642841e-01
9.226589680718513264e-01
9.286295558609305445e-01
6.648313650984061240e-02
8.891764793718017756e-01
7.752221800427427922e-02
9.485984666950959543e-01
3.183696955013770591e-02
1.189192817267326063e-01
8.879419145288851567e-01
9.228067808372868441e-01
9.886900968396439282e-02
7.330049971251675345e-01
1.693370992297510425e-02
2.319333446692739831e-01
2.301261415150121781e-01
2.275513679191735750e-01
2.520435967302452340e-01
2.796610169491525744e-01
2.316545114734894217e-01
4.768736674859790359e-01
3.478929658708540540e-01
4.483471074380174226e-02
1.264705882352941124e-01
0.000000000000000000e+00
8.311705948740527594e-02
1.296023564064801015e-01
1.578947368421055319e-01
1.319808701018204133e-01
3.249746192893401275e-01
2.677153990474814282e-01
5.148606162230142669e-01
3.261515227787565863e-01
5.331156716417910779e-01
0.000000000000000000e+00
3.174603174603172207e-01
9.999999999999997780e-01
5.587397988233060442e-01
4.164285714285715923e-01
9.942680776014112265e-02
0.000000000000000000e+00
9.921875000000000000e-01
9.264705882352940458e-01
9.830508474576270528e-01
9.333333333333332371e-01
1.000000000000000000e+00
9.889081237350435538e-01
0.000000000000000000e+00
0.000000000000000000e+00
0.000000000000000000e+00
0.000000000000000000e+00
0.000000000000000000e+00
0.000000000000000000e+00
0.000000000000000000e+00
0.000000000000000000e+00
0.000000000000000000e+00
0.000000000000000000e+00
6.728971962616822067e-01
0.000000000000000000e+00
0.000000000000000000e+00
0.000000000000000000e+00
0.000000000000000000e+00
0.000000000000000000e+00
0.000000000000000000e+00
0.000000000000000000e+00
0.000000000000000000e+00
0.000000000000000000e+00
0.000000000000000000e+00
8.790547944917207479e-01
8.746460123499160133e-01
8.553711421672658410e-01
8.772031232450883120e-01
9.193668525061947649e-01
8.746256116871946595e-01
1.048276174675937256e-01
3.988576556877809765e-02
4.450662973002161849e-02
1.001297473909605884e-01
3.960295031956961864e-02
6.815102245561099892e-02
2.034929233065918552e-02
1.352817424678058877e-01
1.671692037878953485e-01
1.934730262388439925e-02
7.943728895818757962e-02
1.320704749031476055e-01
9.490304113894576510e-02
6.038679584638106945e-02
6.153173352506957627e-02
5.751920598584603361e-02
7.208701337273115684e-02
2.516105938923107743e-02
6.426984603632668325e-02
5.159999579184115781e-02
6.206068078163551327e-02
8.025804959895351809e-01
7.957331480847075200e-01
7.639746023690457966e-01
8.027273986691217944e-01
8.801932085120770521e-01
7.957769357242053809e-01
8.776346920319755274e-02
3.102180225077666442e-02
3.702762537245141150e-02
9.033980795158824684e-02
3.151655361883343165e-02
5.368881118076529457e-02
1.606636000921057850e-02
1.174676285051818869e-01
1.549354750084970256e-01
1.706574224877344115e-02
6.431383798355638781e-02
1.112605932991416191e-01
7.300528066549127892e-02
5.221895094527284620e-02
4.581534801849240779e-02
4.463931522507802452e-02
5.685211168433856876e-02
1.975066611539366690e-02
5.250362900071736671e-02
4.027044676275914892e-02
4.511620226254198229e-02
9.495985727029437884e-01
9.460674157303371468e-01
9.491833030852994124e-01
9.584717607973421982e-01
8.750000000000000000e-01
9.432198981586894515e-01
8.947333486846309469e-01
2.724448079277608237e-02
9.784270426363170792e-01
9.793148028442146824e-01
9.730797295555664306e-01
8.805856757224539422e-01
1.751291370213845511e-01
9.533498759305212289e-01
9.112726708074012638e-01
9.248301555993867495e-01
1.229779148308587367e-01
9.404040404040405754e-01
9.126447040290752710e-02
9.554455445544558501e-01
3.099536453305740125e-02
9.779569089913930924e-02
9.027283734527813408e-01
9.374981506139956622e-01
1.107862248213122847e-01
8.841955807968755465e-01
1.150793650793652256e-02
