9.493459307441234341e-01
9.496846552591038382e-01
9.490042916909151582e-01
9.505223218286718012e-01
9.469089567582148481e-01
9.494491394669649642e-01
8.479601015168576339e-01
4.217271171082392911e-02
9.410392162970699914e-01
9.598695777887813474e-01
8.018086822718020201e-01
5.201457801813820225e-01
3.480889789032692860e-01
9.557255961087482987e-01
9.258736763151054205e-01
9.145173090420284367e-01
6.211268880293729922e-02
8.851733556586074414e-01
2.972519875415802204e-02
9.200127481637001559e-01
2.677191268700207516e-02
1.344404479064564839e-01
9.950888999332505591e-01
9.081778919281067175e-01
6.572057187422508662e-02
7.465891992102307029e-01
2.292773609150566827e-02
4.762455364733888530e-01
4.522863149595953147e-01
4.004427290271313500e-01
4.876145652712410294e-01
8.644067796610168664e-01
4.609221457359941043e-01
4.944362533730213283e-01
3.478929658708540540e-01
4.483471074380174226e-02
1.264705882352941124e-01
6.202813840648946364e-02
8.311705948740527594e-02
1.999375195251484882e-01
2.763157894736842923e-01
1.319808701018204133e-01
2.668413296217457820e-01
2.465483234714005434e-02
1.637514283202954335e-01
3.261515227787565863e-01
5.331156716417910779e-01
0.000000000000000000e+00
3.174603174603172207e-01
1.565628533251104404e-01
5.587397988233060442e-01
4.884792626728118314e-02
1.615445232466509173e-01
0.000000000000000000e+00
9.921875000000000000e-01
8.750000000000000000e-01
9.661016949152542166e-01
9.666666666666666741e-01
1.000000000000000000e+00
9.889081237350435538e-01
0.000000000000000000e+00
0.000000000000000000e+00
0.000000000000000000e+00
0.000000000000000000e+00
0.000000000000000000e+00
0.000000000000000000e+00
0.000000000000000000e+00
0.000000000000000000e+00
0.000000000000000000e+00
0.000000000000000000e+00
6.728971962616822067e-01
0.000000000000000000e+00
0.000000000000000000e+00
0.000000000000000000e+00
0.000000000000000000e+00
0.000000000000000000e+00
0.000000000000000000e+00
0.000000000000000000e+00
0.000000000000000000e+00
0.000000000000000000e+00
9.892541087231353225e-02
8.751499053508761117e-01
8.704261492858316185e-01
8.496104601759109087e-01
8.687965604462861702e-01
9.301578896751686587e-01
8.693807642866175911e-01
7.581804531961333637e-02
5.042783948137552485e-02
5.249278524376599364e-02
7.680859710649823313e-02
4.801215220531429573e-02
7.889163256333109331e-02
7.019692623720441560e-02
1.075385482268420567e-01
2.814467927804642500e-01
8.226279080449794279e-02
7.228574017635480686e-02
9.467274588414342773e-02
6.919125419835103763e-02
8.477597918997004101e-02
7.471894144275603722e-02
8.851686912366218962e-02
7.906991724130052468e-02
7.869922578719568129e-02
2.352787912404652459e-02
8.796533601385836398e-02
5.604192711692834727e-02
7.965572025874901874e-01
7.892503398685594140e-01
7.552135705941255273e-01
7.899848850086321761e-01
8.958285424260976626e-01
7.877261837212091722e-01
6.307620102908551019e-02
3.934412206919812860e-02
4.374549489847801009e-02
6.910420152067797694e-02
3.829454671946841415e-02
6.234313906370481106e-02
5.617428839484717162e-02
9.292337238299785973e-02
2.636762360391688986e-01
7.318420729071983821e-02
5.841690540434518741e-02
7.911273216181091694e-02
5.277265413998899479e-02
7.360691956013876158e-02
5.590246448719748962e-02
6.934778036598165940e-02
6.248499978568733404e-02
6.270589430286011012e-02
1.903296292697309600e-02
6.939181161130791864e-02
4.064256626114060023e-02
9.464763603925067104e-01
9.424719101123596454e-01
9.437386569872958653e-01
9.501661129568105268e-01
8.750000000000000000e-01
9.408518453982777086e-01
8.829985119047609743e-01
3.573368089497119815e-02
9.540116012926760369e-01
9.619047619047620401e-01
8.474394367883322232e-01
8.937142857142870156e-01
3.345195729537362439e-01
9.476031215161651033e-01
9.112726708074012638e-01
9.213117800074321906e-01
1.647227116083076481e-01
9.404040404040405754e-01
5.224473090430059585e-02
9.166666666666669627e-01
2.873703388715243001e-02
8.732394366197215874e-02
1.000000000000000000e+00
9.438943894389435485e-01
1.107862248213122847e-01
8.719238134941829088e-01
1.251327668613916311e-02
