9.582462615487370439e-01
9.585190104696301727e-01
9.564047984175578776e-01
9.592248858299965431e-01
9.538366514748130021e-01
9.578558198905545717e-01
9.592381669555756218e-01
2.520801653595161618e-02
9.337796368142781134e-01
9.605292118541408630e-01
8.404753512240583646e-01
5.127845588225117268e-01
3.451832868991511205e-01
9.776297857244693468e-01
9.242274806729802172e-01
9.186685934629910122e-01
4.619655509818976213e-02
8.201498182049125063e-01
1.008251349085895754e-01
9.232087453134627530e-01
2.850162736606431935e-02
5.402487958224000408e-02
9.752815738959643710e-01
9.377879304800638138e-01
1.094530321407454210e-01
6.549843662715684189e-01
1.942671040599280863e-02
4.760754973643938071e-01
4.521713422245581815e-01
4.007832898172324354e-01
4.872430022293782192e-01
8.559322033898304483e-01
4.608563020657840958e-01
4.944362533730213283e-01
3.478929658708540540e-01
0.000000000000000000e+00
1.264705882352941124e-01
5.316697577699092125e-02
8.311705948740527594e-02
1.738598637078456743e-01
3.905817174515235912e-01
1.319808701018204133e-01
7.254483925549914947e-01
7.766272189349110455e-02
7.452684291921363169e-02
3.261515227787565863e-01
6.716417910447762818e-01
0.000000000000000000e+00
3.174603174603172207e-01
1.135563905290151165e-01
5.587397988233060442e-01
4.164285714285715923e-01
1.615445232466509173e-01
0.000000000000000000e+00
1.000000000000000000e+00
9.926470588235293269e-01
9.999999999999998890e-01
9.666666666666666741e-01
1.000000000000000000e+00
9.889081237350435538e-01
0.000000000000000000e+00
0.000000000000000000e+00
0.000000000000000000e+00
0.000000000000000000e+00
0.000000000000000000e+00
0.000000000000000000e+00
0.000000000000000000e+00
0.000000000000000000e+00
0.000000000000000000e+00
0.000000000000000000e+00
6.728971962616822067e-01
0.000000000000000000e+00
0.000000000000000000e+00
0.000000000000000000e+00
0.000000000000000000e+00
0.000000000000000000e+00
0.000000000000000000e+00
0.000000000000000000e+00
0.000000000000000000e+00
0.000000000000000000e+00
9.892541087231353225e-02
8.768564474247010354e-01
8.713318953595172722e-01
8.488370253157888623e-01
8.715210331136327149e-01
9.351209851159961728e-01
8.707487541371059514e-01
5.377261687893097886e-02
4.954145029140533119e-02
5.042780408348912502e-02
2.093257165684470067e-02
2.916935012102350733e-02
3.833888006565433493e-02
5.897190894278714346e-02
1.050621881192834728e-01
1.829787468609112011e-01
8.582135014668379469e-02
4.038630143078925094e-02
2.934079403429912247e-02
6.075417005542815829e-02
5.121073786250196491e-02
5.745941528896758577e-02
2.927217279335647682e-02
3.437768285189868323e-02
5.086106334601536716e-02
4.398552938433830661e-02
3.404852664756319314e-02
5.167264574821528456e-02
7.991868460569431232e-01
7.906396411422090820e-01
7.540410394316817699e-01
7.941038873905924556e-01
9.030609814075678532e-01
7.898222114709676500e-01
4.452012079673595135e-02
3.864239120286994122e-02
4.200630421294737626e-02
1.870581797746884156e-02
2.314865109972663593e-02
2.994276710235321826e-02
4.704937908546003023e-02
9.074394578587918758e-02
1.698422429046400062e-01
7.638676668899635480e-02
3.237129950645323273e-02
2.417046659478849779e-02
4.620695584791889576e-02
4.421639078797445777e-02
4.271949305134525865e-02
2.252099993265166411e-02
2.681703056138839969e-02
4.021271455522223981e-02
3.575830655980682948e-02
2.643431327600953562e-02
3.740816698435073251e-02
9.545049063336307205e-01
9.492134831460675715e-01
9.509981851179671875e-01
9.584717607973421982e-01
8.750000000000000000e-01
9.464538677546938672e-01
9.797882760699216931e-01
2.029252332364872569e-02
9.606755805770581524e-01
9.648134246843178552e-01
9.039779231624303080e-01
9.570041608876564965e-01
3.862660944206002256e-01
9.589504903393968327e-01
9.329332201009654657e-01
9.125981559645248709e-01
1.408217691396504989e-01
9.024088824020020105e-01
1.373343224497416415e-01
9.268929503916454316e-01
3.208746016360808362e-02
7.321716618540374810e-02
9.633584589614745397e-01
9.671497584541057790e-01
1.368653421633552192e-01
8.143126177024475609e-01
1.051001581444388489e-02
