9.273778479949192910e-01
9.279292735464899078e-01
9.276066935988229734e-01
9.285369557356912829e-01
9.136337633141601300e-01
9.276098671057987355e-01
8.376595525961718636e-01
3.737888195971073024e-02
9.177717206535156436e-01
9.978768003241069717e-01
8.217968344915069778e-01
3.269838938527165340e-01
2.183213821550014089e-01
9.471089507536545327e-01
9.779710154778564757e-01
8.958204821397606210e-01
3.731831819022080055e-02
9.241530135587963102e-01
4.170392826240210127e-03
9.075381790922114611e-01
3.949132106110453400e-02
1.680271968820115092e-01
9.680643679565461568e-01
8.805081236370710940e-01
4.784954561041843135e-02
6.953402319935850784e-01
3.544045122165340178e-02
8.424417616051692592e-01
8.410255567965311263e-01
8.425473947099557659e-01
8.393609115679959709e-01
4.661016949152542166e-01
8.420904517106504450e-01
4.534332419451259089e-01
3.478929658708540540e-01
4.483471074380174226e-02
1.264705882352941124e-01
1.208340358567977502e-02
8.311705948740527594e-02
9.736540664375703535e-02
3.522267206477736057e-01
1.319808701018204133e-01
3.249746192893401275e-01
7.766272189349110455e-02
4.029767659898628729e-01
3.261515227787565863e-01
5.331156716417910779e-01
0.000000000000000000e+00
3.174603174603172207e-01
1.400966183574878787e-01
9.323453164789285985e-02
4.164285714285715923e-01
0.000000000000000000e+00
0.000000000000000000e+00
1.000000000000000000e+00
9.374999999999998890e-01
9.830508474576270528e-01
9.666666666666666741e-01
1.000000000000000000e+00
9.889081237350435538e-01
0.000000000000000000e+00
0.000000000000000000e+00
0.000000000000000000e+00
0.000000000000000000e+00
0.000000000000000000e+00
0.000000000000000000e+00
0.000000000000000000e+00
0.000000000000000000e+00
0.000000000000000000e+00
0.000000000000000000e+00
6.352941176470587870e-01
0.000000000000000000e+00
0.000000000000000000e+00
0.000000000000000000e+00
0.000000000000000000e+00
0.000000000000000000e+00
0.000000000000000000e+00
0.000000000000000000e+00
0.000000000000000000e+00
0.000000000000000000e+00
5.114379084967320133e-02
9.141566472271024368e-01
9.133808450689548941e-01
9.067566579628631995e-01
9.053774930354063777e-01
8.952451305262555392e-01
9.115329011585440178e-01
1.026299401292765090e-01
5.586168836591887121e-02
6.916158929936155886e-02
1.585576552013190366e-01
4.319423387182008689e-02
6.144620558247049225e-02
5.919136595171559101e-02
1.889820296563127222e-01
3.241692132517481895e-01
6.082258991846645202e-02
6.306015963762368060e-02
1.698459739024897885e-01
9.529622795891756759e-02
5.017968176672216174e-02
9.105218556026195564e-02
9.092891535850156082e-02
1.355690527805553103e-01
6.944509314036761971e-02
7.883371849200448978e-02
4.580261259867546286e-02
8.975666192600484372e-02
8.577099948021820186e-01
8.564374739113643775e-01
8.442928023898176315e-01
8.461461757684719531e-01
8.456878226874655624e-01
8.535476528288168385e-01
8.588252148832842270e-02
4.365390572783101053e-02
5.783939351996181255e-02
1.440616422700167210e-01
3.440752486062392812e-02
4.831299124123911160e-02
4.722725860304932688e-02
1.656420004352756603e-01
3.049181138392706991e-01
5.395334722080380452e-02
5.084104099081554473e-02
1.442487219861322556e-01
7.331729635738248874e-02
4.331870824605066339e-02
6.852726566947764386e-02
7.128958646118155329e-02
1.088779671511315161e-01
5.519063835120541217e-02
6.462584716160746368e-02
3.568449124499495362e-02
6.597396333952210146e-02
9.099018733273863679e-01
9.080898876404494002e-01
9.137931034482758008e-01
9.169435215946842854e-01
8.750000000000000000e-01
9.066823038648570421e-01
8.802290836653385853e-01
3.046507859342073576e-02
9.435622143091935143e-01
9.793148028442146824e-01
8.825283491539277492e-01
7.996044264183055361e-01
2.014051522248241355e-01
9.242851389448247801e-01
9.690299165391473846e-01
9.082912221598355984e-01
7.844734702394262627e-02
9.601608677072559495e-01
2.632954776496543303e-02
9.166666666666669627e-01
3.572145702246265486e-02
1.169811320754723383e-01
9.283454308579930370e-01
8.917926422550159771e-01
5.964405964405994354e-02
8.678265050423412674e-01
2.083333333333331483e-02
