4.714973342990519400e-02
4.779539570570928708e-02
4.527980089128885721e-02
5.847504088757410345e-02
7.410006216343112406e-02
4.851388466709039005e-02
3.003906635438768902e-01
9.572902250498376286e-01
2.252887875637821224e-03
5.310164642898307363e-02
2.461987587538727595e-01
5.687965324635069209e-01
9.295388919879057354e-01
1.184993173714055104e-02
5.004008295033601783e-02
5.871156042003100595e-02
5.408160395991323810e-01
1.011523364058164454e-01
8.838906180563528281e-01
1.211050152165307203e-01
9.603841370877106431e-01
8.928595156630851903e-01
1.943247495592910212e-01
9.668842202310123923e-02
5.987417949920894600e-01
4.464658773648153556e-01
8.300082796639434157e-01
1.006631525250808318e-02
1.064319032915051616e-02
1.174934725848563594e-02
1.238543472875898444e-02
1.694915254237289171e-02
1.079015196251436465e-02
7.774313163660881987e-01
1.901317489020926121e-01
1.050637958532695260e-01
4.742647058823528106e-01
1.226930210238252883e-01
4.405879901283595301e-01
1.999375195251484882e-01
2.879256965944272384e-01
1.866994826460394719e-01
7.306369739643026051e-02
1.788596019365249479e-01
3.281644785731980818e-01
1.399805352798053626e-01
0.000000000000000000e+00
4.125000000000000888e-01
4.608294930875573847e-01
3.890160183066360133e-01
2.672233820459288811e-01
3.079047619047621254e-01
4.429012345679012030e-01
0.000000000000000000e+00
7.656250000000000000e-01
7.757352941176470784e-01
8.813559322033898136e-01
8.666666666666666963e-01
0.000000000000000000e+00
8.671482060309730899e-01
0.000000000000000000e+00
0.000000000000000000e+00
0.000000000000000000e+00
0.000000000000000000e+00
0.000000000000000000e+00
0.000000000000000000e+00
0.000000000000000000e+00
0.000000000000000000e+00
0.000000000000000000e+00
0.000000000000000000e+00
0.000000000000000000e+00
0.000000000000000000e+00
0.000000000000000000e+00
0.000000000000000000e+00
0.000000000000000000e+00
0.000000000000000000e+00
0.000000000000000000e+00
0.000000000000000000e+00
0.000000000000000000e+00
0.000000000000000000e+00
7.805486284289276933e-01
2.745167206005863503e-02
2.792200581156073502e-02
2.610100579660862286e-02
3.502172840395842424e-02
5.227357534371307457e-02
2.837673391787209898e-02
7.823956759200170197e-01
8.747950545623910390e-01
6.162579656754050283e-01
4.086064039265027148e-01
7.030203587869969795e-01
7.884999470189015813e-01
8.638471825128519743e-01
7.281731683071521743e-01
4.683985901224199111e-01
6.078439511462638833e-01
8.384884763803905905e-01
8.171596359362593986e-01
9.648563201848923132e-01
6.567537329056558626e-01
9.096385493695651192e-01
8.976795087063473844e-01
8.017345912497668703e-01
7.979572000430743550e-01
7.940398828848844737e-01
8.401602048680369972e-01
9.705283946646274806e-01
8.247707679302804934e-03
8.386482135543611716e-03
7.321188464972937932e-03
1.165583683176544399e-02
2.609435469938194141e-02
8.551254380562436919e-03
7.514360155154978793e-01
8.494428977880891241e-01
5.746675444204828453e-01
3.823509956725748005e-01
6.586317774645291667e-01
7.505222223293487316e-01
8.385784069248132244e-01
6.980307977638706696e-01
4.465185808723610705e-01
5.791792557530459629e-01
8.104810165317377635e-01
7.900353451807983207e-01
9.562119303226737088e-01
6.243029814869949234e-01
8.872675192857212290e-01
8.758566964245342312e-01
7.655308925427920519e-01
7.623948855066788877e-01
7.620432397670818814e-01
8.090703688896668799e-01
9.622021538256138040e-01
7.493309545049064990e-02
7.640449438202248644e-02
7.441016333938291205e-02
8.637873754152819439e-02
1.250000000000000000e-01
7.794486352885429681e-02
2.610432330827059388e-01
9.593855218855218414e-01
1.688951442646002832e-02
3.580290677064867921e-02
2.452684245787590811e-01
3.504761904761899416e-01
1.000000000000000000e+00
1.868131868131861495e-02
4.256590690513606390e-02
7.514245014245002352e-02
1.229779148308587367e-01
9.390997352162422374e-02
8.188520088865054447e-01
1.125827814569544394e-01
9.444255713082818637e-01
9.082802547770700841e-01
2.881072026800666208e-01
4.488386691776469206e-02
5.740740740740735149e-01
2.276029055690065306e-01
6.893552875695733162e-01
