4.449709397435003266e-02
4.496286111820535503e-02
4.189518430363786683e-02
5.491447428645390705e-02
7.148565030682463295e-02
4.554105381125889140e-02
3.053655813403413077e-01
9.527950853585045454e-01
3.885885151779788771e-04
6.228824781467223737e-02
1.148442833375185046e-01
3.917874324024595012e-01
8.749050117199344001e-01
4.691458727576147680e-02
7.092646296122051552e-02
8.505738557972897240e-02
5.326406243711279132e-01
7.709037023152687240e-02
8.982499400296140024e-01
1.161462493293297094e-01
9.838021561454322050e-01
7.822741783219981926e-01
1.414365495869516209e-01
9.082595580784413869e-02
8.214410332978765439e-01
4.017173983220612143e-01
8.375633921882683630e-01
4.523040299268837883e-03
5.009526312331646913e-03
4.427290271313423509e-03
6.192717364379485279e-03
4.237288135593220151e-02
4.141242101622824578e-03
4.229226361031519499e-01
3.440736478711161617e-01
6.140309343434343647e-01
3.059772296015179638e-01
5.316697577699092125e-02
3.754866393471520403e-01
6.615120274914088050e-01
1.950464396284830038e-01
1.562042778513202390e-01
2.810201807601833135e-01
7.912304657866788826e-01
3.551316984559491630e-01
5.237776222377763524e-01
5.476973684210526550e-01
4.125000000000000888e-01
5.714285714285716189e-01
3.890160183066360133e-01
2.672233820459288811e-01
9.085714285714296956e-02
4.104104104104105977e-01
0.000000000000000000e+00
8.046875000000000000e-01
7.794117647058823595e-01
8.983050847457626498e-01
9.000000000000000222e-01
1.000000000000000000e+00
8.645938109119557513e-01
0.000000000000000000e+00
0.000000000000000000e+00
0.000000000000000000e+00
0.000000000000000000e+00
0.000000000000000000e+00
0.000000000000000000e+00
0.000000000000000000e+00
0.000000000000000000e+00
0.000000000000000000e+00
0.000000000000000000e+00
8.780487804878049918e-01
0.000000000000000000e+00
0.000000000000000000e+00
0.000000000000000000e+00
0.000000000000000000e+00
0.000000000000000000e+00
0.000000000000000000e+00
0.000000000000000000e+00
0.000000000000000000e+00
0.000000000000000000e+00
8.892045454545455252e-01
2.589730510342330705e-02
2.579324191981482994e-02
2.348749561345309100e-02
3.073160416916029258e-02
5.069545585884982497e-02
2.607233749571336023e-02
8.148014336873941055e-01
9.189918496409557047e-01
6.318801193212655321e-01
4.221756180006206449e-01
6.760768893216422271e-01
7.573038042196660324e-01
9.020620647526584879e-01
7.036879938529398970e-01
4.865455663571829348e-01
5.796672922434025210e-01
7.847660967097600526e-01
8.098394533608033186e-01
9.934434133298364333e-01
6.460413688225670192e-01
8.813350558069856788e-01
8.994720539962575145e-01
7.829111771978405354e-01
7.808367764558790114e-01
9.040563521248192735e-01
8.099437141905785342e-01
9.504556131848764799e-01
7.751751764283467544e-03
7.707580252467816084e-03
6.542762844523406646e-03
1.013685391024122390e-02
2.526429935536854410e-02
7.813628888049276022e-03
7.873609583329742589e-01
9.017601750293317009e-01
5.909714489833574058e-01
3.956707283395051178e-01
6.295167029884982668e-01
7.154485580823893853e-01
8.830815490636414467e-01
6.719353567985890674e-01
4.645937113388352024e-01
5.503672467220483977e-01
7.498340506717982024e-01
7.818819262116613045e-01
9.917828883740369417e-01
6.131236887189239759e-01
8.528709585413439820e-01
8.779887401892279009e-01
7.442009850269831750e-01
7.430886864330283892e-01
8.870860060344251119e-01
7.743061110847800910e-01
9.367479562194060971e-01
7.314897413024085138e-02
7.303370786516852342e-02
6.715063520871142333e-02
7.973421926910295721e-02
1.250000000000000000e-01
7.280472665937079424e-02
2.462860144057623657e-01
9.593855218855218414e-01
1.688951442646002832e-02
6.098297307088529351e-02
1.508595468639191139e-01
3.504761904761899416e-01
9.275731702136695844e-01
5.685618729096963975e-02
6.460002342073600801e-02
1.534824513547916602e-01
1.229779148308587367e-01
6.394230769230802025e-02
8.188520088865054447e-01
8.196721311475485550e-02
9.734136541500708617e-01
7.750000000000003553e-01
2.881072026800666208e-01
7.904919845218305596e-02
8.491512345679010920e-01
3.071268123340820111e-01
7.018327067669172248e-01
