4.244866138794650690e-02
4.316160896066373320e-02
4.049734624431966523e-02
5.285147255546568390e-02
6.736858392293920694e-02
4.364486784552884524e-02
3.892458235473563732e-01
9.205362770631435598e-01
7.890908495796633559e-02
4.814157245778916128e-02
1.326090958836889655e-01
4.646654843776740762e-01
6.594691791128317604e-01
7.873605146989204329e-02
4.090474098840246597e-02
5.894205981159750252e-02
5.898369168041650568e-01
8.402040470498484126e-02
8.360494780309197793e-01
9.851968838099400827e-02
9.641474323686136660e-01
7.120908768581575288e-01
1.986278319058891739e-01
1.686982199457700560e-01
7.205094199355652762e-01
2.470522011762845693e-01
8.471628607301582292e-01
4.999149804455024770e-03
6.750542014322319373e-03
6.811215802020660626e-03
1.275699777062175300e-02
3.389830508474578341e-02
6.716918179869059424e-03
4.229226361031519499e-01
8.006329113924048890e-02
3.876863876863877456e-01
3.583333333333331705e-01
1.096568875400438792e-01
1.831937569308961788e-01
2.935903182429404623e-01
1.836734693877553060e-01
1.178124617955091935e-01
1.463849636438470103e-01
7.912304657866788826e-01
9.658599134476679726e-01
3.953655428107982761e-01
3.034539473684210176e-01
4.404761904761906877e-01
3.861003861003862170e-01
1.400966183574878787e-01
2.763332700702219036e-01
9.085714285714296956e-02
4.104104104104105977e-01
0.000000000000000000e+00
8.281250000000000000e-01
7.867647058823529216e-01
8.983050847457626498e-01
8.333333333333333703e-01
0.000000000000000000e+00
8.645938109119557513e-01
0.000000000000000000e+00
0.000000000000000000e+00
0.000000000000000000e+00
0.000000000000000000e+00
0.000000000000000000e+00
0.000000000000000000e+00
0.000000000000000000e+00
0.000000000000000000e+00
0.000000000000000000e+00
0.000000000000000000e+00
0.000000000000000000e+00
0.000000000000000000e+00
0.000000000000000000e+00
0.000000000000000000e+00
0.000000000000000000e+00
0.000000000000000000e+00
0.000000000000000000e+00
0.000000000000000000e+00
0.000000000000000000e+00
0.000000000000000000e+00
8.670360110803324583e-01
2.663229521630275376e-02
2.672631776497458311e-02
2.443196182030885066e-02
3.271271259133359810e-02
4.968959182818311060e-02
2.709361747748814664e-02
8.086063353209147486e-01
8.512399560957077949e-01
7.726749521249822727e-01
3.625224061229044281e-01
7.017696392689378726e-01
7.678070692504042061e-01
8.759397469623630972e-01
7.756664673655064846e-01
4.835316806228124875e-01
6.087250162663853104e-01
8.915670220768148191e-01
7.878383699364204240e-01
9.523720378058253555e-01
7.015019936051305471e-01
8.808463767458509786e-01
9.082457332723561372e-01
8.401414344254167776e-01
7.881935110549171952e-01
8.549279358077295221e-01
8.166036653266124379e-01
9.734602686342799238e-01
7.985833787076065254e-03
8.004352274331057171e-03
6.822904479517121618e-03
1.083513237064039070e-02
2.473661097977332413e-02
8.139593111978565831e-03
7.804635600086106129e-01
8.219293089127169827e-01
7.417836990908802663e-01
3.374129811039296989e-01
6.572734197567526859e-01
7.272078303115548925e-01
8.525929374119864956e-01
7.491680692038620304e-01
4.615877501456862042e-01
5.800832665328490290e-01
8.715735375539146457e-01
7.574936328315383660e-01
9.408084367039146745e-01
6.713589758511218086e-01
8.522809079444181313e-01
8.884461329494108828e-01
8.095525466581717788e-01
7.513688160230824753e-01
8.306622667903144075e-01
7.819321050261806016e-01
9.659396826092168098e-01
6.735057983942910331e-02
6.674157303370789607e-02
6.170598911070782067e-02
7.641196013289036637e-02
1.250000000000000000e-01
6.736994572823343241e-02
3.357712765957439061e-01
9.593855218855218414e-01
5.588893864755917207e-02
3.580290677064867921e-02
1.508595468639191139e-01
3.504761904761899416e-01
7.555555555555564240e-01
5.685618729096963975e-02
6.460002342073600801e-02
7.514245014245002352e-02
1.229779148308587367e-01
7.885375494071134028e-02
8.188520088865054447e-01
8.196721311475485550e-02
9.510568320890833149e-01
6.998609984941506212e-01
1.914269333243403537e-01
1.059259259259253128e-01
7.074448185559294444e-01
7.410327158060692199e-02
7.146428571428571352e-01
