4.497344631212740751e-02
4.544808450767262586e-02
4.290826481046450258e-02
5.530109643173519718e-02
7.264672114806236536e-02
4.616208224234552571e-02
2.634215781004973778e-01
9.419100776315982859e-01
2.736472772557529964e-02
5.975960508237010416e-02
8.370797361515780466e-02
4.394665718205725824e-01
8.977051128469968333e-01
1.316921958787364844e-02
7.741688936393265053e-02
7.835377503996632242e-02
5.519173609738432518e-01
1.093984108455270388e-02
9.028820130452155368e-01
9.938739625179771053e-02
9.541335823462044896e-01
8.793262794247382885e-01
3.187092858941760198e-01
5.672136008963946097e-02
7.788264223700931410e-01
3.586151869849398821e-01
8.294769183390924283e-01
1.979255228702601899e-02
1.773865054858419360e-02
1.203314791690316549e-02
2.055982164973990667e-02
1.694915254237289171e-02
1.727937777207878833e-02
1.997134670487106245e-01
7.041507212246100877e-02
2.117194674012857769e-01
4.742647058823528106e-01
1.260571845035107774e-01
3.557534033276981700e-01
6.069171932158297089e-01
1.866028708133973257e-01
3.779697624190064831e-02
1.843827627173562078e-01
3.893491124260355374e-01
3.551316984559491630e-01
6.074101450614433073e-02
2.812500000000002220e-01
7.202380952380953438e-01
3.861003861003862170e-01
3.890160183066360133e-01
4.175365344467640849e-01
1.593984962406016503e-01
4.429012345679012030e-01
0.000000000000000000e+00
7.968750000000000000e-01
7.573529411764705621e-01
8.813559322033898136e-01
8.666666666666666963e-01
1.000000000000000000e+00
9.037755060968554188e-01
0.000000000000000000e+00
0.000000000000000000e+00
0.000000000000000000e+00
0.000000000000000000e+00
0.000000000000000000e+00
0.000000000000000000e+00
0.000000000000000000e+00
0.000000000000000000e+00
0.000000000000000000e+00
0.000000000000000000e+00
5.281173594132029248e-01
0.000000000000000000e+00
0.000000000000000000e+00
0.000000000000000000e+00
0.000000000000000000e+00
0.000000000000000000e+00
0.000000000000000000e+00
0.000000000000000000e+00
0.000000000000000000e+00
0.000000000000000000e+00
7.505995203836930418e-01
2.599519935837069085e-02
2.586157420875018209e-02
2.370276539476509625e-02
3.188644515455010819e-02
5.488530363276611368e-02
2.638872335154196502e-02
7.672870472632054017e-01
9.155887705031375834e-01
6.502278759421686871e-01
3.473564532775892388e-01
6.626882550281600892e-01
7.656921751318577218e-01
8.726768405186711153e-01
7.266458643805999706e-01
4.476700466338847662e-01
6.182923848376216114e-01
8.086386605914173131e-01
7.481261994165460116e-01
9.296295040712265756e-01
6.507491199820174543e-01
9.087925089372985710e-01
8.906829946033809620e-01
8.024618842242052796e-01
7.535598717281741799e-01
8.724116298092972066e-01
8.061506925130184076e-01
9.198050017857739569e-01
7.782884581074730329e-03
7.729271338319992912e-03
6.606498844580466906e-03
1.054323932966495098e-02
2.747384754809663321e-02
7.914450108684571716e-03
7.348171698407358621e-01
8.976996992914550999e-01
6.102295165506607111e-01
3.227250922871665040e-01
6.151637697687155626e-01
7.248359917491561388e-01
8.488052419821634498e-01
6.963977111714512169e-01
4.259429132258798489e-01
5.899118199444630672e-01
7.766363148668002925e-01
7.139174445583010842e-01
9.129522334468109790e-01
6.180325712720438069e-01
8.862330240762820166e-01
8.675496900556562974e-01
7.663582691245535150e-01
7.125964494671144234e-01
8.506339550876759192e-01
7.699720810168785290e-01
8.983326319390001480e-01
7.047279214986618134e-02
7.146067415730336658e-02
6.896551724137930939e-02
7.973421926910295721e-02
1.250000000000000000e-01
7.158840394268120577e-02
1.878720238095228368e-01
9.397063417681974506e-01
3.513140726933805524e-02
6.098297307088529351e-02
1.156811606371732637e-01
3.504761904761899416e-01
8.764044943820223921e-01
0.000000000000000000e+00
7.722461123979895703e-02
1.139001349527664075e-01
2.493718828514648322e-01
3.454545454545465688e-02
8.315323682644502057e-01
1.333333333333337478e-01
9.284058413167670665e-01
8.299212598425196319e-01
3.415846355062983619e-01
5.243857719105182724e-02
7.258454665302052078e-01
1.499501495513460014e-01
7.018327067669172248e-01
