9.742405949363572848e-01
9.743322620362346864e-01
9.752037065639231894e-01
9.760245372771036987e-01
9.649168755551403853e-01
9.747751823586571218e-01
8.940340944385702926e-01
4.044413837219118513e-02
9.901580785021044662e-01
9.793047290615446432e-01
8.827164709318990887e-01
4.016543413301487675e-01
2.452831767766818771e-01
9.510216580017170074e-01
9.302934153392250494e-01
9.108243826607749227e-01
0.000000000000000000e+00
9.143383185504232458e-01
8.702195611092733429e-02
9.063674927689198135e-01
2.742110301686029317e-02
1.006824340523451156e-01
9.749404566840036424e-01
8.709981945645992596e-01
1.221787764181607727e-01
7.930723276213953454e-01
1.372936057813323174e-02
6.554667573541914649e-01
6.629492149004665436e-01
6.659666250425700929e-01
6.565518949715134500e-01
5.169491525423728362e-01
6.580145407171378302e-01
4.451377666725513382e-01
3.478929658708540540e-01
4.483471074380174226e-02
1.264705882352941124e-01
0.000000000000000000e+00
8.311705948740527594e-02
3.025096324065397191e-01
1.228070175438598088e-01
6.451133909287256607e-01
3.711831315892231142e-01
2.366863905325442552e-01
1.919090517971917542e-01
3.261515227787565863e-01
5.331156716417910779e-01
0.000000000000000000e+00
1.758241758241760877e-01
8.566827697262480168e-01
5.587397988233060442e-01
4.164285714285715923e-01
1.012345679012360833e-02
0.000000000000000000e+00
9.921875000000000000e-01
9.595588235294117974e-01
9.830508474576270528e-01
9.666666666666666741e-01
1.000000000000000000e+00
9.889081237350435538e-01
0.000000000000000000e+00
0.000000000000000000e+00
0.000000000000000000e+00
0.000000000000000000e+00
0.000000000000000000e+00
0.000000000000000000e+00
0.000000000000000000e+00
0.000000000000000000e+00
0.000000000000000000e+00
0.000000000000000000e+00
2.198697068403908939e-01
0.000000000000000000e+00
0.000000000000000000e+00
0.000000000000000000e+00
0.000000000000000000e+00
0.000000000000000000e+00
0.000000000000000000e+00
0.000000000000000000e+00
0.000000000000000000e+00
0.000000000000000000e+00
6.372149837133550543e-02
9.459808440437279531e-01
9.470147664680084176e-01
9.415391289636436678e-01
9.435705380305499101e-01
9.349622651063106415e-01
9.454862287202190352e-01
4.901951453489683530e-02
4.862223203345350520e-02
9.104642748770341854e-02
1.085550214770947264e-01
2.390209851821101239e-02
8.564618408840485309e-02
2.412054536979080233e-02
5.643392134940450333e-02
3.468943351503606110e-01
6.410498718938573148e-02
1.539387009159010056e-02
1.130328822272321787e-01
8.216093063528595586e-02
2.273227567232760649e-02
7.211205319580304973e-02
4.038175599499282953e-02
1.278397980329106787e-01
2.069312175945747789e-02
6.320443295309763343e-02
3.183597514142499918e-02
2.571403100606417524e-02
9.092237614377141064e-01
9.108996569340668259e-01
9.008738404023296509e-01
9.067570025167350778e-01
9.028292847336787386e-01
9.084245725674952032e-01
4.054250177991491899e-02
3.791505460712396580e-02
7.649197039608635063e-02
9.804069519682490075e-02
1.894181961916419077e-02
6.781258116471133857e-02
1.906341741366657239e-02
4.832500244316872973e-02
3.269863890374486992e-01
5.689033723766123707e-02
1.225926047131442598e-02
9.483202977682358981e-02
6.293637297278720233e-02
1.953431694328200408e-02
5.390090514795664589e-02
3.117491834972474507e-02
1.024454123349860524e-01
1.622307711545478703e-02
5.162009185060101313e-02
2.470024351883881586e-02
1.842124380243770343e-02
9.527207850133808664e-01
9.442696629213483961e-01
9.528130671506351845e-01
9.601328903654485769e-01
8.750000000000000000e-01
9.447542967312125839e-01
8.829985119047609743e-01
2.525252525252519309e-02
9.873795090927157680e-01
9.793148028442146824e-01
9.299025881511226999e-01
8.475568004979781023e-01
2.978723404255312346e-01
9.648991784914113801e-01
9.280409073072679593e-01
9.248301555993867495e-01
6.986293994282277708e-02
9.271049420378285610e-01
7.399173773451295233e-02
9.166666666666669627e-01
2.873703388715243001e-02
9.717868338558055541e-02
9.507537688442209145e-01
9.131545338441879878e-01
6.976594650205747428e-02
9.384242875768293857e-01
1.051001581444388489e-02
