4.268077625267940878e-02
4.308190751478974123e-02
4.013687692372952531e-02
5.233856723374441522e-02
6.672062747068441269e-02
4.360006061855237203e-02
2.894581652252252724e-01
9.190047373562688637e-01
4.153472175647454634e-02
3.941277179934998820e-02
2.633734482038549984e-01
3.816910751755795417e-01
7.236594876937134657e-01
1.001957565866513633e-01
5.977694586072423988e-02
1.267001142539072589e-01
5.926132030167439169e-01
1.072518395129047342e-01
7.409459302089551613e-01
1.120909150846474134e-01
9.567924049022884514e-01
8.189245182426247993e-01
6.108536506608164274e-02
5.528264205928934416e-02
7.721946991665209481e-01
4.294538267317928870e-01
8.451631114667670364e-01
1.356912089780649977e-02
1.313974114709940549e-02
1.010330343966397981e-02
1.535793906366113293e-02
4.237288135593220151e-02
1.281730989289202316e-02
1.997134670487106245e-01
2.329113924050632001e-01
6.140309343434343647e-01
3.161764705882350590e-01
1.346606189761492267e-01
8.741596984663962955e-02
5.143433437920217344e-01
1.578947368421055319e-01
8.191916075285404775e-02
2.810201807601833135e-01
3.002958579881656043e-01
3.072866309220356751e-01
4.333941605839441991e-03
4.678485576923079314e-01
5.582706766917295838e-01
6.493506493506493449e-01
4.948067632850241537e-01
3.261697163207661898e-01
3.079047619047621254e-01
4.429012345679012030e-01
0.000000000000000000e+00
7.421875000000000000e-01
7.647058823529411242e-01
8.644067796610169774e-01
8.000000000000000444e-01
1.000000000000000000e+00
8.268475519447363586e-01
0.000000000000000000e+00
0.000000000000000000e+00
0.000000000000000000e+00
0.000000000000000000e+00
0.000000000000000000e+00
0.000000000000000000e+00
0.000000000000000000e+00
0.000000000000000000e+00
0.000000000000000000e+00
0.000000000000000000e+00
9.000000000000000222e-01
0.000000000000000000e+00
0.000000000000000000e+00
0.000000000000000000e+00
0.000000000000000000e+00
0.000000000000000000e+00
0.000000000000000000e+00
0.000000000000000000e+00
0.000000000000000000e+00
0.000000000000000000e+00
7.615571776155718453e-01
2.539838206556679912e-02
2.540143277133768973e-02
2.360824292785129730e-02
3.087758524160985618e-02
4.551945150114605765e-02
2.586029282436946852e-02
7.752774495284850964e-01
9.162417620688250164e-01
6.664560000763315450e-01
3.148880410811543129e-01
7.504088136954676358e-01
7.767405136165101975e-01
9.035358218866098579e-01
8.021903908670289240e-01
4.479147548138602275e-01
7.312023425492775175e-01
8.852894766568364382e-01
8.188761382862259630e-01
8.858660304163448185e-01
6.716786946649953016e-01
8.901409814182814628e-01
9.097945245541048109e-01
7.814996547410848482e-01
7.814596471356463070e-01
8.923679514023867831e-01
8.668573973064617189e-01
9.597381279320558178e-01
7.593295967135083729e-03
7.583335928701064044e-03
6.578504673342897707e-03
1.018812242976475935e-02
2.256031126920683694e-02
7.746138162145810302e-03
7.435959278591520727e-01
8.984784181424244620e-01
6.273614684376821460e-01
2.914481977332337159e-01
7.105885752429843549e-01
7.372491007059557289e-01
8.848103794284232215e-01
7.780260335291551144e-01
4.261853761905003424e-01
7.075671378900516562e-01
8.642874274043184091e-01
7.919500483080313957e-01
8.600905103558682541e-01
6.399335709807845163e-01
8.635258606210231003e-01
8.902959435444826042e-01
7.426080119310641825e-01
7.437888127629603829e-01
8.735763175582947904e-01
8.401374183556463704e-01
9.484899120461054434e-01
6.512042818911684128e-02
6.516853932584268372e-02
6.170598911070782067e-02
7.308970099667772002e-02
1.250000000000000000e-01
6.586498431929496689e-02
2.716222030981052526e-01
9.268326259519994448e-01
5.588893864755917207e-02
4.825609173435263521e-02
2.452684245787590811e-01
2.075187969924812137e-01
6.373626373626386510e-01
1.058737106961591401e-01
7.958719857722496016e-02
1.392204929016371828e-01
2.493718828514648322e-01
9.390997352162422374e-02
6.459380173690787430e-01
9.210526315789513419e-02
9.552190064089480792e-01
8.188679245283019270e-01
1.206030150753774066e-01
0.000000000000000000e+00
7.772079772079774074e-01
2.276029055690065306e-01
7.146428571428571352e-01
