4.273465362216921637e-02
4.356596570771431587e-02
4.085146447511489587e-02
5.301333827634713280e-02
6.906651492718429708e-02
4.395626800028645809e-02
3.100665547049841209e-01
9.256538280336761293e-01
6.035181400625244663e-02
5.513343920780422458e-02
7.871023509947328023e-02
4.608971663980092615e-01
7.501906225698258268e-01
7.517820130014873925e-02
6.789869641312229476e-02
6.721200322649689696e-02
6.255732911816673791e-01
6.910052248050169155e-02
8.524761103922857686e-01
1.605032307336311526e-01
9.532317968968928579e-01
7.809470887963581021e-01
2.705559671923385423e-01
1.218683081709279747e-01
6.417338510428329812e-01
2.278136027285277976e-01
8.441742811988668382e-01
2.455364733888794337e-02
2.333946521253531942e-02
1.918492450902485602e-02
2.613326727768144897e-02
3.389830508474578341e-02
2.303678215095228410e-02
4.229226361031519499e-01
3.009699161597894079e-01
1.311766311766312532e-01
4.742647058823528106e-01
8.055602390453175943e-02
2.239398936841602294e-02
5.076538581693221808e-01
1.902834008097167295e-01
4.937904967602591011e-02
2.391588107324147394e-01
4.487179487179486781e-01
9.658599134476679726e-01
0.000000000000000000e+00
4.500000000000001776e-01
3.648648648648649129e-01
3.861003861003862170e-01
4.582608695652172770e-01
4.676409185803758195e-01
3.028571428571429358e-01
2.711640211640210518e-01
0.000000000000000000e+00
8.046875000000000000e-01
7.977941176470587648e-01
8.813559322033898136e-01
8.000000000000000444e-01
1.000000000000000000e+00
8.845299200098363235e-01
0.000000000000000000e+00
0.000000000000000000e+00
0.000000000000000000e+00
0.000000000000000000e+00
0.000000000000000000e+00
0.000000000000000000e+00
0.000000000000000000e+00
0.000000000000000000e+00
0.000000000000000000e+00
0.000000000000000000e+00
7.605633802816901268e-01
0.000000000000000000e+00
0.000000000000000000e+00
0.000000000000000000e+00
0.000000000000000000e+00
0.000000000000000000e+00
0.000000000000000000e+00
0.000000000000000000e+00
0.000000000000000000e+00
0.000000000000000000e+00
6.760259179265659668e-01
2.631478755389579649e-02
2.645271314778224747e-02
2.410368311170624223e-02
3.195829931909796584e-02
4.698610933020808123e-02
2.668684304157342702e-02
7.840315089420637484e-01
9.021864170783591153e-01
7.022882373903347464e-01
4.064215723280923953e-01
6.622188520459211247e-01
7.259793501453730702e-01
9.014435880890714348e-01
7.596992308047707532e-01
5.147664492249219848e-01
6.541007959830453800e-01
8.952697522688413123e-01
8.004147042592175687e-01
9.061514375803791932e-01
6.664651753287911262e-01
8.791417739587328306e-01
9.109487090771293261e-01
8.140741069689723108e-01
7.949687683183013220e-01
8.697702893245771172e-01
7.782300783909008590e-01
9.644135664107769124e-01
7.884617576041436787e-03
7.917200333785408273e-03
6.725383067496808198e-03
1.056858555771437308e-02
2.332363075273906350e-02
8.009582263091931387e-03
7.532403428652255650e-01
8.817604531308597116e-01
6.655174619840599215e-01
3.802100738283327175e-01
6.146619416553851245e-01
6.806766223755676970e-01
8.823563064181854099e-01
7.318990732789454334e-01
4.928178477408557967e-01
6.268931759488707289e-01
8.758787993427574747e-01
7.714130341805945923e-01
8.844717572566955788e-01
6.344662766119881780e-01
8.502237200650272220e-01
8.916751937842299913e-01
7.796010983441453712e-01
7.590156031194892350e-01
8.476090718964782722e-01
7.382740728331490532e-01
9.544231243159666533e-01
6.868867082961643833e-02
7.011235955056180358e-02
6.533575317604353727e-02
7.641196013289036637e-02
1.250000000000000000e-01
6.944566086027734175e-02
3.357712765957439061e-01
9.204287775716344377e-01
5.588893864755917207e-02
4.825609173435263521e-02
1.819943895145570423e-01
3.504761904761899416e-01
7.555555555555564240e-01
7.636159460976976732e-02
4.620260574751666738e-02
1.060834590246360065e-01
2.493718828514648322e-01
6.394230769230802025e-02
8.782911934706216783e-01
1.333333333333337478e-01
9.552190064089480792e-01
7.750000000000003553e-01
2.881072026800666208e-01
6.305114638447939512e-02
5.102880658436212968e-01
1.499501495513460014e-01
7.146428571428571352e-01
