4.375314325919638092e-02
4.433686054909130592e-02
4.161874973220308638e-02
5.383588254803289841e-02
6.999896275443295846e-02
4.486137077103763415e-02
3.153862400164442192e-01
9.174631518006484132e-01
7.548666048097008030e-02
4.904069112821884957e-02
6.771536890266727227e-02
4.530440668573962881e-01
8.806302537214003578e-01
5.987452135605320080e-02
5.586061661668884071e-02
1.022803414828148405e-01
5.943019058047136483e-01
7.164950667316416499e-02
9.203159936306768429e-01
8.024894031440510389e-02
9.515268934343474871e-01
8.462456092128061158e-01
1.904147429705878025e-01
8.596736817367300887e-02
8.242751280889297760e-01
2.917579369068974415e-01
8.380155590097559948e-01
1.384118347219860656e-02
1.430589317390447424e-02
1.305483028720626215e-02
1.622491949467426420e-02
5.084745762711864736e-02
1.407782144711686168e-02
8.810888252148996180e-02
3.440736478711161617e-01
2.514539332721151821e-01
1.673875432525950835e-01
1.007374277879828361e-01
9.547112732449503092e-02
2.793481875623544664e-01
3.157894736842106198e-01
1.429700258125691237e-01
1.463849636438470103e-01
7.912304657866788826e-01
3.551316984559491630e-01
4.960696238068501573e-02
3.786057692307693845e-01
6.642857142857141461e-01
2.105263157894738946e-01
3.120772946859904362e-01
3.704687796545833578e-01
4.581684981684981395e-01
3.882575757575758013e-01
0.000000000000000000e+00
8.125000000000000000e-01
7.867647058823529216e-01
8.813559322033898136e-01
8.666666666666666963e-01
1.000000000000000000e+00
8.701806819542414750e-01
0.000000000000000000e+00
0.000000000000000000e+00
0.000000000000000000e+00
0.000000000000000000e+00
0.000000000000000000e+00
0.000000000000000000e+00
0.000000000000000000e+00
0.000000000000000000e+00
0.000000000000000000e+00
0.000000000000000000e+00
9.075630252100840289e-01
0.000000000000000000e+00
0.000000000000000000e+00
0.000000000000000000e+00
0.000000000000000000e+00
0.000000000000000000e+00
0.000000000000000000e+00
0.000000000000000000e+00
0.000000000000000000e+00
0.000000000000000000e+00
7.399527186761228892e-01
2.291572240773570579e-02
2.307896201146283910e-02
2.143329418558759247e-02
2.844924941460083567e-02
5.141388082192438480e-02
2.355004693431930751e-02
7.318045306283167406e-01
8.744674128152734038e-01
6.319451344632338596e-01
3.686547592757047909e-01
7.089450816841948999e-01
8.103106278647127514e-01
8.975563575642320213e-01
7.409689018238627689e-01
3.173623590456369215e-01
5.711270322433579238e-01
8.995779397994607685e-01
8.050025333627570667e-01
9.204984989798912220e-01
6.760409384772256836e-01
8.629546973888668759e-01
8.885826366126474696e-01
7.993015721557414910e-01
7.753634364197541373e-01
9.061799831712069597e-01
7.700780368953978883e-01
9.613167770743911156e-01
6.810138458777651588e-03
6.851407853456940866e-03
5.938009357406411060e-03
9.339123382179959076e-03
2.564184834744122343e-02
7.015010619604411524e-03
6.961143491284430551e-01
8.490584335431649032e-01
5.910394807569497866e-01
3.433662199391314118e-01
6.650754264593914389e-01
7.753071395242060460e-01
8.778017965348650087e-01
7.117406865688418183e-01
2.983256687054276490e-01
5.416721220338678311e-01
8.808951798682211898e-01
7.765051080765078551e-01
9.018423122968748373e-01
6.445141659677970924e-01
8.307672836955816154e-01
8.650604609955567792e-01
7.627648142052935176e-01
7.369438392747029720e-01
8.895462802074959319e-01
7.290872169338101783e-01
9.504918220072162693e-01
7.225691347011597987e-02
7.191011235955055425e-02
6.715063520871142333e-02
7.973421926910295721e-02
1.250000000000000000e-01
7.234548147810490604e-02
2.610432330827059388e-01
9.204287775716344377e-01
9.633278598795813608e-02
2.512602291325682913e-02
5.940094657766792352e-02
3.504761904761899416e-01
7.555555555555564240e-01
5.685618729096963975e-02
9.288262073926700779e-02
1.060834590246360065e-01
2.493718828514648322e-01
3.454545454545465688e-02
8.188520088865054447e-01
6.106398020502012969e-02
9.372806213120661312e-01
8.632911392405073769e-01
2.033697901271063202e-01
0.000000000000000000e+00
7.772079772079774074e-01
1.499501495513460014e-01
7.018327067669172248e-01
