4.671176086701472885e-02
4.741592239792530306e-02
4.429260831390763320e-02
5.729717671120071465e-02
7.724761271811841912e-02
4.785794483933586418e-02
3.139788484905574606e-01
9.813723665852969180e-01
3.790840181404941944e-02
3.056305147196325400e-02
1.864012408430752998e-01
4.726919372069087188e-01
8.042394197992832616e-01
5.402978043365624927e-02
5.091545372497829902e-02
1.013159478590566209e-01
5.528933445847910022e-01
5.479958190870437562e-03
8.655250773005525033e-01
1.338956131847233166e-01
9.719412946607730586e-01
8.682165275029980478e-01
1.756319986876455630e-01
1.046129718681463316e-01
7.968277822215581452e-01
2.235210724352327816e-01
8.235974253189568550e-01
4.489032477469824534e-03
5.124499047368766269e-03
4.313770007946415852e-03
8.050532573693341964e-03
2.542372881355933756e-02
4.020107739161782323e-03
4.229226361031519499e-01
4.500855285665412708e-01
5.375420875420876543e-01
3.719723183391001609e-01
9.425054796830217851e-02
1.264468692620663304e-01
4.624014554275319711e-01
4.306220095693791272e-02
2.070734341252699617e-01
8.991392628558814160e-02
4.008398549341476436e-01
2.562518922191947546e-01
5.185655347508727475e-02
2.001201923076922906e-01
4.125000000000000888e-01
7.518796992481200370e-01
4.948067632850241537e-01
5.587397988233060442e-01
1.242490842490844294e-01
2.962962962962961688e-01
0.000000000000000000e+00
8.281250000000000000e-01
7.794117647058823595e-01
9.152542372881354860e-01
9.000000000000000222e-01
1.000000000000000000e+00
9.104434709875718346e-01
0.000000000000000000e+00
0.000000000000000000e+00
0.000000000000000000e+00
0.000000000000000000e+00
0.000000000000000000e+00
0.000000000000000000e+00
0.000000000000000000e+00
0.000000000000000000e+00
0.000000000000000000e+00
0.000000000000000000e+00
6.585365853658536883e-01
0.000000000000000000e+00
0.000000000000000000e+00
0.000000000000000000e+00
0.000000000000000000e+00
0.000000000000000000e+00
0.000000000000000000e+00
0.000000000000000000e+00
0.000000000000000000e+00
0.000000000000000000e+00
8.892045454545455252e-01
2.425446809001502446e-02
2.467526797502209157e-02
2.235651195175633599e-02
2.955787305394833031e-02
5.150600280940625941e-02
2.466515019197781933e-02
7.762084382506890812e-01
8.921280514495200098e-01
6.738227514510115590e-01
3.489722493107887402e-01
6.761851685463495798e-01
7.627980050064364637e-01
8.799284782361029844e-01
7.437503619682237499e-01
3.784270498471151711e-01
6.503696890458980917e-01
8.652409076301985635e-01
7.464094866047439325e-01
9.181129732867197024e-01
6.743345989571212229e-01
8.806943055050622249e-01
8.842190466150610106e-01
7.907203441541745814e-01
7.798433717382469155e-01
8.589960752026399859e-01
7.880881440184055453e-01
9.275074991101814881e-01
7.231345597490338589e-03
7.353650338305317558e-03
6.209031731883751792e-03
9.725710773421110400e-03
2.569030004774029707e-02
7.366950997910681753e-03
7.446202809251692978e-01
8.698527890712238753e-01
6.351690813826759152e-01
3.242875760384569261e-01
6.296330915939258865e-01
7.215935021373950375e-01
8.572294098712933685e-01
7.147274583334524145e-01
3.577580207571280368e-01
6.230254600441347268e-01
8.411269645687646790e-01
7.120466061779050504e-01
8.989467875578598388e-01
6.427217636199957784e-01
8.520973175803548960e-01
8.598956749739785632e-01
7.530304172131842000e-01
7.419724223012127418e-01
8.352986396210763109e-01
7.494246179232341154e-01
9.079349477091787080e-01
7.582515611061552141e-02
7.730337078651686178e-02
7.441016333938291205e-02
8.637873754152819439e-02
1.250000000000000000e-01
7.765809189791597622e-02
2.716222030981052526e-01
9.593855218855218414e-01
5.588893864755917207e-02
3.580290677064867921e-02
1.819943895145570423e-01
3.504761904761899416e-01
7.555555555555564240e-01
5.685618729096963975e-02
6.460002342073600801e-02
1.534824513547916602e-01
1.229779148308587367e-01
3.454545454545465688e-02
8.188520088865054447e-01
9.890109890109943791e-02
9.552190064089480792e-01
7.750000000000003553e-01
2.201573907272216246e-01
5.243857719105182724e-02
7.212698347522197295e-01
2.015140349701871614e-01
6.893552875695733162e-01
