4.125510338058413495e-02
4.149903527068526943e-02
3.910822081658421601e-02
4.990051153862795630e-02
6.906784373334584615e-02
4.217036024438935993e-02
2.398770592599497320e-01
9.273107636020301303e-01
7.443421145326745147e-02
6.329497490612778776e-02
2.874744591201876531e-01
3.056807555634843965e-01
8.878310497501287202e-01
1.268765121781760818e-01
4.866374036280607385e-02
9.930831920903049337e-02
6.322464219094028337e-01
1.567953120419565138e-01
6.832717390082061470e-01
1.703709166858886626e-01
9.128164440544608293e-01
8.764486925696903796e-01
2.491142797391665553e-01
5.919878914076281973e-02
6.502522078987453824e-01
4.805371479274906932e-01
8.488697755431446890e-01
8.535963271552461651e-03
8.212338216937127566e-03
9.592462254512428010e-03
9.412930393856822064e-03
8.474576271186445853e-03
9.064732658062811532e-03
4.229226361031519499e-01
3.973194341027550536e-01
1.878787878787878673e-01
1.911764705882352811e-01
8.544692535587833371e-02
5.869357975417227591e-02
1.815663948299739427e-01
8.086124401913876714e-01
1.019438444924405940e-01
2.461928934010160219e-02
1.518737672583825304e-01
3.150452905221299282e-01
2.024067863483924867e-02
4.500000000000001776e-01
2.252747252747249185e-01
2.915451895043732478e-01
4.948067632850241537e-01
3.139874739039665297e-01
5.484169884169887155e-01
5.353751187084520025e-01
0.000000000000000000e+00
8.281250000000000000e-01
7.683823529411764053e-01
8.813559322033898136e-01
9.000000000000000222e-01
1.000000000000000000e+00
9.215333662016286231e-01
0.000000000000000000e+00
0.000000000000000000e+00
0.000000000000000000e+00
0.000000000000000000e+00
0.000000000000000000e+00
0.000000000000000000e+00
0.000000000000000000e+00
0.000000000000000000e+00
0.000000000000000000e+00
0.000000000000000000e+00
8.275862068965517127e-01
0.000000000000000000e+00
0.000000000000000000e+00
0.000000000000000000e+00
0.000000000000000000e+00
0.000000000000000000e+00
0.000000000000000000e+00
0.000000000000000000e+00
0.000000000000000000e+00
0.000000000000000000e+00
8.193717277486911588e-01
2.309442068904693501e-02
2.267516527069704524e-02
2.082355327224522101e-02
2.691430818124676549e-02
5.724336843962496424e-02
2.323295542662862090e-02
7.592295624591929304e-01
8.903646129950566479e-01
7.204499684330278875e-01
4.050432622012793971e-01
7.465658592925059622e-01
7.882442573016776866e-01
8.517490985194233755e-01
9.217180232604933465e-01
4.970202350365733324e-01
6.107916608680321602e-01
8.523087449273121230e-01
8.807965284003573814e-01
8.954552935261761437e-01
7.684460968612736309e-01
9.091379263661663046e-01
9.354661972471736142e-01
8.414166848633997109e-01
7.587284873764437165e-01
8.872918522077424264e-01
8.972223338327174336e-01
9.587042726068286669e-01
6.866212866545446519e-03
6.724943399114960418e-03
5.759702670844982220e-03
8.806680565828575724e-03
2.872555026425692437e-02
6.915259168684628754e-03
7.259882243546246228e-01
8.677699559270567464e-01
6.850294615367477080e-01
3.788599979545748120e-01
7.063395739645024207e-01
7.502329500911452120e-01
8.246203556068476548e-01
9.107302352316022365e-01
4.750532536515477133e-01
5.822044655153979509e-01
8.262757079523044279e-01
8.617356063475037908e-01
8.715897999011235076e-01
7.428318317710971286e-01
8.866553358757346404e-01
9.211231263588597340e-01
8.110257554107510591e-01
7.183491228345000312e-01
8.677259095280093204e-01
8.758736926926723454e-01
9.471796499838569527e-01
6.779661016949151131e-02
6.876404494382024057e-02
6.352087114337565121e-02
7.641196013289036637e-02
1.250000000000000000e-01
6.780479218544469000e-02
2.610432330827059388e-01
9.204287775716344377e-01
5.588893864755917207e-02
4.825609173435263521e-02
2.452684245787590811e-01
3.504761904761899416e-01
1.000000000000000000e+00
9.615384615384625633e-02
4.256590690513606390e-02
1.534824513547916602e-01
3.356032815944942627e-01
1.244652406417112722e-01
6.459380173690787430e-01
1.333333333333337478e-01
8.868287864624089245e-01
8.237762237762247253e-01
2.881072026800666208e-01
0.000000000000000000e+00
5.102880658436212968e-01
2.276029055690065306e-01
7.277992277992277881e-01
