4.226369792194878405e-02
4.272946545728451007e-02
4.009628926811453775e-02
5.183752473689812179e-02
7.310391868521948222e-02
4.336530393563037267e-02
2.593088005272337071e-01
9.820053136119282211e-01
3.744149848038968997e-02
7.382966797062007203e-02
1.635890648661355584e-01
3.115185941447276008e-01
7.136556055193823411e-01
8.529259415656964549e-02
7.944107419973933659e-02
8.878648166366609473e-02
5.952334693397398624e-01
6.532044561939853722e-02
8.362841776604978961e-01
1.465100169327961943e-01
9.515096473325834747e-01
8.841076344701761514e-01
1.709184878576399669e-01
9.936463760474190110e-02
6.847847780054845401e-01
5.008133419046725265e-01
8.379221559783884832e-01
1.241285495664003202e-02
1.167794494448459730e-02
1.095470541491656152e-02
1.572950210552390149e-02
2.542372881355933756e-02
1.151979459435343439e-02
2.402969523313360778e-01
1.630379746835444177e-01
2.117194674012857769e-01
3.003676470588234615e-01
1.284868581277281985e-01
6.005441880089201767e-02
3.230240549828178320e-01
1.578947368421055319e-01
7.921312240966671414e-02
3.795846792801107483e-01
4.008398549341476436e-01
5.199313755172065843e-01
1.220437956204379892e-01
3.901209677419354982e-01
4.404761904761906877e-01
4.823747680890542178e-01
2.129697862932939945e-01
1.646841773073748350e-01
5.021052631578948322e-01
4.429012345679012030e-01
0.000000000000000000e+00
7.968750000000000000e-01
7.977941176470587648e-01
8.644067796610169774e-01
8.666666666666666963e-01
1.000000000000000000e+00
9.034304077694049750e-01
0.000000000000000000e+00
0.000000000000000000e+00
0.000000000000000000e+00
0.000000000000000000e+00
0.000000000000000000e+00
0.000000000000000000e+00
0.000000000000000000e+00
0.000000000000000000e+00
0.000000000000000000e+00
0.000000000000000000e+00
7.128712871287128383e-01
0.000000000000000000e+00
0.000000000000000000e+00
0.000000000000000000e+00
0.000000000000000000e+00
0.000000000000000000e+00
0.000000000000000000e+00
0.000000000000000000e+00
0.000000000000000000e+00
0.000000000000000000e+00
7.766749379652605478e-01
2.096573871474810558e-02
2.078840371930976150e-02
1.916978066133467884e-02
2.589101828170090047e-02
5.098054049350603245e-02
2.142255201921586250e-02
7.580274735595007307e-01
9.596808134972103499e-01
6.215867658515019656e-01
3.463083039654435424e-01
7.046302039003493611e-01
7.216887170513193173e-01
8.570689487976299592e-01
7.470264889610955805e-01
4.735239969412949890e-01
6.332927738929150507e-01
8.406744935632928239e-01
8.425797428969103997e-01
9.285033126345794141e-01
7.442880869322556769e-01
8.723473687193035175e-01
9.139810833690162895e-01
7.875981731376791029e-01
7.608881686503741193e-01
8.358797028016571318e-01
8.341399786154715112e-01
9.285200050348358936e-01
6.201231464773620389e-03
6.137142110846274812e-03
5.278855070518347070e-03
8.453530110998551395e-03
2.541405266528214135e-02
6.348507409630541054e-03
7.246730660206409658e-01
9.507245743280049455e-01
5.802192468046153406e-01
3.217118294513885424e-01
6.603811465477096299e-01
6.759485736613338736e-01
8.307503360826946626e-01
7.182484325629059363e-01
4.516178310845018196e-01
6.053660292332014858e-01
8.129740777603198243e-01
8.185000447472240426e-01
9.115796700963481047e-01
7.168907460127666997e-01
8.420396563295041714e-01
8.953018966123287292e-01
7.494970025927091273e-01
7.207563409064940974e-01
8.090395462303227037e-01
8.021103381789730369e-01
9.091997565219758215e-01
7.047279214986618134e-02
7.011235955056180358e-02
6.715063520871142333e-02
7.641196013289036637e-02
1.250000000000000000e-01
7.072061419467426391e-02
1.878720238095228368e-01
9.593855218855218414e-01
5.588893864755917207e-02
5.458475950279240152e-02
1.819943895145570423e-01
2.606847697756791149e-01
7.555555555555564240e-01
1.041524846834578355e-01
8.336174639441495948e-02
1.335865780310223627e-01
2.493718828514648322e-01
7.885375494071134028e-02
7.603272732959922564e-01
1.483253588516753041e-01
9.405233293872719003e-01
8.577075098814228582e-01
2.033697901271063202e-01
9.053497942386812269e-02
7.074448185559294444e-01
2.276029055690065306e-01
7.146428571428571352e-01
