4.003957806846647483e-02
4.040519094854244653e-02
3.808756578657795933e-02
4.905696883356308602e-02
6.827311172030381403e-02
4.105916982695123618e-02
2.703842996537693111e-01
9.596161754768328667e-01
8.697828033175269979e-02
4.495153545986152466e-02
2.232446447790730204e-01
4.961063306060768952e-01
7.233871003183756088e-01
8.132362396067405186e-02
4.726186140085841814e-02
7.644297022569102040e-02
5.949731378377114410e-01
9.867461612103145541e-02
7.822866863700070894e-01
1.609356233376626477e-01
9.305909394949229974e-01
8.147273635355940513e-01
2.326687028162579551e-01
1.150918089520205356e-01
7.463556732492806489e-01
3.985056626200389474e-01
8.469666199390510908e-01
6.665533072606699694e-03
5.354444517443011919e-03
6.811215802020660626e-03
5.201882586078773740e-03
2.542372881355933756e-02
6.533100909299115189e-03
2.402969523313360778e-01
4.159132007233272699e-01
9.251606978879711729e-02
3.719723183391001609e-01
2.135254349753346048e-01
1.008795902024836599e-01
4.197349042709865863e-01
2.603129445234710904e-01
5.881375643794650721e-02
1.992444811710543107e-01
3.002958579881656043e-01
3.551316984559491630e-01
1.220437956204379892e-01
6.820312500000003109e-01
3.648648648648649129e-01
3.322259136212624142e-01
4.006734006734007369e-01
3.261697163207661898e-01
4.164285714285715923e-01
4.429012345679012030e-01
0.000000000000000000e+00
7.578125000000000000e-01
7.610294117647058432e-01
9.322033898305085442e-01
8.666666666666666963e-01
1.000000000000000000e+00
8.364870754435688172e-01
0.000000000000000000e+00
0.000000000000000000e+00
0.000000000000000000e+00
0.000000000000000000e+00
0.000000000000000000e+00
0.000000000000000000e+00
0.000000000000000000e+00
0.000000000000000000e+00
0.000000000000000000e+00
0.000000000000000000e+00
9.270386266094420291e-01
0.000000000000000000e+00
0.000000000000000000e+00
0.000000000000000000e+00
0.000000000000000000e+00
0.000000000000000000e+00
0.000000000000000000e+00
0.000000000000000000e+00
0.000000000000000000e+00
0.000000000000000000e+00
8.917378917378917524e-01
2.127834102923353843e-02
2.105766986170357069e-02
1.942611254916332131e-02
2.520658638317715972e-02
5.340386800569341119e-02
2.155295533628065474e-02
8.504572850030878151e-01
9.163898990898504682e-01
6.606365785750831776e-01
3.424298751151502174e-01
7.315284867567766192e-01
7.809104545261995600e-01
8.602933708554856285e-01
7.953240511494934495e-01
4.140379145465864497e-01
6.559131306777290504e-01
8.639857191577715589e-01
8.244729558789312129e-01
9.457470069674720481e-01
7.376738564900224837e-01
8.879542169015137709e-01
9.511790939335544870e-01
8.303997381784939957e-01
8.033525877173168794e-01
9.044289003280390205e-01
8.724242564759217000e-01
9.256435275069754276e-01
6.298477304991698805e-03
6.220715752542495258e-03
5.353120974551022621e-03
8.218132011489874544e-03
2.669048090690288866e-02
6.389172996901358592e-03
8.273302481520293794e-01
8.986551050007299812e-01
6.212072805035927514e-01
3.179645658150107579e-01
6.897737126609002623e-01
7.419485942760496444e-01
8.344717063029323256e-01
7.705349181507903378e-01
3.927194743062272231e-01
6.287730747320472435e-01
8.396824787308947435e-01
7.982005489964175693e-01
9.326665431525837935e-01
7.098176257186681326e-01
8.608760026054894654e-01
9.401460608609752967e-01
7.983230817587850803e-01
7.685059022462725764e-01
8.875174838448215420e-01
8.466570552017019802e-01
9.056080601616678383e-01
6.244424620874222676e-02
6.247191011235955771e-02
5.989110707803993461e-02
6.976744186046507368e-02
1.250000000000000000e-01
6.348711228815337448e-02
2.528371161548719215e-01
9.593855218855218414e-01
9.633278598795813608e-02
3.580290677064867921e-02
1.819943895145570423e-01
3.504761904761899416e-01
7.555555555555564240e-01
8.622147083685538504e-02
5.535644283370388941e-02
1.139001349527664075e-01
2.493718828514648322e-01
9.390997352162422374e-02
6.459380173690787430e-01
1.333333333333337478e-01
9.231108045128491035e-01
7.750000000000003553e-01
2.201573907272216246e-01
6.305114638447939512e-02
7.772079772079774074e-01
7.410327158060692199e-02
7.277992277992277881e-01
