4.065750505619863953e-02
4.097421759402836150e-02
3.858047124352809165e-02
4.970469065098626071e-02
6.564758085693878087e-02
4.164188399696444609e-02
2.145857735880536410e-01
9.304033173949874946e-01
7.802351212862346230e-02
3.415299580309927308e-02
1.198723173154618848e-01
3.608468424274935415e-01
8.487917784854941416e-01
8.631969545055317994e-02
7.744437649190993866e-02
6.082387725864357719e-02
5.693178786154495796e-01
1.212781753316098943e-01
7.382777633824924024e-01
1.522400586588137372e-01
9.462894476217200701e-01
8.286653163297543756e-01
2.681436595258510636e-01
1.351989950446998989e-01
6.756989821784689099e-01
8.316952980899419146e-01
8.469414004790292161e-01
1.271892535283115910e-02
1.210498653176532435e-02
1.152230673175161368e-02
1.350012385434729012e-02
4.237288135593220151e-02
1.237094200381706754e-02
7.901377206765876071e-01
2.147624527371363445e-01
3.232323232323232043e-01
3.583333333333331705e-01
1.435508345978756539e-01
2.214110486262304556e-01
4.197349042709865863e-01
3.157894736842106198e-01
9.026277897768175684e-02
1.036601656425326645e-01
3.706010588601680311e-01
6.083604705256864253e-01
1.103459219295461757e-01
3.616071428571427937e-01
6.642857142857141461e-01
2.040816326530614511e-01
3.453008344312691325e-01
7.627000695894226023e-01
3.206722689075631738e-01
3.796296296296296502e-01
0.000000000000000000e+00
7.578125000000000000e-01
7.573529411764705621e-01
8.813559322033898136e-01
8.666666666666666963e-01
1.000000000000000000e+00
8.468029215882248995e-01
0.000000000000000000e+00
0.000000000000000000e+00
0.000000000000000000e+00
0.000000000000000000e+00
0.000000000000000000e+00
0.000000000000000000e+00
0.000000000000000000e+00
0.000000000000000000e+00
0.000000000000000000e+00
0.000000000000000000e+00
8.962655601659751392e-01
0.000000000000000000e+00
0.000000000000000000e+00
0.000000000000000000e+00
0.000000000000000000e+00
0.000000000000000000e+00
0.000000000000000000e+00
0.000000000000000000e+00
0.000000000000000000e+00
0.000000000000000000e+00
8.067010309278350721e-01
2.007351520859168570e-02
1.985392326937879259e-02
1.864249946244861400e-02
2.367070785123534526e-02
4.550402345265319726e-02
2.037685680506184926e-02
8.092660165611951228e-01
9.049617522235038347e-01
7.360201732849307454e-01
3.708915859485522049e-01
7.121568817111549876e-01
7.952042672282761959e-01
8.840608690644173873e-01
8.097359760993505517e-01
6.239762468264942186e-01
6.727943861610512499e-01
8.440810750832636877e-01
8.243193533464978628e-01
9.243526148875893522e-01
7.594154573257552165e-01
9.341701777596154166e-01
9.129796938588801147e-01
8.563374737536582071e-01
7.854606280439018207e-01
8.613814052713166802e-01
8.843681242916712204e-01
9.502987072738195984e-01
5.924447490537509270e-03
5.847911798978547293e-03
5.126393477050180530e-03
7.692251834469074345e-03
2.255229385157696276e-02
6.023297192988177895e-03
7.811973611995831623e-01
8.850542966930198263e-01
7.018496321042692054e-01
3.455397471850627511e-01
6.685747758749893688e-01
7.581177203615899751e-01
8.620400812071629115e-01
7.862747598952828376e-01
6.033590728634248279e-01
6.463216141850149921e-01
8.168630816843069908e-01
7.980288545932318067e-01
9.065265263014841146e-01
7.331149855825187522e-01
9.174329852331636337e-01
8.941037571037249165e-01
8.283177519633048158e-01
7.482901224808777840e-01
8.380201618496637694e-01
8.606935564001877426e-01
9.365499085746438190e-01
6.958073148974130984e-02
6.876404494382024057e-02
6.352087114337565121e-02
7.641196013289036637e-02
1.250000000000000000e-01
6.951452330146776215e-02
1.878720238095228368e-01
9.397063417681974506e-01
6.385962388982768800e-02
2.361468318915127540e-02
1.508595468639191139e-01
2.203592814371262421e-01
9.378531073446332300e-01
1.162393162393162704e-01
4.620260574751666738e-02
7.514245014245002352e-02
1.229779148308587367e-01
1.244652406417112722e-01
6.459380173690787430e-01
1.246777163904235763e-01
9.021512838306731119e-01
7.750000000000003553e-01
2.881072026800666208e-01
7.904919845218305596e-02
6.397641422517041931e-01
4.440122256182270633e-01
7.146428571428571352e-01
