4.534376697086511809e-02
4.587202897918096767e-02
4.314906557196812598e-02
5.560014961908310571e-02
7.409867147060111847e-02
4.648204976552694490e-02
2.836870555067223520e-01
9.661432425857954254e-01
1.320944694436532174e-02
4.705186729531551926e-02
8.802978410901296513e-02
4.270844344771038692e-01
7.476796714958213741e-01
2.433928752773839577e-02
3.012271675929900638e-02
9.725568654732708040e-02
5.191356200684129618e-01
4.503224798668581386e-02
9.261850804436200235e-01
1.437833668651817831e-01
9.583143697876470579e-01
8.470275237519775402e-01
1.665094358333147895e-01
7.522473445452337870e-02
7.768316875423986190e-01
4.400559947670696914e-01
8.267478400060839228e-01
4.216969903077710802e-03
4.171867814204061053e-03
5.732773300034056663e-03
8.174386920980922233e-03
3.389830508474578341e-02
3.955254567543628474e-03
2.402969523313360778e-01
2.784810126582277778e-01
1.050637958532695260e-01
3.719723183391001609e-01
1.284868581277281985e-01
6.757484511171152342e-02
3.459723921020443349e-01
2.055610724925522881e-01
3.185745140388768215e-02
1.992444811710543107e-01
7.912304657866788826e-01
5.555637381250462248e-01
1.660989456609894832e-01
3.901209677419354982e-01
4.125000000000000888e-01
6.968641114982609963e-02
1.872864380817720331e-01
6.680584551148227579e-01
1.415955473098331474e-01
5.871604938271605123e-01
0.000000000000000000e+00
7.500000000000000000e-01
7.500000000000000000e-01
8.305084745762711940e-01
9.333333333333332371e-01
1.000000000000000000e+00
8.357110453232685643e-01
0.000000000000000000e+00
0.000000000000000000e+00
0.000000000000000000e+00
0.000000000000000000e+00
0.000000000000000000e+00
0.000000000000000000e+00
0.000000000000000000e+00
0.000000000000000000e+00
0.000000000000000000e+00
0.000000000000000000e+00
7.578947368421052877e-01
0.000000000000000000e+00
0.000000000000000000e+00
0.000000000000000000e+00
0.000000000000000000e+00
0.000000000000000000e+00
0.000000000000000000e+00
0.000000000000000000e+00
0.000000000000000000e+00
0.000000000000000000e+00
9.072463768115942573e-01
2.284894831308015295e-02
2.319436676705741163e-02
2.126216455730378652e-02
2.836418192142206585e-02
4.824372324480069585e-02
2.338857482292150403e-02
7.539300626508871339e-01
8.560328962172103484e-01
5.893843645934957465e-01
3.601935443396939718e-01
6.502417140915603966e-01
7.067040014786261093e-01
8.638591399250425962e-01
7.179504350248451239e-01
3.691626036122848120e-01
6.424581546908516572e-01
8.380871783998258273e-01
7.079809706520254764e-01
9.412727089429082650e-01
7.124830178376257983e-01
9.092860820614139250e-01
8.718388029742270007e-01
7.974289686574975722e-01
8.019806130252131737e-01
9.268152212271281165e-01
8.361219388122604901e-01
9.373644126189240033e-01
6.789196953944167529e-03
6.887594409759660585e-03
5.887910424730125741e-03
9.309529762193027858e-03
2.397996416066223990e-02
6.964196244556207505e-03
7.201941980273615096e-01
8.275068992550024261e-01
5.468220249873491090e-01
3.351542819073505264e-01
6.018891484157542493e-01
6.595019927220225897e-01
8.385922337876012822e-01
6.871135638573808713e-01
3.486990558751461577e-01
6.148353332013589689e-01
8.100235676862395096e-01
6.704480686167620940e-01
9.271804731497546026e-01
6.829944009298971608e-01
8.868364928401467617e-01
8.452915530860511950e-01
7.606377038625032894e-01
7.669507350761779474e-01
9.135445499182014428e-01
8.043998449421833064e-01
9.202734491508559600e-01
7.760927743086531994e-02
7.820224719101123712e-02
7.441016333938291205e-02
8.637873754152819439e-02
1.250000000000000000e-01
7.933699121077100735e-02
2.356650387668599578e-01
1.000000000000000000e+00
3.513140726933805524e-02
4.825609173435263521e-02
1.898403698625177327e-01
3.504761904761899416e-01
7.555555555555564240e-01
5.685618729096963975e-02
4.620260574751666738e-02
1.139001349527664075e-01
0.000000000000000000e+00
3.454545454545465688e-02
8.188520088865054447e-01
1.333333333333337478e-01
9.322016809533106851e-01
8.857142857142852321e-01
1.534776687174188581e-01
6.305114638447939512e-02
5.740740740740735149e-01
2.276029055690065306e-01
6.893552875695733162e-01
