4.079396725413780844e-02
4.131744877498921831e-02
3.847990024046671342e-02
5.044697345431314872e-02
5.854249208252787495e-02
4.173007848528398345e-02
3.718285283305489131e-01
8.648394169093147621e-01
8.578636111426884980e-02
4.500717206901416745e-02
1.344639459186236508e-01
2.924873418067281960e-01
8.321253364091818483e-01
4.893818061087085169e-02
9.117626329506167693e-02
8.515912717669049670e-02
5.619628385442130281e-01
1.523755875338528298e-02
8.084811149524551155e-01
1.457921210887462848e-01
9.569927146866465950e-01
7.140279723521398836e-01
2.602182939056634225e-01
1.274609064069638364e-01
7.346383149444370986e-01
4.569847042680734717e-01
8.452028121908847780e-01
2.492773337867709715e-02
2.366795874121279536e-02
1.924168464070836332e-02
2.786722813970769763e-02
1.694915254237289171e-02
2.361559367724735958e-02
8.810888252148996180e-02
3.105485232067510815e-01
6.140309343434343647e-01
8.220588235294115087e-01
7.576294048221210442e-02
5.578947033925234500e-01
2.074427960774454238e-01
1.270860077021824797e-01
1.429700258125691237e-01
1.611444393170280431e-01
4.487179487179486781e-01
7.041192498797883559e-01
2.426144107580943121e-01
2.812500000000002220e-01
7.202380952380953438e-01
1.569858712715856974e-01
3.890160183066360133e-01
6.116910229645093899e-01
3.028571428571429358e-01
4.684791174152876936e-01
0.000000000000000000e+00
3.515625000000000000e-01
4.227941176470587648e-01
7.627118644067796271e-01
8.666666666666666963e-01
0.000000000000000000e+00
4.729141096695705926e-01
0.000000000000000000e+00
0.000000000000000000e+00
0.000000000000000000e+00
0.000000000000000000e+00
0.000000000000000000e+00
0.000000000000000000e+00
0.000000000000000000e+00
0.000000000000000000e+00
0.000000000000000000e+00
0.000000000000000000e+00
0.000000000000000000e+00
0.000000000000000000e+00
0.000000000000000000e+00
0.000000000000000000e+00
0.000000000000000000e+00
0.000000000000000000e+00
0.000000000000000000e+00
0.000000000000000000e+00
0.000000000000000000e+00
0.000000000000000000e+00
6.760259179265659668e-01
1.990745619278114220e-02
2.016028492683680229e-02
1.815741823002720023e-02
2.526396584378559629e-02
3.554512835054851605e-02
2.034841512031451694e-02
7.710757638301792838e-01
8.218483174128003999e-01
6.517465459776117243e-01
4.042738573087962806e-01
7.079373292827906283e-01
8.225234396385825431e-01
9.045138227411950727e-01
7.624256084792397914e-01
4.759757436634863836e-01
6.590086857549835031e-01
8.497554789299779365e-01
7.822555780998845520e-01
9.029610163787851196e-01
7.076815766356876480e-01
8.892306299754322296e-01
9.176897564309287603e-01
8.471694901545008261e-01
7.920561315378953360e-01
8.577540539395025476e-01
8.408530996208500863e-01
9.526766672133000213e-01
5.873059368907636996e-03
5.942595054337730665e-03
4.986496665466313982e-03
8.237841773416521018e-03
1.742949525834582014e-02
6.014473823477466119e-03
7.389767971357047438e-01
7.879585406448103013e-01
6.118288404136530412e-01
3.781065336243836228e-01
6.639783550073434792e-01
7.892799903625461466e-01
8.859581647370096125e-01
7.348422267448719847e-01
4.540586981545389200e-01
6.319858594939973262e-01
8.233517219571664381e-01
7.513330413470274971e-01
8.806232519906469491e-01
6.779025524787265500e-01
8.624224068108420349e-01
8.997433888291925808e-01
8.176807825600186375e-01
7.557258200010863458e-01
8.338824473835900752e-01
8.098725068086604084e-01
9.395529222720995222e-01
6.868867082961643833e-02
6.921348314606742824e-02
6.715063520871142333e-02
7.973421926910295721e-02
1.250000000000000000e-01
6.990455948844434553e-02
4.121063748079878408e-01
8.830303030303030543e-01
5.588893864755917207e-02
4.825609173435263521e-02
2.452684245787590811e-01
2.075187969924812137e-01
7.555555555555564240e-01
5.685618729096963975e-02
1.024987038275675388e-01
1.060834590246360065e-01
2.493718828514648322e-01
6.394230769230802025e-02
7.603272732959922564e-01
1.333333333333337478e-01
9.629850145911347248e-01
7.132743362831863720e-01
2.881072026800666208e-01
7.904919845218305596e-02
7.074448185559294444e-01
2.276029055690065306e-01
7.146428571428571352e-01
