4.247981636064618316e-02
4.276162061579347196e-02
4.031932609772304055e-02
5.176488712372379064e-02
7.039045372790875277e-02
4.350125439662672067e-02
2.514277474084947173e-01
9.443358454688348669e-01
6.120359502027961085e-02
7.005828150211979022e-02
7.277854100207203913e-02
1.452390883754102191e-01
7.071158092314648869e-01
9.010653280221037065e-02
5.938385010792535113e-02
7.800123171344974793e-02
5.632023306323841183e-01
1.126860275764567376e-01
8.019111491526587088e-01
1.130481042327295960e-01
9.245673345850933256e-01
8.456123580406469387e-01
4.217693859698279368e-02
5.756613472439919832e-02
6.520262104412264392e-01
6.142895235561560696e-01
8.419642234160817917e-01
1.217480020404693164e-02
1.077458774062151070e-02
8.514019752525824047e-03
1.387168689621005868e-02
3.389830508474578341e-02
1.122343295953072417e-02
2.402969523313360778e-01
3.871773795824429154e-01
5.375420875420876543e-01
2.107843137254901134e-01
7.576294048221210442e-02
8.170413090779665710e-02
1.779577810505645896e-01
4.736842105263159297e-01
7.260535436234866191e-02
3.087391960488410358e-01
4.008398549341476436e-01
3.551316984559491630e-01
7.312541473125416802e-02
2.596153846153848033e-01
3.648648648648649129e-01
3.322259136212624142e-01
2.100887540725759894e-01
4.536582997523912475e-01
2.355555555555555181e-01
8.694743130227001737e-01
0.000000000000000000e+00
7.890625000000000000e-01
7.389705882352940458e-01
8.474576271186440302e-01
8.000000000000000444e-01
1.000000000000000000e+00
8.353515751368225661e-01
0.000000000000000000e+00
0.000000000000000000e+00
0.000000000000000000e+00
0.000000000000000000e+00
0.000000000000000000e+00
0.000000000000000000e+00
0.000000000000000000e+00
0.000000000000000000e+00
0.000000000000000000e+00
0.000000000000000000e+00
8.709677419354838745e-01
0.000000000000000000e+00
0.000000000000000000e+00
0.000000000000000000e+00
0.000000000000000000e+00
0.000000000000000000e+00
0.000000000000000000e+00
0.000000000000000000e+00
0.000000000000000000e+00
0.000000000000000000e+00
8.151041666666666297e-01
2.569789069119809977e-02
2.528097779635529729e-02
2.300761412495330727e-02
3.102823997180029214e-02
5.660040003920430163e-02
2.592398689811323265e-02
7.813452111573937486e-01
9.320440992388594470e-01
6.950309243799033254e-01
4.116791386587843604e-01
7.000947020916110652e-01
7.772501057728302687e-01
8.411741132813534971e-01
8.529217606336705337e-01
4.493268007869648528e-01
6.346465578426272458e-01
8.644291944905395653e-01
7.997580572981841662e-01
9.538471347855395077e-01
6.676471731328210701e-01
8.850171954686012477e-01
8.866481739722229527e-01
7.999431025071352952e-01
7.968829326953743575e-01
8.608919720602270509e-01
8.760249712878860340e-01
9.539650913828969792e-01
7.688375648923839040e-03
7.545183562646981534e-03
6.400928386473828807e-03
1.024106323505540039e-02
2.838366847488750511e-02
7.766404262336712438e-03
7.502778637601702494e-01
9.173835330149434641e-01
6.577530336136895306e-01
3.853637312580380225e-01
6.554553776219811390e-01
7.378229826421159876e-01
8.124710775151249287e-01
8.338184768938643465e-01
4.275846721057408040e-01
6.067634328296811486e-01
8.401927609770449834e-01
7.706848408457113164e-01
9.426243169692354318e-01
6.357051237762429974e-01
8.573211006877917706e-01
8.627696964371838195e-01
7.634939027439572312e-01
7.611796634205256762e-01
8.374615656082268211e-01
8.508816807794677972e-01
9.411813876191752470e-01
6.512042818911684128e-02
6.382022471910112071e-02
6.170598911070782067e-02
6.976744186046507368e-02
1.250000000000000000e-01
6.441324918485527573e-02
1.878720238095228368e-01
9.397063417681974506e-01
5.588893864755917207e-02
5.458475950279240152e-02
5.940094657766792352e-02
1.142857142857138797e-01
7.555555555555564240e-01
5.685618729096963975e-02
5.535644283370388941e-02
1.195036556482338419e-01
2.493718828514648322e-01
1.244652406417112722e-01
7.084239194791646099e-01
1.333333333333337478e-01
9.021512838306731119e-01
7.750000000000003553e-01
9.267024354048913892e-02
0.000000000000000000e+00
5.102880658436212968e-01
3.071268123340820111e-01
7.277992277992277881e-01
