4.123186477755319546e-02
4.188276528209050609e-02
3.944709161843090728e-02
5.134522490980097942e-02
6.711560378342140698e-02
4.243511858458481889e-02
3.405381828045754844e-01
9.514423012830477422e-01
4.683944822862873281e-02
3.420147040402587990e-02
1.144787646115110746e-01
5.101974667145299236e-01
6.753523314854179560e-01
4.674020922617438956e-02
2.378494706085332311e-02
8.087083721564791716e-02
5.400922598878938885e-01
9.908577510792859755e-02
8.915898650190188235e-01
1.452338515196269775e-01
9.654306838212163289e-01
8.871010504837855137e-01
1.815722176577203584e-01
8.842980028259361802e-02
6.766878113739309697e-01
3.908619543397264806e-01
8.408233487163299102e-01
1.965652099982996559e-02
1.949609092700873431e-02
1.702803950505164809e-02
2.192221946990338677e-02
5.932203389830509321e-02
1.963853267274913439e-02
1.608944811261989738e-01
1.370067014147431372e-01
2.514539332721151821e-01
1.264705882352941124e-01
1.239495158174428457e-01
4.172746685648189291e-01
3.859985614960441680e-01
1.866028708133973257e-01
1.274298056155507286e-01
7.306369739643026051e-02
4.487179487179486781e-01
5.275964767758698493e-01
1.933943622212365154e-01
8.537946428571441260e-02
9.266409266409247891e-02
3.007518796992481036e-01
3.453008344312691325e-01
4.175365344467640849e-01
5.909407665505250762e-02
5.521885521885522286e-01
0.000000000000000000e+00
8.046875000000000000e-01
7.463235294117647189e-01
8.983050847457626498e-01
8.666666666666666963e-01
1.000000000000000000e+00
8.871774478058581659e-01
0.000000000000000000e+00
0.000000000000000000e+00
0.000000000000000000e+00
0.000000000000000000e+00
0.000000000000000000e+00
0.000000000000000000e+00
0.000000000000000000e+00
0.000000000000000000e+00
0.000000000000000000e+00
0.000000000000000000e+00
9.270386266094420291e-01
0.000000000000000000e+00
0.000000000000000000e+00
0.000000000000000000e+00
0.000000000000000000e+00
0.000000000000000000e+00
0.000000000000000000e+00
0.000000000000000000e+00
0.000000000000000000e+00
0.000000000000000000e+00
7.049549549549549710e-01
2.199352735630921707e-02
2.207210960731667559e-02
2.068975364593270139e-02
2.699539212212861972e-02
5.196953398183623563e-02
2.256789891343335963e-02
8.014352370809256776e-01
9.052060229167853134e-01
6.645495547035040751e-01
3.990596137057398352e-01
6.656324770124428802e-01
8.345755766903983908e-01
8.724650301120540075e-01
7.624189511049253021e-01
4.294801823237879290e-01
6.347635827680102594e-01
7.984900075380738649e-01
7.903574802890158679e-01
9.221787224601063482e-01
6.989532322059370806e-01
9.162935754171654956e-01
8.761688431516359010e-01
8.584244517813603981e-01
7.863991048385909899e-01
8.652446361477315051e-01
8.231083554745592945e-01
9.313436276452744522e-01
6.521489657318742944e-03
6.536510381246952994e-03
5.720649111644261070e-03
8.834725585163551165e-03
2.593423108231944496e-02
6.706513680137027311e-03
7.724969486799312390e-01
8.853443745539429921e-01
6.253440414481051812e-01
3.730037088938074064e-01
6.183135077079939812e-01
8.031356088307127772e-01
8.485595232061140525e-01
7.348350372817968879e-01
4.079494073719205360e-01
6.068842490592036842e-01
7.652133894746191434e-01
7.602771676102820786e-01
9.038834905341983639e-01
6.686632881555163443e-01
8.954185331223541988e-01
8.503911218395912019e-01
8.307444762295882468e-01
7.493469797560008416e-01
8.424326054527978558e-01
7.894001416989414599e-01
9.127301410853070340e-01
6.958073148974130984e-02
7.011235955056180358e-02
6.533575317604353727e-02
7.641196013289036637e-02
1.250000000000000000e-01
6.976466286798524430e-02
3.190279649595675338e-01
9.593855218855218414e-01
5.588893864755917207e-02
3.580290677064867921e-02
2.452684245787590811e-01
3.504761904761899416e-01
5.217391304347831493e-01
5.685618729096963975e-02
1.045905141097636104e-02
1.139001349527664075e-01
1.479789194942764397e-01
1.244652406417112722e-01
8.188520088865054447e-01
1.333333333333337478e-01
9.552190064089480792e-01
7.750000000000003553e-01
1.534776687174188581e-01
0.000000000000000000e+00
5.740740740740735149e-01
1.499501495513460014e-01
7.146428571428571352e-01
