4.259984307891473421e-02
4.313275062461763287e-02
4.027529284726866221e-02
5.260289979715970787e-02
6.521932883368564138e-02
4.364313813746495407e-02
2.608754320583184239e-01
8.957360005308252493e-01
6.530404846746540315e-02
1.975040659560911571e-02
9.919956348997871487e-02
4.046237067012761202e-01
6.961975431670941461e-01
7.415029976077480711e-02
1.087954823932659743e-01
6.895015504241097659e-02
6.067949661134619532e-01
1.316806481303816057e-01
8.334917783801527591e-01
1.531079109080604184e-01
9.624172845417275912e-01
8.058732296283945828e-01
2.071877668281034701e-01
4.913876386895843495e-02
6.738247064735567449e-01
5.799698144917080356e-01
8.468687825168950134e-01
8.978064954939642128e-03
8.590105774916236003e-03
8.059938699057779543e-03
1.003220213029477892e-02
6.779661016949153907e-02
8.979397184714556224e-03
1.608944811261989738e-01
3.009699161597894079e-01
4.501262626262626521e-01
4.742647058823528106e-01
3.599745699396268428e-01
8.170413090779665710e-02
6.069171932158297089e-01
5.614035087719300154e-01
4.092457218807110109e-01
6.752719361856418523e-02
2.741037243299686565e-01
4.423785863119091832e-01
1.656737028999802908e-01
6.005067567567572429e-01
1.607142857142855874e-01
6.028833551769334775e-01
6.775362318840578713e-01
3.139874739039665297e-01
1.054895666131621113e-01
7.707631874298542796e-01
0.000000000000000000e+00
7.578125000000000000e-01
7.389705882352940458e-01
9.152542372881354860e-01
8.666666666666666963e-01
1.000000000000000000e+00
8.479477875348573335e-01
0.000000000000000000e+00
0.000000000000000000e+00
0.000000000000000000e+00
0.000000000000000000e+00
0.000000000000000000e+00
0.000000000000000000e+00
0.000000000000000000e+00
0.000000000000000000e+00
0.000000000000000000e+00
0.000000000000000000e+00
6.923076923076922906e-01
0.000000000000000000e+00
0.000000000000000000e+00
0.000000000000000000e+00
0.000000000000000000e+00
0.000000000000000000e+00
0.000000000000000000e+00
0.000000000000000000e+00
0.000000000000000000e+00
0.000000000000000000e+00
8.528610354223432610e-01
2.565385847099127536e-02
2.551085262907579199e-02
2.322017176410348660e-02
3.033844164832807944e-02
4.234923546614927092e-02
2.579100622771360318e-02
7.649145446458351927e-01
8.481379461669902309e-01
7.408585637053710649e-01
3.150299650221581871e-01
7.120131698550857813e-01
7.532996907946774012e-01
8.955277641427523694e-01
8.119699713149128861e-01
5.801003723824749159e-01
5.972037574503721302e-01
8.743101848426695355e-01
8.033694886898401499e-01
9.182826005975088801e-01
6.945151110137546269e-01
8.838290409128419789e-01
9.075714706960162914e-01
8.139806189260661018e-01
7.640701129329960928e-01
8.647566473939818366e-01
8.588861331754931161e-01
9.753796245114005892e-01
7.674389430767297043e-03
7.618011185037326660e-03
6.463710246604751491e-03
9.998921878195891899e-03
2.091814585466543475e-02
7.724099265288567051e-03
7.322150602387597074e-01
8.183251388876645604e-01
7.070938115226411691e-01
2.915844149011181941e-01
6.684181038910870232e-01
7.109788511159230717e-01
8.754275544257887898e-01
7.887202586650154945e-01
5.586963975447201136e-01
5.682767001567461396e-01
8.515833615761321251e-01
7.746917007126624677e-01
8.991525834911464621e-01
6.639737900791580216e-01
8.558843202362186320e-01
8.876411784634872237e-01
7.794942372987153645e-01
7.243067401469955868e-01
8.418749199682328266e-01
8.308268421548289373e-01
9.683891721376551853e-01
7.047279214986618134e-02
7.146067415730336658e-02
6.533575317604353727e-02
7.973421926910295721e-02
1.250000000000000000e-01
7.192168605883877963e-02
1.878720238095228368e-01
9.204287775716344377e-01
4.273250638020043013e-02
3.580290677064867921e-02
5.940094657766792352e-02
3.504761904761899416e-01
7.555555555555564240e-01
8.622147083685538504e-02
1.220222664613901387e-01
1.139001349527664075e-01
2.493718828514648322e-01
1.244652406417112722e-01
7.603272732959922564e-01
1.333333333333337478e-01
9.629850145911347248e-01
7.750000000000003553e-01
2.881072026800666208e-01
5.243857719105182724e-02
5.740740740740735149e-01
3.071268123340820111e-01
7.146428571428571352e-01
