4.003539588177496000e-02
4.053503034109673386e-02
3.824702977221461353e-02
4.924319296677254210e-02
6.950937727047856729e-02
4.115164339004373506e-02
2.316547777742155034e-01
9.464367628580887537e-01
6.656023820450229778e-02
6.248860689394986068e-02
3.207131621935310761e-02
5.233610127848749016e-01
7.756651224856119242e-01
6.809724007364881260e-02
1.255370935162627433e-01
8.824317930845371194e-02
6.073346502917322809e-01
1.649082198483249329e-01
7.369266644015750600e-01
1.353529725198323597e-01
9.175425749467567282e-01
8.515739435595097717e-01
9.519824727805392683e-02
7.806181366916220554e-02
7.847136782427055479e-01
4.476644294756972897e-01
8.494798322653949185e-01
7.107634755993880171e-03
7.440378424545035507e-03
8.741060279259846300e-03
9.536784741144416211e-03
1.694915254237289171e-02
8.017213056086554268e-03
4.432143787444646765e-01
1.393309222423146920e-01
3.627104377104376498e-01
2.258403361344536453e-01
8.932051930534479212e-02
1.471813089872157088e-01
5.076538581693221808e-01
1.578947368421055319e-01
8.837873615272068273e-02
2.749153976311338177e-01
2.013477975016437771e-01
4.692237825752814118e-01
6.129032258064520677e-02
2.316176470588238168e-01
2.932330827067666235e-01
5.714285714285716189e-01
2.100887540725759894e-01
5.210855949895616401e-01
3.028571428571429358e-01
3.226851851851851860e-01
0.000000000000000000e+00
7.656250000000000000e-01
7.463235294117647189e-01
8.474576271186440302e-01
8.666666666666666963e-01
1.000000000000000000e+00
8.885463794795721570e-01
0.000000000000000000e+00
0.000000000000000000e+00
0.000000000000000000e+00
0.000000000000000000e+00
0.000000000000000000e+00
0.000000000000000000e+00
0.000000000000000000e+00
0.000000000000000000e+00
0.000000000000000000e+00
0.000000000000000000e+00
7.686832740213522808e-01
0.000000000000000000e+00
0.000000000000000000e+00
0.000000000000000000e+00
0.000000000000000000e+00
0.000000000000000000e+00
0.000000000000000000e+00
0.000000000000000000e+00
0.000000000000000000e+00
0.000000000000000000e+00
8.528610354223432610e-01
1.956317430169071669e-02
1.950714820164586860e-02
1.786399534219407226e-02
2.385975334661347147e-02
5.021719639300886717e-02
1.993076977251545534e-02
7.913950044809339168e-01
8.977140983829954290e-01
7.269870047354052289e-01
3.965219225438083583e-01
6.943392045941836344e-01
8.297521488615873242e-01
8.734474383464225777e-01
7.815736152829253491e-01
7.017799970816236410e-01
6.170343578448305166e-01
8.142906523192681156e-01
8.749068945053122270e-01
8.926863419709352154e-01
7.081301261132031399e-01
9.265554399743498593e-01
9.138778675460299539e-01
8.569484934759825645e-01
7.692399074534548298e-01
9.340255685771703398e-01
8.536260766153411783e-01
9.756740893928199654e-01
5.766645316492794576e-03
5.740901506576460978e-03
4.902042639309094063e-03
7.756804403541296689e-03
2.501326534297911020e-02
5.885043057447483794e-03
7.613743445767392481e-01
8.764600858310421794e-01
6.920809016352426069e-01
3.705223809623223730e-01
6.492172284744135435e-01
7.975824631759317329e-01
8.496993661565435119e-01
7.555764858392668426e-01
6.833899198365087635e-01
5.886181923320601417e-01
7.830164440889630928e-01
8.550379580605106389e-01
8.682645034678064810e-01
6.783779506677305449e-01
9.080344168356800916e-01
8.951783792290599617e-01
8.290280362586762708e-01
7.300846977706125784e-01
9.219692867436165562e-01
8.246991164879550196e-01
9.687651591424613073e-01
6.958073148974130984e-02
6.831460674157305291e-02
6.533575317604353727e-02
7.973421926910295721e-02
1.250000000000000000e-01
6.944200571757500051e-02
1.878720238095228368e-01
9.462208289794495908e-01
5.588893864755917207e-02
4.825609173435263521e-02
1.508595468639191139e-01
3.504761904761899416e-01
7.555555555555564240e-01
5.685618729096963975e-02
9.288262073926700779e-02
1.195036556482338419e-01
2.493718828514648322e-01
1.244652406417112722e-01
6.459380173690787430e-01
9.890109890109943791e-02
9.021512838306731119e-01
7.750000000000003553e-01
1.206030150753774066e-01
4.836800270590213557e-02
7.074448185559294444e-01
2.276029055690065306e-01
7.146428571428571352e-01
