4.718180448834274898e-02
4.781159985534533252e-02
4.527585140959433652e-02
5.800964073764941498e-02
7.793395663027380404e-02
4.851553772345640336e-02
3.054948070952541173e-01
9.743555931002509940e-01
5.671829836163588823e-02
4.866055385482148665e-02
6.297368562952243565e-02
2.625354821211267620e-01
9.151527456770365276e-01
1.320397498073422327e-02
3.738828574241148672e-02
9.170577034087301627e-02
5.443789288415628036e-01
6.925264766917349490e-02
9.248096485753780627e-01
1.143581637599120349e-01
9.579772678783611273e-01
9.326159425983338025e-01
2.062725553108002430e-01
1.237477096343519989e-01
7.308444564053129255e-01
2.784104430192773094e-01
8.233308084547545924e-01
1.037238564869920332e-02
1.075816306418763552e-02
1.146554660006811333e-02
1.275699777062175300e-02
1.694915254237289171e-02
1.076264544792782107e-02
2.662013046393953974e-01
5.563994374120955211e-01
3.232323232323232043e-01
2.810457516339868178e-01
1.226930210238252883e-01
6.291218079900345872e-02
1.296023564064801015e-01
8.086124401913876714e-01
1.429700258125691237e-01
2.171547572562801953e-01
5.628887877408588203e-01
4.423785863119091832e-01
1.197743861977440538e-02
7.031250000000002220e-01
3.285714285714282923e-01
7.518796992481200370e-01
1.214030665826506539e-01
5.587397988233060442e-01
4.767195767195768763e-01
4.891381766381767138e-01
0.000000000000000000e+00
8.203125000000000000e-01
8.088235294117647189e-01
8.813559322033898136e-01
8.333333333333333703e-01
1.000000000000000000e+00
8.945576182356077544e-01
0.000000000000000000e+00
0.000000000000000000e+00
0.000000000000000000e+00
0.000000000000000000e+00
0.000000000000000000e+00
0.000000000000000000e+00
0.000000000000000000e+00
0.000000000000000000e+00
0.000000000000000000e+00
0.000000000000000000e+00
7.605633802816901268e-01
0.000000000000000000e+00
0.000000000000000000e+00
0.000000000000000000e+00
0.000000000000000000e+00
0.000000000000000000e+00
0.000000000000000000e+00
0.000000000000000000e+00
0.000000000000000000e+00
0.000000000000000000e+00
7.805486284289276933e-01
2.624174891254568709e-02
2.632932303391802287e-02
2.433354484522023964e-02
3.236332694275248500e-02
4.906835445917318017e-02
2.677313924468963102e-02
7.688453872747729179e-01
9.106033019003929585e-01
6.387604401552167133e-01
3.591251509787687368e-01
6.439601474195044695e-01
7.513798379641045688e-01
8.883746692424001612e-01
7.013124133907626678e-01
3.612377893818869978e-01
6.691223355028936837e-01
8.663456742249833198e-01
7.502483243010940051e-01
9.090616835358800163e-01
6.521681465111490716e-01
8.714777593044980009e-01
9.322412701391797896e-01
7.679484723942884283e-01
7.613059528174535018e-01
8.751372448405780879e-01
7.853988781580596434e-01
9.292930583472758244e-01
7.861354578726640480e-03
7.877931839107100986e-03
6.793651138745564894e-03
1.071159074375967885e-02
2.441123653027212070e-02
8.037143860875561874e-03
7.365274374003737412e-01
8.917608329483143192e-01
5.981792559935720233e-01
3.341184708403064363e-01
5.952146744644886134e-01
7.088383500694724892e-01
8.670697658122366036e-01
6.694132635210168214e-01
3.409619804904422402e-01
6.424985814766881465e-01
8.423988823158667927e-01
7.162315716314248126e-01
8.879868220667295198e-01
6.195134750404303059e-01
8.409939997604388706e-01
9.172333548336129017e-01
7.273610115205372262e-01
7.212222478857466257e-01
8.537582121420937975e-01
7.463783023051243637e-01
9.101658461550607981e-01
7.225691347011597987e-02
7.370786516853936043e-02
7.078039927404719545e-02
8.305647840531560355e-02
1.250000000000000000e-01
7.455079149342228040e-02
3.190279649595675338e-01
9.593855218855218414e-01
6.920581521086122123e-02
4.324247181390017403e-02
1.508595468639191139e-01
2.479784366576822663e-01
1.000000000000000000e+00
0.000000000000000000e+00
5.076838823576079740e-02
1.270013241844227814e-01
2.493718828514648322e-01
7.885375494071134028e-02
8.188520088865054447e-01
1.333333333333337478e-01
9.322016809533106851e-01
8.959537572254330229e-01
2.881072026800666208e-01
5.243857719105182724e-02
6.397641422517041931e-01
2.276029055690065306e-01
7.018327067669172248e-01
