4.193064104142485427e-02
4.255843975310763527e-02
3.968731525486496325e-02
5.173575975417338269e-02
6.552357047016788005e-02
4.297176408491448774e-02
2.762628647551252925e-01
9.324790754250444902e-01
5.015630769311796300e-02
3.383241540391623836e-02
1.569943907550097606e-01
3.904214060772837058e-01
7.181594648071021325e-01
7.436221120739183732e-02
6.630715997786040816e-02
1.021481851461691903e-01
5.253493856684956498e-01
8.733174595330517320e-02
8.369789732954853179e-01
1.555963603315584365e-01
9.746350906239718004e-01
7.779298053360417242e-01
2.032570292053685890e-01
1.579712007572462440e-01
6.132853326882514722e-01
4.521375594587873081e-01
8.464218037961999119e-01
9.012072776738655477e-03
8.097365481900008211e-03
7.435577250539220084e-03
9.908347783007184773e-03
4.237288135593220151e-02
7.871790800885625217e-03
2.402969523313360778e-01
2.878680130849087249e-02
1.622936683912293843e-01
2.810457516339868178e-01
1.284868581277281985e-01
2.057278617845441082e-01
2.793481875623544664e-01
1.578947368421055319e-01
7.814091853783772246e-02
3.249746192893401275e-01
3.002958579881656043e-01
3.150452905221299282e-01
6.685382743776907555e-02
4.500000000000001776e-01
3.648648648648649129e-01
1.142857142857143238e-01
3.120772946859904362e-01
6.680584551148227579e-01
5.484169884169887155e-01
3.226851851851851860e-01
0.000000000000000000e+00
7.578125000000000000e-01
7.536764705882352811e-01
8.813559322033898136e-01
9.000000000000000222e-01
1.000000000000000000e+00
8.922429073602583527e-01
0.000000000000000000e+00
0.000000000000000000e+00
0.000000000000000000e+00
0.000000000000000000e+00
0.000000000000000000e+00
0.000000000000000000e+00
0.000000000000000000e+00
0.000000000000000000e+00
0.000000000000000000e+00
0.000000000000000000e+00
9.000000000000000222e-01
0.000000000000000000e+00
0.000000000000000000e+00
0.000000000000000000e+00
0.000000000000000000e+00
0.000000000000000000e+00
0.000000000000000000e+00
0.000000000000000000e+00
0.000000000000000000e+00
0.000000000000000000e+00
8.302387267904508539e-01
2.311680661958828709e-02
2.308414276950296329e-02
2.146548258770125672e-02
2.763948665497892310e-02
4.790859081877202330e-02
2.354517869050098966e-02
7.910433270867422983e-01
8.722587209823877696e-01
6.399684234030744712e-01
2.443772270909407851e-01
7.039825673983512999e-01
7.951644260856902680e-01
8.501865011405926875e-01
6.957917026567250751e-01
4.064003710802701619e-01
6.984944057330366718e-01
7.645521604271992011e-01
8.096607338730423820e-01
8.908774026955998959e-01
7.499372289906713895e-01
9.060108660631360777e-01
8.896032145859233964e-01
7.987736739524706753e-01
7.794127107046793235e-01
8.493760866070503290e-01
7.905523582325455489e-01
9.678419368319954863e-01
6.873240670037309569e-03
6.853031931768505114e-03
5.947437485174511540e-03
9.057825605633881838e-03
2.380489925564564790e-02
7.013478062162084581e-03
7.609854197255420116e-01
8.464679877196953361e-01
5.994464545852667969e-01
2.243139089310428602e-01
6.596772474273295828e-01
7.580725228326256060e-01
8.228221095515964034e-01
6.635587040096866396e-01
3.852024381066194714e-01
6.731691044626970655e-01
7.273237117596051959e-01
7.816831068764903412e-01
8.660942185789355374e-01
7.229417934963124903e-01
8.828345190546639243e-01
8.662697321949217599e-01
7.621650073112163915e-01
7.414886345068629758e-01
8.243453905232346335e-01
7.522189421499624329e-01
9.587818731504460512e-01
7.314897413024085138e-02
7.213483146067414808e-02
6.715063520871142333e-02
7.973421926910295721e-02
1.250000000000000000e-01
7.348485794426937168e-02
1.878720238095228368e-01
9.593855218855218414e-01
5.588893864755917207e-02
3.580290677064867921e-02
1.819943895145570423e-01
3.504761904761899416e-01
7.555555555555564240e-01
9.615384615384625633e-02
6.460002342073600801e-02
1.195036556482338419e-01
2.493718828514648322e-01
7.885375494071134028e-02
7.603272732959922564e-01
1.125827814569544394e-01
9.661046930916712405e-01
7.750000000000003553e-01
2.881072026800666208e-01
1.059259259259253128e-01
4.483245149911816441e-01
2.276029055690065306e-01
7.018327067669172248e-01
