4.089338927349561725e-02
4.120311405802229432e-02
3.869998123571355420e-02
5.003779563922217122e-02
6.558003314823968033e-02
4.186866592477261895e-02
2.587482129410307863e-01
9.305373622890653618e-01
4.327208892786060801e-02
5.040930278174471368e-02
2.551232651681223373e-01
2.682708214151716675e-01
9.453232060637963841e-01
9.059279364440708804e-02
5.591416318814523834e-02
7.952050225970097586e-02
5.869389036765113588e-01
1.173509565031052304e-01
7.544109218765715497e-01
2.283770046207673765e-01
9.249343402559742078e-01
7.699784963243399005e-01
2.141074775659665974e-01
1.182790465738436936e-01
5.383702188698888946e-01
6.425922530841052804e-01
8.504595825402230247e-01
7.957830300969227777e-03
7.785296629656400513e-03
6.357134748552616121e-03
8.050532573693341964e-03
4.237288135593220151e-02
7.384908229893301368e-03
7.667854100518860516e-01
4.159132007233272699e-01
2.862215909090909394e-01
3.719723183391001609e-01
1.558759062552689256e-01
2.942321380905775219e-01
5.076538581693221808e-01
8.086124401913876714e-01
3.846937528016625141e-02
1.611444393170280431e-01
2.013477975016437771e-01
4.899677978697054570e-01
5.478102189781020037e-02
3.984375000000002220e-01
6.642857142857141461e-01
4.608294930875573847e-01
6.775362318840578713e-01
5.901183020180933436e-01
1.129297820823247367e-01
6.146384479717813543e-01
0.000000000000000000e+00
8.359375000000000000e-01
7.794117647058823595e-01
8.813559322033898136e-01
9.000000000000000222e-01
1.000000000000000000e+00
8.801208753877174384e-01
0.000000000000000000e+00
0.000000000000000000e+00
0.000000000000000000e+00
0.000000000000000000e+00
0.000000000000000000e+00
0.000000000000000000e+00
0.000000000000000000e+00
0.000000000000000000e+00
0.000000000000000000e+00
0.000000000000000000e+00
8.852459016393443569e-01
0.000000000000000000e+00
0.000000000000000000e+00
0.000000000000000000e+00
0.000000000000000000e+00
0.000000000000000000e+00
0.000000000000000000e+00
0.000000000000000000e+00
0.000000000000000000e+00
0.000000000000000000e+00
8.528610354223432610e-01
2.301604663750064783e-02
2.283283556257145741e-02
2.089862522502847209e-02
2.748481286111578714e-02
5.208250599373975831e-02
2.333444975011994549e-02
8.011101991317315374e-01
9.139953734928816242e-01
6.623394875575465690e-01
3.586221632136883386e-01
7.567313497845011838e-01
7.760257277063831172e-01
9.161900972708727497e-01
8.473025616284646233e-01
3.914767831895540340e-01
5.972045665769103451e-01
8.337180388726430635e-01
8.058851403478017872e-01
9.298056502033615889e-01
7.987018793224840429e-01
8.900739335061391699e-01
9.482482838846544304e-01
8.066316729560896182e-01
7.722732186610055116e-01
8.268824507360554854e-01
8.715795042200567000e-01
9.619267722938555920e-01
6.841613921538033244e-03
6.774295974297010747e-03
5.781626326649188380e-03
9.004197704523785040e-03
2.599371647274582864e-02
6.947171776120877884e-03
7.721362962926848761e-01
8.958003374217250458e-01
6.230069177017288906e-01
3.336309083352517746e-01
7.175928155922990381e-01
7.364443372200920601e-01
8.996932264205326213e-01
8.276000913967536121e-01
3.705439042690814588e-01
5.682775281992109573e-01
8.050473950266412437e-01
7.774855982550005207e-01
9.131669727701539063e-01
7.755577519117946572e-01
8.634445752187066558e-01
9.365889534774891612e-01
7.711065179819557303e-01
7.334803295562799530e-01
7.988756281181520480e-01
8.456667986214573274e-01
9.512657552308110276e-01
6.601248884924176830e-02
6.471910112359549605e-02
6.170598911070782067e-02
7.308970099667772002e-02
1.250000000000000000e-01
6.646678232251759799e-02
1.878720238095228368e-01
9.204287775716344377e-01
5.588893864755917207e-02
3.580290677064867921e-02
2.452684245787590811e-01
1.374416433239957769e-01
7.555555555555564240e-01
8.622147083685538504e-02
5.997823312722005973e-02
1.446137719722626613e-01
2.493718828514648322e-01
1.244652406417112722e-01
6.459380173690787430e-01
1.864406779661020863e-01
9.021512838306731119e-01
7.171022844206627056e-01
2.033697901271063202e-01
0.000000000000000000e+00
3.684089073497167632e-01
3.071268123340820111e-01
7.277992277992277881e-01
