8.772140677974006318e-01
8.776576673478899693e-01
8.774251465823756924e-01
8.784052127401671406e-01
9.028532924392398407e-01
8.775572274952190277e-01
9.634581244019659874e-01
2.570864930870618847e-01
6.712151857330328486e-01
3.590778080727703436e-01
3.406051853748801594e-01
2.873222505920933756e-01
5.061147247677988403e-02
5.115895615850759581e-01
6.308565726245065619e-01
8.655757581446748006e-01
3.358935342306053062e-01
4.735694604738867053e-01
2.965265801934962031e-01
7.599957087343016671e-01
2.796016193918622328e-01
3.137970878067910530e-01
4.379652555006057213e-01
6.070703458851633982e-01
6.620396858102228776e-01
6.685130398756067294e-01
2.048912037391823482e-01
3.183440846746414254e-01
3.191522229431211222e-01
3.140379657839231786e-01
3.228192299325647330e-01
4.070796460176990816e-01
3.193207787910943285e-01
7.468123861566486887e-01
2.863569902148239699e-01
2.182618261826181350e-01
3.774543774543775987e-01
1.662658329324995243e-01
8.067685121981271745e-02
2.658662092624357598e-01
1.056301504062698848e-01
1.843662410464030899e-01
4.285714285714287142e-01
3.955669616654965970e-01
3.489736070381230792e-01
5.374099968694564522e-01
2.524900398406375590e-01
4.729729729729729160e-01
4.324151185137730113e-01
4.260934579439253911e-01
3.675115207373271797e-01
5.825123152709358321e-01
3.412743972445465568e-01
9.415867480383609545e-01
3.576923076923076983e-01
3.042635658914727981e-01
3.873873873873874274e-01
3.500000000000000333e-01
5.000000000000000000e-01
3.742600438696452869e-01
0.000000000000000000e+00
0.000000000000000000e+00
0.000000000000000000e+00
0.000000000000000000e+00
0.000000000000000000e+00
0.000000000000000000e+00
0.000000000000000000e+00
0.000000000000000000e+00
5.970149253731342753e-01
9.090909090909091717e-01
6.185185185185185786e-01
0.000000000000000000e+00
0.000000000000000000e+00
0.000000000000000000e+00
5.450450450450451401e-01
0.000000000000000000e+00
0.000000000000000000e+00
0.000000000000000000e+00
0.000000000000000000e+00
0.000000000000000000e+00
0.000000000000000000e+00
6.100715217486760711e-01
5.992778656844972573e-01
5.807633797798984476e-01
6.016316493070580362e-01
7.924205143893949810e-01
6.040120458820638083e-01
8.499005088235571659e-01
1.636985223408574663e-01
3.938189403179908066e-01
4.219008524607437138e-01
2.411700713712170430e-01
4.394362167226795179e-01
4.707760524390397494e-01
3.921501547621224493e-01
2.653932218697230283e-01
3.759706254589083585e-01
3.260331664420552666e-01
6.389579470670045946e-01
6.495438548150451741e-01
8.714600172560368341e-01
5.678383130423236835e-01
3.222964548622306857e-01
5.270759883517441846e-01
2.694777638720864399e-01
8.365857353293710830e-01
6.311294970435403773e-01
8.012360471320345567e-01
4.034677988832705564e-01
3.894490921011466433e-01
3.658575284787953241e-01
3.954018210173471104e-01
6.666307731939372649e-01
3.956287541392561335e-01
8.050092786527103250e-01
1.135177207477775507e-01
3.212732896332204935e-01
3.502337777363796478e-01
1.836393025700142068e-01
3.857935699061880719e-01
3.861438513414939822e-01
3.122039756988326253e-01
2.141820416821792472e-01
2.970467024877024298e-01
2.289020397312952482e-01
5.926796767780027064e-01
5.862790342475258099e-01
8.317252805427255424e-01
5.016138929881002184e-01
2.475998063035294017e-01
4.697770542624021273e-01
2.115774759393875271e-01
7.970801722024515312e-01
5.678118513329537542e-01
7.524039925579332211e-01
6.336734693877552616e-01
6.991196271361987957e-01
7.122736418511066425e-01
6.165413533834585014e-01
5.000000000000000000e-01
6.542539178570878633e-01
9.141630144543155811e-01
6.714342596636724281e-01
7.080281998676216659e-01
4.226226226226226235e-01
3.615164147993744637e-01
6.960606060606053802e-01
2.084602469429297500e-01
4.865731859883235533e-01
6.457547469509272720e-01
9.328137354067924658e-01
4.976620192588754321e-01
3.274909894198350102e-01
2.777955807034213631e-01
5.179514379164609217e-01
2.535222855787784280e-01
4.234053668171438023e-01
5.293569986536068583e-01
5.220083873989644907e-01
6.891827018086003065e-01
6.330170777988612940e-01
1.114674661889986096e-01
