8.217773032874878814e-01
8.218185832441704530e-01
8.187496595234575736e-01
8.231286967534077181e-01
8.873333480082474800e-01
8.217797354705071999e-01
9.252073828878562001e-01
5.057832536617709041e-01
6.707364554920782762e-01
2.989641151968318589e-01
3.086289129075702187e-01
4.537344543705104094e-01
3.305130391544166546e-01
4.913034931629890467e-01
6.894483498644363717e-01
8.165513053310844427e-01
1.803840739112951841e-01
4.167887464046160506e-01
2.950085824634915976e-01
6.865966594763082131e-01
2.767297418660411568e-01
2.456033229962564235e-01
2.639240333050225651e-01
6.997758408129146623e-01
5.793463772069773476e-01
9.165506200820192628e-01
1.952749792603778456e-01
3.177804221206237401e-01
3.186269966323724834e-01
3.139207874384813968e-01
3.217315640635197149e-01
4.070796460176990816e-01
3.187455950406138383e-01
8.568939573928882059e-01
2.957644026934908021e-01
2.351254480286738557e-01
1.811514484781812095e-01
1.008264462809916884e-01
1.078050012629452326e-01
3.588076740130013986e-01
1.156306380186977734e-01
5.991902834008095979e-01
4.285714285714287142e-01
6.105147082671158465e-02
1.735537190082644399e-01
7.040070958989878003e-01
2.524900398406375590e-01
4.528134692069117895e-01
1.884298993258692878e-01
2.198559828405087790e-01
1.447253705318221062e-01
5.129310344827585633e-01
3.280542986425341034e-01
4.238329238329240356e-01
6.307692307692307487e-01
5.445736434108525703e-01
6.036036036036036556e-01
4.500000000000000111e-01
5.000000000000000000e-01
5.975039359197124034e-01
5.891891891891891664e-01
0.000000000000000000e+00
0.000000000000000000e+00
0.000000000000000000e+00
0.000000000000000000e+00
0.000000000000000000e+00
0.000000000000000000e+00
5.505050505050504972e-01
7.115628970775095263e-01
9.090909090909091717e-01
6.185185185185185786e-01
5.177304964539006793e-01
0.000000000000000000e+00
0.000000000000000000e+00
5.450450450450451401e-01
0.000000000000000000e+00
0.000000000000000000e+00
0.000000000000000000e+00
0.000000000000000000e+00
0.000000000000000000e+00
1.305758313057583109e-01
5.797038249630237505e-01
5.725431273197234550e-01
5.549570166716426556e-01
5.730046230002348029e-01
7.746057485941526544e-01
5.753728851067503314e-01
8.340923406421303365e-01
3.377888818734459120e-01
4.251574078281583624e-01
1.787502504241569312e-01
7.924284266627390494e-02
2.741381002094573915e-01
5.164709951049223369e-01
2.582636913981219973e-01
4.208004111174299400e-01
2.697075885679875995e-01
1.530987250085581453e-01
2.181131666248681267e-01
6.234732675193257467e-01
9.345189359153499575e-01
5.056552277064649825e-01
3.417267864738942063e-01
4.473849211932841019e-01
2.062271296590465486e-01
5.660617184910525790e-01
8.143226260696851959e-01
5.553335439712583366e-01
3.680948715833372020e-01
3.587006470122149904e-01
3.369597189174969865e-01
3.624730298496649517e-01
6.410911873038509512e-01
3.625136811034534445e-01
7.853961749052864594e-01
2.557968233487514231e-01
3.508878038497271201e-01
1.356153445012399095e-01
5.630579778390187862e-02
2.308057029744110533e-01
4.316408416570576279e-01
1.940153525283764280e-01
3.567791202176862075e-01
2.034493830495323619e-01
9.578449262692234623e-02
1.839016099949384309e-01
5.582302896563261507e-01
9.128125025182582952e-01
4.381975078904000176e-01
2.647976183212176204e-01
3.905538267422893339e-01
1.580804438929913069e-01
4.950794968787062267e-01
7.731993372965111355e-01
4.796162353158992531e-01
7.408163265306122458e-01
8.223718280683582904e-01
7.645875251509055559e-01
8.496240601503759482e-01
5.000000000000000000e-01
8.012159989622145151e-01
8.725638440860217226e-01
7.850456319511693870e-01
6.476267095736121249e-01
3.218106995884775223e-01
2.933854907539118484e-01
7.121212121212119328e-01
5.006675567423228834e-01
4.712515188335357763e-01
6.911797521113964837e-01
8.558918622713032054e-01
3.508317985410105422e-01
3.181025462155564476e-01
2.094905001827576108e-01
5.788177339901476870e-01
2.468113798503568379e-01
2.906110810461222105e-01
3.106563015466692335e-01
6.354366728358420424e-01
7.032783025038591429e-01
8.793828892005610687e-01
9.569620449524485206e-02
