8.698182776420576579e-01
8.700476856333585474e-01
8.696899566145044336e-01
8.771800133620606399e-01
9.028532924392398407e-01
8.712285692515764346e-01
8.914095296100363885e-01
2.492542627554111823e-01
6.480802032134758139e-01
3.775338186302139576e-01
2.974806627907319312e-01
5.508947473817085161e-01
5.005595497682306938e-01
4.606802144295562007e-01
6.091099087400435597e-01
7.576196631286014060e-01
1.614778515177928142e-01
5.403943627038594322e-01
3.112392585299708081e-01
7.746073597043967585e-01
2.912797612306061712e-01
3.016707528344750866e-01
2.491238362061292122e-01
7.506838886502196218e-01
4.709658671881922221e-01
8.771674136629417085e-01
1.673108038880022352e-01
3.182188263293041497e-01
3.190286402817684719e-01
3.138036090930396149e-01
3.210789645420926708e-01
4.159292035398229892e-01
3.189391986806749957e-01
7.468123861566486887e-01
1.421099988752671517e-01
2.982078853046593592e-01
5.261538461538460831e-01
1.008264462809916884e-01
2.006679576773029439e-02
2.531681216558716585e-01
8.199263423144020901e-02
2.621457489878542546e-01
4.285714285714287142e-01
1.042597217267213217e-01
2.892561983471073628e-01
5.374099968694564522e-01
2.524900398406375590e-01
4.729729729729729160e-01
4.324151185137730113e-01
3.484361370716512196e-01
7.624633431085037216e-02
5.129310344827585633e-01
3.431952662721894365e-01
4.238329238329240356e-01
6.307692307692307487e-01
5.465116279069766048e-01
5.945945945945946276e-01
4.666666666666666186e-01
5.000000000000000000e-01
5.973242759151484726e-01
0.000000000000000000e+00
0.000000000000000000e+00
0.000000000000000000e+00
0.000000000000000000e+00
0.000000000000000000e+00
3.697478991596638842e-01
0.000000000000000000e+00
0.000000000000000000e+00
5.128205128205127750e-01
9.836065573770492731e-01
6.185185185185185786e-01
5.887096774193548709e-01
0.000000000000000000e+00
0.000000000000000000e+00
5.450450450450451401e-01
0.000000000000000000e+00
0.000000000000000000e+00
0.000000000000000000e+00
0.000000000000000000e+00
0.000000000000000000e+00
0.000000000000000000e+00
5.941748758490204008e-01
5.860650521392811729e-01
5.675808999881317707e-01
5.843469876638607285e-01
8.271614182188196107e-01
5.892893564465120360e-01
8.570278149990986361e-01
1.281245765102165812e-01
4.825422613501009206e-01
5.586988008767905800e-01
2.014321292179084288e-01
4.110076023140885049e-02
5.849178312431578819e-01
1.272753774853290221e-01
1.587827734597850871e-01
2.179110522440497189e-01
1.080237462964750428e-01
3.694390835867362721e-01
5.651326268700909150e-01
8.471454078528853904e-01
5.088048878963105093e-01
4.320104127786437154e-01
5.356770821906839952e-01
1.718499947727902821e-01
4.948698246267482226e-01
6.073987597093377655e-01
6.058401001707300892e-01
3.847512618543486584e-01
3.740965199818391262e-01
3.509489813919196566e-01
3.753511100455257932e-01
7.178322496772608918e-01
3.784266025993830995e-01
8.139096103846108488e-01
8.717807041150876790e-02
4.066630759390238992e-01
4.862519031871512798e-01
1.508644653091269494e-01
3.251829317191801128e-02
5.024450342626307631e-01
9.002157277468936236e-02
1.236969585813615380e-01
1.605806324090137127e-01
6.543149002065135056e-02
3.227068069161178610e-01
4.968315849533249118e-01
8.012128016785247109e-01
4.413594589516840472e-01
3.480952542373009218e-01
4.785022191957749582e-01
1.299915699927579049e-01
4.226340850541709937e-01
5.425416007919070527e-01
5.326188150446989900e-01
8.469387755102042448e-01
8.741584671154842834e-01
8.209255533199195654e-01
9.849624060150374838e-01
5.000000000000000000e-01
8.675897819455191673e-01
8.385719310580224128e-01
6.005894214363269867e-01
6.561862390914590115e-01
4.112054828429096975e-01
3.178091985429593036e-01
6.919686733049155158e-01
6.021225765914970385e-01
4.279277339286655657e-01
5.793671197635781311e-01
6.728874289948179044e-01
4.005229663481064684e-01
4.214173341554967589e-01
2.028849438706887831e-01
7.039038744282013482e-01
2.442628510928112062e-01
4.102883937174344187e-01
3.194667075444841409e-01
7.141620352807338534e-01
6.936849724845852716e-01
8.836055167638061647e-01
8.121239273567504302e-02
