8.209221544955759287e-01
8.207705055211904632e-01
8.202528685525933838e-01
8.209170217597723251e-01
8.393079509554426387e-01
8.206578582814585410e-01
9.418159945412269973e-01
4.467078591162422230e-01
5.495390596349898349e-01
3.952139607479479011e-01
3.331070165935888783e-01
4.480314434349024211e-01
2.502662325286215683e-01
4.965993160041016763e-01
6.289999015920970660e-01
8.317165099758296876e-01
9.521347739705676716e-02
4.065185975739047386e-01
3.157815010866902306e-01
6.342765633930580460e-01
2.684131499611576155e-01
3.205944191697398526e-01
3.898486804341314560e-01
6.844829012553375058e-01
6.765800094127925046e-01
8.901841058008719276e-01
2.073740154815615355e-01
3.182188263293041497e-01
3.188741619550777284e-01
3.141551441293649050e-01
3.208614313682836561e-01
4.070796460176990816e-01
3.189309458277014286e-01
8.568939573928882059e-01
1.229929277338800420e-01
2.532724505327244024e-01
3.774543774543775987e-01
4.792368125701459425e-01
1.652336448598130669e-01
4.716981132075472871e-01
1.056301504062698848e-01
2.621457489878542546e-01
4.285714285714287142e-01
9.494029506201334678e-02
1.735537190082644399e-01
5.374099968694564522e-01
2.524900398406375590e-01
3.524112347641757959e-01
4.324151185137730113e-01
4.260934579439253911e-01
4.193548387096772689e-01
5.129310344827585633e-01
5.787373004354138262e-01
4.238329238329240356e-01
6.192307692307692513e-01
5.368217054263566546e-01
5.945945945945946276e-01
4.833333333333333370e-01
5.000000000000000000e-01
5.843597314735097248e-01
0.000000000000000000e+00
0.000000000000000000e+00
0.000000000000000000e+00
2.618181818181818388e-01
0.000000000000000000e+00
0.000000000000000000e+00
0.000000000000000000e+00
0.000000000000000000e+00
4.363636363636363980e-01
9.090909090909091717e-01
4.911764705882352700e-01
5.177304964539006793e-01
0.000000000000000000e+00
0.000000000000000000e+00
5.450450450450451401e-01
0.000000000000000000e+00
0.000000000000000000e+00
0.000000000000000000e+00
0.000000000000000000e+00
0.000000000000000000e+00
1.305758313057583109e-01
5.743425293539510257e-01
5.665764963967472312e-01
5.495749938821626879e-01
5.658262978054275916e-01
7.643630487660404427e-01
5.696120456375157737e-01
8.270178637615557271e-01
1.918560512531483075e-01
7.289648766496945598e-01
3.378322538717926093e-01
4.299158437418981737e-01
4.532130473411264404e-01
5.931324003736745398e-01
2.403844525955953770e-01
3.945531603257403930e-01
3.529099341709649451e-01
1.048197209361007021e-01
1.081884218608972770e-01
6.590716010411874493e-01
9.335958565986913760e-01
5.664823356861989900e-01
6.521686836548521438e-01
4.139052910166827193e-01
4.062708348625316823e-01
5.898029290566182414e-01
8.427772828187629628e-01
6.338363317152808651e-01
3.620162878935786477e-01
3.520087271707609822e-01
3.310811213682081644e-01
3.544371825752140603e-01
6.266268284755376339e-01
3.560251557372271503e-01
7.766758778194540191e-01
1.350238865751016148e-01
6.689243356848315614e-01
2.721003699839177337e-01
3.528690206006823149e-01
3.992483354282849728e-01
5.111564348861705742e-01
1.791424714995477618e-01
3.318049173684827213e-01
2.760892214857426086e-01
6.334231140121471260e-02
8.883307563181219724e-02
5.966239797549074408e-01
9.116051729796410541e-01
5.002087634923556569e-01
5.745914209322747768e-01
3.581417010441293458e-01
3.353247591386320781e-01
5.198900289944176079e-01
8.067393002722373918e-01
5.626725084804724553e-01
7.653061224489796643e-01
8.493008803728636646e-01
7.605633802816902378e-01
8.947368421052630527e-01
5.000000000000000000e-01
8.149834036992906761e-01
9.999999999999997780e-01
7.850456319511693870e-01
6.476267095736121249e-01
4.528245417134304507e-01
3.274772125845338833e-01
7.121212121212119328e-01
3.798613204703045199e-01
5.034365325077398978e-01
6.824884964744746263e-01
8.049411362508231971e-01
1.981983308589145842e-01
3.181025462155564476e-01
2.413271158507621639e-01
4.599254426840633236e-01
2.314046609409531330e-01
3.405060100565791004e-01
2.707147770620976779e-01
5.891192009420347375e-01
7.284607938044529440e-01
8.636640292148507481e-01
9.569620449524485206e-02
