6.292986517679106662e-01
6.241720588984562834e-01
6.193540553469645271e-01
6.133294242971216725e-01
6.428942232201164675e-01
6.244886386427456193e-01
4.355340707059327521e-01
6.342459331283397672e-01
7.966714585673819737e-01
6.398681390143869940e-01
8.029153356763885085e-01
8.179714636880794920e-01
5.065533418158065793e-01
8.752189344311257502e-01
8.680282351679706743e-01
7.158149191909113362e-02
4.245587832978638954e-01
6.480489689412030074e-01
5.081977650649371903e-02
7.061486911136372058e-02
2.213341050868506965e-01
3.092688771005676074e-01
1.484912204662980351e-01
6.832703802939845694e-01
6.081459254034005113e-01
6.714175132326924977e-01
1.781143001955939331e-01
3.304315149996868151e-01
3.199555102419130992e-01
3.234122334192641168e-01
3.102023058516423792e-01
2.389380530973451155e-01
3.253197390538737910e-01
1.046698872785829515e-01
5.676386233269599124e-01
1.526925698704839629e-01
3.974178657722960972e-01
2.938616938616939178e-01
2.267847426167973746e-01
5.849056603773585827e-01
3.477988210209457254e-01
3.744939271255061097e-01
9.054325955734410236e-02
4.444187949885625710e-01
6.363636363636362425e-01
1.652710224138794759e-01
9.393715460737700473e-02
4.056743310474651976e-01
3.877160276112256998e-01
4.912532949916137426e-02
5.756823821339951408e-01
5.825123152709358321e-01
2.788461538461538547e-01
6.981981981981982832e-01
4.384615384615385136e-01
4.244186046511627119e-01
4.774774774774774855e-01
4.666666666666666186e-01
0.000000000000000000e+00
4.858862280856089955e-01
6.055555555555554026e-01
0.000000000000000000e+00
0.000000000000000000e+00
2.914979757085019996e-01
0.000000000000000000e+00
0.000000000000000000e+00
0.000000000000000000e+00
0.000000000000000000e+00
5.479452054794520244e-01
2.608695652173912971e-01
0.000000000000000000e+00
0.000000000000000000e+00
0.000000000000000000e+00
0.000000000000000000e+00
0.000000000000000000e+00
0.000000000000000000e+00
0.000000000000000000e+00
8.571428571428570953e-01
0.000000000000000000e+00
0.000000000000000000e+00
0.000000000000000000e+00
4.587685664106317396e-01
4.535543079658591048e-01
4.408909729727966131e-01
4.385559919406160079e-01
4.091171505870519476e-01
4.520675422462253068e-01
8.612315139090354066e-02
4.156673943521295156e-01
4.710130648866510672e-01
3.656382638227784199e-01
3.547022649049962340e-01
3.399998683618790096e-01
5.699958463360802474e-01
4.500281760797251174e-01
3.862201867668098032e-01
2.339832049810084413e-01
3.830569199316630202e-01
8.115690769689123396e-01
8.300173255165366193e-02
1.066790425634277506e-01
2.295102622902625011e-01
4.169624037008330397e-01
1.027720203717454872e-01
3.597727970168014267e-01
3.802644277751765500e-01
2.638073258601039139e-01
4.112121299719737610e-01
2.431187460430171976e-01
2.369985298891045811e-01
2.233117024866418943e-01
2.266869618980013601e-01
2.242523815351520067e-01
2.362604698874388454e-01
5.842684940708015029e-02
3.266374604864141773e-01
3.952966018883137811e-01
2.974836026157733349e-01
2.827480205275300640e-01
2.911332724258229865e-01
4.867378170738095866e-01
3.670184163617374873e-01
3.239518025209888741e-01
1.736893998672586759e-01
2.785929492934917651e-01
7.808912411691213418e-01
6.184854619347945892e-02
7.287479543337477272e-02
1.817885324531245406e-01
3.338244580563951569e-01
8.157574031458048047e-02
2.920263077229203197e-01
3.121639806542195750e-01
2.109858300566868072e-01
3.369732068096142896e-01
7.367346938775511944e-01
7.850854479544278064e-01
7.122736418511066425e-01
7.969924812030073635e-01
7.500000000000000000e-01
7.758992333982008827e-01
5.421400120659345401e-01
7.956581810492835416e-01
8.584225073978557496e-01
7.077974319730844233e-01
7.696324143692562236e-01
7.515337423312886678e-01
4.582589520109208170e-01
8.715486236688767541e-01
8.600194640469878138e-01
4.240397373529636305e-02
5.124796717469064511e-01
5.260501909438080048e-01
1.748113295443958215e-01
3.229273318522811742e-01
2.515368086956361049e-01
3.056090946042422374e-01
2.096322706221851462e-01
5.541454467260793493e-01
7.010712544671948709e-01
7.028862478777586631e-01
1.062433174185479778e-01
