8.957633991683858765e-01
8.934831414388992865e-01
8.902321466137170791e-01
8.636822401461463627e-01
8.069504139340495374e-01
8.894545032207732405e-01
3.697226735037915102e-01
3.372115884837317834e-01
6.015998381544205298e-01
6.647418029360858682e-01
5.868426241460122927e-01
1.551761534415625476e-01
3.366909374613138439e-01
8.205542867221679026e-01
8.325391451992221192e-01
8.575308340814271624e-01
2.047471642478344567e-01
8.537068474374320814e-01
2.746274770933427867e-01
7.488293195980848527e-01
7.951419102200540934e-03
2.155175282951282689e-01
6.535885992593031268e-01
2.880353607529904103e-01
5.368957207905593609e-01
8.049670590023532135e-01
1.275013729118048555e-01
9.999999999999998890e-01
9.999999999999998890e-01
9.999999999999998890e-01
1.000000000000000000e+00
8.230088495575220708e-01
1.000000000000000000e+00
1.846100759144237990e-01
3.002603146812873325e-01
1.914529914529914389e-01
3.281695156695155768e-01
9.136189481017068514e-01
1.864516220841084815e-01
3.406593406593407813e-01
5.543440123073600789e-01
6.578067241682801214e-01
6.043956043956045798e-01
1.570698061600665496e-01
5.384615384615383249e-01
5.374099968694564522e-01
3.739800684268576036e-01
4.144144144144142894e-01
5.030632223836288830e-01
3.521091184642587413e-01
1.554252199413488356e-01
7.002652519893900473e-01
1.951923076923077760e-01
5.821205821205822639e-01
5.038461538461538325e-01
4.748062015503876077e-01
4.594594594594594295e-01
3.500000000000000333e-01
5.000000000000000000e-01
5.061804043194785274e-01
4.791208791208790840e-01
0.000000000000000000e+00
0.000000000000000000e+00
0.000000000000000000e+00
0.000000000000000000e+00
0.000000000000000000e+00
0.000000000000000000e+00
3.906810035842293582e-01
3.703703703703703498e-01
7.792207792207792583e-01
3.727678571428570953e-01
4.932432432432432567e-01
0.000000000000000000e+00
0.000000000000000000e+00
0.000000000000000000e+00
0.000000000000000000e+00
0.000000000000000000e+00
5.999999999999999778e-01
0.000000000000000000e+00
0.000000000000000000e+00
0.000000000000000000e+00
9.143347058899458091e-01
9.137018048565899164e-01
8.857431783448803664e-01
9.091526941972861708e-01
8.568962532376778185e-01
9.086573810260247797e-01
3.260115264266159052e-01
3.380079738049844851e-01
5.304899461828691543e-01
4.125361051727456374e-01
6.258759785869076886e-01
2.251040490405387118e-01
3.097113286263949439e-01
8.004345250508628773e-01
3.901613044163396715e-01
3.743599523178886557e-01
1.202248932810311421e-01
5.691023429199699724e-01
3.206087841950489015e-01
5.831639248260919173e-01
1.220907393120009843e-01
2.733148155365070497e-01
3.158303596751552700e-01
1.960468076283041761e-01
4.143472551255902303e-01
3.525158114785538199e-01
4.719773554642803237e-01
8.463075129514913142e-01
8.448049068531057193e-01
7.964167930006702534e-01
8.380829323188787594e-01
7.631218453526245060e-01
8.363456201067342999e-01
2.486901418921391715e-01
2.559898793213520873e-01
4.548006490024624759e-01
3.413246122909230351e-01
5.522660846868974183e-01
1.871187093580763960e-01
2.370890916128565173e-01
7.468597651338474419e-01
3.276614222079613503e-01
2.955713058872744825e-01
7.347031013830232493e-02
5.199084084290266361e-01
2.600725407949255885e-01
4.969374593459367495e-01
9.316532663959098404e-02
2.053920577577181827e-01
2.661597352243647574e-01
1.496898540864163851e-01
3.442239323456349753e-01
2.904374677760929169e-01
3.955620061115470154e-01
7.346938775510205577e-01
7.514241325737960331e-01
8.048289738430585150e-01
7.481203007518795189e-01
7.500000000000000000e-01
7.513425605840209354e-01
2.958914594605754900e-01
5.318458617178041248e-01
6.627454189686976527e-01
8.111739292078510299e-01
5.526487788097694809e-01
1.499999999999999112e-01
4.327234234522248091e-01
7.692374461979913924e-01
8.750859993736563869e-01
9.354333689936675800e-01
4.005906065362316859e-01
8.650194463509495169e-01
5.013050608500684291e-01
6.297231925251542961e-01
5.085986891711624658e-02
2.352194108396730154e-01
7.726021093083135227e-01
1.665888519875573515e-01
7.503956713988131355e-01
8.645308314687272233e-01
1.085915544176794256e-01
