8.560872532233353427e-01
8.549152478028967383e-01
8.526189123681833237e-01
8.473276322298688434e-01
7.021373724451440701e-01
8.529542120504203240e-01
4.328057448201807489e-01
9.037663976081444783e-02
6.996170453307273274e-01
8.029144760210389364e-01
6.386729572504219465e-01
7.067076773366540721e-01
2.154913063169021648e-01
5.691736876818324076e-01
8.605701334412751979e-01
8.137771446937787090e-01
1.200517565130334585e-01
4.363108464951401810e-01
8.054348278584866350e-02
3.340427299698072172e-01
2.177205021144357211e-01
3.310552994352242706e-01
5.595989353561705570e-01
7.687524168625636811e-01
5.205533131096939936e-01
4.847577174973862757e-01
2.356053800667441411e-01
3.442725621594538432e-01
3.432508419068804884e-01
3.404030935083197096e-01
3.393517511420491850e-01
2.654867256637167827e-01
3.418894240068074408e-01
1.000000000000000000e+00
1.297459710461622562e-01
5.812560386473427654e-01
8.378545769850117564e-01
4.294459749005204996e-01
1.995795890932908767e-01
6.156901688182714327e-02
3.656428283293955417e-01
6.377096587622903545e-01
9.999999999999998890e-01
2.712537725024345980e-01
2.265023112480738510e-01
5.374099968694564522e-01
1.324397840111634639e-01
2.680180180180179450e-01
4.364375847325059343e-01
6.082183652277112218e-01
3.076923076923077094e-01
2.977145148356054039e-01
1.593406593406593297e-01
6.574141709276847267e-01
4.384615384615385136e-01
4.515503875968991943e-01
4.144144144144144004e-01
2.499999999999999445e-01
5.000000000000000000e-01
4.181719431967858558e-01
4.739130434782607981e-01
0.000000000000000000e+00
0.000000000000000000e+00
0.000000000000000000e+00
0.000000000000000000e+00
0.000000000000000000e+00
0.000000000000000000e+00
0.000000000000000000e+00
0.000000000000000000e+00
5.084745762711864181e-01
5.566666666666667540e-01
0.000000000000000000e+00
0.000000000000000000e+00
0.000000000000000000e+00
0.000000000000000000e+00
0.000000000000000000e+00
0.000000000000000000e+00
0.000000000000000000e+00
0.000000000000000000e+00
0.000000000000000000e+00
0.000000000000000000e+00
5.876055150245287351e-01
5.785877361914175676e-01
5.577395220903750284e-01
5.735125687861604149e-01
5.535012884040035885e-01
5.786783965960358156e-01
6.122795650475179041e-01
2.378153972985567188e-01
8.359972789865568465e-01
8.045851486298352118e-01
7.880139251546220969e-01
4.357319002461101931e-01
1.709653625727359794e-01
5.458104109890815625e-01
9.210100430050571774e-01
9.236623784816120342e-01
3.218817546815252451e-01
4.659472338346757336e-01
1.903208054941567529e-01
4.034604626709111797e-01
3.364032384651887142e-01
3.654818709873217664e-01
7.141167455306411949e-01
4.878248950645576176e-01
2.909258097922309272e-01
2.461083647958366427e-01
8.951408364942483598e-01
3.771447486103469138e-01
3.655434616139354720e-01
3.400190054175905030e-01
3.630450142498859445e-01
3.645090676605593494e-01
3.662628413877367373e-01
5.287418381545077040e-01
1.713753226440209443e-01
7.943325716044069562e-01
7.583857284831839740e-01
7.355001137680197143e-01
3.821899519109728249e-01
1.228190985819227476e-01
4.626669687000688480e-01
9.019002373756281887e-01
8.999430934009702288e-01
2.253967306637924550e-01
4.160279945082530073e-01
1.474936362699909020e-01
3.180866157049010989e-01
2.761595386627245796e-01
2.861741070682795041e-01
6.671878988840677094e-01
4.143385287041629339e-01
2.313140741142596379e-01
1.956459938378896091e-01
8.663599178687561020e-01
8.020408163265306811e-01
7.892283790781977615e-01
7.605633802816902378e-01
8.270676691729321739e-01
5.000000000000000000e-01
8.488411280718535235e-01
3.867451237809453879e-01
1.244350175491755195e-01
8.220439049783521135e-01
8.915685711551342152e-01
5.814572558564038429e-01
8.505747126436782324e-01
6.257459192479297716e-01
5.700000000000000622e-01
9.384490569873675803e-01
5.660396025144345256e-01
3.049269962306055959e-01
3.901533894111826051e-01
2.035876626272916656e-01
5.593530668294173225e-01
1.925662077728775845e-01
3.438131652464953003e-01
4.275666865186775745e-01
6.915697679124424013e-01
7.979945384404212305e-01
4.417379855167873348e-01
1.164175702242644661e-01
