6.279912116548280743e-01
6.223951699189891329e-01
6.202618860304588422e-01
6.135585128234988250e-01
6.645112886775701444e-01
6.242874041730080981e-01
3.851954643457180527e-01
6.340812683023230312e-01
7.594336479102323789e-01
6.830810543665264412e-01
8.342424319064272176e-01
8.310206762544667392e-01
5.175556962428018437e-01
8.472109386739291592e-01
8.010598365401531140e-01
7.554441756051200052e-02
4.219417634065665279e-01
6.827110704093772853e-01
0.000000000000000000e+00
1.263431600852522596e-01
2.288406415056122301e-01
3.171801241657405956e-01
2.063358761494189508e-01
7.001176385275926783e-01
6.721234608303203739e-01
6.933039127005804492e-01
1.604153463719224515e-01
3.012463205361056717e-01
2.942194210152315748e-01
2.977501757675181659e-01
2.838807918207526537e-01
2.212389380530973559e-01
2.975884573486393125e-01
1.887688140515484392e-01
5.676386233269599124e-01
1.661474558670820167e-01
6.928774928774928954e-01
2.938616938616939178e-01
2.267847426167973746e-01
9.748427672955974899e-01
6.307537940549355904e-01
3.744939271255061097e-01
1.785714285714286031e-01
2.114331283708630882e-01
3.674775928297053795e-01
1.119022547593976347e-01
9.673319708180266874e-02
4.056743310474651976e-01
1.847407313838185239e-01
7.060621891991258892e-02
5.756823821339951408e-01
5.825123152709358321e-01
1.115384615384615863e-01
6.981981981981982832e-01
4.807692307692307820e-01
4.166666666666666852e-01
4.594594594594594295e-01
6.000000000000000888e-01
5.000000000000000000e-01
4.970325568497472313e-01
4.316831683168316225e-01
0.000000000000000000e+00
0.000000000000000000e+00
3.495145631067960723e-01
0.000000000000000000e+00
5.662805662805663331e-01
0.000000000000000000e+00
0.000000000000000000e+00
7.766990291262134694e-01
2.608695652173912971e-01
6.626984126984126755e-01
0.000000000000000000e+00
0.000000000000000000e+00
0.000000000000000000e+00
0.000000000000000000e+00
0.000000000000000000e+00
0.000000000000000000e+00
1.000000000000000000e+00
0.000000000000000000e+00
0.000000000000000000e+00
0.000000000000000000e+00
4.463439648029736140e-01
4.437362710064867710e-01
4.336385537740951590e-01
4.313332627119854656e-01
4.235964930681104801e-01
4.420448707856737269e-01
1.387411329483574374e-01
4.327615379603907408e-01
3.999877555444772970e-01
5.202742345488575726e-01
3.342476845648660877e-01
2.346069203777561007e-01
6.857411198344175451e-01
6.566031845674713541e-01
3.305102527825325431e-01
1.662203149731547036e-01
2.850107419453750124e-01
6.813075199513620728e-01
1.359768368274054673e-01
1.652632237752872379e-01
1.538745690442575587e-01
2.579537494401487052e-01
1.260718926777573135e-01
2.858367423785193040e-01
2.630436210429412114e-01
1.503080212174976449e-01
3.390426891551516775e-01
2.317180591145254209e-01
2.280615994536176749e-01
2.168624657931241539e-01
2.202728638372330461e-01
2.368794107182466968e-01
2.271624196661191086e-01
9.669237807536129603e-02
3.427818883691182705e-01
3.270555699361615276e-01
4.469356861656528235e-01
2.642935468857712800e-01
1.955035072952154840e-01
6.125380091810317396e-01
5.809811672018735385e-01
2.723871362039160804e-01
1.195989348154776755e-01
1.949327149112878299e-01
6.377501096856195151e-01
1.033247876317330283e-01
1.163292591127277897e-01
1.187388530700995704e-01
1.924933500791700114e-01
1.007453489420085946e-01
2.257968499937493267e-01
2.070256474707781180e-01
1.155723233807205430e-01
2.703303572998808635e-01
7.704081632653061451e-01
7.949249093733816718e-01
7.545271629778673717e-01
7.631578947368420351e-01
7.500000000000000000e-01
7.910757113696693654e-01
5.079856241234221859e-01
8.735846129982938191e-01
7.427039142473206290e-01
7.595347795837403826e-01
7.536843727441578933e-01
7.933870084654151000e-01
4.314669788721103849e-01
7.854931141134551265e-01
7.853238788759511202e-01
4.382168703643096741e-02
6.016156999694177721e-01
5.728992048140986171e-01
8.781821376897092080e-02
2.459875687873631644e-01
2.695193023413181566e-01
3.542947576069046534e-01
2.320412374817979462e-01
4.264773282815941258e-01
8.368665760667213238e-01
7.339974960709623186e-01
9.830304111880716622e-02
