6.409656537150943967e-01
6.357400892498761280e-01
6.338458337461060355e-01
6.270914984548574544e-01
6.372567521158274406e-01
6.376122982099473591e-01
3.382737806393358859e-01
6.914715688991021070e-01
7.347837241100136918e-01
7.533473373598535971e-01
9.808570472346349600e-01
9.511191403232950314e-01
4.896743322451264646e-01
8.010551503424788722e-01
8.493912467450275283e-01
1.357606881384563202e-01
3.397838913275357253e-01
6.698803478344825812e-01
9.869707731702148656e-02
7.558014652078015594e-02
2.244617297688767943e-01
2.273949006430857622e-01
3.571806025813284435e-02
4.729050394990488293e-01
5.244962769154306592e-01
7.730092569332198682e-01
1.845060314847513094e-01
6.100081417924468896e-01
6.106837210739333166e-01
6.285446449496132626e-01
5.960408962366761099e-01
3.451327433628318397e-01
6.137782114961161106e-01
1.250355214549592198e-02
6.248565965583174897e-01
9.233830845771143769e-01
1.785173061768806635e-01
6.983164983164983353e-01
4.274227498526562696e-01
2.924528301886792914e-01
2.172622601279318166e-01
3.540669856459328635e-01
1.098901098901098328e-01
2.383160899036746438e-01
4.510150044130625258e-01
1.439235153520868060e-01
3.314652349506085338e-01
3.871778755499685198e-01
4.234825996336764042e-01
1.911921208954935336e-01
1.290322580645160144e-01
0.000000000000000000e+00
3.689349112426036914e-01
1.000000000000000000e+00
2.423076923076922795e-01
1.763565891472868019e-01
2.612612612612612573e-01
8.333333333333331483e-02
5.000000000000000000e-01
2.160748442952044046e-01
2.906666666666666288e-01
0.000000000000000000e+00
5.680751173708921131e-01
1.000000000000000000e+00
0.000000000000000000e+00
0.000000000000000000e+00
0.000000000000000000e+00
4.513457556935817072e-01
3.883495145631067347e-01
0.000000000000000000e+00
7.324561403508771384e-01
0.000000000000000000e+00
0.000000000000000000e+00
0.000000000000000000e+00
0.000000000000000000e+00
0.000000000000000000e+00
0.000000000000000000e+00
5.373134328358208922e-01
0.000000000000000000e+00
0.000000000000000000e+00
0.000000000000000000e+00
6.095547704453405657e-01
6.136629046506079099e-01
6.067595603834701201e-01
5.999021450246659892e-01
5.178761996897738307e-01
6.104488233145536347e-01
1.505828061194514067e-01
6.192406586269835200e-01
6.700511733921910018e-01
1.159727078453163251e-01
5.327369908593948544e-01
4.752044129739947387e-01
4.887251345995221596e-01
3.523200518176339280e-01
5.061118422566930342e-01
1.004898008647301388e-01
4.039049605137102761e-01
6.749898582727527074e-01
1.093064571354893655e-01
3.997918978426827641e-01
5.355056748634807740e-01
4.780145957738708429e-01
4.181022142647459194e-01
3.770153138346432620e-02
6.360948266953481145e-02
3.065744385496576019e-01
4.163117282709756228e-01
4.028524790349043982e-01
4.065106069635582298e-01
3.961565347864524078e-01
3.933723966839588471e-01
3.269394146979923144e-01
4.032682165142002506e-01
1.055726384111503324e-01
5.328155364865929666e-01
6.028669998917208783e-01
8.584761342812297080e-02
4.544829866826562426e-01
4.208968949006814952e-01
4.038460077842654927e-01
2.757873890740164535e-01
4.404527100261713679e-01
7.008250545730027037e-02
2.974777169236016428e-01
6.309808874044746663e-01
8.224854734302955439e-02
3.146740805868338264e-01
4.683795309346404645e-01
3.926838880378992203e-01
3.621765542098133173e-01
2.703082587470795328e-02
4.639726981572434017e-02
2.487557627768209878e-01
3.418031107335077756e-01
6.255102040816327147e-01
6.369756602796479150e-01
6.136820925553321260e-01
6.503759398496240518e-01
7.500000000000000000e-01
6.330556035120180614e-01
3.532247645244646073e-01
5.615379702369547310e-01
5.589397000738198784e-01
8.014730799230824765e-01
9.641360037261293980e-01
8.974358974358978003e-01
4.007033777389392704e-01
8.160837381448067251e-01
8.213337146209187534e-01
4.866553392439132431e-02
3.926491869470636331e-01
5.899888717685326522e-01
1.679797583847351117e-01
2.384813357884165708e-01
2.357679105890034821e-01
3.697583093105896168e-01
2.498437802770907545e-01
3.835455961900775534e-01
7.429186337609887669e-01
7.590719724736718632e-01
1.741270556718103046e-01
