5.986216120015946940e-01
5.910867304865368155e-01
5.901180906328721276e-01
5.793490908525276151e-01
6.750632085684828976e-01
5.945228065234338111e-01
3.096436463389642402e-01
8.317062994949270260e-01
8.877708263284096457e-01
7.137934665688194791e-01
9.954471741277808317e-01
8.320140265198125995e-01
5.495388207739186903e-01
7.515609776776149831e-01
8.239910918974675536e-01
5.561595833260080113e-02
6.251867276931746265e-01
5.849162496408402134e-01
4.275278652039249394e-02
1.318252937898305444e-01
2.076377166502094695e-01
1.728604672575728696e-01
4.505852806960617407e-01
5.952555213156123237e-01
5.054280022629082936e-01
6.338347227419027785e-01
1.727901483323921461e-01
3.283021231289534048e-01
3.193684926004881630e-01
3.249355519100070588e-01
3.069393082445073251e-01
2.477876106194690231e-01
3.241884057366747340e-01
1.140633387010203670e-02
5.676386233269599124e-01
4.063492063492061268e-01
3.959723685751083133e-01
3.227513227513227889e-01
2.632643802960444868e-01
1.598018117211351674e-01
4.151690526957051430e-01
2.836592299078299906e-01
2.380952380952380265e-01
3.177961500876390066e-01
3.674775928297053795e-01
8.521787093215660303e-02
9.673319708180266874e-02
2.972972972972970362e-01
3.292423884824164926e-01
2.412599515403254236e-01
1.736972704714641047e-01
2.763546798029555829e-01
2.788461538461538547e-01
3.450258769407706927e-01
5.307692307692308820e-01
5.077519379844961378e-01
7.027027027027026307e-01
4.666666666666666186e-01
5.000000000000000000e-01
6.238985725399757154e-01
7.032258064516128115e-01
0.000000000000000000e+00
0.000000000000000000e+00
4.186046511627906641e-01
9.459459459459460540e-01
9.977324263038548358e-01
0.000000000000000000e+00
3.187134502923976154e-01
0.000000000000000000e+00
2.380952380952380820e-01
9.175824175824176532e-01
0.000000000000000000e+00
0.000000000000000000e+00
0.000000000000000000e+00
0.000000000000000000e+00
0.000000000000000000e+00
0.000000000000000000e+00
0.000000000000000000e+00
0.000000000000000000e+00
0.000000000000000000e+00
0.000000000000000000e+00
4.467563315759573439e-01
4.425620075219728888e-01
4.332990031640538975e-01
4.273565713668642241e-01
3.915378160964720355e-01
4.414286632798467003e-01
4.498641308262274485e-03
7.588747207874136924e-01
6.101846724824078194e-01
2.964588897157038883e-01
4.395582840659519874e-01
1.381058556652952074e-01
4.246725218924521927e-01
6.119179470760167661e-01
3.679938327609950655e-01
1.986171104345755278e-01
5.238559594093489258e-01
4.966548174174649777e-01
5.625429202267762108e-02
1.603747488632897289e-01
2.785651363236223421e-01
3.725958624302154742e-01
2.243035772160655306e-01
2.603581498089417856e-01
1.069845079747648864e-01
3.110813318663965266e-01
2.357408059209560314e-01
2.320921405393464310e-01
2.270039970696765552e-01
2.165627946930547831e-01
2.167797112253749825e-01
2.093529121356470513e-01
2.266087707397475837e-01
2.922709499994291527e-03
6.918024823047231875e-01
5.379022624548057685e-01
2.351729423707029643e-01
3.621158066356254257e-01
1.121846415740719305e-01
3.416776874012278364e-01
5.322716185783951115e-01
3.069021788113138749e-01
1.450736493859270948e-01
4.135984034289226785e-01
4.465052003704603756e-01
4.149957871078557847e-02
1.126101520101822073e-01
2.243312036810889420e-01
2.926508752961612947e-01
1.843081873284121430e-01
2.037189640103100330e-01
7.937633137223387703e-02
2.527939893141787353e-01
1.804971605850470562e-01
6.775510204081633958e-01
6.504401864319004911e-01
6.639839034205232693e-01
6.691729323308270860e-01
1.000000000000000000e+00
6.885824660780128781e-01
3.001966552088843887e-01
8.062707301473976962e-01
8.275025485332112574e-01
7.553280471076315727e-01
8.937188960941032656e-01
7.652399481193254971e-01
4.877981638748571935e-01
6.848630136986300077e-01
8.561862648079747729e-01
2.588480744072807482e-03
7.051594913744470006e-01
5.130932896890345596e-01
1.472095406689648556e-01
2.455590386624870725e-01
2.149048015898455954e-01
1.871422000495346349e-01
5.933474565744600859e-01
4.891029867330969338e-01
7.284607938044529440e-01
6.774193548387095198e-01
1.801851064260687751e-01
