6.242023172553258226e-01
6.180445304937076667e-01
6.149231873191278730e-01
6.087091668971453817e-01
6.871704075468192396e-01
6.201428075100191561e-01
4.185598204484080043e-01
7.290666829697162177e-01
8.389690931638142946e-01
6.961686096420884873e-01
8.143368576941212300e-01
8.092107031386652771e-01
4.983570836253419234e-01
8.620418353809918832e-01
8.071750923123455213e-01
4.982986995983451628e-02
4.549213883105158729e-01
6.405424974027553731e-01
5.618279144939486436e-02
7.140649019346256843e-02
2.283499787539099435e-01
2.412706571541356482e-01
2.677211178613192466e-01
6.771522840457921966e-01
7.362145320352444511e-01
6.019808178835150958e-01
1.744682353943415309e-01
3.033757124068390820e-01
2.951771866407142952e-01
2.984532458401687460e-01
2.836632586469436945e-01
2.212389380530973559e-01
2.989101765800289412e-01
1.887688140515484392e-01
5.676386233269599124e-01
1.526925698704839629e-01
3.974178657722960972e-01
2.573839662447258148e-01
2.267847426167973746e-01
9.748427672955974899e-01
2.624631942329170853e-01
3.744939271255061097e-01
9.054325955734410236e-02
3.279259616797129406e-01
6.363636363636362425e-01
1.715497009614656010e-01
9.673319708180266874e-02
4.056743310474651976e-01
1.847407313838185239e-01
2.554517133956387687e-01
5.756823821339951408e-01
5.825123152709358321e-01
7.765335929892902556e-02
6.981981981981982832e-01
4.423076923076923461e-01
4.166666666666666852e-01
4.594594594594594295e-01
4.666666666666666186e-01
1.000000000000000000e+00
4.913655071266702645e-01
4.316831683168316225e-01
0.000000000000000000e+00
0.000000000000000000e+00
5.625000000000000000e-01
0.000000000000000000e+00
7.857142857142858094e-01
0.000000000000000000e+00
0.000000000000000000e+00
5.015673981191222097e-01
2.608695652173912971e-01
6.626984126984126755e-01
0.000000000000000000e+00
0.000000000000000000e+00
0.000000000000000000e+00
4.290780141843971718e-01
0.000000000000000000e+00
0.000000000000000000e+00
9.350649350649351543e-01
0.000000000000000000e+00
0.000000000000000000e+00
0.000000000000000000e+00
4.466674756111477795e-01
4.415607938630181084e-01
4.290498254692501900e-01
4.286093888201284452e-01
4.426167445108770138e-01
4.406630351446504945e-01
1.497088155181338642e-01
4.256363956527412507e-01
4.043652528855370409e-01
3.572795178907994806e-01
4.225399753609566655e-01
2.980995594118134306e-01
6.844928910511297593e-01
4.272446036055810303e-01
3.623265546945875215e-01
1.724108231746173114e-01
3.826625283055135052e-01
7.609861610328036985e-01
1.376866128701892400e-01
1.569516381713927933e-01
1.549571700932192986e-01
3.199728167936215506e-01
2.133434376181966297e-01
3.357106231412001485e-01
3.768801584097731805e-01
1.264811611770229050e-01
3.878831878054009863e-01
2.320115092586037819e-01
2.261041554600604908e-01
2.128298842883605824e-01
2.178772581917657047e-01
2.539536996018837978e-01
2.259217923981567677e-01
1.049138457123272028e-01
3.360265683697493122e-01
3.311728048452005635e-01
2.898054014946850332e-01
3.458352636294058091e-01
2.525351059769904705e-01
6.111327975185861794e-01
3.451726471328570023e-01
3.016363610995818068e-01
1.244121708755944744e-01
2.782394010819538854e-01
7.244984299373564696e-01
1.046894221213539033e-01
1.100159729178442070e-01
1.196195247724219923e-01
2.455604379278748528e-01
1.747648428003956145e-01
2.701192473741869660e-01
3.090172150817251939e-01
9.643213015515528230e-02
3.150813812148535176e-01
7.285714285714286476e-01
7.405489383738994569e-01
7.002012072434609102e-01
7.518796992481202590e-01
7.500000000000000000e-01
7.546343370239980697e-01
5.365675403225804718e-01
8.973233253080299399e-01
8.859968766267569684e-01
7.698093432591972540e-01
7.520639834881318597e-01
8.352402745995424205e-01
3.983453347632910369e-01
8.167826086956520015e-01
8.505918659186044728e-01
1.046369283508874481e-02
6.098660401497228989e-01
5.550489699425869006e-01
1.748113295443958215e-01
2.177045805455481986e-01
2.830254108802631174e-01
3.155226422657240182e-01
2.320412374817979462e-01
4.470789538010269126e-01
8.288033360637425684e-01
5.837669094693027638e-01
1.272387278827524781e-01
