7.457042663362777324e-01
7.384113374294538623e-01
7.343072184960697246e-01
7.106976583387112356e-01
6.664343138621682261e-01
7.370885439295926655e-01
1.479996246794579307e-01
3.438741827239056859e-01
7.470142641338004541e-01
9.676308501656580852e-01
8.309279897558756733e-01
1.185834851839184800e-01
3.544755784877664517e-01
7.914192881359024545e-01
7.885507535221578657e-01
6.215767628118911148e-01
4.753776139878784779e-01
8.087208301598884930e-01
2.787953395160762682e-01
1.141119599550712849e-01
1.528354678338367245e-01
4.251617348708947031e-01
2.972337287124049432e-01
6.164357270104758868e-01
3.447436749916750198e-01
7.759549576251825176e-01
1.705901221134663581e-01
9.597294419740715066e-01
9.353971637779219250e-01
9.661354581673305963e-01
9.219055906025669378e-01
7.345132743362831063e-01
9.505957084025531412e-01
2.329533520459796669e-01
1.000000000000000000e+00
3.753086419753085545e-01
9.999999999999998890e-01
6.810207336523125266e-01
5.560614721952644723e-01
4.177897574123989877e-01
5.960049377174280183e-01
6.090309997340346282e-01
1.879699248120300092e-01
5.091370357157014581e-01
6.727272727272723962e-01
4.690624690624690674e-01
2.724610034438518236e-01
2.788051209103840078e-01
8.496577767288173710e-01
8.451194184839044832e-01
1.376986037554164266e-01
2.206896551724136790e-01
4.378575969485061226e-01
7.869634340222576574e-01
3.653846153846153633e-01
3.488372093023255904e-01
4.144144144144144004e-01
2.000000000000000111e-01
5.000000000000000000e-01
3.748241610861555717e-01
0.000000000000000000e+00
0.000000000000000000e+00
2.901678657074340806e-01
0.000000000000000000e+00
0.000000000000000000e+00
0.000000000000000000e+00
0.000000000000000000e+00
0.000000000000000000e+00
0.000000000000000000e+00
3.448275862068965747e-01
5.706150341685649607e-01
0.000000000000000000e+00
0.000000000000000000e+00
0.000000000000000000e+00
0.000000000000000000e+00
0.000000000000000000e+00
0.000000000000000000e+00
9.473684210526315264e-01
0.000000000000000000e+00
0.000000000000000000e+00
4.659913169319826465e-02
7.630644315316572612e-01
7.530488054994401992e-01
7.443916807866720609e-01
7.380840986035661633e-01
6.846994150340968144e-01
7.539294934433097284e-01
2.781493493941669115e-01
7.606543500141605962e-01
4.546977442860886676e-01
5.529083792016182830e-01
7.235352393093748002e-01
4.420967844413450365e-01
3.198721439805011224e-01
5.102445969394155956e-01
6.339874981997701830e-01
1.521517357376502844e-01
6.058197460485467145e-01
7.444191626079164070e-01
1.353252686782921987e-01
2.603945259061636319e-01
3.590860538775768607e-01
3.959992137476804341e-01
4.716080805236229079e-01
8.692049059198003746e-02
1.197407546467286199e-01
3.891419255327577265e-01
4.539077220301279691e-01
6.060412012755816979e-01
5.905583978360882114e-01
5.764469816746379260e-01
5.717414190971241705e-01
5.196059756197118906e-01
5.922981377470780684e-01
2.074948866933886138e-01
6.939210098036722174e-01
3.793496083750978465e-01
4.802715883733417179e-01
6.606524518691851977e-01
3.883855001939116036e-01
2.459714070608739478e-01
4.264325087555300708e-01
5.730342800283596549e-01
1.087562291807995241e-01
5.002604685261453632e-01
7.062517354838981909e-01
1.028051749786642599e-01
1.920794424835570169e-01
2.969783505171764704e-01
3.142021605316475119e-01
4.143259250794807391e-01
6.357757420695264727e-02
8.928212055472606323e-02
3.244901145236223083e-01
3.779030132849288126e-01
7.591836734693877542e-01
7.571206628689797213e-01
7.605633802816902378e-01
7.293233082706767068e-01
7.500000000000000000e-01
7.767369951251343885e-01
9.775673744385460218e-02
3.708409928940776812e-01
7.317573567688397951e-01
9.458610566260268193e-01
7.815789473684208177e-01
8.676789587852473673e-02
5.043939182591714587e-01
8.401769911504424204e-01
7.604518631685142083e-01
6.153565720677931505e-01
5.638752335258558901e-01
7.729902964479660188e-01
3.890062070166313557e-01
1.830904631366325752e-01
1.580146410279850144e-01
4.777187384878587295e-01
3.791961498198332947e-01
5.070109553121042723e-01
5.678138665420435771e-01
7.839459864966238367e-01
1.272387278827524781e-01
