5.071578662319040642e-01
5.048225627464406617e-01
5.059296777824250357e-01
4.894618168374455514e-01
6.696215142828969569e-01
5.064600071943863302e-01
3.927505622534217533e-01
1.000000000000000000e+00
6.923958394388944892e-01
7.014408274146495259e-01
5.151783392794524463e-01
2.653162612435484569e-01
3.869897860674338386e-01
7.703298601686067171e-01
7.562302237642490876e-01
2.542929234829691687e-01
1.000000000000000222e+00
6.877430726505240344e-01
1.139123474590564289e-01
6.228085931473945625e-01
2.374832094182274256e-01
3.459250711319896698e-01
1.989156716565427807e-01
4.219132708699793177e-01
6.843691043312440936e-01
8.140494676004990104e-01
3.486973622373400472e-01
2.595352915387987291e-01
2.708314023542497395e-01
2.773611436606515102e-01
2.653904720469871803e-01
2.389380530973451155e-01
2.650686393939758467e-01
3.008117934160068341e-01
4.001292650741928858e-01
2.495126705653020194e-01
4.584223646723647461e-01
6.357223023889689850e-01
2.528416266734022644e-01
3.668052446434282299e-01
4.609808102345415159e-01
3.710370601058861073e-01
1.879699248120300092e-01
5.291408555768168931e-01
3.726453726453726745e-01
3.604005791505792144e-01
1.828548899639537151e-01
8.828828828828828579e-01
4.035874439461881735e-01
5.311773722988678559e-01
8.436724565756814620e-02
1.507515473032713382e-01
6.333116036505869184e-01
7.413127413127412746e-01
4.076923076923077427e-01
3.488372093023255904e-01
4.144144144144144004e-01
2.000000000000000111e-01
5.000000000000000000e-01
3.795721229647305295e-01
3.406249999999999556e-01
0.000000000000000000e+00
0.000000000000000000e+00
0.000000000000000000e+00
0.000000000000000000e+00
0.000000000000000000e+00
0.000000000000000000e+00
2.422222222222221999e-01
0.000000000000000000e+00
0.000000000000000000e+00
6.574803149606298636e-01
0.000000000000000000e+00
0.000000000000000000e+00
0.000000000000000000e+00
0.000000000000000000e+00
0.000000000000000000e+00
0.000000000000000000e+00
0.000000000000000000e+00
0.000000000000000000e+00
0.000000000000000000e+00
0.000000000000000000e+00
3.966376645970594583e-01
3.965918358317523928e-01
3.893611442699307368e-01
3.792268846842253849e-01
3.833405754398294119e-01
3.929470420131134234e-01
4.907911884213198572e-01
6.685914466723884564e-01
5.658331552650741614e-01
4.075327921184002111e-01
7.163825167043940123e-01
6.121355520573845688e-01
4.950754334026273851e-01
5.724166131177010897e-01
4.439978200508651884e-01
1.075954184132617009e-01
7.440569119608889670e-01
5.677847905990505151e-01
2.641697453199272072e-01
4.457740754929263582e-01
7.696357265550253235e-01
4.881529891212372796e-01
6.979859259555449835e-01
2.643753287484633674e-01
2.140967488599339053e-01
8.626189718650363325e-01
6.718595211730435945e-01
1.887902704582593849e-01
1.874945359672374190e-01
1.795025060950850293e-01
1.766602111080744497e-01
2.025668759720314349e-01
1.851229351462409245e-01
4.028470568755094239e-01
5.873730334306879186e-01
4.911784018223518955e-01
3.365858267593838660e-01
6.525105495794394361e-01
5.604324151772257512e-01
4.101613623366172634e-01
4.903281615863497311e-01
3.791526910406149975e-01
7.529521288590662609e-02
6.598771524750779438e-01
5.185546753592222835e-01
2.101464787637266074e-01
3.581373220458228812e-01
7.217895150479683997e-01
4.027049786961468536e-01
6.495290073374534456e-01
2.071746002976538326e-01
1.654742812840206412e-01
8.303876497776865317e-01
6.042597577447801349e-01
4.908163265306122458e-01
4.826514759192128690e-01
5.090543259557345213e-01
4.924812030075187419e-01
1.000000000000000000e+00
5.190151783858014678e-01
4.343077956989247479e-01
1.000000000000000000e+00
7.795721008603004876e-01
8.403146340999445574e-01
4.629934210526313043e-01
3.352411477411472163e-01
3.619641002818572151e-01
7.799785295349810355e-01
7.881947731513667676e-01
2.942398265168117977e-01
1.000000000000000000e+00
7.186761229314422295e-01
2.510891275364479647e-01
6.839804778780900207e-01
2.612592899155119497e-01
3.832757418884629175e-01
2.394868695890841614e-01
3.492778304560264502e-01
8.532490319457888273e-01
7.194202844925869922e-01
3.087710971514866509e-01
