2.403319097731030154e-02
7.299635883113460288e-02
9.395251436171667136e-02
8.528442290443150053e-02
4.777847089699040206e-02
7.291532092854989544e-02
8.063925650492713426e-02
4.084790287928707214e-02
7.080113381305239151e-02
1.067116496934480824e-01
6.790479187352553569e-02
6.559499772993199196e-02
4.465164197480708808e-02
1.080059072100909845e-01
8.198082807649550996e-02
8.663169900744499552e-02
9.479639352810798059e-02
7.626241880090796343e-02
1.338542800931650512e-01
7.637025362011200247e-02
8.869875275453351082e-02
8.925242786535999423e-03
1.297929296098471463e-01
5.546052850134890189e-02
1.099036892397959458e-01
1.906031602433078398e-01
1.076809502541367924e-01
8.064626599454580158e-02
2.095700415866172395e-02
4.744442024679091513e-02
1.306141733446034847e-01
5.856192506425030725e-02
9.412476884064099880e-02
7.734226103689800791e-02
5.733575511773226357e-02
9.698542357991550567e-02
8.614845137071490411e-02
1.131091810406873177e-01
1.411259233075291275e-01
8.436001616731295116e-02
6.459542959651799754e-02
1.181941332585255688e-01
1.131711926531000015e-02
6.996924202931945058e-02
5.973349100210827156e-02
7.382580888857688539e-02
7.799436727853900631e-02
8.918188555494438452e-02
5.559812880280513847e-02
6.505055053761837902e-02
3.312416718035392227e-02
9.368864321488165614e-02
9.848716084205172416e-02
5.575508366030899887e-02
9.286772127420701850e-02
4.635032467172930243e-02
9.192852423435951548e-02
8.196704771818179303e-02
1.002705625708240067e-01
5.123340358855280052e-02
9.567075278898395929e-02
7.006732162038024903e-02
7.131606113065341868e-02
2.276342938981310016e-02
4.679662036712350232e-02
1.484508673740059237e-01
1.245759285762990665e-01
1.473566759244660240e-01
9.901187448554320258e-02
1.358162410311221646e-01
8.305881673924273012e-02
8.483570533635274857e-02
9.534369298614414623e-02
1.714023575486217088e-01
1.220510340805486954e-01
6.058866737783154960e-02
1.876774067334275042e-01
1.583510816966079982e-01
1.360574148786033999e-01
1.439001613040155059e-01
2.644684534377685359e-01
1.889693153253574898e-01
2.024236205184610018e-02
1.378992458944990063e-01
1.919612115723836332e-01
2.228536280987766516e-01
4.316996814843480912e-02
1.033467814865804413e-01
1.498492685424474280e-01
1.473009568736300401e-01
1.211884082578796040e-01
2.293189427020084215e-01
1.203505132568274960e-01
1.168657156653478413e-01
9.584731362988173353e-02
1.761609644282194909e-01
2.441061719554553089e-01
2.496133530686293067e-01
2.645587795614187110e-01
2.417216954144965901e-01
7.283015524992800249e-02
2.138211562170100055e-01
1.569543892645347272e-01
2.256837042122625259e-01
2.056950811684714608e-01
5.554448209421299770e-02
3.472692844329278716e-01
1.471220073970719022e-01
2.841222197469777111e-01
3.381077177104016562e-01
6.194494275020479696e-02
2.280985390413332037e-01
1.524476587558404594e-01
2.049420857971785415e-01
1.778226756301301836e-01
7.083324105448879360e-02
2.403319097731030154e-02
7.299635883113460288e-02
9.395251436171667136e-02
8.528442290443150053e-02
4.777847089699040206e-02
7.291532092854989544e-02
8.063925650492713426e-02
4.084790287928707214e-02
7.080113381305239151e-02
1.067116496934480824e-01
6.790479187352553569e-02
6.559499772993199196e-02
4.465164197480708808e-02
1.080059072100909845e-01
8.198082807649550996e-02
8.663169900744499552e-02
9.479639352810798059e-02
7.626241880090796343e-02
1.338542800931650512e-01
7.637025362011200247e-02
8.869875275453351082e-02
8.925242786535999423e-03
1.297929296098471463e-01
5.546052850134890189e-02
1.099036892397959458e-01
1.906031602433078398e-01
1.076809502541367924e-01
8.064626599454580158e-02
2.095700415866172395e-02
4.744442024679091513e-02
1.306141733446034847e-01
5.856192506425030725e-02
9.412476884064099880e-02
7.734226103689800791e-02
5.733575511773226357e-02
9.698542357991550567e-02
8.614845137071490411e-02
1.131091810406873177e-01
1.411259233075291275e-01
8.436001616731295116e-02
6.459542959651799754e-02
1.181941332585255688e-01
1.131711926531000015e-02
6.996924202931945058e-02
5.973349100210827156e-02
7.382580888857688539e-02
7.799436727853900631e-02
8.918188555494438452e-02
5.559812880280513847e-02
6.505055053761837902e-02
3.312416718035392227e-02
9.368864321488165614e-02
9.848716084205172416e-02
5.575508366030899887e-02
9.286772127420701850e-02
4.635032467172930243e-02
9.192852423435951548e-02
8.196704771818179303e-02
1.002705625708240067e-01
5.123340358855280052e-02
9.567075278898395929e-02
7.006732162038024903e-02
7.131606113065341868e-02
2.276342938981310016e-02
7.283015524992800249e-02
2.138211562170100055e-01
1.569543892645347272e-01
2.256837042122625259e-01
2.056950811684714608e-01
5.554448209421299770e-02
3.472692844329278716e-01
1.471220073970719022e-01
2.841222197469777111e-01
3.381077177104016562e-01
6.194494275020479696e-02
2.280985390413332037e-01
1.524476587558404594e-01
2.049420857971785415e-01
1.778226756301301836e-01
7.083324105448879360e-02
6.105190888722369924e-02
2.051825044992692249e-01
2.886677469483269753e-01
1.522505886573109479e-01
1.680817715474686447e-01
5.599870070907320141e-02
3.060919026860622894e-01
2.097761420542934852e-01
1.614885739912962359e-01
3.268763630055092073e-01
6.398638697460840019e-02
2.117246241468788981e-01
2.162239726558317088e-01
1.497691174787849910e-01
2.082145807210966648e-01
6.012542586843939996e-02
6.539665431351410207e-02
1.700862662562965810e-01
1.629333446529549478e-01
2.255982733326260814e-01
1.592444169599294412e-01
6.970057139482339903e-02
3.443344279494489069e-01
1.553152084040808345e-01
3.439599555550390542e-01
2.733816184553682360e-01
7.971474552997970253e-02
1.735026044196258943e-01
2.305783476663009757e-01
2.726809651834380399e-01
1.635673049949059876e-01
6.479868298660830528e-02
5.926951257774570186e-02
1.848382501723953852e-01
1.881291179890371146e-01
2.417111707294972434e-01
1.946116760689594882e-01
6.118893379842380020e-02
2.529494490891974756e-01
1.753502020929071925e-01
3.745626353787580576e-01
2.371483306572169658e-01
6.937600354354679644e-02
1.647142033002851891e-01
1.913659747281551970e-01
1.871119302047820065e-01
2.007210133559725884e-01
5.872690696343869921e-02
5.632783835460689753e-02
1.890316976359040779e-01
3.336832598782885073e-01
2.028513577270747714e-01
2.242976133989518783e-01
6.049152129458049837e-02
2.817240895634777198e-01
2.020405409506744743e-01
1.993141735015538929e-01
2.124567205829155370e-01
6.842023668027490124e-02
1.907556676745423008e-01
2.354990882715548017e-01
1.823814354759304979e-01
2.343712563597837584e-01
5.570033294698679971e-02
6.308667358155570226e-02
2.454093064141304736e-01
2.376296449413648204e-01
2.155345812124184746e-01
2.294080991448781415e-01
6.558563081136739581e-02
2.836242631398270819e-01
2.234871395192234989e-01
3.031332937142179884e-01
3.122493198923634861e-01
7.482106801814600305e-02
2.437809224829797783e-01
1.578366486658077106e-01
2.526179991362537680e-01
1.481304020586061698e-01
6.148468327470440337e-02
2.403319097731031889e-02
7.299635883113397838e-02
9.395251436171578319e-02
8.528442290443191687e-02
4.777847089698963184e-02
7.291532092854892400e-02
8.063925650492749508e-02
4.084790287928619090e-02
7.080113381305230824e-02
1.067116496934472913e-01
6.790479187352428669e-02
6.559499772993050704e-02
4.465164197480660235e-02
1.080059072100902212e-01
8.198082807649513526e-02
8.663169900744401020e-02
9.479639352810780017e-02
7.626241880090789405e-02
1.338542800931642462e-01
7.637025362011180818e-02
8.869875275453299734e-02
8.925242786536068812e-03
1.297929296098473406e-01
5.546052850134797901e-02
1.099036892397943221e-01
1.906031602433071181e-01
1.076809502541368480e-01
8.064626599454541300e-02
2.095700415866116884e-02
4.744442024679016573e-02
1.306141733446038733e-01
5.856192506424982153e-02
9.412476884064041593e-02
7.734226103689761933e-02
5.733575511773139621e-02
9.698542357991472851e-02
8.614845137071476533e-02
1.131091810406861659e-01
1.411259233075285169e-01
8.436001616731299280e-02
6.459542959651810856e-02
1.181941332585241533e-01
1.131711926530975902e-02
6.996924202931864567e-02
5.973349100210770951e-02
7.382580888857663559e-02
7.799436727853918672e-02
8.918188555494373226e-02
5.559812880280508990e-02
6.505055053761790718e-02
3.312416718035272878e-02
9.368864321488022673e-02
9.848716084205061394e-02
5.575508366030883928e-02
9.286772127420631073e-02
4.635032467172871956e-02
9.192852423435901588e-02
8.196704771818126567e-02
1.002705625708228548e-01
5.123340358855234949e-02
9.567075278898391766e-02
7.006732162037934697e-02
7.131606113065340480e-02
2.276342938981298220e-02
