2.557879887950680053e-02
7.347599017107028785e-02
9.484524135840800840e-02
9.700689277094699803e-02
5.158547102829959957e-02
6.539329798921829362e-02
8.037210387839147097e-02
4.229579588352182923e-02
6.945329418704294933e-02
9.466696082953930669e-02
6.722708036663375963e-02
6.512298013732024937e-02
4.782895171791842759e-02
1.053352271587691541e-01
9.262787728059748704e-02
1.014193358604595085e-01
9.900555931362790829e-02
7.275803480099589382e-02
1.210293026334257477e-01
8.099507277188300325e-02
7.832086483884551087e-02
8.209818354426100251e-03
1.150043121602917495e-01
5.529392887943980484e-02
1.043557647380426584e-01
1.769730032631410266e-01
1.009847770713409587e-01
7.690724881202001817e-02
2.412368095420366898e-02
4.519545117230548692e-02
1.278886459816682419e-01
5.796662377377855696e-02
9.847770713411800603e-02
7.835429243800801080e-02
5.417122439124433253e-02
9.704032037010999756e-02
8.418861188551711450e-02
1.025090755931726133e-01
1.315427151626409885e-01
8.111081583398495332e-02
6.611979114436000726e-02
1.172961083589053183e-01
1.216096057548949998e-02
6.829545031273878686e-02
5.581011178796898425e-02
7.206544678214739374e-02
7.715089886814099907e-02
9.004652378967914483e-02
5.962146586707815082e-02
6.500464643628323103e-02
3.423788416668280266e-02
1.100025147839983064e-01
1.007600407508145585e-01
5.164564070679299873e-02
8.980138806248380567e-02
4.689770607659051599e-02
9.811000354332549689e-02
7.874116118565466227e-02
1.054640753591794960e-01
5.209357053557679695e-02
1.128404322411421246e-01
7.142968568187670064e-02
7.202043094860820227e-02
2.436203426997459939e-02
4.994083314948150054e-02
1.496620469724620484e-01
1.246078854650815027e-01
1.700796245412060093e-01
1.036790415638768059e-01
1.273496020683087815e-01
8.094371582407823562e-02
8.596706480390609029e-02
9.495838871678709270e-02
1.583285699004523817e-01
1.212198399486548450e-01
6.803535971439438057e-02
1.854897477553364982e-01
1.736229500524810176e-01
1.396364414315031666e-01
1.400282128936934933e-01
2.489179486150945309e-01
1.837849401980249930e-01
2.037077892991559849e-02
1.257312287316900701e-01
1.838926513508834792e-01
2.073318272680471641e-01
4.708350010798546120e-02
9.801239495376927457e-02
1.549012660146053266e-01
1.465020245982556479e-01
1.174281473755991595e-01
2.180067791171100000e-01
1.177654318511535125e-01
1.129020200602059293e-01
1.079065186046874042e-01
1.842863541854694864e-01
2.509911150629433041e-01
2.386030124549569087e-01
2.597490289412283104e-01
2.506568435408713102e-01
7.696987524903389777e-02
2.124376579443499891e-01
1.496430470544308500e-01
2.450429677963136543e-01
2.019847086469933328e-01
5.054219203358779888e-02
3.266289160170610661e-01
1.465121876211741003e-01
2.864659241332278561e-01
3.189729327396629843e-01
6.253593442885979625e-02
2.239901589805984028e-01
1.645567802355564213e-01
2.019431333484870417e-01
1.818862521104828434e-01
7.543890144272549780e-02
2.557879887950680053e-02
7.347599017107028785e-02
9.484524135840800840e-02
9.700689277094699803e-02
5.158547102829959957e-02
6.539329798921829362e-02
8.037210387839147097e-02
4.229579588352182923e-02
6.945329418704294933e-02
9.466696082953930669e-02
6.722708036663375963e-02
6.512298013732024937e-02
4.782895171791842759e-02
1.053352271587691541e-01
9.262787728059748704e-02
1.014193358604595085e-01
9.900555931362790829e-02
7.275803480099589382e-02
1.210293026334257477e-01
8.099507277188300325e-02
7.832086483884551087e-02
8.209818354426100251e-03
1.150043121602917495e-01
5.529392887943980484e-02
1.043557647380426584e-01
1.769730032631410266e-01
1.009847770713409587e-01
7.690724881202001817e-02
2.412368095420366898e-02
4.519545117230548692e-02
1.278886459816682419e-01
5.796662377377855696e-02
9.847770713411800603e-02
7.835429243800801080e-02
5.417122439124433253e-02
9.704032037010999756e-02
8.418861188551711450e-02
1.025090755931726133e-01
1.315427151626409885e-01
8.111081583398495332e-02
6.611979114436000726e-02
1.172961083589053183e-01
1.216096057548949998e-02
6.829545031273878686e-02
5.581011178796898425e-02
7.206544678214739374e-02
7.715089886814099907e-02
9.004652378967914483e-02
5.962146586707815082e-02
6.500464643628323103e-02
3.423788416668280266e-02
1.100025147839983064e-01
1.007600407508145585e-01
5.164564070679299873e-02
8.980138806248380567e-02
4.689770607659051599e-02
9.811000354332549689e-02
7.874116118565466227e-02
1.054640753591794960e-01
5.209357053557679695e-02
1.128404322411421246e-01
7.142968568187670064e-02
7.202043094860820227e-02
2.436203426997459939e-02
7.696987524903389777e-02
2.124376579443499891e-01
1.496430470544308500e-01
2.450429677963136543e-01
2.019847086469933328e-01
5.054219203358779888e-02
3.266289160170610661e-01
1.465121876211741003e-01
2.864659241332278561e-01
3.189729327396629843e-01
6.253593442885979625e-02
2.239901589805984028e-01
1.645567802355564213e-01
2.019431333484870417e-01
1.818862521104828434e-01
7.543890144272549780e-02
6.424116007140129314e-02
1.934146356216593921e-01
2.991435849094444821e-01
1.674905050424013164e-01
1.638566493947038460e-01
5.245458860653710170e-02
2.840343100877808502e-01
2.097910980760615551e-01
1.613215935605072371e-01
3.159503739940571210e-01
6.226893172078590277e-02
2.091153720157508944e-01
2.338355272980915944e-01
1.464128843338212416e-01
2.114193910886669192e-01
6.435481390855539441e-02
6.797882013157190151e-02
1.671679827099144255e-01
1.666508580922072547e-01
2.410905735971251851e-01
1.572709090253255615e-01
6.389394020431080068e-02
3.220869029004337913e-01
1.543216324811467199e-01
3.497730890949623528e-01
2.527471592428532920e-01
7.705113119751830220e-02
1.760625825139410516e-01
2.462029032367856196e-01
2.725978158868460066e-01
1.650866449162964877e-01
6.947638658608329409e-02
6.323249206083900176e-02
1.834652728184400228e-01
1.873307705164632131e-01
2.566818105845347087e-01
1.901413263505858653e-01
5.522313220792240268e-02
2.421669396623764570e-01
1.729299682433559082e-01
3.793542309270204749e-01
2.213311047969245549e-01
6.666889520307529848e-02
1.672092433939169620e-01
2.052859914685812304e-01
1.854396981924977261e-01
2.033036814183395991e-01
6.381414006351320001e-02
6.064556674288310023e-02
1.823831533406725935e-01
3.349120390798758229e-01
2.194772547975643584e-01
2.185649669303243725e-01
5.528367229598719901e-02
2.647385240750398383e-01
2.010836702160060385e-01
2.012314974527658062e-01
1.959439809057723358e-01
6.719082193429329330e-02
1.923806467510585649e-01
2.496423175150760121e-01
1.862130556042317364e-01
2.347220652106525585e-01
5.970957519354960080e-02
6.507859038730250123e-02
2.422734813674354004e-01
2.460198030393184743e-01
2.279668121920398471e-01
2.296218386522117794e-01
5.908151872329889948e-02
2.654222352964771270e-01
2.227025313010083107e-01
3.087422195182282780e-01
2.896124300508779448e-01
7.198491706390859612e-02
2.496844526189815339e-01
1.676238358527271655e-01
2.563686850790804495e-01
1.487132294663322529e-01
6.562013197569080414e-02
2.557879887950687686e-02
7.347599017106955233e-02
9.484524135840650960e-02
9.700689277094681762e-02
5.158547102829947467e-02
6.539329798921746095e-02
8.037210387839041625e-02
4.229579588352174596e-02
6.945329418704258850e-02
9.466696082953908464e-02
6.722708036663367637e-02
6.512298013732056856e-02
4.782895171791823330e-02
1.053352271587694455e-01
9.262787728059689030e-02
1.014193358604592726e-01
9.900555931362789441e-02
7.275803480099600484e-02
1.210293026334259697e-01
8.099507277188310039e-02
7.832086483884517780e-02
8.209818354426119333e-03
1.150043121602902091e-01
5.529392887943953422e-02
1.043557647380410625e-01
1.769730032631412764e-01
1.009847770713394877e-01
7.690724881201906060e-02
2.412368095420307224e-02
4.519545117230516079e-02
1.278886459816677978e-01
5.796662377377817532e-02
9.847770713411757582e-02
7.835429243800744181e-02
5.417122439124425620e-02
9.704032037011026124e-02
8.418861188551708674e-02
1.025090755931719610e-01
1.315427151626396285e-01
8.111081583398402350e-02
6.611979114435934113e-02
1.172961083589043607e-01
1.216096057548924844e-02
6.829545031273807909e-02
5.581011178796804056e-02
7.206544678214704680e-02
7.715089886814047171e-02
9.004652378967932524e-02
5.962146586707760959e-02
6.500464643628230121e-02
3.423788416668199081e-02
1.100025147839978484e-01
1.007600407508141838e-01
5.164564070679202729e-02
8.980138806248394445e-02
4.689770607659034252e-02
9.811000354332548301e-02
7.874116118565435696e-02
1.054640753591788160e-01
5.209357053557651940e-02
1.128404322411407507e-01
7.142968568187633982e-02
7.202043094860771655e-02
2.436203426997453000e-02
