2.491372266868279936e-02
7.752876003427805474e-02
9.747610859765266922e-02
8.926502688926001017e-02
5.477848371401040223e-02
7.921661402631577364e-02
8.859321111311885266e-02
4.419562592884966612e-02
7.100678305390294154e-02
1.032462226991691934e-01
6.081637257173506256e-02
6.101240198529270242e-02
4.423008914307994394e-02
1.146571134315481633e-01
7.969220638269298995e-02
8.524078387376050892e-02
1.085575583154935048e-01
9.623689725637184222e-02
1.292184432276868022e-01
8.164335451142000488e-02
1.004841286294400060e-01
1.081667743863020011e-02
1.334016235178382415e-01
6.179408070436402667e-02
1.087710883206166879e-01
2.000835889596052908e-01
1.063497676914258727e-01
7.392683465510055396e-02
2.451023796054114731e-02
5.234076802068199363e-02
1.339450995695275204e-01
5.940732591939792973e-02
9.572820506566799559e-02
7.715164892341333513e-02
4.840723463212830147e-02
9.072838798580500075e-02
8.838408350913967704e-02
1.219199297586673336e-01
1.275763942639110138e-01
8.562415399436601460e-02
5.798568345060499396e-02
1.156835725522232516e-01
8.572857090594200244e-03
6.218413612045544520e-02
5.541814989030307420e-02
7.437532773191216084e-02
6.585124934453599754e-02
7.959058408432170828e-02
5.476204741183897384e-02
7.079740985085890281e-02
2.877943489872266183e-02
9.125182099341550002e-02
1.063675906791399783e-01
6.127824591783199992e-02
9.307925048812563940e-02
4.755701842393769696e-02
8.676511834932849887e-02
8.006536346231210577e-02
8.944794702632799521e-02
4.668121897979320145e-02
9.391323081675813367e-02
7.313030940215277387e-02
6.104736005593274645e-02
2.101142641122880073e-02
4.592514907991170070e-02
1.448683141304143163e-01
1.278971180130122620e-01
1.495764092254461830e-01
1.014597026938035967e-01
1.337215885829960982e-01
8.347477309588439975e-02
8.511035386298150540e-02
9.669269306111855089e-02
1.698398229333069609e-01
1.214333621940660718e-01
5.951215199443923159e-02
1.870053534626779923e-01
1.613355608941134944e-01
1.351869240556238805e-01
1.490189383315240201e-01
2.631635427972143226e-01
1.899320756557685008e-01
1.938953452922450096e-02
1.389827201443849802e-01
1.911515432362226041e-01
2.171769768955236213e-01
4.380963792947125540e-02
9.953782178700765204e-02
1.542713594101956243e-01
1.476693942091548417e-01
1.213638525419800940e-01
2.354645561747741866e-01
1.192639293684374935e-01
1.175976932107801048e-01
9.424655195541617458e-02
1.777373998512244979e-01
2.506066703249801852e-01
2.635327114200353149e-01
2.503140052435827156e-01
2.355466130114017009e-01
7.613043266182130397e-02
2.357933759328811885e-01
1.494059389223039991e-01
2.265824431328550825e-01
2.238949471976974526e-01
6.143602751085310010e-02
3.450014633432515465e-01
1.546753816886978772e-01
2.722722277535958857e-01
3.370990033006517894e-01
5.558265450465830343e-02
2.075508511779912135e-01
1.513521472303967774e-01
2.153858348373247911e-01
1.659730567466775331e-01
6.702112092093059914e-02
2.491372266868279936e-02
7.752876003427805474e-02
9.747610859765266922e-02
8.926502688926001017e-02
5.477848371401040223e-02
7.921661402631577364e-02
8.859321111311885266e-02
4.419562592884966612e-02
7.100678305390294154e-02
1.032462226991691934e-01
6.081637257173506256e-02
6.101240198529270242e-02
4.423008914307994394e-02
1.146571134315481633e-01
7.969220638269298995e-02
8.524078387376050892e-02
1.085575583154935048e-01
9.623689725637184222e-02
1.292184432276868022e-01
8.164335451142000488e-02
1.004841286294400060e-01
1.081667743863020011e-02
1.334016235178382415e-01
6.179408070436402667e-02
1.087710883206166879e-01
2.000835889596052908e-01
1.063497676914258727e-01
7.392683465510055396e-02
2.451023796054114731e-02
5.234076802068199363e-02
1.339450995695275204e-01
5.940732591939792973e-02
9.572820506566799559e-02
7.715164892341333513e-02
4.840723463212830147e-02
9.072838798580500075e-02
8.838408350913967704e-02
1.219199297586673336e-01
1.275763942639110138e-01
8.562415399436601460e-02
5.798568345060499396e-02
1.156835725522232516e-01
8.572857090594200244e-03
6.218413612045544520e-02
5.541814989030307420e-02
7.437532773191216084e-02
6.585124934453599754e-02
7.959058408432170828e-02
5.476204741183897384e-02
7.079740985085890281e-02
2.877943489872266183e-02
9.125182099341550002e-02
1.063675906791399783e-01
6.127824591783199992e-02
9.307925048812563940e-02
4.755701842393769696e-02
8.676511834932849887e-02
8.006536346231210577e-02
8.944794702632799521e-02
4.668121897979320145e-02
9.391323081675813367e-02
7.313030940215277387e-02
6.104736005593274645e-02
2.101142641122880073e-02
7.613043266182130397e-02
2.357933759328811885e-01
1.494059389223039991e-01
2.265824431328550825e-01
2.238949471976974526e-01
6.143602751085310010e-02
3.450014633432515465e-01
1.546753816886978772e-01
2.722722277535958857e-01
3.370990033006517894e-01
5.558265450465830343e-02
2.075508511779912135e-01
1.513521472303967774e-01
2.153858348373247911e-01
1.659730567466775331e-01
6.702112092093059914e-02
6.359523432069549842e-02
2.139677816665243593e-01
2.905991244222769776e-01
1.538524643776890410e-01
1.845301178714674195e-01
6.347328756265009642e-02
3.063454995548944293e-01
2.135512865851997844e-01
1.582868919429775145e-01
3.327594444992588163e-01
5.466873163176950295e-02
1.975708205797349071e-01
2.157004418537532553e-01
1.555430898869552547e-01
1.889930856188187513e-01
5.719302952331010298e-02
6.790078290773389480e-02
1.835736822383486899e-01
1.574843448940269341e-01
2.322781484265348251e-01
1.716208850266270070e-01
7.840052681641909715e-02
3.425146015090018703e-01
1.588993256262041243e-01
3.387851982852517763e-01
2.731064209076940474e-01
7.155923026267649312e-02
1.588664718062074988e-01
2.346068055989762036e-01
2.755808616641278186e-01
1.529230994365989027e-01
6.049852442623349785e-02
6.265777246618939311e-02
2.002550412356388920e-01
1.846075047865269048e-01
2.377188304798942275e-01
2.096275248675827652e-01
6.831624004585309939e-02
2.511188887940390413e-01
1.817904659699270953e-01
3.562196026434265583e-01
2.417985146522602935e-01
6.141388519652189737e-02
1.545559436529294062e-01
1.970336522937416457e-01
1.881510155799491213e-01
1.870785676958770238e-01
5.541395836636130168e-02
6.086585365853650065e-02
1.991924119241192115e-01
3.217951219512196204e-01
2.056890243902437798e-01
2.381385809312638602e-01
6.886585365853649388e-02
2.818780487804875556e-01
2.074593495934957121e-01
1.936829268292682982e-01
2.121189024390242872e-01
6.128048780487799913e-02
1.763147502903600339e-01
2.355121951219512066e-01
1.886675224646982563e-01
2.171186252771617475e-01
5.220731707317070175e-02
6.575689947438380367e-02
2.643882416684521508e-01
2.354053098208514216e-01
2.149050598178025573e-01
2.451365814882441319e-01
7.391553555531160669e-02
2.800339028524737595e-01
2.329836775012935624e-01
2.935767509359867855e-01
3.147347325373885396e-01
6.730569884998589825e-02
2.231253141084517666e-01
1.628637747614807840e-01
2.546779025760474990e-01
1.351393349014091416e-01
5.824461273917969778e-02
2.491372266868280630e-02
7.752876003427795759e-02
9.747610859765283575e-02
8.926502688925939955e-02
5.477848371401036059e-02
7.921661402631612059e-02
8.859321111311756203e-02
4.419562592884919427e-02
7.100678305390184519e-02
1.032462226991695958e-01
6.081637257173449357e-02
6.101240198529198078e-02
4.423008914307975659e-02
1.146571134315472473e-01
7.969220638269333690e-02
8.524078387375953747e-02
1.085575583154932133e-01
9.623689725637112058e-02
1.292184432276869410e-01
8.164335451141931099e-02
1.004841286294403807e-01
1.081667743863009949e-02
1.334016235178386023e-01
6.179408070436437361e-02
1.087710883206167573e-01
2.000835889596049022e-01
1.063497676914258588e-01
7.392683465509965191e-02
2.451023796054038056e-02
5.234076802068215323e-02
1.339450995695273816e-01
5.940732591939809626e-02
9.572820506566748211e-02
7.715164892341162817e-02
4.840723463212874556e-02
9.072838798580418196e-02
8.838408350913982969e-02
1.219199297586663622e-01
1.275763942639106252e-01
8.562415399436494601e-02
5.798568345060411272e-02
1.156835725522233349e-01
8.572857090593879320e-03
6.218413612045502886e-02
5.541814989030323380e-02
7.437532773191063429e-02
6.585124934453510936e-02
7.959058408432208298e-02
5.476204741183834934e-02
7.079740985085843097e-02
2.877943489872273122e-02
9.125182099341533348e-02
1.063675906791398534e-01
6.127824591783187502e-02
9.307925048812536184e-02
4.755701842393751655e-02
8.676511834932813805e-02
8.006536346231210577e-02
8.944794702632676009e-02
4.668121897979286145e-02
9.391323081675755080e-02
7.313030940215221876e-02
6.104736005593267706e-02
2.101142641122871399e-02
