2.037214655668519864e-02
6.945515000377840142e-02
7.886267237888133774e-02
8.651448302321099182e-02
4.619221177824640173e-02
7.644990088880343482e-02
8.276860296810378825e-02
3.815099931331069477e-02
6.594165473889236628e-02
1.090287102755927995e-01
7.247506234413932102e-02
6.685082166378868151e-02
4.589949627356101902e-02
1.078283312697276564e-01
8.005626958245400104e-02
8.517168616919200408e-02
9.084689209377473651e-02
7.976213312871627270e-02
1.444772683675422109e-01
8.203849350981499977e-02
9.802417034337200519e-02
9.872754012404800356e-03
1.282832804029809259e-01
5.328601572990596114e-02
1.052269610873096950e-01
1.911421911421908870e-01
1.203491271820445740e-01
7.696428444558091331e-02
1.851892009107655029e-02
4.337233838480668291e-02
1.204220218684059207e-01
6.092259230466306325e-02
8.261397787582300256e-02
7.860690154954468045e-02
5.928767824029645278e-02
9.380395165931298962e-02
8.927834260502559571e-02
1.145175522731632645e-01
1.412697517142286197e-01
8.167002365880146608e-02
6.432636357823350026e-02
1.212456039388703638e-01
1.162478419336269997e-02
7.561407835722042114e-02
5.983991071272831003e-02
7.572947971950445833e-02
7.577210819106050543e-02
9.609594247998215488e-02
5.596154541183254866e-02
6.602084532259042127e-02
3.682076859134213176e-02
8.590653543655643598e-02
1.025759073716104169e-01
5.703689494213150246e-02
9.675242094194663744e-02
4.231960890314970941e-02
8.772939446256150520e-02
7.995907666730607544e-02
9.431549331798699809e-02
5.320033250207800019e-02
9.586503825905297316e-02
7.446950389593784414e-02
7.358953044738550386e-02
2.414476628940459904e-02
4.451691284608989829e-02
1.507594649739285864e-01
1.163339963182459524e-01
1.471595735934887461e-01
9.939254428032480437e-02
1.446530194659867430e-01
8.217219189787755562e-02
8.298095341356731547e-02
8.795028745153435357e-02
1.706023403030884344e-01
1.243583349319006270e-01
5.890178400153452815e-02
1.843468252445805144e-01
1.620947630922690008e-01
1.356335656585032912e-01
1.447023466973590133e-01
2.648992902359481039e-01
1.923396636613590172e-01
2.149753820576760094e-02
1.451483470810154275e-01
1.916291891354231780e-01
2.232758430264661920e-01
4.321081354584541123e-02
1.011778246690962918e-01
1.444946851430640167e-01
1.504060361915719179e-01
1.219163629388065745e-01
2.337540763475921546e-01
1.213632585203655023e-01
1.178243203180855958e-01
9.625828590915842808e-02
1.754587889251230104e-01
2.378863639270047958e-01
2.530020333260866727e-01
2.660588002097267202e-01
2.430528025371817002e-01
6.629495114839629999e-02
2.142309069517620013e-01
1.586132676469776681e-01
2.244824496090543908e-01
2.146017699115042865e-01
5.775231469640389886e-02
3.510985216635121864e-01
1.392654355721519854e-01
2.726136134539752232e-01
3.400344433645368647e-01
6.408256176786529534e-02
2.332600132999128051e-01
1.517326831153622824e-01
2.071717223387385676e-01
1.727686605685479770e-01
7.384009412246149429e-02
2.037214655668519864e-02
6.945515000377840142e-02
7.886267237888133774e-02
8.651448302321099182e-02
4.619221177824640173e-02
7.644990088880343482e-02
8.276860296810378825e-02
3.815099931331069477e-02
6.594165473889236628e-02
1.090287102755927995e-01
7.247506234413932102e-02
6.685082166378868151e-02
4.589949627356101902e-02
1.078283312697276564e-01
8.005626958245400104e-02
8.517168616919200408e-02
9.084689209377473651e-02
7.976213312871627270e-02
1.444772683675422109e-01
8.203849350981499977e-02
9.802417034337200519e-02
9.872754012404800356e-03
1.282832804029809259e-01
5.328601572990596114e-02
1.052269610873096950e-01
1.911421911421908870e-01
1.203491271820445740e-01
7.696428444558091331e-02
1.851892009107655029e-02
4.337233838480668291e-02
1.204220218684059207e-01
6.092259230466306325e-02
8.261397787582300256e-02
7.860690154954468045e-02
5.928767824029645278e-02
9.380395165931298962e-02
8.927834260502559571e-02
1.145175522731632645e-01
1.412697517142286197e-01
8.167002365880146608e-02
6.432636357823350026e-02
1.212456039388703638e-01
1.162478419336269997e-02
7.561407835722042114e-02
5.983991071272831003e-02
7.572947971950445833e-02
7.577210819106050543e-02
9.609594247998215488e-02
5.596154541183254866e-02
6.602084532259042127e-02
3.682076859134213176e-02
8.590653543655643598e-02
1.025759073716104169e-01
5.703689494213150246e-02
9.675242094194663744e-02
4.231960890314970941e-02
8.772939446256150520e-02
7.995907666730607544e-02
9.431549331798699809e-02
5.320033250207800019e-02
9.586503825905297316e-02
7.446950389593784414e-02
7.358953044738550386e-02
2.414476628940459904e-02
6.629495114839629999e-02
2.142309069517620013e-01
1.586132676469776681e-01
2.244824496090543908e-01
2.146017699115042865e-01
5.775231469640389886e-02
3.510985216635121864e-01
1.392654355721519854e-01
2.726136134539752232e-01
3.400344433645368647e-01
6.408256176786529534e-02
2.332600132999128051e-01
1.517326831153622824e-01
2.071717223387385676e-01
1.727686605685479770e-01
7.384009412246149429e-02
5.652535328345800053e-02
2.059625052143754798e-01
2.814118549779395240e-01
1.508466595748389483e-01
1.677636558573750158e-01
5.690900952746329872e-02
3.136150009591406884e-01
2.117300437269745428e-01
1.575868022252059908e-01
3.334042516087400987e-01
6.421126670503220224e-02
2.163220154741349599e-01
2.161551250079928321e-01
1.521197007481294994e-01
2.104615829434215157e-01
5.991431677217209928e-02
6.270302069212470297e-02
1.666687981175025979e-01
1.587445967721306528e-01
2.227676152785492691e-01
1.575925352031411208e-01
7.216666240376500008e-02
3.513222768709499122e-01
1.557136736834026092e-01
3.355075945860786502e-01
2.778683321435959641e-01
8.055605289408389325e-02
1.778733864356261407e-01
2.254544059413998158e-01
2.774393292207956718e-01
1.666624037649944989e-01
6.518402946517630470e-02
5.692325399971859962e-02
1.859359068412306526e-01
1.789034824089111020e-01
2.368440327720567617e-01
1.908411807251856329e-01
6.304912204417270627e-02
2.641586842812016500e-01
1.752586548668036981e-01
3.664336379796842569e-01
2.379251339633979556e-01
7.049224355121300190e-02
1.690333636828310615e-01
1.872123547142825750e-01
1.898598888099225779e-01
2.025131547723083014e-01
5.955776092489090123e-02
5.316400654798440067e-02
1.866147147761632874e-01
3.282006684400789465e-01
1.987142372156183723e-01
2.241562726714660669e-01
6.243605483936970346e-02
2.852423095286814037e-01
2.041903974262782584e-01
1.965546347452421794e-01
2.189762060057292292e-01
6.908635154491500618e-02
1.903988472819042321e-01
2.271843666871287970e-01
1.835320345061548231e-01
2.382550179511503663e-01
5.765295682422749701e-02
6.095330664654499686e-02
2.368906176633406302e-01
2.370942947398038958e-01
2.087529255285133500e-01
2.234423631643259189e-01
6.810246703584810213e-02
2.913805084131592116e-01
2.253876496564274357e-01
2.982760164213269505e-01
3.183614482485194741e-01
7.504700029415149742e-02
2.479757732246743729e-01
1.537431844244647738e-01
2.596206724559091961e-01
1.469882888097425733e-01
6.315304830479209763e-02
2.037214655668518476e-02
6.945515000377835979e-02
7.886267237888153203e-02
8.651448302321011752e-02
4.619221177824663072e-02
7.644990088880290746e-02
8.276860296810344131e-02
3.815099931331039640e-02
6.594165473889096463e-02
1.090287102755922582e-01
7.247506234413900184e-02
6.685082166378822355e-02
4.589949627356097739e-02
1.078283312697269486e-01
8.005626958245368185e-02
8.517168616919211510e-02
9.084689209377469488e-02
7.976213312871659189e-02
1.444772683675419056e-01
8.203849350981448629e-02
9.802417034337182478e-02
9.872754012404725762e-03
1.282832804029797602e-01
5.328601572990492030e-02
1.052269610873086403e-01
1.911421911421904707e-01
1.203491271820445740e-01
7.696428444558028881e-02
1.851892009107580436e-02
4.337233838480672454e-02
1.204220218684052268e-01
6.092259230466326447e-02
8.261397787582230867e-02
7.860690154954394493e-02
5.928767824029632094e-02
9.380395165931196266e-02
8.927834260502573449e-02
1.145175522731627371e-01
1.412697517142283699e-01
8.167002365880134118e-02
6.432636357823294515e-02
1.212456039388696699e-01
1.162478419336269650e-02
7.561407835721997706e-02
5.983991071272833084e-02
7.572947971950462487e-02
7.577210819106039441e-02
9.609594247998171079e-02
5.596154541183238906e-02
6.602084532259086536e-02
3.682076859134181951e-02
8.590653543655531188e-02
1.025759073716091818e-01
5.703689494213076000e-02
9.675242094194674847e-02
4.231960890314912654e-02
8.772939446256101947e-02
7.995907666730568686e-02
9.431549331798606828e-02
5.320033250207709813e-02
9.586503825905173803e-02
7.446950389593731678e-02
7.358953044738554550e-02
2.414476628940449496e-02
