2.060928235534649836e-02
7.383041207412492646e-02
8.041981871464534692e-02
7.708035166632550006e-02
5.176855448783480168e-02
7.928848906154123410e-02
9.164327800598459639e-02
4.190305174544185079e-02
6.562131387320500886e-02
1.080842363524836675e-01
5.692470864853765161e-02
6.127990186055993355e-02
3.683182262204935664e-02
1.139532722440098206e-01
7.943160907789799385e-02
7.738703741566099747e-02
9.934387836657268545e-02
9.782837281303843890e-02
1.371682682478016502e-01
8.300960948681249119e-02
9.711715395624599678e-02
1.102024125945610077e-02
1.456439264862896821e-01
6.106726640768744135e-02
1.129398668756673441e-01
2.295347670117654504e-01
1.243488039255773864e-01
7.496762761534789266e-02
2.119420763958641124e-02
5.827029237374767995e-02
1.320404825189122888e-01
5.842094502254389227e-02
8.576978123083200956e-02
8.369113337422467991e-02
5.044115565481321894e-02
9.016561030464098625e-02
9.432999386628497518e-02
1.311081578409319937e-01
1.477479644485064636e-01
8.698118994070708210e-02
5.949703537108949614e-02
1.280065426293186814e-01
9.527703946023299841e-03
6.600169407366263119e-02
5.307893905317707939e-02
7.756423362638863173e-02
7.135555101206250694e-02
7.916581476180717392e-02
4.546238432613586289e-02
6.429564506235921351e-02
2.931302392148827166e-02
7.971470361574600760e-02
1.084126260163879168e-01
5.816806379063550747e-02
1.032054340171286860e-01
4.789037378487370766e-02
8.290738090370050606e-02
8.119130375519648113e-02
9.405029646289099488e-02
4.628910243303999833e-02
8.340830096094825619e-02
7.330665654116894081e-02
5.953247461323513817e-02
2.046616233898990167e-02
4.107544469433650064e-02
1.408105797290010452e-01
1.149264492246767633e-01
1.324006192131317317e-01
9.805765692087480001e-02
1.376040540935242473e-01
8.555138380327505232e-02
8.299716426799863545e-02
9.329938105239654611e-02
1.751431200163563462e-01
1.168902065017378283e-01
5.076875894500099823e-02
1.858515640973215088e-01
1.624412185647104989e-01
1.273795406528995255e-01
1.558985892455529987e-01
2.692087507667139668e-01
1.911674504191369917e-01
2.054794520547939887e-02
1.569771007973829735e-01
2.050364615279762770e-01
2.502793628371219881e-01
4.085143075569130228e-02
1.074504191371905698e-01
1.460067568225408563e-01
1.570708103319020943e-01
1.263882641586586142e-01
2.568145573502349510e-01
1.176650991617255032e-01
1.095481496626456441e-01
8.096333401485700243e-02
1.756287057861374845e-01
2.350547922800129974e-01
2.727142623487078810e-01
2.622669283611382962e-01
2.299640170101406034e-01
6.593608799656519581e-02
2.328310604976384091e-01
1.472564768346903419e-01
2.130415259159303687e-01
2.250925149761811572e-01
6.264439492138780541e-02
3.807119052973768625e-01
1.536464190059493029e-01
2.685754557798253894e-01
3.656614394853236472e-01
5.996606080431800267e-02
2.118132935331520084e-01
1.340318053122942221e-01
2.208858947884931589e-01
1.668113326431495680e-01
6.460714358733199436e-02
2.060928235534649836e-02
7.383041207412492646e-02
8.041981871464534692e-02
7.708035166632550006e-02
5.176855448783480168e-02
7.928848906154123410e-02
9.164327800598459639e-02
4.190305174544185079e-02
6.562131387320500886e-02
1.080842363524836675e-01
5.692470864853765161e-02
6.127990186055993355e-02
3.683182262204935664e-02
1.139532722440098206e-01
7.943160907789799385e-02
7.738703741566099747e-02
9.934387836657268545e-02
9.782837281303843890e-02
1.371682682478016502e-01
8.300960948681249119e-02
9.711715395624599678e-02
1.102024125945610077e-02
1.456439264862896821e-01
6.106726640768744135e-02
1.129398668756673441e-01
2.295347670117654504e-01
1.243488039255773864e-01
7.496762761534789266e-02
2.119420763958641124e-02
5.827029237374767995e-02
1.320404825189122888e-01
5.842094502254389227e-02
8.576978123083200956e-02
8.369113337422467991e-02
5.044115565481321894e-02
9.016561030464098625e-02
9.432999386628497518e-02
1.311081578409319937e-01
1.477479644485064636e-01
8.698118994070708210e-02
5.949703537108949614e-02
1.280065426293186814e-01
9.527703946023299841e-03
6.600169407366263119e-02
5.307893905317707939e-02
7.756423362638863173e-02
7.135555101206250694e-02
7.916581476180717392e-02
4.546238432613586289e-02
6.429564506235921351e-02
2.931302392148827166e-02
7.971470361574600760e-02
1.084126260163879168e-01
5.816806379063550747e-02
1.032054340171286860e-01
4.789037378487370766e-02
8.290738090370050606e-02
8.119130375519648113e-02
9.405029646289099488e-02
4.628910243303999833e-02
8.340830096094825619e-02
7.330665654116894081e-02
5.953247461323513817e-02
2.046616233898990167e-02
6.593608799656519581e-02
2.328310604976384091e-01
1.472564768346903419e-01
2.130415259159303687e-01
2.250925149761811572e-01
6.264439492138780541e-02
3.807119052973768625e-01
1.536464190059493029e-01
2.685754557798253894e-01
3.656614394853236472e-01
5.996606080431800267e-02
2.118132935331520084e-01
1.340318053122942221e-01
2.208858947884931589e-01
1.668113326431495680e-01
6.460714358733199436e-02
5.546922919648329675e-02
2.134454926930900720e-01
2.771416888161929992e-01
1.414657720116725692e-01
1.770851064841449940e-01
6.894295645062359368e-02
3.281844203639334712e-01
2.141264174386232344e-01
1.566141893273357288e-01
3.597256556569576880e-01
6.096912696790020292e-02
2.004866080556122199e-01
2.009762829687180008e-01
1.520650173788589965e-01
1.971767132177109916e-01
5.501942343079119918e-02
5.910977529698009658e-02
1.782670599759476893e-01
1.581425453393033864e-01
2.108647042094872193e-01
1.656612398821349919e-01
8.376781369482090567e-02
3.635827882033015879e-01
1.635435195976199241e-01
3.389882121508333013e-01
2.859596393301845896e-01
8.068044736142629403e-02
1.592732367630107781e-01
2.146453803817476857e-01
2.879001633832032336e-01
1.487456296387166810e-01
5.812836083338440013e-02
5.489899402960660146e-02
1.915860576815837657e-01
1.812586897849020051e-01
2.224956690483799460e-01
2.001774306407493875e-01
7.411875357814670662e-02
2.788549930481717398e-01
1.805839535454321076e-01
3.604783006312404781e-01
2.588558109102805371e-01
6.551075488672609970e-02
1.614380654131389592e-01
1.760181494269629499e-01
1.940085758683942896e-01
1.927564679261742631e-01
5.121861454158820048e-02
5.095385118694659848e-02
1.949868571415587504e-01
3.290272012867960783e-01
1.854670366948772131e-01
2.359087842045291261e-01
7.346596601713449581e-02
3.050619883997517934e-01
2.070267151032683106e-01
1.904635328276114703e-01
2.300475903244932341e-01
6.651399595149970478e-02
1.835407727202357786e-01
2.197640419571839920e-01
1.910995412345449784e-01
2.168187487569169514e-01
4.982926779397629791e-02
5.805013699750539991e-02
2.593838909628379819e-01
2.208710587657955471e-01
2.044747065799694674e-01
2.356264150522522915e-01
7.886557886557879482e-02
3.071368202947150072e-01
2.336084967663914769e-01
2.898212898212897404e-01
3.360473834158043127e-01
7.592115486852320239e-02
2.221232138129645151e-01
1.504382557014135868e-01
2.591706539074958293e-01
1.365014913402010366e-01
5.569868727763459954e-02
2.060928235534629713e-02
7.383041207412401052e-02
8.041981871464420895e-02
7.708035166632555557e-02
5.176855448783419800e-02
7.928848906154081777e-02
9.164327800598466578e-02
4.190305174544137201e-02
6.562131387320495335e-02
1.080842363524832789e-01
5.692470864853684670e-02
6.127990186055940619e-02
3.683182262204887786e-02
1.139532722440096679e-01
7.943160907789768854e-02
7.738703741566030359e-02
9.934387836657219972e-02
9.782837281303835564e-02
1.371682682478007897e-01
8.300960948681193607e-02
9.711715395624492819e-02
1.102024125945596893e-02
1.456439264862885441e-01
6.106726640768719155e-02
1.129398668756673579e-01
2.295347670117643402e-01
1.243488039255765953e-01
7.496762761534760122e-02
2.119420763958613368e-02
5.827029237374636850e-02
1.320404825189123721e-01
5.842094502254360083e-02
8.576978123083134342e-02
8.369113337422390275e-02
5.044115565481227526e-02
9.016561030463982052e-02
9.432999386628450333e-02
1.311081578409320214e-01
1.477479644485052701e-01
8.698118994070730414e-02
5.949703537108809448e-02
1.280065426293187369e-01
9.527703946023159329e-03
6.600169407366175689e-02
5.307893905317626060e-02
7.756423362638768804e-02
7.135555101206141060e-02
7.916581476180731269e-02
4.546238432613518288e-02
6.429564506235829757e-02
2.931302392148786226e-02
7.971470361574625740e-02
1.084126260163881528e-01
5.816806379063511195e-02
1.032054340171285334e-01
4.789037378487301377e-02
8.290738090370038116e-02
8.119130375519649501e-02
9.405029646288937117e-02
4.628910243304026895e-02
8.340830096094850599e-02
7.330665654116866325e-02
5.953247461323469408e-02
2.046616233898976289e-02
