2.733925062673620010e-02
7.931370073114094033e-02
9.689003320008067466e-02
9.773697404973200054e-02
5.786299884816040184e-02
7.794114325722156789e-02
8.847606083191111859e-02
4.825353432098885426e-02
7.486435916546341218e-02
1.029371908665896174e-01
5.572659055491565455e-02
6.615963141134199865e-02
4.702592015418055604e-02
1.200269173200941564e-01
8.604919032454749761e-02
9.350226980147700873e-02
1.176062063825460829e-01
8.918287146825609746e-02
1.228131987262005703e-01
9.062267091266300312e-02
9.604309235043001491e-02
1.087472050951959930e-02
1.157259976963204290e-01
6.314452198658407345e-02
1.097560057516689946e-01
1.722338911850394838e-01
8.457890100955307855e-02
6.873395517612605754e-02
2.627136868587180013e-02
6.526864963750912685e-02
1.195304559929531857e-01
7.585380552811632482e-02
9.231655261196550222e-02
8.763014657722933975e-02
5.723756560534088572e-02
9.214716444203499557e-02
8.211938478216662674e-02
1.052408699776407192e-01
1.003096814306721346e-01
8.755039298055386499e-02
6.114912934480649931e-02
8.821735889965434674e-02
7.385324208957200036e-03
5.510923117129470916e-02
5.371760836223159197e-02
7.080425503082805883e-02
5.217155633850500268e-02
7.949951442057925921e-02
5.951269232921978930e-02
7.495426519411881039e-02
3.058134019919996061e-02
9.742686340016748492e-02
1.218031240390474307e-01
6.097974117487600654e-02
8.943695372315185743e-02
5.577952435801859787e-02
9.299410529168600226e-02
7.754816270298345304e-02
8.316959143573400548e-02
3.956907649569720020e-02
1.085721706529343134e-01
7.911072824007278625e-02
6.750683198952017738e-02
2.445965173792260042e-02
5.179890236465879705e-02
1.465762031179740077e-01
1.439318025397524348e-01
1.639193518724648968e-01
9.743207534385760205e-02
1.254948554392958104e-01
8.066418641322070648e-02
9.261997837723187632e-02
1.075845862924929702e-01
1.715139914628361351e-01
1.177925333694690851e-01
6.340622670912654524e-02
1.929331255505115084e-01
1.766718612372110142e-01
1.478261851525622117e-01
1.292431736567515033e-01
2.423436547191543111e-01
1.792126837861640065e-01
1.826004471847679847e-02
1.156836506538381631e-01
1.883972867779353244e-01
1.791991327325696270e-01
4.677912077229222365e-02
1.210752761027164975e-01
1.573599966445007325e-01
1.540528942791965783e-01
1.150890981773831367e-01
1.916118978250557492e-01
1.221288705196824920e-01
1.195480107669276426e-01
1.056784560832937370e-01
1.971678297987665140e-01
2.617886178861787982e-01
2.565040650406503753e-01
2.328929539295392925e-01
2.488143631436313952e-01
8.059216098106300463e-02
2.417426064568579946e-01
1.511920614363108928e-01
2.427212605064157092e-01
2.268380111114874642e-01
5.823368000271009898e-02
3.068701514278938114e-01
1.657576476167889057e-01
2.850526978635894437e-01
3.003398940795193317e-01
4.844337545309800042e-02
1.929604661404515920e-01
1.620500543905804836e-01
2.304447982655239147e-01
1.600663979132084525e-01
7.561231749042980621e-02
2.733925062673620010e-02
7.931370073114094033e-02
9.689003320008067466e-02
9.773697404973200054e-02
5.786299884816040184e-02
7.794114325722156789e-02
8.847606083191111859e-02
4.825353432098885426e-02
7.486435916546341218e-02
1.029371908665896174e-01
5.572659055491565455e-02
6.615963141134199865e-02
4.702592015418055604e-02
1.200269173200941564e-01
8.604919032454749761e-02
9.350226980147700873e-02
1.176062063825460829e-01
8.918287146825609746e-02
1.228131987262005703e-01
9.062267091266300312e-02
9.604309235043001491e-02
1.087472050951959930e-02
1.157259976963204290e-01
6.314452198658407345e-02
1.097560057516689946e-01
1.722338911850394838e-01
8.457890100955307855e-02
6.873395517612605754e-02
2.627136868587180013e-02
6.526864963750912685e-02
1.195304559929531857e-01
7.585380552811632482e-02
9.231655261196550222e-02
8.763014657722933975e-02
5.723756560534088572e-02
9.214716444203499557e-02
8.211938478216662674e-02
1.052408699776407192e-01
1.003096814306721346e-01
8.755039298055386499e-02
6.114912934480649931e-02
8.821735889965434674e-02
7.385324208957200036e-03
5.510923117129470916e-02
5.371760836223159197e-02
7.080425503082805883e-02
5.217155633850500268e-02
7.949951442057925921e-02
5.951269232921978930e-02
7.495426519411881039e-02
3.058134019919996061e-02
9.742686340016748492e-02
1.218031240390474307e-01
6.097974117487600654e-02
8.943695372315185743e-02
5.577952435801859787e-02
9.299410529168600226e-02
7.754816270298345304e-02
8.316959143573400548e-02
3.956907649569720020e-02
1.085721706529343134e-01
7.911072824007278625e-02
6.750683198952017738e-02
2.445965173792260042e-02
8.059216098106300463e-02
2.417426064568579946e-01
1.511920614363108928e-01
2.427212605064157092e-01
2.268380111114874642e-01
5.823368000271009898e-02
3.068701514278938114e-01
1.657576476167889057e-01
2.850526978635894437e-01
3.003398940795193317e-01
4.844337545309800042e-02
1.929604661404515920e-01
1.620500543905804836e-01
2.304447982655239147e-01
1.600663979132084525e-01
7.561231749042980621e-02
6.826343248187539958e-02
2.169426887226196254e-01
2.920252049596854804e-01
1.681562559670830570e-01
1.882524970967653644e-01
6.084423063893210082e-02
2.698057117690897955e-01
2.309607696998440818e-01
1.534656819567719876e-01
2.980246259601225245e-01
4.698827833864079734e-02
1.945812724439323071e-01
2.404098064457845241e-01
1.590554915644689926e-01
1.891432493658989911e-01
6.175892675655530323e-02
7.720974353762230513e-02
1.837769913793899090e-01
1.520543246264862980e-01
2.486394589250569553e-01
1.756575438198402783e-01
7.348307754853129758e-02
3.220795991940832437e-01
1.599163194091539342e-01
3.150005874724914334e-01
2.642729767437562716e-01
6.027035267811760300e-02
1.603643217200433624e-01
2.570075180096523804e-01
2.738637518594829734e-01
1.525561540806990024e-01
6.887556323474600117e-02
7.124949180105699664e-02
1.960770121598146287e-01
1.815286624203819033e-01
2.583498626322857095e-01
2.099896854436764104e-01
6.586258300582729930e-02
2.211031305054883545e-01
1.904729638162352967e-01
3.456307210880996128e-01
2.182856755657945347e-01
5.322536929123179716e-02
1.512268906093577892e-01
2.145041451357257434e-01
1.960195922792480061e-01
1.852742768517262328e-01
6.206803089849569771e-02
6.677960359139420432e-02
2.007491482673592065e-01
3.222135637246594797e-01
2.224015523693651797e-01
2.415027797883970706e-01
6.576317126884630160e-02
2.531142356993619225e-01
2.133359685282436025e-01
1.868202608842959023e-01
1.958961544977129710e-01
5.177028629510409957e-02
1.737211910005403148e-01
2.619684905980008138e-01
1.893345934716511303e-01
2.123034512497497250e-01
5.996950703032349894e-02
7.230466897065790377e-02
2.602445328609179764e-01
2.286142169817714231e-01
2.412414447380903104e-01
2.460034375057752465e-01
7.179643558988950403e-02
2.611754873393417054e-01
2.307960386838207589e-01
2.801975333739919471e-01
2.902125544939123669e-01
5.627837636375949970e-02
2.288387669723199180e-01
1.820604910663863873e-01
2.593402001310112781e-01
1.348993479311075550e-01
6.325811479297960283e-02
2.733925062673597806e-02
7.931370073114092645e-02
9.689003320008018894e-02
9.773697404973151481e-02
5.786299884815958305e-02
7.794114325722102665e-02
8.847606083191139614e-02
4.825353432098844486e-02
7.486435916546334279e-02
1.029371908665897006e-01
5.572659055491445412e-02
6.615963141134141579e-02
4.702592015418002869e-02
1.200269173200933098e-01
8.604919032454719230e-02
9.350226980147582911e-02
1.176062063825460968e-01
8.918287146825640277e-02
1.228131987261996960e-01
9.062267091266328067e-02
9.604309235043020920e-02
1.087472050951940154e-02
1.157259976963203041e-01
6.314452198658450366e-02
1.097560057516693000e-01
1.722338911850387344e-01
8.457890100955318957e-02
6.873395517612515548e-02
2.627136868587178625e-02
6.526864963750857174e-02
1.195304559929535465e-01
7.585380552811621380e-02
9.231655261196483608e-02
8.763014657722842382e-02
5.723756560534110777e-02
9.214716444203469026e-02
8.211938478216648796e-02
1.052408699776401085e-01
1.003096814306724538e-01
8.755039298055411479e-02
6.114912934480502132e-02
8.821735889965313937e-02
7.385324208956989267e-03
5.510923117129408466e-02
5.371760836223162666e-02
7.080425503082779515e-02
5.217155633850525248e-02
7.949951442057945350e-02
5.951269232921897745e-02
7.495426519411768629e-02
3.058134019920030061e-02
9.742686340016612490e-02
1.218031240390476250e-01
6.097974117487547224e-02
8.943695372315088599e-02
5.577952435801863257e-02
9.299410529168626593e-02
7.754816270298253711e-02
8.316959143573295077e-02
3.956907649569735286e-02
1.085721706529335778e-01
7.911072824007243931e-02
6.750683198951955288e-02
2.445965173792259348e-02
