1.927818874691769949e-02
7.325100364777568929e-02
1.046103265336619931e-01
8.630351939027100516e-02
5.648957632817720037e-02
8.054995143091964183e-02
7.317967842513867227e-02
5.144099100416166942e-02
9.042470643008619635e-02
8.728984532615999270e-02
6.775386684599839227e-02
7.406411118583246245e-02
5.173229719295592555e-02
1.161276517698844185e-01
8.294104460883200414e-02
1.120824927146375077e-01
8.943163986876107030e-02
9.078681909885666368e-02
1.226630800268993238e-01
9.527011880744200301e-02
1.075991930060520019e-01
1.075991930060520019e-02
1.093925128894862736e-01
7.666442501681207389e-02
1.033151510622925956e-01
1.420390862220044792e-01
7.283120376597161660e-02
5.369996762061312462e-02
4.611950917614476148e-02
6.005379959650265081e-02
1.047747141896434447e-01
8.400287875033884966e-02
9.302846895314950681e-02
6.426062915639199624e-02
6.028313762005706872e-02
1.019950683703205047e-01
7.154449674960772221e-02
1.098856758574309200e-01
7.774569141711785980e-02
7.767316745124379362e-02
5.379959650302600094e-02
8.159605469625627605e-02
9.190764402600299157e-03
5.384763185704667665e-02
5.227119887509927565e-02
5.536875140103078574e-02
5.940372113875799776e-02
9.205708734962229911e-02
6.740543648821158140e-02
9.125756556825800891e-02
4.099977583501425438e-02
1.202731364130146946e-01
1.048402393392301873e-01
7.285362026451450146e-02
7.808413659119763095e-02
6.529314666503611975e-02
8.742434431741749612e-02
7.627587237540131571e-02
6.837032055592899560e-02
5.290293656130880262e-02
1.332660838377045243e-01
9.500325572954992914e-02
7.019352910408707680e-02
2.891728312037649892e-02
4.819547186729430249e-02
1.511381467669292433e-01
1.575053976568855929e-01
1.700451532327791615e-01
1.093925128894863985e-01
1.265891696288465318e-01
6.504860304456806797e-02
1.011081547323175733e-01
1.278657455523629083e-01
1.488735709482175151e-01
1.431069266980497801e-01
7.400806993947525725e-02
1.995068370320554896e-01
1.782111634162740210e-01
1.312710154673838170e-01
1.378614660390045099e-01
2.274377942165433375e-01
1.759695135619815110e-01
1.995068370320550108e-02
1.048251513113648281e-01
1.712371416473630337e-01
1.437264372032359960e-01
7.361383195423136516e-02
1.188298587760588526e-01
1.738559579850771086e-01
1.164163490996038275e-01
1.066913248150636456e-01
1.895539116789954348e-01
1.266532167675405163e-01
1.324203704835847650e-01
1.248412164686539955e-01
1.770903384891280019e-01
2.563298229890207947e-01
2.498319516020613973e-01
2.238404660542236135e-01
2.699977593546941113e-01
6.992380098610480321e-02
2.339757956073507950e-01
1.612850394786743968e-01
2.559224396965317783e-01
2.160326086956521896e-01
6.185567010309270253e-02
2.612057373375165081e-01
1.761541909457639832e-01
2.808421441189653533e-01
2.679814731809353479e-01
4.728821156432089917e-02
1.981174361272967921e-01
1.958430864750897726e-01
2.302779022859704205e-01
1.573285522187358731e-01
8.807709547288210261e-02
1.927818874691769949e-02
7.325100364777568929e-02
1.046103265336619931e-01
8.630351939027100516e-02
5.648957632817720037e-02
8.054995143091964183e-02
7.317967842513867227e-02
5.144099100416166942e-02
9.042470643008619635e-02
8.728984532615999270e-02
6.775386684599839227e-02
7.406411118583246245e-02
5.173229719295592555e-02
1.161276517698844185e-01
8.294104460883200414e-02
1.120824927146375077e-01
8.943163986876107030e-02
9.078681909885666368e-02
1.226630800268993238e-01
9.527011880744200301e-02
1.075991930060520019e-01
1.075991930060520019e-02
1.093925128894862736e-01
7.666442501681207389e-02
1.033151510622925956e-01
1.420390862220044792e-01
7.283120376597161660e-02
5.369996762061312462e-02
4.611950917614476148e-02
6.005379959650265081e-02
1.047747141896434447e-01
8.400287875033884966e-02
9.302846895314950681e-02
6.426062915639199624e-02
6.028313762005706872e-02
1.019950683703205047e-01
7.154449674960772221e-02
1.098856758574309200e-01
7.774569141711785980e-02
7.767316745124379362e-02
5.379959650302600094e-02
8.159605469625627605e-02
9.190764402600299157e-03
5.384763185704667665e-02
5.227119887509927565e-02
5.536875140103078574e-02
5.940372113875799776e-02
9.205708734962229911e-02
6.740543648821158140e-02
9.125756556825800891e-02
4.099977583501425438e-02
1.202731364130146946e-01
1.048402393392301873e-01
7.285362026451450146e-02
7.808413659119763095e-02
6.529314666503611975e-02
8.742434431741749612e-02
7.627587237540131571e-02
6.837032055592899560e-02
5.290293656130880262e-02
1.332660838377045243e-01
9.500325572954992914e-02
7.019352910408707680e-02
2.891728312037649892e-02
6.992380098610480321e-02
2.339757956073507950e-01
1.612850394786743968e-01
2.559224396965317783e-01
2.160326086956521896e-01
6.185567010309270253e-02
2.612057373375165081e-01
1.761541909457639832e-01
2.808421441189653533e-01
2.679814731809353479e-01
4.728821156432089917e-02
1.981174361272967921e-01
1.958430864750897726e-01
2.302779022859704205e-01
1.573285522187358731e-01
8.807709547288210261e-02
6.388702084734360076e-02
2.045025138501935236e-01
2.902936561309120145e-01
1.779054838906890534e-01
1.932667094144080999e-01
5.604124635731889958e-02
2.494676081596055028e-01
2.385977617988377930e-01
1.429051782111632474e-01
2.659004299891988832e-01
4.640215198386010015e-02
2.010311589329744353e-01
2.458529477695581278e-01
1.804528132705670029e-01
1.806185004337102773e-01
7.509527011880740011e-02
6.905829596412549343e-02
1.768752547900528937e-01
1.444716928251120747e-01
2.825112107623315993e-01
1.735321722807381950e-01
7.174887892376680121e-02
3.060538116591923763e-01
1.560958520179371867e-01
3.127087110008586190e-01
2.377496942519364276e-01
5.582959641255599847e-02
1.645503894264808420e-01
2.735935589074601770e-01
2.852629433346919874e-01
1.567264573991030974e-01
8.183856502242149722e-02
6.615833146445390667e-02
1.821290953944013080e-01
1.803094864319352009e-01
2.789047687006870335e-01
2.080062794348509214e-01
6.593406593406589411e-02
1.882753980713163522e-01
1.964566046198696903e-01
3.115455972598826784e-01
1.971563130746803449e-01
5.023547880690729800e-02
1.653343364995766285e-01
2.413292120479342828e-01
2.056835292986894381e-01
1.929181929181928434e-01
7.041937654182550688e-02
6.415432929564819642e-02
1.801505408504062711e-01
3.091371317481678149e-01
2.472878176108322390e-01
2.126514131897712101e-01
6.280843427545980406e-02
2.225960819500522603e-01
2.499875380090723354e-01
1.951547779273214989e-01
1.719521085688649475e-01
5.226558995065049701e-02
1.588156123822340171e-01
2.718707940780615839e-01
2.201600906708223726e-01
2.126514131897712101e-01
6.819201435621349838e-02
6.596365268117559966e-02
2.574762011602932943e-01
2.167646398923042395e-01
2.571954229302220174e-01
2.333510106675912021e-01
6.349562485977110204e-02
2.561513723730458603e-01
2.535658194172888957e-01
2.856181287861791485e-01
2.697030887742126182e-01
4.980928875925510341e-02
2.311561942774816303e-01
1.902625084137311851e-01
2.870017201406025453e-01
1.391649236069393558e-01
7.314336997980699917e-02
1.927818874691772377e-02
7.325100364777524520e-02
1.046103265336620625e-01
8.630351939027107455e-02
5.648957632817720037e-02
8.054995143091898957e-02
7.317967842513883880e-02
5.144099100416104492e-02
9.042470643008594655e-02
8.728984532615921554e-02
6.775386684599712939e-02
7.406411118583255959e-02
5.173229719295580065e-02
1.161276517698838218e-01
8.294104460883122698e-02
1.120824927146374106e-01
8.943163986876108418e-02
9.078681909885641388e-02
1.226630800268983940e-01
9.527011880744218342e-02
1.075991930060520296e-01
1.075991930060522274e-02
1.093925128894850662e-01
7.666442501681164368e-02
1.033151510622915686e-01
1.420390862220033690e-01
7.283120376597046475e-02
5.369996762061300666e-02
4.611950917614451861e-02
6.005379959650235244e-02
1.047747141896430978e-01
8.400287875033835006e-02
9.302846895314943743e-02
6.426062915639067785e-02
6.028313762005666626e-02
1.019950683703204908e-01
7.154449674960772221e-02
1.098856758574307396e-01
7.774569141711672182e-02
7.767316745124375199e-02
5.379959650302577195e-02
8.159605469625556828e-02
9.190764402600082317e-03
5.384763185704632971e-02
5.227119887509856094e-02
5.536875140103107718e-02
5.940372113875805327e-02
9.205708734962166073e-02
6.740543648821159528e-02
9.125756556825707910e-02
4.099977583501289435e-02
1.202731364130152913e-01
1.048402393392306453e-01
7.285362026451432105e-02
7.808413659119677053e-02
6.529314666503586995e-02
8.742434431741692713e-02
7.627587237540137122e-02
6.837032055592806579e-02
5.290293656130840017e-02
1.332660838377033030e-01
9.500325572954958220e-02
7.019352910408668822e-02
2.891728312037652668e-02
