1.170351105331590008e-02
4.840997753871578019e-02
4.334633723450333903e-02
5.331599479843950051e-02
6.137841352405720013e-02
1.116601647160813809e-01
8.625132994443783507e-02
3.704415672527808234e-02
5.625687706311884723e-02
1.319635890767230368e-01
4.686280884265232871e-02
3.682704811443415077e-02
4.210374223378111208e-02
1.115025416715918483e-01
5.071521456436900444e-02
5.981794538361499824e-02
6.194585648421749302e-02
1.835779305220132107e-01
1.704811443433028040e-01
8.712613784135200823e-02
1.417425227568269996e-01
2.236671001300390149e-02
2.309203872272794500e-01
9.191157347204123584e-02
8.108654818667816733e-02
1.880600543799500757e-01
1.734460338101426191e-01
9.663343447478650594e-02
3.087013060439609477e-03
8.005201560468090671e-02
1.615864759427828312e-01
4.629388816644975507e-02
5.721716514954449523e-02
7.628955353272599826e-02
3.953185955786694267e-02
7.672301690507149496e-02
9.246293888166433328e-02
1.793758127438227767e-01
1.225120477319666390e-01
8.260728218465510087e-02
4.941482444733399926e-02
1.339921976592976516e-01
6.241872561768499646e-03
6.905071521456400407e-02
4.716869606336410170e-02
1.070654529692239010e-01
8.842652795838749913e-02
6.103164282618089853e-02
2.778311754395846461e-02
6.137841352405672135e-02
1.841352405721678048e-02
6.884065219565858873e-02
1.338001400420123777e-01
1.144343302990895039e-01
7.946828492992340232e-02
4.208535287859051927e-02
6.762028608582550115e-02
9.151278716948414715e-02
5.851755526657950041e-02
5.617685305591640227e-02
5.509319462505361809e-02
8.266765744008895689e-02
2.749891634156883397e-02
1.456436931079320082e-02
2.626788036410920152e-02
1.000472869133465365e-01
7.675039353911394802e-02
9.697194872747530447e-02
1.175552665799736024e-01
1.698866802898011674e-01
9.433739212672868912e-02
6.174026120879733820e-02
8.101430429128740618e-02
1.902470741222363759e-01
1.378673602080621452e-01
5.079323797139128488e-02
1.703511053315995005e-01
1.378413524057215123e-01
6.980494148244448249e-02
2.470741222366709955e-01
3.320676202860856630e-01
2.002600780234070066e-01
2.860858257477240027e-02
2.338101430429126437e-01
1.525791070654528570e-01
2.062466012531030402e-01
1.543506530219923567e-02
1.185955786736017231e-01
1.311660164716080823e-01
1.795405288253142662e-01
1.326788036410921912e-01
3.102210663198960439e-01
1.638491547464235032e-01
1.010757772786378683e-01
5.153879497182460578e-02
1.820546163849149912e-01
2.050948791265921056e-01
3.306472576033271937e-01
2.529243566415387834e-01
2.113335066285416952e-01
4.056162246489859735e-02
2.610504420176804063e-01
1.370654826193046238e-01
1.846651643843531254e-01
2.711258450338013271e-01
1.008840353614143953e-01
3.931357254290172021e-01
1.591263650546022035e-01
2.143250435899785589e-01
3.743109724388972159e-01
5.642225689027560026e-02
2.256890275611024010e-01
1.050056817087497013e-01
2.593603744149765578e-01
1.544461778471138413e-01
4.888195527821109776e-02
1.170351105331590008e-02
4.840997753871578019e-02
4.334633723450333903e-02
5.331599479843950051e-02
6.137841352405720013e-02
1.116601647160813809e-01
8.625132994443783507e-02
3.704415672527808234e-02
5.625687706311884723e-02
1.319635890767230368e-01
4.686280884265232871e-02
3.682704811443415077e-02
4.210374223378111208e-02
1.115025416715918483e-01
5.071521456436900444e-02
5.981794538361499824e-02
6.194585648421749302e-02
1.835779305220132107e-01
1.704811443433028040e-01
8.712613784135200823e-02
1.417425227568269996e-01
2.236671001300390149e-02
2.309203872272794500e-01
9.191157347204123584e-02
8.108654818667816733e-02
1.880600543799500757e-01
1.734460338101426191e-01
9.663343447478650594e-02
3.087013060439609477e-03
8.005201560468090671e-02
1.615864759427828312e-01
4.629388816644975507e-02
5.721716514954449523e-02
7.628955353272599826e-02
3.953185955786694267e-02
7.672301690507149496e-02
9.246293888166433328e-02
1.793758127438227767e-01
1.225120477319666390e-01
8.260728218465510087e-02
4.941482444733399926e-02
1.339921976592976516e-01
6.241872561768499646e-03
6.905071521456400407e-02
4.716869606336410170e-02
1.070654529692239010e-01
8.842652795838749913e-02
6.103164282618089853e-02
2.778311754395846461e-02
6.137841352405672135e-02
1.841352405721678048e-02
6.884065219565858873e-02
1.338001400420123777e-01
1.144343302990895039e-01
7.946828492992340232e-02
4.208535287859051927e-02
6.762028608582550115e-02
9.151278716948414715e-02
5.851755526657950041e-02
5.617685305591640227e-02
5.509319462505361809e-02
8.266765744008895689e-02
2.749891634156883397e-02
1.456436931079320082e-02
4.056162246489859735e-02
2.610504420176804063e-01
1.370654826193046238e-01
1.846651643843531254e-01
2.711258450338013271e-01
1.008840353614143953e-01
3.931357254290172021e-01
1.591263650546022035e-01
2.143250435899785589e-01
3.743109724388972159e-01
5.642225689027560026e-02
2.256890275611024010e-01
1.050056817087497013e-01
2.593603744149765578e-01
1.544461778471138413e-01
4.888195527821109776e-02
4.889466840052009849e-02
2.265155737197349084e-01
2.067620286085825043e-01
1.042676439295423946e-01
1.568814830495658119e-01
9.336801040312089905e-02
4.449934980494147929e-01
2.455036510953283735e-01
1.332899869960987582e-01
4.263388107341292699e-01
5.435630689206760041e-02
1.810663198959687470e-01
1.759427828348502088e-01
1.911573472041612487e-01
1.233222140555208374e-01
4.863459037711310301e-02
4.864724245577520256e-02
1.836983256077946436e-01
1.329425728407907237e-01
1.660202440639482746e-01
1.879703796916968872e-01
1.248699271592090959e-01
3.899124686294913045e-01
1.753300598335067462e-01
2.749795204463434950e-01
3.435341973323239317e-01
7.466181061394379370e-02
1.533490333534145988e-01
1.581803992053732177e-01
3.001135181155989984e-01
1.545265348595210864e-01
4.786680541103009723e-02
4.007285974499080056e-02
2.181889149102262115e-01
1.475409836065572078e-01
1.703214817968915218e-01
2.275565964090552340e-01
1.030444964871193997e-01
3.390163934426229098e-01
1.943793911007024033e-01
2.875121235776972872e-01
3.019203747072596311e-01
6.088992974238870148e-02
1.564805721336656741e-01
1.344058649831989805e-01
2.193227017582988769e-01
1.675003132198031319e-01
4.267499349466560149e-02
4.008328995314940080e-02
2.037711839898199151e-01
2.954017005032100185e-01
1.308504093511899113e-01
2.532890066726607992e-01
1.041124414367515932e-01
3.406212042339059609e-01
2.542367979640233200e-01
1.608537220197812923e-01
2.675201717855283934e-01
6.272774596564290039e-02
1.652661064425770265e-01
1.644976574700675875e-01
2.301432915970298421e-01
1.916023851213855267e-01
3.826132222800619764e-02
4.582140067690700092e-02
2.858258638003495777e-01
1.868784170788857779e-01
1.510752408227023780e-01
2.594494804856687376e-01
1.140328039573026975e-01
3.688275622667704368e-01
2.420128686725924461e-01
2.436214527466805946e-01
3.991148138505596354e-01
6.664931007550109476e-02
2.096493511832171197e-01
1.131649743990280066e-01
2.733663108565475008e-01
1.219104567862870775e-01
5.285082009893250082e-02
1.170351105331587406e-02
4.840997753871537079e-02
4.334633723450190268e-02
5.331599479843839723e-02
6.137841352405699197e-02
1.116601647160811034e-01
8.625132994443743262e-02
3.704415672527771458e-02
5.625687706311725822e-02
1.319635890767225928e-01
4.686280884265082297e-02
3.682704811443303361e-02
4.210374223378100800e-02
1.115025416715917095e-01
5.071521456436930281e-02
5.981794538361450558e-02
6.194585648421768731e-02
1.835779305220133772e-01
1.704811443433023876e-01
8.712613784135196660e-02
1.417425227568261670e-01
2.236671001300373149e-02
2.309203872272789781e-01
9.191157347204169381e-02
8.108654818667711262e-02
1.880600543799499647e-01
1.734460338101413424e-01
9.663343447478672799e-02
3.087013060438971532e-03
8.005201560468083732e-02
1.615864759427830810e-01
4.629388816644990773e-02
5.721716514954450911e-02
7.628955353272459661e-02
3.953185955786710920e-02
7.672301690507056515e-02
9.246293888166341735e-02
1.793758127438225547e-01
1.225120477319664170e-01
8.260728218465447636e-02
4.941482444733287516e-02
1.339921976592965136e-01
6.241872561768404236e-03
6.905071521456421224e-02
4.716869606336315801e-02
1.070654529692226381e-01
8.842652795838648605e-02
6.103164282618003117e-02
2.778311754395792685e-02
6.137841352405688095e-02
1.841352405721651680e-02
6.884065219565858873e-02
1.338001400420118780e-01
1.144343302990896705e-01
7.946828492992319415e-02
4.208535287859053314e-02
6.762028608582476563e-02
9.151278716948331449e-02
5.851755526657956979e-02
5.617685305591599287e-02
5.509319462505333359e-02
8.266765744008822137e-02
2.749891634156912887e-02
1.456436931079300827e-02
