1.000294204177690043e-02
4.259274118056106950e-02
4.314994606256733478e-02
4.265960576640150104e-02
5.884083553986439730e-02
1.180739433166617947e-01
9.299526598732238414e-02
3.375673151950032286e-02
5.847873809038805354e-02
1.232421300382462170e-01
4.959179170344176629e-02
3.992350691379795841e-02
3.648131803471595797e-02
9.985557249458380802e-02
6.178287731685750545e-02
5.442777287437450262e-02
5.080371232180542346e-02
1.855377632076659067e-01
1.727272727272727848e-01
9.267431597528649756e-02
1.397469844071785039e-01
2.353633421594579847e-02
2.333039129155633773e-01
8.049426301853478127e-02
6.779771828315458992e-02
1.951910989863323842e-01
1.760812003530447811e-01
1.064365336209995433e-01
2.328050449620548603e-03
7.210944395410415209e-02
1.576345984112969556e-01
5.099022932441401451e-02
5.295675198587800059e-02
8.237716975581001189e-02
3.439925770022819740e-02
7.208002353633399806e-02
1.010297146219473197e-01
1.643424536628415866e-01
1.187892632781267360e-01
8.636731391585750206e-02
5.001471020888450386e-02
1.383936451897614106e-01
8.237716975581000495e-03
7.563148825284740639e-02
5.488245205809176575e-02
1.248406394037458456e-01
8.531921153280350167e-02
6.328658755843209749e-02
2.444452972101734262e-02
6.943218593704010566e-02
2.082965578111161883e-02
6.524543417747286078e-02
1.272772534908456210e-01
1.103265666372459930e-01
8.270406328658712336e-02
4.522720586268655363e-02
6.619593998234750420e-02
8.873197999411584769e-02
6.619593998234750420e-02
5.648720211826999821e-02
6.031185642836128791e-02
8.229311141932488249e-02
2.632146709816607019e-02
1.471020888496609932e-02
2.471315092674309863e-02
9.613790152183782078e-02
8.130874405784947745e-02
8.321775312066558017e-02
1.153280376581344024e-01
1.822594880847307197e-01
1.029045976089223019e-01
6.052931169013901075e-02
8.569365321351170295e-02
1.868932038834947573e-01
1.291262135922325027e-01
4.582965578111194288e-02
1.559282141806410116e-01
1.544571932921444957e-01
6.101794645483928775e-02
2.456604883789345051e-01
3.303618711385697404e-01
2.059429243895259942e-01
3.177405119152690305e-02
2.367608120035302188e-01
1.438331535418910234e-01
2.072481211051375172e-01
1.629635314734502807e-02
1.056487202118266411e-01
1.271802631025929220e-01
2.030989506717660320e-01
1.366725507502206671e-01
2.998528979111502180e-01
1.603412768461310034e-01
1.158629543448604360e-01
5.126507796410678663e-02
1.750514857310969952e-01
1.984710379300204941e-01
3.299029697147897733e-01
2.593354895618935063e-01
2.122905027932960875e-01
3.529411764705880222e-02
2.658823529411764031e-01
1.367533936651581239e-01
1.761220043572982730e-01
2.710294117647057410e-01
1.000000000000000056e-01
3.997058823529411886e-01
1.552941176470586937e-01
2.060034602076122046e-01
3.725098039215683499e-01
6.088235294117640140e-02
2.423529411764704100e-01
1.064923747276686622e-01
2.569852941176468120e-01
1.559358288770051615e-01
4.941176470588230091e-02
1.000294204177690043e-02
4.259274118056106950e-02
4.314994606256733478e-02
4.265960576640150104e-02
5.884083553986439730e-02
1.180739433166617947e-01
9.299526598732238414e-02
3.375673151950032286e-02
5.847873809038805354e-02
1.232421300382462170e-01
4.959179170344176629e-02
3.992350691379795841e-02
3.648131803471595797e-02
9.985557249458380802e-02
6.178287731685750545e-02
5.442777287437450262e-02
5.080371232180542346e-02
1.855377632076659067e-01
1.727272727272727848e-01
9.267431597528649756e-02
1.397469844071785039e-01
2.353633421594579847e-02
2.333039129155633773e-01
8.049426301853478127e-02
6.779771828315458992e-02
1.951910989863323842e-01
1.760812003530447811e-01
1.064365336209995433e-01
2.328050449620548603e-03
7.210944395410415209e-02
1.576345984112969556e-01
5.099022932441401451e-02
5.295675198587800059e-02
8.237716975581001189e-02
3.439925770022819740e-02
7.208002353633399806e-02
1.010297146219473197e-01
1.643424536628415866e-01
1.187892632781267360e-01
8.636731391585750206e-02
5.001471020888450386e-02
1.383936451897614106e-01
8.237716975581000495e-03
7.563148825284740639e-02
5.488245205809176575e-02
1.248406394037458456e-01
8.531921153280350167e-02
6.328658755843209749e-02
2.444452972101734262e-02
6.943218593704010566e-02
2.082965578111161883e-02
6.524543417747286078e-02
1.272772534908456210e-01
1.103265666372459930e-01
8.270406328658712336e-02
4.522720586268655363e-02
6.619593998234750420e-02
8.873197999411584769e-02
6.619593998234750420e-02
5.648720211826999821e-02
6.031185642836128791e-02
8.229311141932488249e-02
2.632146709816607019e-02
1.471020888496609932e-02
3.529411764705880222e-02
2.658823529411764031e-01
1.367533936651581239e-01
1.761220043572982730e-01
2.710294117647057410e-01
1.000000000000000056e-01
3.997058823529411886e-01
1.552941176470586937e-01
2.060034602076122046e-01
3.725098039215683499e-01
6.088235294117640140e-02
2.423529411764704100e-01
1.064923747276686622e-01
2.569852941176468120e-01
1.559358288770051615e-01
4.941176470588230091e-02
4.530744336569569874e-02
2.162820997772453846e-01
2.265372168284784937e-01
9.468025355050939396e-02
1.434074317343677352e-01
9.443954104148269413e-02
4.468593704030595637e-01
2.537171566297777292e-01
1.404824948514267480e-01
4.358501163443789794e-01
5.413356869667539789e-02
1.865989997057957983e-01
1.708835932136900937e-01
1.904972050603117584e-01
1.311127313660027383e-01
4.913209767578689824e-02
4.473219540906409747e-02
1.834635346995557859e-01
1.322285167745732293e-01
1.565091765209479513e-01
1.806123985381276054e-01
1.244849911712772039e-01
4.032822075269185125e-01
1.743672748675690332e-01
2.664270597222396786e-01
3.481727219219862279e-01
7.857563272513240493e-02
1.630680586103278318e-01
1.643346353469953836e-01
2.949596019048637552e-01
1.562683931724543063e-01
4.796939376103590003e-02
3.620841919340590104e-02
2.054085155350977854e-01
1.518987341772150002e-01
1.710065030642010098e-01
2.175612468517972853e-01
1.068589932293198957e-01
3.462231380629967048e-01
1.854577568442740965e-01
3.031551904086491334e-01
3.112511039152190406e-01
6.093612010597580092e-02
1.592486729277255431e-01
1.255583571181732583e-01
2.119517221077419911e-01
1.765719207579671823e-01
4.533411833971150162e-02
3.916372202591279772e-02
2.041617589320769977e-01
2.700431880643890947e-01
1.279446407538280817e-01
2.506023128814645617e-01
1.036513545347467063e-01
3.483510011778564452e-01
2.499836408847007641e-01
1.590106007067134952e-01
2.682383686690221203e-01
6.743227326266189314e-02
1.712518929833415360e-01
1.472320376914016127e-01
2.282561527493643383e-01
2.093639575971730227e-01
3.916372202591279772e-02
4.153166421207649811e-02
2.757837155480747371e-01
1.897142857142855021e-01
1.489013254786450136e-01
2.620832775471951259e-01
1.145802650957289948e-01
3.694158075601374769e-01
2.340416579002732866e-01
2.364506627393223870e-01
4.185763377515953065e-01
6.863033873343149516e-02
2.174250058135026586e-01
1.091801669121255924e-01
2.614138438880704296e-01
1.307045465342769885e-01
5.449189985272449854e-02
1.000294204177698543e-02
4.259274118056051439e-02
4.314994606256564863e-02
4.265960576640077939e-02
5.884083553986424464e-02
1.180739433166609620e-01
9.299526598732156535e-02
3.375673151950035755e-02
5.847873809038808129e-02
1.232421300382456342e-01
4.959179170344173854e-02
3.992350691379793065e-02
3.648131803471603429e-02
9.985557249458294760e-02
6.178287731685680462e-02
5.442777287437403771e-02
5.080371232180550672e-02
1.855377632076657402e-01
1.727272727272725905e-01
9.267431597528590081e-02
1.397469844071776990e-01
2.353633421594576725e-02
2.333039129155626279e-01
8.049426301853411514e-02
6.779771828315436788e-02
1.951910989863312185e-01
1.760812003530446146e-01
1.064365336209989882e-01
2.328050449620055074e-03
7.210944395410326391e-02
1.576345984112970389e-01
5.099022932441359818e-02
5.295675198587793814e-02
8.237716975580935963e-02
3.439925770022835699e-02
7.208002353633342907e-02
1.010297146219475278e-01
1.643424536628413091e-01
1.187892632781261532e-01
8.636731391585762696e-02
5.001471020888405283e-02
1.383936451897601894e-01
8.237716975580646611e-03
7.563148825284715659e-02
5.488245205809144656e-02
1.248406394037461647e-01
8.531921153280284942e-02
6.328658755843179218e-02
2.444452972101696098e-02
6.943218593703966157e-02
2.082965578111075494e-02
6.524543417747202811e-02
1.272772534908444830e-01
1.103265666372453269e-01
8.270406328658619355e-02
4.522720586268602627e-02
6.619593998234636623e-02
8.873197999411497339e-02
6.619593998234644949e-02
5.648720211826926962e-02
6.031185642836092015e-02
8.229311141932404983e-02
2.632146709816538671e-02
1.471020888496604034e-02
