1.418439716312049938e-02
3.666989039329443534e-02
0.000000000000000000e+00
8.865248226950350752e-02
4.255319148936159701e-02
5.791962174940856051e-02
9.187620889748547570e-02
4.209065679925984987e-02
2.073104200763751723e-02
1.359929078014183168e-01
4.122340425531868108e-02
5.230496453900677217e-02
4.275019700551582064e-02
1.478078658929717348e-01
3.546099290780099778e-02
4.432624113475149702e-02
6.334622823984510653e-02
1.538753799392093835e-01
1.718085106382979121e-01
1.063829787234039925e-01
1.152482269503544987e-01
1.241134751773039988e-02
2.283293932230100742e-01
6.063829787234029794e-02
3.605200945626470949e-02
2.511283043197933829e-01
2.021276595744680438e-01
9.535066981875456316e-02
0.000000000000000000e+00
1.111702127659570383e-01
2.122340425531910324e-01
3.322135125046620646e-02
2.659574468085099813e-02
7.092198581560266168e-02
5.182760501909407930e-02
2.659574468085099813e-02
1.217730496453900829e-01
1.313829787234041813e-01
1.560283687943262720e-01
1.279920212765954524e-01
2.659574468085099813e-02
1.290780141843970996e-01
1.063829787234039925e-02
8.219351570415368846e-02
7.350096711798806415e-02
1.347517730496451127e-01
7.978723404255300133e-02
6.934594168636690203e-02
4.209065679925984987e-02
3.138297872340418265e-02
2.092198581560259299e-02
7.610474631751211472e-02
1.451172940534637967e-01
1.507092198581559961e-01
7.584712371946357445e-02
6.455512572533834981e-02
7.978723404255300133e-02
1.165484633569739831e-01
2.659574468085099813e-02
7.092198581560280046e-02
2.423167848699735519e-02
7.514353259034109445e-02
3.605200945626454989e-02
8.865248226950299751e-03
2.304964539007089974e-02
9.534171502256602593e-02
3.322135125046620646e-02
1.139817629179328828e-01
1.134751773049643975e-01
1.344984802431608006e-01
9.647001934235954757e-02
7.716620413197627926e-02
7.890070921985785357e-02
2.389184397163116313e-01
1.010638297872340219e-01
5.359042553191484259e-02
1.507092198581559961e-01
1.418439716312054899e-01
7.931442080378217629e-02
2.127659574468085124e-01
3.840425531914894997e-01
1.418439716312054899e-01
2.304964539007089974e-02
2.506648936170211006e-01
1.083530338849487407e-01
2.692456479690520932e-01
1.403021893308648710e-02
1.617021276595743129e-01
9.768659236744338392e-02
2.021276595744676552e-01
1.718085106382978566e-01
2.581560283687941992e-01
1.773049645390070150e-01
1.010638297872336611e-01
4.846335697399504344e-02
2.039007092198580062e-01
1.890459363957597005e-01
3.250883392226148194e-01
2.632508833922260760e-01
2.226148409893992930e-01
4.070796460176989706e-02
2.053097345132740004e-01
1.257998638529609636e-01
1.910193379219926046e-01
2.682522123893804622e-01
7.964601769911500151e-02
4.221238938053094025e-01
1.911504424778760203e-01
1.433628318584069250e-01
4.316224188790557248e-01
5.840707964601769830e-02
2.619469026548671975e-01
1.047525401507700960e-01
3.119469026548673529e-01
1.694288012872081917e-01
3.893805309734509751e-02
1.418439716312049938e-02
3.666989039329443534e-02
0.000000000000000000e+00
8.865248226950350752e-02
4.255319148936159701e-02
5.791962174940856051e-02
9.187620889748547570e-02
4.209065679925984987e-02
2.073104200763751723e-02
1.359929078014183168e-01
4.122340425531868108e-02
5.230496453900677217e-02
4.275019700551582064e-02
1.478078658929717348e-01
3.546099290780099778e-02
4.432624113475149702e-02
6.334622823984510653e-02
1.538753799392093835e-01
1.718085106382979121e-01
1.063829787234039925e-01
1.152482269503544987e-01
1.241134751773039988e-02
2.283293932230100742e-01
6.063829787234029794e-02
3.605200945626470949e-02
2.511283043197933829e-01
2.021276595744680438e-01
9.535066981875456316e-02
0.000000000000000000e+00
1.111702127659570383e-01
2.122340425531910324e-01
3.322135125046620646e-02
2.659574468085099813e-02
7.092198581560266168e-02
5.182760501909407930e-02
2.659574468085099813e-02
1.217730496453900829e-01
1.313829787234041813e-01
1.560283687943262720e-01
1.279920212765954524e-01
2.659574468085099813e-02
1.290780141843970996e-01
1.063829787234039925e-02
8.219351570415368846e-02
7.350096711798806415e-02
1.347517730496451127e-01
7.978723404255300133e-02
6.934594168636690203e-02
4.209065679925984987e-02
3.138297872340418265e-02
2.092198581560259299e-02
7.610474631751211472e-02
1.451172940534637967e-01
1.507092198581559961e-01
7.584712371946357445e-02
6.455512572533834981e-02
7.978723404255300133e-02
1.165484633569739831e-01
2.659574468085099813e-02
7.092198581560280046e-02
2.423167848699735519e-02
7.514353259034109445e-02
3.605200945626454989e-02
8.865248226950299751e-03
4.070796460176989706e-02
2.053097345132740004e-01
1.257998638529609636e-01
1.910193379219926046e-01
2.682522123893804622e-01
7.964601769911500151e-02
4.221238938053094025e-01
1.911504424778760203e-01
1.433628318584069250e-01
4.316224188790557248e-01
5.840707964601769830e-02
2.619469026548671975e-01
1.047525401507700960e-01
3.119469026548673529e-01
1.694288012872081917e-01
3.893805309734509751e-02
4.078014184397159986e-02
2.041540020263422628e-01
1.595744680851060027e-01
1.257253384912958571e-01
1.188355599538180596e-01
9.219858156028359897e-02
4.949024822695034520e-01
2.272913256955809147e-01
1.374113475177305144e-01
3.971631205673757936e-01
6.560283687943259390e-02
1.935283687943261666e-01
1.877955082742316928e-01
2.083333333333332593e-01
1.074622263336416639e-01
5.319148936170210035e-02
3.907637655417400130e-02
1.679315356047148267e-01
1.271647424511544167e-01
1.671241724527692818e-01
1.503573051344541389e-01
1.225577264653641002e-01
4.468707554069582533e-01
1.753996447602129694e-01
2.346850081251650455e-01
3.400613595995476968e-01
8.170515097690940476e-02
1.884640553426193688e-01
2.204101404811881770e-01
3.051832714354915099e-01
1.385435168738897993e-01
4.795737122557720139e-02
4.804270462633449673e-02
1.617195082497572545e-01
1.494661921708184960e-01
1.455839534131347646e-01
2.095689996045868586e-01
9.252669039145899887e-02
3.452669039145906393e-01
2.295373665480425762e-01
2.385959236493041258e-01
3.593594306049818776e-01
6.049822064056929738e-02
1.701297210423601824e-01
1.044406622311618849e-01
2.440264361972545870e-01
1.874258600237246608e-01
4.448398576512450214e-02
3.030303030303030040e-02
1.699346405228758239e-01
2.890077243018420727e-01
1.536217792902285217e-01
2.304326689353427549e-01
9.982174688057039724e-02
3.244206773618539263e-01
2.862943157060803823e-01
1.604278074866309911e-01
2.634803921568627527e-01
6.773618538324420457e-02
1.852983617689500095e-01
1.711229946524064072e-01
2.574350314288394448e-01
2.240317614649165734e-01
2.852049910873440119e-02
3.035714285714280133e-02
2.441326530612243362e-01
2.425000000000000766e-01
1.334999999999999798e-01
2.189123376623374473e-01
1.214285714285713996e-01
3.571428571428570953e-01
2.479591836734691135e-01
2.459821428571425384e-01
4.605952380952379466e-01
5.357142857142849907e-02
2.467105263157895190e-01
1.380952380952378544e-01
2.008928571428570953e-01
1.488479262672811054e-01
6.071428571428569981e-02
1.418439716312036927e-02
3.666989039329425493e-02
0.000000000000000000e+00
8.865248226950324384e-02
4.255319148936165252e-02
5.791962174940882419e-02
9.187620889748426833e-02
4.209065679925938497e-02
2.073104200763643129e-02
1.359929078014175396e-01
4.122340425531891006e-02
5.230496453900688320e-02
4.275019700551612595e-02
1.478078658929723732e-01
3.546099290780065083e-02
4.432624113475063660e-02
6.334622823984521756e-02
1.538753799392096056e-01
1.718085106382966076e-01
1.063829787234040619e-01
1.152482269503540685e-01
1.241134751773034783e-02
2.283293932230083811e-01
6.063829787233935426e-02
3.605200945626332865e-02
2.511283043197918285e-01
2.021276595744666560e-01
9.535066981875468806e-02
0.000000000000000000e+00
1.111702127659568856e-01
2.122340425531908381e-01
3.322135125046573462e-02
2.659574468085087670e-02
7.092198581560187065e-02
5.182760501909361439e-02
2.659574468084975260e-02
1.217730496453890282e-01
1.313829787234038760e-01
1.560283687943257447e-01
1.279920212765950360e-01
2.659574468084958607e-02
1.290780141843965168e-01
1.063829787234036282e-02
8.219351570415273089e-02
7.350096711798836946e-02
1.347517730496454180e-01
7.978723404255173846e-02
6.934594168636709632e-02
4.209065679925960701e-02
3.138297872340312100e-02
2.092198581560240564e-02
7.610474631751075469e-02
1.451172940534644351e-01
1.507092198581556630e-01
7.584712371946275566e-02
6.455512572533787796e-02
7.978723404255218254e-02
1.165484633569737610e-01
2.659574468085001628e-02
7.092198581560184290e-02
2.423167848699598129e-02
7.514353259034020627e-02
3.605200945626430703e-02
8.865248226950311894e-03
