1.321585903083699956e-02
8.199839807769322697e-02
7.342143906020533184e-02
2.202643171806149824e-02
7.048458149779719684e-02
8.223201174743009767e-02
1.027232679215058092e-01
3.485922237119298828e-02
6.438495425279547324e-02
1.039647577092508712e-01
7.681718061674008835e-02
1.169603524229074626e-01
5.310817425354845411e-02
7.869443331998396407e-02
2.202643171806149824e-02
3.303964757709249717e-02
5.246295554665557359e-02
1.146947765890496962e-01
1.883259911894273053e-01
6.607929515418499433e-02
9.911894273127749844e-02
1.982378854625550108e-02
1.791483113069016753e-01
8.788546255506569926e-02
7.464512971120880469e-02
1.641970364437319585e-01
1.883259911894273053e-01
6.461086637298089907e-02
1.742961118559649414e-02
6.277533039647557878e-02
1.129955947136563887e-01
1.031764433109201434e-01
6.607929515418499433e-02
8.810572687224667299e-02
6.438495425279547324e-02
6.607929515418499433e-02
7.118942731277518032e-02
1.004405286343610371e-01
1.140191759523189047e-01
9.540198237885459676e-02
7.709251101321550059e-02
1.233480176211450008e-01
1.541850220264310081e-02
6.497797356828165227e-02
6.848217861433719689e-02
9.765051395007301460e-02
5.506607929515399541e-02
9.691629955947136943e-02
6.100363914958793765e-02
6.497797356828172166e-02
3.898678414096914957e-02
6.302948153168369538e-02
1.158929176550322071e-01
1.321585903083699887e-01
5.384238864415034215e-02
5.346415698838605929e-02
6.607929515418499433e-02
5.961820851688666434e-02
3.303964757709249717e-02
4.405286343612319772e-02
6.020558002936810676e-02
1.213551499895109548e-01
4.478707782672524534e-02
3.303964757709249717e-02
4.625550660792950020e-02
1.639967961553864539e-01
1.547646649663806662e-01
4.719949653870343653e-02
1.145374449339204015e-01
1.392385147891755659e-01
8.560272326792148223e-02
1.132924727063778225e-01
9.801762114537432291e-02
1.802037444933918264e-01
1.632158590308366297e-01
5.633259911894263755e-02
1.321585903083699887e-01
8.810572687224649258e-02
8.061674008810569558e-02
1.541850220264315008e-01
3.013215859030836663e-01
1.321585903083699887e-01
3.524229074889859842e-02
2.155837004405286306e-01
1.211453744493392048e-01
1.858229875851019897e-01
4.357402796399143657e-02
1.255506607929511576e-01
1.773652192154392404e-01
1.813509544787073602e-01
9.416299559471362490e-02
2.220264317180616898e-01
2.092511013215855309e-01
1.255506607929513796e-01
8.278267254038165768e-02
1.651982378854624789e-01
2.171052631578946901e-01
2.916666666666666852e-01
2.543859649122807154e-01
2.368421052631577983e-01
5.054945054945050170e-02
2.549450549450548165e-01
1.822485207100590920e-01
1.377289377289375172e-01
2.265109890109889557e-01
8.131868131868129346e-02
3.560439560439559448e-01
1.714285714285712914e-01
2.408532643826759578e-01
3.025641025641024884e-01
6.813186813186809798e-02
2.373626373626372132e-01
1.453805453805451509e-01
2.554945054945054195e-01
1.132867132867131643e-01
8.131868131868129346e-02
1.321585903083699956e-02
8.199839807769322697e-02
7.342143906020533184e-02
2.202643171806149824e-02
7.048458149779719684e-02
8.223201174743009767e-02
1.027232679215058092e-01
3.485922237119298828e-02
6.438495425279547324e-02
1.039647577092508712e-01
7.681718061674008835e-02
1.169603524229074626e-01
5.310817425354845411e-02
7.869443331998396407e-02
2.202643171806149824e-02
3.303964757709249717e-02
5.246295554665557359e-02
1.146947765890496962e-01
1.883259911894273053e-01
6.607929515418499433e-02
9.911894273127749844e-02
1.982378854625550108e-02
1.791483113069016753e-01
8.788546255506569926e-02
7.464512971120880469e-02
1.641970364437319585e-01
1.883259911894273053e-01
6.461086637298089907e-02
1.742961118559649414e-02
6.277533039647557878e-02
1.129955947136563887e-01
1.031764433109201434e-01
6.607929515418499433e-02
8.810572687224667299e-02
6.438495425279547324e-02
6.607929515418499433e-02
7.118942731277518032e-02
1.004405286343610371e-01
1.140191759523189047e-01
9.540198237885459676e-02
7.709251101321550059e-02
1.233480176211450008e-01
1.541850220264310081e-02
6.497797356828165227e-02
6.848217861433719689e-02
9.765051395007301460e-02
5.506607929515399541e-02
9.691629955947136943e-02
6.100363914958793765e-02
6.497797356828172166e-02
3.898678414096914957e-02
6.302948153168369538e-02
1.158929176550322071e-01
1.321585903083699887e-01
5.384238864415034215e-02
5.346415698838605929e-02
6.607929515418499433e-02
5.961820851688666434e-02
3.303964757709249717e-02
4.405286343612319772e-02
6.020558002936810676e-02
1.213551499895109548e-01
4.478707782672524534e-02
3.303964757709249717e-02
5.054945054945050170e-02
2.549450549450548165e-01
1.822485207100590920e-01
1.377289377289375172e-01
2.265109890109889557e-01
8.131868131868129346e-02
3.560439560439559448e-01
1.714285714285712914e-01
2.408532643826759578e-01
3.025641025641024884e-01
6.813186813186809798e-02
2.373626373626372132e-01
1.453805453805451509e-01
2.554945054945054195e-01
1.132867132867131643e-01
8.131868131868129346e-02
5.726872246696029789e-02
2.015942941053070481e-01
2.422907488986780211e-01
1.081297557068482129e-01
1.342075607007477411e-01
7.268722466960350626e-02
4.072136563876651572e-01
2.481362250084715448e-01
1.486784140969162615e-01
3.476171405686819815e-01
5.947136563876650323e-02
2.014317180616737313e-01
1.956681350954476983e-01
2.037444933920702639e-01
1.177935261444167242e-01
6.607929515418499433e-02
6.181015452538630300e-02
1.434878587196467270e-01
1.307947019867548855e-01
2.077062010836844275e-01
1.201293700908669659e-01
1.147902869757174010e-01
4.135826516036879008e-01
1.471440397350992912e-01
2.916725376919824808e-01
2.709211318482840358e-01
7.505518763796900639e-02
1.951899616591146469e-01
2.374071844270519704e-01
2.980132450331126059e-01
1.390728476821191106e-01
6.181015452538630300e-02
5.088495575221230194e-02
1.945897023330651898e-01
1.792035398230086007e-01
1.448109412711179877e-01
1.758849557522121909e-01
7.522123893805310324e-02
3.066371681415926420e-01
2.389380530973450045e-01
3.203942075623487096e-01
2.891150442477875560e-01
5.088495575221230194e-02
1.836996859834426898e-01
1.904578684109272668e-01
2.212389380530971339e-01
1.812520485086855371e-01
5.088495575221230194e-02
3.325942350332589809e-02
1.601379650160137114e-01
3.370288248337026116e-01
2.070147147752467442e-01
2.229389236041120492e-01
8.647450110864740580e-02
3.170731707317070991e-01
2.325695984232568070e-01
1.862527716186251903e-01
2.362804878048780088e-01
6.208425720620840138e-02
1.806567416323512365e-01
2.394678492239467882e-01
2.418018438557591465e-01
1.751662971175164951e-01
4.656319290465629757e-02
4.000000000000000083e-02
2.117460317460316821e-01
2.414222222222222047e-01
2.135999999999999566e-01
2.109090909090908239e-01
1.000000000000000056e-01
3.148148148148146031e-01
2.485714285714284710e-01
2.850000000000000866e-01
3.785185185185181433e-01
6.444444444444440145e-02
2.192982456140349090e-01
1.718518518518517280e-01
2.685185185185183787e-01
1.144086021505374973e-01
5.999999999999999778e-02
1.321585903083677231e-02
8.199839807769296329e-02
7.342143906020445754e-02
2.202643171806096048e-02
7.048458149779689152e-02
8.223201174742982011e-02
1.027232679215054345e-01
3.485922237119319644e-02
6.438495425279466833e-02
1.039647577092503855e-01
7.681718061673838138e-02
1.169603524229059360e-01
5.310817425354835697e-02
7.869443331998311753e-02
2.202643171806086334e-02
3.303964757709160205e-02
5.246295554665565686e-02
1.146947765890488219e-01
1.883259911894274163e-01
6.607929515418424493e-02
9.911894273127666577e-02
1.982378854625547332e-02
1.791483113069004540e-01
8.788546255506569926e-02
7.464512971120901286e-02
1.641970364437326524e-01
1.883259911894272498e-01
6.461086637298008029e-02
1.742961118559609515e-02
6.277533039647469060e-02
1.129955947136558614e-01
1.031764433109201018e-01
6.607929515418371758e-02
8.810572687224504929e-02
6.438495425279462669e-02
6.607929515418406452e-02
7.118942731277480562e-02
1.004405286343605930e-01
1.140191759523192100e-01
9.540198237885409716e-02
7.709251101321554223e-02
1.233480176211452922e-01
1.541850220264309387e-02
6.497797356828136084e-02
6.848217861433625320e-02
9.765051395007190438e-02
5.506607929515269090e-02
9.691629955947117514e-02
6.100363914958778500e-02
6.497797356828151349e-02
3.898678414096864303e-02
6.302948153168248802e-02
1.158929176550317214e-01
1.321585903083698776e-01
5.384238864415070991e-02
5.346415698838571234e-02
6.607929515418406452e-02
5.961820851688597045e-02
3.303964757709195593e-02
4.405286343612312833e-02
6.020558002936694103e-02
1.213551499895106772e-01
4.478707782672522453e-02
3.303964757709238614e-02
