2.561024409763899834e-02
9.931245225362869689e-02
1.147125516873413326e-01
7.002801120448150229e-02
6.402561024409759993e-02
5.415499533146548444e-02
1.098985048564878469e-01
3.166483984898306459e-02
8.889709730045815272e-02
1.440176070428169919e-01
8.140756302520978094e-02
7.555022008803505273e-02
3.170156951669544226e-02
9.769362290370682544e-02
1.020408163265305035e-01
4.401760704281700021e-02
1.119902506457123442e-01
6.482593037214837151e-02
2.052821128451380039e-01
6.602641056422550725e-02
7.803121248499350626e-02
4.801920768307300046e-03
1.383219954648525485e-01
5.018007202881139689e-02
1.383219954648525485e-01
1.819636945687364560e-01
1.391356542617045722e-01
8.020986172246669099e-02
1.424917793204201998e-02
5.018007202881139689e-02
1.345738295318127387e-01
3.936311366651917137e-02
1.240496198479389967e-01
9.337068160597533639e-02
6.784252162403368869e-02
7.603041216486550180e-02
1.147819127651059645e-01
1.231692677070825720e-01
1.864275121813430691e-01
8.858543417366911144e-02
6.802721088435349783e-02
1.747899159663860724e-01
8.803521408563400041e-03
5.565083176127579023e-02
4.147113390810868577e-02
8.109910630919019148e-02
7.603041216486550180e-02
7.434084745009073014e-02
4.591401778102507936e-02
4.249699879951931297e-02
9.443777511004161282e-03
8.874318958352561681e-02
1.122910702742630634e-01
5.802320928371299674e-02
4.890845226979678717e-02
3.723307504820096148e-02
8.203281312525000091e-02
9.438442043484052135e-02
9.803921568627450844e-02
3.521408563425360017e-02
8.203281312525007030e-02
4.239791154557038394e-02
4.068293984260347440e-02
1.200480192076830085e-02
3.761504601840730266e-02
1.622103386809269632e-01
1.199637749836774403e-01
9.775338706911300413e-02
9.923969587835120010e-02
1.045561081575486079e-01
9.745716468405529742e-02
8.232858360735588465e-02
9.874859034522892598e-02
2.060574229691871928e-01
1.300120048019203223e-01
5.024009603841524119e-02
1.580632252901159884e-01
1.680672268907559830e-01
1.171668667466985170e-01
1.320528211284510145e-01
3.398559423769507704e-01
1.760704281712685004e-01
1.360544217687069922e-02
1.624649859943976260e-01
1.736250055577785445e-01
2.548801338717304188e-01
2.058214590183887055e-02
1.163265306122448078e-01
1.475447321785853805e-01
1.698012538348667999e-01
1.505402160864344197e-01
2.957983193277309297e-01
1.260504201680670011e-01
7.879515442540609149e-02
8.066559957316259133e-02
1.780712284913965049e-01
2.586965213914433903e-01
2.586965213914433903e-01
2.878848460615753835e-01
1.947221111555376971e-01
8.079999999999999682e-02
2.272000000000000131e-01
1.966461538461538872e-01
1.907851851851851688e-01
2.400750000000000661e-01
4.959999999999999826e-02
3.851999999999999869e-01
1.332000000000000128e-01
3.125647058823530222e-01
4.106400000000000605e-01
6.679999999999999827e-02
2.048000000000000098e-01
1.141925925925925817e-01
1.800000000000000488e-01
1.698545454545454525e-01
4.440000000000000197e-02
2.561024409763899834e-02
9.931245225362869689e-02
1.147125516873413326e-01
7.002801120448150229e-02
6.402561024409759993e-02
5.415499533146548444e-02
1.098985048564878469e-01
3.166483984898306459e-02
8.889709730045815272e-02
1.440176070428169919e-01
8.140756302520978094e-02
7.555022008803505273e-02
3.170156951669544226e-02
9.769362290370682544e-02
1.020408163265305035e-01
4.401760704281700021e-02
1.119902506457123442e-01
6.482593037214837151e-02
2.052821128451380039e-01
6.602641056422550725e-02
7.803121248499350626e-02
4.801920768307300046e-03
1.383219954648525485e-01
5.018007202881139689e-02
1.383219954648525485e-01
1.819636945687364560e-01
1.391356542617045722e-01
8.020986172246669099e-02
1.424917793204201998e-02
5.018007202881139689e-02
1.345738295318127387e-01
3.936311366651917137e-02
1.240496198479389967e-01
9.337068160597533639e-02
6.784252162403368869e-02
7.603041216486550180e-02
1.147819127651059645e-01
1.231692677070825720e-01
1.864275121813430691e-01
8.858543417366911144e-02
6.802721088435349783e-02
1.747899159663860724e-01
8.803521408563400041e-03
5.565083176127579023e-02
4.147113390810868577e-02
8.109910630919019148e-02
7.603041216486550180e-02
7.434084745009073014e-02
4.591401778102507936e-02
4.249699879951931297e-02
9.443777511004161282e-03
8.874318958352561681e-02
1.122910702742630634e-01
5.802320928371299674e-02
4.890845226979678717e-02
3.723307504820096148e-02
8.203281312525000091e-02
9.438442043484052135e-02
9.803921568627450844e-02
3.521408563425360017e-02
8.203281312525007030e-02
4.239791154557038394e-02
4.068293984260347440e-02
1.200480192076830085e-02
8.079999999999999682e-02
2.272000000000000131e-01
1.966461538461538872e-01
1.907851851851851688e-01
2.400750000000000661e-01
4.959999999999999826e-02
3.851999999999999869e-01
1.332000000000000128e-01
3.125647058823530222e-01
4.106400000000000605e-01
6.679999999999999827e-02
2.048000000000000098e-01
1.141925925925925817e-01
1.800000000000000488e-01
1.698545454545454525e-01
4.440000000000000197e-02
6.602641056422560439e-02
2.256521656281558763e-01
3.641456582633050276e-01
1.189566735785223123e-01
1.779874740593912208e-01
4.921968787514999916e-02
3.786014405762303525e-01
1.818727490996399077e-01
1.870748299319727470e-01
4.053985230455817157e-01
7.162865146058419730e-02
1.829731892757100187e-01
2.023476057089502178e-01
1.330532212885152388e-01
1.398124467178175623e-01
4.241696678671459664e-02
7.445956765412330147e-02
1.916078317199212122e-01
1.976581265012007094e-01
1.621297037630103077e-01
1.815405813022511472e-01
9.767814251401120418e-02
3.107191635661466500e-01
1.057470976781424016e-01
4.074749161030952194e-01
2.594075260208164591e-01
9.647718174539629543e-02
1.640048881210228460e-01
1.688987553679306697e-01
1.752310939660818023e-01
1.609287429943953018e-01
5.684547638110479945e-02
6.087304765718860172e-02
2.160410674627735450e-01
2.126551862234679069e-01
2.195361706775400545e-01
2.499888755395362205e-01
5.166199439327189696e-02
2.965638766519820280e-01
1.405686824189024964e-01
3.737576000291252809e-01
3.330396475770925346e-01
8.089707649179009308e-02
1.350265479866160079e-01
1.676794762410543094e-01
1.395960867326505872e-01
1.804535813346383744e-01
4.084901882258710343e-02
5.849358974358970231e-02
2.106481481481480011e-01
4.059829059829059839e-01
1.697625291375290946e-01
2.661531177156176153e-01
5.809294871794869891e-02
3.385416666666667962e-01
1.575854700854698309e-01
2.283653846153843869e-01
2.575370592948714732e-01
7.692307692307689959e-02
1.699671855921854047e-01
1.987179487179484005e-01
1.535087719298244557e-01
1.913425116550116767e-01
3.926282051282049823e-02
6.452905811623239896e-02
2.623532779845403895e-01
3.141322645290578475e-01
1.783567134268536636e-01
2.710329750409907756e-01
9.619238476953899386e-02
2.555110220440879321e-01
1.252218723160605784e-01
3.655310621242483515e-01
2.925851703406812665e-01
8.857715430861720640e-02
2.468094082902647923e-01
1.293253173012690604e-01
1.603206412825650129e-01
1.405132846337836250e-01
5.010020040080159776e-02
2.561024409763889079e-02
9.931245225362837770e-02
1.147125516873401530e-01
7.002801120448118311e-02
6.402561024409740564e-02
5.415499533146567179e-02
1.098985048564879025e-01
3.166483984898255805e-02
8.889709730045718128e-02
1.440176070428156041e-01
8.140756302520946175e-02
7.555022008803492783e-02
3.170156951669493572e-02
9.769362290370575685e-02
1.020408163265304341e-01
4.401760704281679204e-02
1.119902506457125524e-01
6.482593037214845477e-02
2.052821128451373656e-01
6.602641056422489663e-02
7.803121248499365892e-02
4.801920768307214177e-03
1.383219954648523264e-01
5.018007202881136219e-02
1.383219954648514383e-01
1.819636945687348184e-01
1.391356542617034342e-01
8.020986172246662160e-02
1.424917793204139548e-02
5.018007202881136219e-02
1.345738295318116007e-01
3.936311366651849136e-02
1.240496198479389689e-01
9.337068160597572497e-02
6.784252162403428543e-02
7.603041216486475240e-02
1.147819127651057980e-01
1.231692677070812397e-01
1.864275121813430136e-01
8.858543417366830652e-02
6.802721088435237373e-02
1.747899159663848512e-01
8.803521408563275141e-03
5.565083176127508247e-02
4.147113390810870659e-02
8.109910630918899799e-02
7.603041216486425280e-02
7.434084745009002237e-02
4.591401778102537079e-02
4.249699879951841092e-02
9.443777511003717193e-03
8.874318958352560294e-02
1.122910702742633132e-01
5.802320928371233061e-02
4.890845226979514959e-02
3.723307504820109332e-02
8.203281312524993152e-02
9.438442043484050747e-02
9.803921568627417538e-02
3.521408563425316302e-02
8.203281312524934865e-02
4.239791154557015496e-02
4.068293984260312746e-02
1.200480192076828871e-02
