1.337792642140460050e-02
9.683794466403125578e-02
8.918617614269734595e-02
6.688963210702300599e-02
0.000000000000000000e+00
1.248606465997767895e-01
3.466099118273011093e-02
1.587901701323249926e-01
3.910470800102884559e-02
1.183946488294313065e-01
5.831939799331099100e-02
3.946488294314357687e-02
1.151988108509823146e-02
1.991486774095427639e-02
0.000000000000000000e+00
8.361204013377900035e-02
1.394040741866823252e-01
7.740086000955520573e-02
3.812709030100312757e-02
0.000000000000000000e+00
5.016722408026749735e-02
2.006688963210699964e-02
1.133407655146782683e-01
1.143812709030099378e-01
2.493496841322924984e-01
1.495895408938885951e-01
3.812709030100312757e-02
6.540319583797805925e-02
5.293005671077474078e-02
1.525083612040130654e-01
1.143812709030099378e-01
2.036613272311212364e-01
1.003344481605349947e-01
1.337792642140466781e-01
1.173141240030871196e-01
3.344481605351150300e-02
6.755852842809344228e-02
7.625418060200625514e-02
8.656305331497123057e-02
1.287625418060197591e-01
8.361204013377900035e-02
5.618729096989961980e-02
1.003344481605349982e-02
5.637840420449082707e-02
1.733049559136479525e-02
1.270903010033443692e-01
6.688963210702300599e-02
3.270159791898902962e-02
2.646502835538737039e-02
9.866220735785923013e-02
1.973244147157149006e-02
2.392590686905018277e-02
9.776177000257241234e-02
3.344481605351150300e-02
2.248234856930505232e-01
6.764974156278484585e-02
3.344481605351150300e-02
1.034559643255293093e-01
1.170568561872904895e-01
4.013377926421399927e-02
6.856187290969893711e-02
1.133938525242870893e-01
1.360089186176142162e-01
2.675585284280930162e-02
4.013377926421399927e-02
1.245059288537548325e-01
2.663263509945427709e-01
1.290014333492593146e-01
4.013377926421399927e-02
1.691352126134733347e-01
5.199148677409541619e-02
1.852551984877123803e-01
9.470963818789869537e-02
2.253344481605346894e-01
1.715719063545149137e-01
1.555183946488284882e-02
5.016722408026749735e-02
0.000000000000000000e+00
2.312151616499438234e-01
1.337792642140465116e-01
1.525083612040130654e-01
1.672240802675584725e-01
3.010033444816050119e-02
8.486622073578563297e-02
4.496469713861016015e-01
1.551839464882940611e-01
6.616257088846862200e-02
2.668896321070229893e-01
1.984392419175025069e-01
2.541806020066887384e-01
1.239130434782608342e-01
1.311036789297654048e-01
1.170568561872904895e-01
1.039829735481908463e-01
5.713489409141565833e-02
1.170568561872904895e-01
2.026578073089700949e-01
2.923588039867109911e-01
2.358803986710963085e-01
2.691029900332225777e-01
6.333333333333329707e-02
2.933333333333332238e-01
1.283333333333332715e-01
8.123456790123444182e-02
1.313541666666665775e-01
6.666666666666659635e-02
3.449999999999997513e-01
3.099999999999999423e-01
3.176470588235291159e-01
3.015555555555553546e-01
5.000000000000000278e-02
1.733333333333332005e-01
1.044444444444444231e-01
2.874999999999998113e-01
1.636363636363634688e-01
9.666666666666659524e-02
1.337792642140460050e-02
9.683794466403125578e-02
8.918617614269734595e-02
6.688963210702300599e-02
0.000000000000000000e+00
1.248606465997767895e-01
3.466099118273011093e-02
1.587901701323249926e-01
3.910470800102884559e-02
1.183946488294313065e-01
5.831939799331099100e-02
3.946488294314357687e-02
1.151988108509823146e-02
1.991486774095427639e-02
0.000000000000000000e+00
8.361204013377900035e-02
1.394040741866823252e-01
7.740086000955520573e-02
3.812709030100312757e-02
0.000000000000000000e+00
5.016722408026749735e-02
2.006688963210699964e-02
1.133407655146782683e-01
1.143812709030099378e-01
2.493496841322924984e-01
1.495895408938885951e-01
3.812709030100312757e-02
6.540319583797805925e-02
5.293005671077474078e-02
1.525083612040130654e-01
1.143812709030099378e-01
2.036613272311212364e-01
1.003344481605349947e-01
1.337792642140466781e-01
1.173141240030871196e-01
3.344481605351150300e-02
6.755852842809344228e-02
7.625418060200625514e-02
8.656305331497123057e-02
1.287625418060197591e-01
8.361204013377900035e-02
5.618729096989961980e-02
1.003344481605349982e-02
5.637840420449082707e-02
1.733049559136479525e-02
1.270903010033443692e-01
6.688963210702300599e-02
3.270159791898902962e-02
2.646502835538737039e-02
9.866220735785923013e-02
1.973244147157149006e-02
2.392590686905018277e-02
9.776177000257241234e-02
3.344481605351150300e-02
2.248234856930505232e-01
6.764974156278484585e-02
3.344481605351150300e-02
1.034559643255293093e-01
1.170568561872904895e-01
4.013377926421399927e-02
6.856187290969893711e-02
1.133938525242870893e-01
1.360089186176142162e-01
2.675585284280930162e-02
6.333333333333329707e-02
2.933333333333332238e-01
1.283333333333332715e-01
8.123456790123444182e-02
1.313541666666665775e-01
6.666666666666659635e-02
3.449999999999997513e-01
3.099999999999999423e-01
3.176470588235291159e-01
3.015555555555553546e-01
5.000000000000000278e-02
1.733333333333332005e-01
1.044444444444444231e-01
2.874999999999998113e-01
1.636363636363634688e-01
9.666666666666659524e-02
2.341137123745809859e-02
2.172320433189997013e-01
1.505016722408025198e-01
2.097902097902097918e-01
2.547250525005831379e-01
8.026755852842809569e-02
1.818561872909697230e-01
2.988165680473372499e-01
1.421404682274244879e-01
3.235025843721494043e-01
6.020066889632100238e-02
1.578595317725751679e-01
1.371237458193978465e-01
1.923076923076922351e-01
3.457903155445686827e-01
5.685618729096979934e-02
2.348993288590599943e-02
1.883770591824281138e-01
1.076971476510067138e-01
2.882855399633922899e-01
1.826127672857809359e-01
8.053691275167780550e-02
3.951835767864193549e-01
1.905411073825501733e-01
3.448522061973439690e-01
3.624161073825503676e-01
4.362416107382550284e-02
1.384669728011301004e-01
2.082062233068942558e-01
3.157413056741913415e-01
2.214765100671141074e-01
7.046979865771810236e-02
4.040404040404040054e-02
1.382001836547290252e-01
1.717171717171716017e-01
2.341597796143249643e-01
1.982790871679759870e-01
9.427609427609419390e-02
2.666666666666665519e-01
1.919191919191917117e-01
1.444750535659624635e-01
2.933333333333330573e-01
4.713804713804709695e-02
2.117953730856954597e-01
2.766798418972332696e-01
2.308802308802308523e-01
1.773288439955106877e-01
6.060606060606060080e-02
3.378378378378370239e-02
1.854354354354351975e-01
3.252252252252249565e-01
1.455773955773954631e-01
2.062346437346436745e-01
9.459459459459459985e-02
2.195945945945943500e-01
2.989864864864864025e-01
1.114864864864863053e-01
2.206503378378375513e-01
7.770270270270270008e-02
1.518661518661517384e-01
2.972972972972972028e-01
2.190611664295873950e-01
1.455773955773954631e-01
8.108108108108100232e-02
4.067796610169489846e-02
1.966101694915251274e-01
2.498983050847456699e-01
1.810169491525421837e-01
2.546995377503850633e-01
1.084745762711863959e-01
1.271186440677962715e-01
3.399515738498786743e-01
1.449152542372877939e-01
3.134463276836156331e-01
7.796610169491520470e-02
2.408563782337196368e-01
1.807909604519773172e-01
3.248587570621467302e-01
1.412793876435210760e-01
6.779661016949149743e-02
1.337792642140449816e-02
9.683794466403096435e-02
8.918617614269593041e-02
6.688963210702335294e-02
0.000000000000000000e+00
1.248606465997760262e-01
3.466099118273005542e-02
1.587901701323249370e-01
3.910470800102733291e-02
1.183946488294306126e-01
5.831939799330970037e-02
3.946488294314270950e-02
1.151988108509780472e-02
1.991486774095341597e-02
0.000000000000000000e+00
8.361204013377861177e-02
1.394040741866819644e-01
7.740086000955508083e-02
3.812709030100310675e-02
0.000000000000000000e+00
5.016722408026650509e-02
2.006688963210696147e-02
1.133407655146768112e-01
1.143812709030091607e-01
2.493496841322911384e-01
1.495895408938886784e-01
3.812709030100276675e-02
6.540319583797749026e-02
5.293005671077464364e-02
1.525083612040127046e-01
1.143812709030092994e-01
2.036613272311206813e-01
1.003344481605336763e-01
1.337792642140457899e-01
1.173141240030866478e-01
3.344481605351072584e-02
6.755852842809313696e-02
7.625418060200550574e-02
8.656305331497102240e-02
1.287625418060195925e-01
8.361204013377786237e-02
5.618729096989784344e-02
1.003344481605334890e-02
5.637840420449034134e-02
1.733049559136465995e-02
1.270903010033435920e-01
6.688963210702239537e-02
3.270159791898874513e-02
2.646502835538699222e-02
9.866220735785924401e-02
1.973244147157135475e-02
2.392590686905051583e-02
9.776177000257239846e-02
3.344481605351058706e-02
2.248234856930500791e-01
6.764974156278411033e-02
3.344481605351072584e-02
1.034559643255291289e-01
1.170568561872904617e-01
4.013377926421403397e-02
6.856187290969849302e-02
1.133938525242867146e-01
1.360089186176136056e-01
2.675585284280923570e-02
