2.772073921971249938e-02
6.370169871196537659e-02
7.529089664613267119e-02
8.726899383983549585e-02
4.928131416837760320e-02
7.186858316221736431e-02
9.576255366809741099e-02
2.843496116418151726e-02
7.802874743326436435e-02
1.211498973305951410e-01
5.967659137576958317e-02
7.268993839835696802e-02
6.011864020077555687e-02
9.170244539854355281e-02
1.180698151950715091e-01
1.283367556468170134e-01
4.890797087922343217e-02
7.128190085068904225e-02
1.872689938398357234e-01
9.240246406570799820e-02
8.726899383983549585e-02
8.213552361396300738e-03
1.391740816792148283e-01
5.266940451745357604e-02
6.958704083960708109e-02
1.224565988426357943e-01
1.228952772073916844e-01
5.521332420716396766e-02
8.124274618337350845e-03
4.096509240246370281e-02
1.580082135523613041e-01
1.442775316113686576e-02
1.026694045174535025e-01
8.213552361396267432e-02
6.602432475122405053e-02
1.180698151950715091e-01
8.295687885010244456e-02
1.053388090349071521e-01
1.009783790312838853e-01
8.399640657084166129e-02
6.160164271047200574e-02
1.207392197125251726e-01
1.334702258726890023e-02
7.788207685538248159e-02
6.384170244539827399e-02
7.152635181382606400e-02
9.753593429158100014e-02
6.525211042664796901e-02
6.093205963753210025e-02
7.874743326488652106e-02
6.057494866529550444e-03
1.542410361712203415e-01
1.260464381614273821e-01
7.186858316221750309e-02
6.274241387177501711e-03
2.492066455105459294e-02
1.591375770020529989e-01
6.748802190280613067e-02
1.026694045174535025e-01
5.749486652977400108e-02
1.332991101984940530e-01
3.916104429451436331e-02
5.427789185489352575e-02
2.258726899383979927e-02
5.030800821355230212e-02
1.189098375956689907e-01
6.732951475197219982e-02
1.848049281314164682e-01
1.067761806981516043e-01
1.427838075682016372e-01
7.714205712152324979e-02
7.718060887420759297e-02
7.891543774500646424e-02
1.828157084188911374e-01
1.111909650924023663e-01
9.070841889117033097e-02
1.950718685831620003e-01
2.104722792607799930e-01
8.767967145790514505e-02
1.591375770020529989e-01
3.452772073921970275e-01
1.899383983572894841e-01
2.156057494866520097e-02
1.525924024640655519e-01
6.901665525895495090e-02
1.515773753966771775e-01
1.218641192750642178e-02
1.053388090349071521e-01
1.261855871712135035e-01
1.495550992470906226e-01
1.082648870636550159e-01
2.242299794661187506e-01
1.334702258726895019e-01
1.330035467612467603e-01
1.192676249144418582e-01
2.669404517453795034e-01
2.633196721311474864e-01
2.284836065573770114e-01
2.653688524590163134e-01
2.428278688524589946e-01
7.179487179487170634e-02
2.133333333333332082e-01
1.670611439842208945e-01
2.856600189933520828e-01
2.176282051282048824e-01
5.641025641025639720e-02
2.676923076923072853e-01
1.199999999999999956e-01
3.225339366515833084e-01
2.985299145299145640e-01
6.564102564102559934e-02
2.256410256410255888e-01
1.785375118708448783e-01
1.615384615384612976e-01
2.064335664335664455e-01
6.461538461538460232e-02
2.772073921971249938e-02
6.370169871196537659e-02
7.529089664613267119e-02
8.726899383983549585e-02
4.928131416837760320e-02
7.186858316221736431e-02
9.576255366809741099e-02
2.843496116418151726e-02
7.802874743326436435e-02
1.211498973305951410e-01
5.967659137576958317e-02
7.268993839835696802e-02
6.011864020077555687e-02
9.170244539854355281e-02
1.180698151950715091e-01
1.283367556468170134e-01
4.890797087922343217e-02
7.128190085068904225e-02
1.872689938398357234e-01
9.240246406570799820e-02
8.726899383983549585e-02
8.213552361396300738e-03
1.391740816792148283e-01
5.266940451745357604e-02
6.958704083960708109e-02
1.224565988426357943e-01
1.228952772073916844e-01
5.521332420716396766e-02
8.124274618337350845e-03
4.096509240246370281e-02
1.580082135523613041e-01
1.442775316113686576e-02
1.026694045174535025e-01
8.213552361396267432e-02
6.602432475122405053e-02
1.180698151950715091e-01
8.295687885010244456e-02
1.053388090349071521e-01
1.009783790312838853e-01
8.399640657084166129e-02
6.160164271047200574e-02
1.207392197125251726e-01
1.334702258726890023e-02
7.788207685538248159e-02
6.384170244539827399e-02
7.152635181382606400e-02
9.753593429158100014e-02
6.525211042664796901e-02
6.093205963753210025e-02
7.874743326488652106e-02
6.057494866529550444e-03
1.542410361712203415e-01
1.260464381614273821e-01
7.186858316221750309e-02
6.274241387177501711e-03
2.492066455105459294e-02
1.591375770020529989e-01
6.748802190280613067e-02
1.026694045174535025e-01
5.749486652977400108e-02
1.332991101984940530e-01
3.916104429451436331e-02
5.427789185489352575e-02
2.258726899383979927e-02
7.179487179487170634e-02
2.133333333333332082e-01
1.670611439842208945e-01
2.856600189933520828e-01
2.176282051282048824e-01
5.641025641025639720e-02
2.676923076923072853e-01
1.199999999999999956e-01
3.225339366515833084e-01
2.985299145299145640e-01
6.564102564102559934e-02
2.256410256410255888e-01
1.785375118708448783e-01
1.615384615384612976e-01
2.064335664335664455e-01
6.461538461538460232e-02
7.084188911704310254e-02
1.970274762882563979e-01
3.182751540041064975e-01
1.708045547881276716e-01
1.157299078363019790e-01
4.414784394250510086e-02
3.721765913757700828e-01
1.635207708102983382e-01
1.642710472279260148e-01
3.240619749859993681e-01
6.365503080082129950e-02
2.150410677618069810e-01
3.016769336071182250e-01
1.360369609856262596e-01
1.281135612891705078e-01
6.468172484599589434e-02
6.885919835560119773e-02
1.700457815565727115e-01
2.004432168550871751e-01
2.312435765673176158e-01
1.584645904538825312e-01
6.166495375128459855e-02
3.025814642403724664e-01
1.395490750256937473e-01
4.425881786971635479e-01
2.270391479024571890e-01
7.194244604316539504e-02
1.666035592578568592e-01
2.125572269457161878e-01
2.606745772213396872e-01
1.695786228160328923e-01
7.194244604316539504e-02
6.687242798353909556e-02
1.749438832772166053e-01
2.037037037037036091e-01
2.861952861952862248e-01
2.090192043895746365e-01
5.864197530864190266e-02
1.996296296296294348e-01
1.419753086419752175e-01
3.697156752712303929e-01
1.996296296296294348e-01
7.613168724279829880e-02
1.760254878534447953e-01
2.214170692431558785e-01
1.734273956496177327e-01
2.077046181984452122e-01
5.452674897119340336e-02
6.385169927909370435e-02
1.666094518823661441e-01
3.548232063165121519e-01
2.588708922385544731e-01
2.477764254283307266e-01
4.531410916580839998e-02
2.766906968760728391e-01
1.620322691383450364e-01
1.977342945417092657e-01
2.371910401647785716e-01
5.664263645726050345e-02
2.083272031778723443e-01
2.595262615859936228e-01
1.669467179792941125e-01
2.699653590487781640e-01
4.634397528321310133e-02
8.556701030927829632e-02
2.349042709867449896e-01
2.840000000000000857e-01
1.724948453608244336e-01
1.997656982193062036e-01
4.948453608247419672e-02
3.049828178694158343e-01
2.107511045655373894e-01
3.378865979381444618e-01
3.060481099656356396e-01
6.391752577319580186e-02
2.685838307107974443e-01
1.512027491408933222e-01
2.491408934707900202e-01
1.339541070834718017e-01
7.113402061855669811e-02
2.772073921971243693e-02
6.370169871196484923e-02
7.529089664613149158e-02
8.726899383983527381e-02
4.928131416837719381e-02
7.186858316221746146e-02
9.576255366809696690e-02
2.843496116418113215e-02
7.802874743326368434e-02
1.211498973305946414e-01
5.967659137576859091e-02
7.268993839835694026e-02
6.011864020077545973e-02
9.170244539854388588e-02
1.180698151950705793e-01
1.283367556468167914e-01
4.890797087922233582e-02
7.128190085068919490e-02
1.872689938398355569e-01
9.240246406570774840e-02
8.726899383983503788e-02
8.213552361396267779e-03
1.391740816792136348e-01
5.266940451745253521e-02
6.958704083960612352e-02
1.224565988426358498e-01
1.228952772073904076e-01
5.521332420716374562e-02
8.124274618337035125e-03
4.096509240246355710e-02
1.580082135523611375e-01
1.442775316113612157e-02
1.026694045174534053e-01
8.213552361396163348e-02
6.602432475122423094e-02
1.180698151950705793e-01
8.295687885010205598e-02
1.053388090349061251e-01
1.009783790312831636e-01
8.399640657084105066e-02
6.160164271047180451e-02
1.207392197125238820e-01
1.334702258726881696e-02
7.788207685538207914e-02
6.384170244539820460e-02
7.152635181382578644e-02
9.753593429157955685e-02
6.525211042664838534e-02
6.093205963753170473e-02
7.874743326488643780e-02
6.057494866528733389e-03
1.542410361712199529e-01
1.260464381614266605e-01
7.186858316221668430e-02
6.274241387176747106e-03
2.492066455105432579e-02
1.591375770020523328e-01
6.748802190280560331e-02
1.026694045174533360e-01
5.749486652977330026e-02
1.332991101984929427e-01
3.916104429451443963e-02
5.427789185489393514e-02
2.258726899383969866e-02
