1.646090534979419845e-02
5.957725402169824352e-02
6.858710562414266354e-02
2.057613168724250000e-02
3.292181069958839690e-02
4.801097393689988252e-02
9.595959595959589750e-02
2.442297369833586890e-02
1.202912314023379080e-02
1.213991769547325128e-01
9.567901234567882662e-02
6.069958847736625640e-02
5.669867398262445901e-02
7.351290684623972005e-02
3.086419753086400153e-02
3.086419753086400153e-02
3.675645342311986002e-02
7.142857142857098052e-02
1.290123456790119305e-01
1.131687242798350007e-01
7.201646090534949418e-02
2.057613168724279837e-02
1.673525377229078126e-01
8.209876543209845834e-02
6.973022405121175049e-02
2.760942760942758922e-01
1.641975308641974995e-01
1.307727480566985290e-01
0.000000000000000000e+00
9.382716049382695822e-02
1.172839506172839857e-01
7.710634611219388534e-02
7.201646090534949418e-02
5.486968449931399483e-02
1.202912314023379080e-02
4.115226337448549265e-02
4.156378600823046332e-02
1.641975308641974995e-01
1.810699588477364119e-01
1.188271604938268833e-01
4.115226337448549265e-02
1.497942386831274120e-01
8.230452674897099224e-03
1.127278071722514763e-01
7.463524130190768435e-02
1.433470507544577222e-01
1.234567901234565057e-01
9.053497942386824759e-02
3.256396493111461676e-02
4.855967078189288993e-02
8.497942386831242034e-02
4.415954415954389395e-02
1.804368471035132648e-01
7.201646090534949418e-02
1.508916323731135378e-01
3.329592218481100541e-02
6.172839506172800306e-02
5.569272976680362391e-02
7.201646090534949418e-02
7.407407407407400057e-02
4.218106995884747523e-02
1.133646874387613940e-01
3.347050754458153615e-02
2.880658436213990106e-02
4.526748971193410298e-02
1.361765806210247787e-01
1.252978124323151921e-01
4.409171075837742954e-02
1.069958847736623975e-01
1.560846560846559650e-01
1.172839506172838331e-01
6.512792986222923353e-02
4.161990273101385390e-02
2.178497942386828645e-01
1.759259259259254304e-01
5.262345679012327831e-02
1.028806584362139953e-01
1.440329218106995157e-01
5.857338820301759286e-02
1.851851851851850084e-01
2.462962962962959301e-01
1.440329218106995157e-01
2.880658436213990106e-02
1.939300411522631440e-01
2.137631458619110025e-01
3.037785260007483390e-01
5.698693862945049260e-02
1.055555555555554859e-01
1.744072114442485610e-01
1.954732510288060277e-01
7.037037037037020826e-02
3.111111111111108940e-01
1.131687242798350007e-01
1.172839506172835833e-01
4.921124828532216083e-02
2.160493827160489821e-01
1.782786885245901121e-01
2.930327868852459217e-01
2.827868852459016202e-01
2.459016393442622905e-01
4.517453798767959855e-02
1.724845995893219963e-01
1.459485073448111847e-01
1.429766522168985088e-01
1.929543121149895901e-01
7.392197125256670664e-02
4.620123203285420588e-01
1.601642710472276909e-01
1.565406450054354082e-01
3.876796714579053837e-01
6.981519507186849383e-02
3.285420944558519740e-01
1.286789869952084941e-01
2.926078028747430282e-01
1.461638977039387555e-01
6.981519507186849383e-02
1.646090534979419845e-02
5.957725402169824352e-02
6.858710562414266354e-02
2.057613168724250000e-02
3.292181069958839690e-02
4.801097393689988252e-02
9.595959595959589750e-02
2.442297369833586890e-02
1.202912314023379080e-02
1.213991769547325128e-01
9.567901234567882662e-02
6.069958847736625640e-02
5.669867398262445901e-02
7.351290684623972005e-02
3.086419753086400153e-02
3.086419753086400153e-02
3.675645342311986002e-02
7.142857142857098052e-02
1.290123456790119305e-01
1.131687242798350007e-01
7.201646090534949418e-02
2.057613168724279837e-02
1.673525377229078126e-01
8.209876543209845834e-02
6.973022405121175049e-02
2.760942760942758922e-01
1.641975308641974995e-01
1.307727480566985290e-01
0.000000000000000000e+00
9.382716049382695822e-02
1.172839506172839857e-01
7.710634611219388534e-02
7.201646090534949418e-02
5.486968449931399483e-02
1.202912314023379080e-02
4.115226337448549265e-02
4.156378600823046332e-02
1.641975308641974995e-01
1.810699588477364119e-01
1.188271604938268833e-01
4.115226337448549265e-02
1.497942386831274120e-01
8.230452674897099224e-03
1.127278071722514763e-01
7.463524130190768435e-02
1.433470507544577222e-01
1.234567901234565057e-01
9.053497942386824759e-02
3.256396493111461676e-02
4.855967078189288993e-02
8.497942386831242034e-02
4.415954415954389395e-02
1.804368471035132648e-01
7.201646090534949418e-02
1.508916323731135378e-01
3.329592218481100541e-02
6.172839506172800306e-02
5.569272976680362391e-02
7.201646090534949418e-02
7.407407407407400057e-02
4.218106995884747523e-02
1.133646874387613940e-01
3.347050754458153615e-02
2.880658436213990106e-02
4.517453798767959855e-02
1.724845995893219963e-01
1.459485073448111847e-01
1.429766522168985088e-01
1.929543121149895901e-01
7.392197125256670664e-02
4.620123203285420588e-01
1.601642710472276909e-01
1.565406450054354082e-01
3.876796714579053837e-01
6.981519507186849383e-02
3.285420944558519740e-01
1.286789869952084941e-01
2.926078028747430282e-01
1.461638977039387555e-01
6.981519507186849383e-02
4.320987654320979782e-02
1.700960219478737101e-01
2.572016460905349744e-01
7.295173961840620280e-02
9.402813666379528090e-02
8.641975308641970666e-02
3.505658436213990869e-01
3.117283950617283916e-01
1.183127572016459961e-01
4.399551066217731177e-01
6.995884773662550127e-02
2.306584362139916800e-01
1.968449931412893372e-01
1.594650205761315165e-01
2.200751476113791405e-01
6.172839506172830143e-02
4.329896907216489871e-02
1.827553889409557208e-01
8.653350515463899273e-02
1.518275538894093002e-01
1.246703428434426664e-01
1.092783505154639040e-01
3.531837477258941704e-01
1.934278350515463152e-01
2.421583680631716196e-01
2.631677600749764978e-01
1.237113402061855022e-01
1.640803038524145108e-01
1.876288659793813318e-01
2.783505154639173140e-01
1.670103092783505050e-01
7.628865979381439788e-02
3.305785123966940159e-02
1.574943651389932309e-01
1.611570247933883926e-01
1.436889556724265105e-01
2.068411386593204393e-01
7.438016528925620041e-02
2.945454545454546103e-01
2.293388429752065139e-01
2.216378662659650167e-01
2.699999999999996847e-01
7.231404958677679906e-02
2.547320714476139503e-01
1.374416097736253783e-01
2.715466351829985969e-01
2.357667584940312255e-01
3.512396694214869886e-02
2.898550724637680154e-02
1.734529560616516752e-01
2.937198067632850740e-01
1.040843214756258100e-01
1.784302653867871069e-01
7.660455486542440406e-02
2.960662525879917406e-01
3.325281803542671777e-01
1.801242236024844234e-01
2.775621118012421285e-01
7.867494824016560417e-02
1.745045844424726045e-01
1.656314699792960088e-01
2.196796338672767912e-01
2.750799924712967748e-01
5.383022774327120286e-02
4.356846473029039879e-02
2.492590397154710591e-01
1.287966804979250868e-01
1.403319502074686365e-01
1.640890230101846314e-01
8.298755186721989974e-02
3.890041493775933112e-01
2.960877296976882067e-01
2.463692946058090028e-01
3.230982019363761171e-01
1.037344398340249024e-01
2.374972701463200497e-01
1.161825726141077209e-01
3.457814661134162582e-01
1.220720117788782200e-01
7.053941908713690090e-02
1.646090534979418110e-02
5.957725402169843087e-02
6.858710562414112311e-02
2.057613168724254163e-02
3.292181069958756423e-02
4.801097393689951476e-02
9.595959595959585586e-02
2.442297369833590359e-02
1.202912314023257129e-02
1.213991769547309030e-01
9.567901234567897928e-02
6.069958847736566659e-02
5.669867398262393859e-02
7.351290684623987270e-02
3.086419753086298151e-02
3.086419753086386622e-02
3.675645342311986002e-02
7.142857142857006458e-02
1.290123456790110701e-01
1.131687242798348064e-01
7.201646090534899458e-02
2.057613168724278449e-02
1.673525377229079791e-01
8.209876543209759792e-02
6.973022405121080680e-02
2.760942760942761143e-01
1.641975308641975551e-01
1.307727480566975575e-01
0.000000000000000000e+00
9.382716049382604229e-02
1.172839506172838192e-01
7.710634611219301104e-02
7.201646090534877254e-02
5.486968449931298175e-02
1.202912314023400243e-02
4.115226337448544408e-02
4.156378600822988045e-02
1.641975308641963061e-01
1.810699588477362731e-01
1.188271604938263698e-01
4.115226337448468080e-02
1.497942386831257744e-01
8.230452674897022897e-03
1.127278071722504077e-01
7.463524130190660189e-02
1.433470507544575834e-01
1.234567901234560477e-01
9.053497942386778963e-02
3.256396493111429757e-02
4.855967078189282055e-02
8.497942386831124073e-02
4.415954415954372048e-02
1.804368471035130983e-01
7.201646090534868927e-02
1.508916323731130105e-01
3.329592218481064458e-02
6.172839506172742713e-02
5.569272976680327003e-02
7.201646090534950806e-02
7.407407407407363975e-02
4.218106995884730176e-02
1.133646874387607556e-01
3.347050754458119615e-02
2.880658436213982473e-02
