6.009615384615379918e-02
7.954545454545444705e-02
1.762820512820506558e-01
3.605769230769199918e-02
8.653846153846120326e-02
6.730769230769222122e-02
1.245629370629369043e-01
2.853260869565193980e-02
8.431952662721882430e-02
1.418269230769228784e-01
1.397235576923075429e-01
5.673076923076914718e-02
3.311965811965806444e-02
2.862762237762233458e-02
8.413461538461500244e-02
3.605769230769199918e-02
1.001966783216778761e-01
5.563186813186805219e-02
1.781250000000000611e-01
6.009615384615350081e-02
9.615384615384600653e-02
1.442307692307689959e-02
1.955128205128203178e-01
8.221153846153834988e-02
8.146367521367479936e-02
1.612762237762231932e-01
1.918269230769228118e-01
2.350427350427347281e-02
4.755434782608669586e-02
4.110576923076889738e-02
6.850961538461501632e-02
3.378036437246935419e-02
1.201923076923075151e-01
1.442307692307686906e-01
4.215976331360912766e-02
4.807692307692300326e-02
6.798076923076892819e-02
2.192307692307689515e-01
7.466063348416279721e-02
5.784254807692274652e-02
1.201923076923075151e-01
1.211538461538457373e-01
3.125000000000000000e-02
1.013049450549449310e-01
8.719405594405557625e-02
4.567307692307655265e-02
6.009615384615350081e-02
5.876068376068344090e-02
4.755434782608669586e-02
9.927884615384570399e-02
4.254807692307656375e-02
6.878698224852061727e-02
5.621301775147922314e-02
4.807692307692300326e-02
2.938034188034184188e-02
1.944930069930067562e-02
7.211538461538449796e-02
5.576923076923068212e-02
6.009615384615350081e-02
3.846153846153840122e-02
4.927884615384574979e-02
4.075091575091570328e-02
3.910256410256403997e-02
7.211538461538400356e-03
6.730769230769230449e-02
1.292613636363636742e-01
1.576417004048580595e-01
6.181318681318672542e-02
1.250000000000000000e-01
1.620879120879118729e-01
7.473776223776212868e-02
6.657608695652145192e-02
7.779720279720270248e-02
1.735276442307691902e-01
2.192307692307689515e-01
4.471153846153839290e-02
7.211538461538449796e-02
1.442307692307689959e-01
1.075320512820509000e-01
1.081730769230765110e-01
2.466346153846150635e-01
1.562500000000000000e-01
4.567307692307689959e-02
2.265625000000000555e-01
1.028311965811961326e-01
1.520979020979021101e-01
7.608695652173903812e-02
8.221153846153834988e-02
1.426282051282049546e-01
1.826923076923074596e-01
8.906250000000000278e-02
3.365384615384613975e-01
1.682692307692304767e-01
1.743881118881116521e-01
6.570512820512811047e-02
1.201923076923075151e-01
2.918660287081339955e-01
2.559808612440190867e-01
2.942583732057416079e-01
1.578947368421051989e-01
1.127098321342925036e-01
2.685851318944844079e-01
2.130603209739898585e-01
1.335820232702726040e-01
2.108063549160669181e-01
7.673860911270979912e-02
3.237410071942442569e-01
1.151079136690646987e-01
3.085061362674565988e-01
3.207034372501998964e-01
1.007194244604315975e-01
1.918465227817743868e-01
1.586286526334485525e-01
1.079136690647478913e-01
1.236102027468933273e-01
3.357314148681050242e-02
6.009615384615379918e-02
7.954545454545444705e-02
1.762820512820506558e-01
3.605769230769199918e-02
8.653846153846120326e-02
6.730769230769222122e-02
1.245629370629369043e-01
2.853260869565193980e-02
8.431952662721882430e-02
1.418269230769228784e-01
1.397235576923075429e-01
5.673076923076914718e-02
3.311965811965806444e-02
2.862762237762233458e-02
8.413461538461500244e-02
3.605769230769199918e-02
1.001966783216778761e-01
5.563186813186805219e-02
1.781250000000000611e-01
6.009615384615350081e-02
9.615384615384600653e-02
1.442307692307689959e-02
1.955128205128203178e-01
8.221153846153834988e-02
8.146367521367479936e-02
1.612762237762231932e-01
1.918269230769228118e-01
2.350427350427347281e-02
4.755434782608669586e-02
4.110576923076889738e-02
6.850961538461501632e-02
3.378036437246935419e-02
1.201923076923075151e-01
1.442307692307686906e-01
4.215976331360912766e-02
4.807692307692300326e-02
6.798076923076892819e-02
2.192307692307689515e-01
7.466063348416279721e-02
5.784254807692274652e-02
1.201923076923075151e-01
1.211538461538457373e-01
3.125000000000000000e-02
1.013049450549449310e-01
8.719405594405557625e-02
4.567307692307655265e-02
6.009615384615350081e-02
5.876068376068344090e-02
4.755434782608669586e-02
9.927884615384570399e-02
4.254807692307656375e-02
6.878698224852061727e-02
5.621301775147922314e-02
4.807692307692300326e-02
2.938034188034184188e-02
1.944930069930067562e-02
7.211538461538449796e-02
5.576923076923068212e-02
6.009615384615350081e-02
3.846153846153840122e-02
4.927884615384574979e-02
4.075091575091570328e-02
3.910256410256403997e-02
7.211538461538400356e-03
1.127098321342925036e-01
2.685851318944844079e-01
2.130603209739898585e-01
1.335820232702726040e-01
2.108063549160669181e-01
7.673860911270979912e-02
3.237410071942442569e-01
1.151079136690646987e-01
3.085061362674565988e-01
3.207034372501998964e-01
1.007194244604315975e-01
1.918465227817743868e-01
1.586286526334485525e-01
1.079136690647478913e-01
1.236102027468933273e-01
3.357314148681050242e-02
1.057692307692306988e-01
1.845238095238095344e-01
4.567307692307689959e-01
8.522727272727274872e-02
1.830836314847941459e-01
5.288461538461530081e-02
3.834134615384613975e-01
1.494082840236684306e-01
2.043269230769230171e-01
4.527972027972028690e-01
6.490384615384610367e-02
1.701923076923074207e-01
1.478365384615382416e-01
1.262019230769229894e-01
1.199832775919730393e-01
3.125000000000000000e-02
9.156626506024090340e-02
2.207009857612267367e-01
2.022590361445783247e-01
1.774370208105147673e-01
2.112636592883159470e-01
8.433734939759029992e-02
3.869596031183556439e-01
7.733433734939740289e-02
4.598820815175595489e-01
2.129244249726176819e-01
9.397590361445780360e-02
1.775523145212426213e-01
1.495071193866374382e-01
2.168674698795177713e-01
1.373493975903612163e-01
2.409638554216859962e-02
1.038647342995168976e-01
2.336956521739129988e-01
2.101449275362317071e-01
1.581027667984186424e-01
2.133655394524959503e-01
7.246376811594200384e-02
2.678260869565214364e-01
1.376811594202895783e-01
3.498023715415017887e-01
2.869565217391303880e-01
9.661835748792270417e-02
1.397849462365589879e-01
1.890359168241964316e-01
8.971704623878513918e-02
1.766863481839325012e-01
1.932367149758449851e-02
7.263922518159800223e-02
2.588108689803603757e-01
4.171105730427764335e-01
1.651992075720889463e-01
3.390931102795507468e-01
5.084745762711859879e-02
2.937853107344632342e-01
1.507936507936507575e-01
2.905569007263921200e-01
2.580205811138013283e-01
7.506053268765129627e-02
1.224489795918366347e-01
1.065375302663436052e-01
1.213202497769846205e-01
2.521461589258196523e-01
2.179176755447939998e-02
9.708737864077669755e-02
2.212205270457693884e-01
3.861165048543689915e-01
1.382524271844657315e-01
2.495586937334508260e-01
7.766990291262129698e-02
2.831715210355983947e-01
1.966019417475726172e-01
4.381067961165047153e-01
4.134304207119741115e-01
8.252427184466019916e-02
1.245528870720489650e-01
9.708737864077651714e-02
1.719255663430420966e-01
1.130598183526463490e-01
3.640776699029119740e-02
6.009615384615370898e-02
7.954545454545430827e-02
1.762820512820505170e-01
3.605769230769131223e-02
8.653846153846113387e-02
6.730769230769224898e-02
1.245629370629370847e-01
2.853260869565133612e-02
8.431952662721743652e-02
1.418269230769231559e-01
1.397235576923067102e-01
5.673076923076916106e-02
3.311965811965752321e-02
2.862762237762205009e-02
8.413461538461480815e-02
3.605769230769211020e-02
1.001966783216782370e-01
5.563186813186762891e-02
1.781250000000002276e-01
6.009615384615374367e-02
9.615384615384518774e-02
1.442307692307686316e-02
1.955128205128199292e-01
8.221153846153735067e-02
8.146367521367528508e-02
1.612762237762234430e-01
1.918269230769215627e-01
2.350427350427221687e-02
4.755434782608690403e-02
4.110576923076796757e-02
6.850961538461498856e-02
3.378036437246936807e-02
1.201923076923075984e-01
1.442307692307692180e-01
4.215976331360859336e-02
4.807692307692296163e-02
6.798076923076924738e-02
2.192307692307691180e-01
7.466063348416279721e-02
5.784254807692268407e-02
1.201923076923067657e-01
1.211538461538450157e-01
3.124999999999999653e-02
1.013049450549448893e-01
8.719405594405540971e-02
4.567307692307626121e-02
6.009615384615370898e-02
5.876068376068353805e-02
4.755434782608633504e-02
9.927884615384582889e-02
4.254807692307643885e-02
6.878698224851978460e-02
5.621301775147868190e-02
4.807692307692279510e-02
2.938034188034030492e-02
1.944930069930055766e-02
7.211538461538370692e-02
5.576923076922992578e-02
6.009615384615370898e-02
3.846153846153739508e-02
4.927884615384590244e-02
4.075091575091542573e-02
3.910256410256305465e-02
7.211538461538327498e-03
