1.818181818181810114e-02
5.937364071335351351e-02
7.655502392344466778e-02
5.741626794258349736e-02
4.976076555023919989e-02
7.591706539074936921e-02
6.446280991735534038e-02
3.028916163927567601e-02
3.916083916083896999e-02
9.598086124401880581e-02
1.168062200956937885e-01
5.645933014354054952e-02
2.966507177033472081e-02
8.547194432361877869e-02
1.148325358851669947e-01
2.870813397129150235e-02
5.128316659417102991e-02
8.304853041695128835e-02
1.854545454545454275e-01
5.741626794258349736e-02
6.698564593301399583e-02
1.913875598086120164e-02
1.945773524720889880e-01
9.818181818181810627e-02
8.431685273790535950e-02
2.211396259243147977e-01
1.963636363636362125e-01
5.146198830409317443e-02
7.572290409818919002e-03
4.363636363636309162e-02
1.636363636363633300e-01
4.034248300176250523e-02
1.100478468899519918e-01
1.084529505582133430e-01
4.475524475524420009e-02
1.004784688995215003e-01
1.043827751196169246e-01
1.745454545454540873e-01
1.832817337461301044e-01
5.986842105263153607e-02
1.339712918660284913e-01
2.197129186602868600e-01
2.775119617224880084e-02
6.049213943950773609e-02
2.479338842975201823e-02
7.878787878787876786e-02
1.004784688995215003e-01
5.614035087719276840e-02
2.650301643436641513e-02
2.258373205741598042e-02
5.645933014353700201e-03
6.161207213838752056e-02
8.951048951048899693e-02
6.220095693779899987e-02
6.432748538011646977e-02
3.871248368856017308e-02
1.004784688995215003e-01
7.030303030303000633e-02
1.291866028708129888e-01
5.741626794258360145e-02
3.269537480063789553e-02
5.677830940988808084e-02
2.724082934609235729e-02
1.339712918660279986e-02
3.157894736842099814e-02
1.068725532840362341e-01
9.413246033744646080e-02
7.382091592617902320e-02
1.071770334928228013e-01
1.290498974709497482e-01
5.950413223140472302e-02
6.815061368837106726e-02
6.581122227055220819e-02
1.381578947368417853e-01
2.127272727272726538e-01
4.004784688995211006e-02
1.722488038277510125e-01
1.722488038277510125e-01
6.226475279106818972e-02
1.722488038277510125e-01
3.490909090909087298e-01
1.961722488038274981e-01
4.688995215311000248e-02
2.289473684210526494e-01
1.403508771929819210e-01
2.744845585036972402e-01
1.135843561472818161e-02
8.727272727272676611e-02
1.500569605832764442e-01
1.818181818181814624e-01
1.254545454545452909e-01
3.911961722488038196e-01
1.961722488038274981e-01
4.462809917355342604e-02
3.923444976076539276e-02
1.770334928229665150e-01
2.082139446036294084e-01
2.788920725883475837e-01
3.266475644699139980e-01
1.862464183381087879e-01
5.544933078393880083e-02
1.950286806883363977e-01
1.557214296220032490e-01
1.797323135755256596e-01
2.028561185468450434e-01
7.839388145315480394e-02
3.914913957934990640e-01
1.405353728489480980e-01
3.143066021819814759e-01
4.098789037603567387e-01
1.080305927342256056e-01
1.950286806883363977e-01
6.989589972381539396e-02
1.792543021032502737e-01
1.924213453850163458e-01
3.919694072657740197e-02
1.818181818181810114e-02
5.937364071335351351e-02
7.655502392344466778e-02
5.741626794258349736e-02
4.976076555023919989e-02
7.591706539074936921e-02
6.446280991735534038e-02
3.028916163927567601e-02
3.916083916083896999e-02
9.598086124401880581e-02
1.168062200956937885e-01
5.645933014354054952e-02
2.966507177033472081e-02
8.547194432361877869e-02
1.148325358851669947e-01
2.870813397129150235e-02
5.128316659417102991e-02
8.304853041695128835e-02
1.854545454545454275e-01
5.741626794258349736e-02
6.698564593301399583e-02
1.913875598086120164e-02
1.945773524720889880e-01
9.818181818181810627e-02
8.431685273790535950e-02
2.211396259243147977e-01
1.963636363636362125e-01
5.146198830409317443e-02
7.572290409818919002e-03
4.363636363636309162e-02
1.636363636363633300e-01
4.034248300176250523e-02
1.100478468899519918e-01
1.084529505582133430e-01
4.475524475524420009e-02
1.004784688995215003e-01
1.043827751196169246e-01
1.745454545454540873e-01
1.832817337461301044e-01
5.986842105263153607e-02
1.339712918660284913e-01
2.197129186602868600e-01
2.775119617224880084e-02
6.049213943950773609e-02
2.479338842975201823e-02
7.878787878787876786e-02
1.004784688995215003e-01
5.614035087719276840e-02
2.650301643436641513e-02
2.258373205741598042e-02
5.645933014353700201e-03
6.161207213838752056e-02
8.951048951048899693e-02
6.220095693779899987e-02
6.432748538011646977e-02
3.871248368856017308e-02
1.004784688995215003e-01
7.030303030303000633e-02
1.291866028708129888e-01
5.741626794258360145e-02
3.269537480063789553e-02
5.677830940988808084e-02
2.724082934609235729e-02
1.339712918660279986e-02
5.544933078393880083e-02
1.950286806883363977e-01
1.557214296220032490e-01
1.797323135755256596e-01
2.028561185468450434e-01
7.839388145315480394e-02
3.914913957934990640e-01
1.405353728489480980e-01
3.143066021819814759e-01
4.098789037603567387e-01
1.080305927342256056e-01
1.950286806883363977e-01
6.989589972381539396e-02
1.792543021032502737e-01
1.924213453850163458e-01
3.919694072657740197e-02
4.593301435406690197e-02
1.808156755525174297e-01
3.349282296650715196e-01
9.395389299695512675e-02
1.107822410147989572e-01
7.081339712918660600e-02
4.509569377990428340e-01
1.858667648141332507e-01
1.985645933014352216e-01
5.017833840800348666e-01
9.090909090909089774e-02
1.722009569377987714e-01
1.602073365231258539e-01
1.196172248803827609e-01
1.569377990430619596e-01
4.593301435406690197e-02
5.172413793103439877e-02
1.499912922326714915e-01
1.678939176245209941e-01
1.567398119122256073e-01
1.534794618194778304e-01
8.429118773946360499e-02
4.665877845391030454e-01
1.418821839080457448e-01
3.515529469307898669e-01
3.714733542319745285e-01
1.245210727969348063e-01
1.609195402298847777e-01
1.426332288401251924e-01
2.782131661442005521e-01
1.408045977011493088e-01
3.544061302681990322e-02
3.739213806327899847e-02
1.967663209273946834e-01
1.984659635666345956e-01
1.568900897759958057e-01
1.919676147864066984e-01
7.382550335570470246e-02
3.568935762224352271e-01
1.524448705656759051e-01
3.959731543624160910e-01
3.568935762224352271e-01
1.045062320230105007e-01
1.471561562490333042e-01
1.275584642961355153e-01
1.369675386933294214e-01
1.935655694044954855e-01
3.739213806327899847e-02
3.550863723608439770e-02
1.885263382384301245e-01
3.889955214331414779e-01
1.102774384924094103e-01
2.033240272203803711e-01
8.349328214971199480e-02
3.992322456813818254e-01
1.572830027724460011e-01
2.274472168905947722e-01
2.837092130518232835e-01
9.500959692898269804e-02
2.076135636596287692e-01
1.650671785028788030e-01
1.414284271138497584e-01
2.274472168905947445e-01
3.166986564299419799e-02
4.418828049951960268e-02
2.547001509537530350e-01
2.534486071085494951e-01
1.333717579250718321e-01
2.279276919046369088e-01
8.357348703170019988e-02
3.682356708293304526e-01
1.963771099217784533e-01
3.285302593659943926e-01
3.926993275696444852e-01
1.171950048030739044e-01
2.350978310329137067e-01
1.024655779699005370e-01
2.241434518091575123e-01
1.389482817390225722e-01
3.554274735830929843e-02
1.818181818181799012e-02
5.937364071335331228e-02
7.655502392344358531e-02
5.741626794258365696e-02
4.976076555023833947e-02
7.591706539074927207e-02
6.446280991735431343e-02
3.028916163927546784e-02
3.916083916083814426e-02
9.598086124401852826e-02
1.168062200956935387e-01
5.645933014353979318e-02
2.966507177033491510e-02
8.547194432361790439e-02
1.148325358851661343e-01
2.870813397129134623e-02
5.128316659416988499e-02
8.304853041695012261e-02
1.854545454545444005e-01
5.741626794258321981e-02
6.698564593301396808e-02
1.913875598086119123e-02
1.945773524720884606e-01
9.818181818181813403e-02
8.431685273790404112e-02
2.211396259243139373e-01
1.963636363636358517e-01
5.146198830409233482e-02
7.572290409818112356e-03
4.363636363636345938e-02
1.636363636363638852e-01
4.034248300176264401e-02
1.100478468899519086e-01
1.084529505582129544e-01
4.475524475524401968e-02
1.004784688995207231e-01
1.043827751196171466e-01
1.745454545454534767e-01
1.832817337461293550e-01
5.986842105263064789e-02
1.339712918660271590e-01
2.197129186602854167e-01
2.775119617224855104e-02
6.049213943950709077e-02
2.479338842975166782e-02
7.878787878787758825e-02
1.004784688995198350e-01
5.614035087719268513e-02
2.650301643436652616e-02
2.258373205741510265e-02
5.645933014353285602e-03
6.161207213838777730e-02
8.951048951048934388e-02
6.220095693779825741e-02
6.432748538011548445e-02
3.871248368855947225e-02
1.004784688995207231e-01
7.030303030303021450e-02
1.291866028708126835e-01
5.741626794258342797e-02
3.269537480063766655e-02
5.677830940988781716e-02
2.724082934609160789e-02
1.339712918660274608e-02
