8.720930232558099515e-03
3.607293868921760543e-02
7.751937984496067024e-02
2.906976744185999981e-02
9.302325581395319565e-02
8.139534883720896119e-02
6.025369978858307468e-02
1.150151668351852459e-02
8.497316636851504068e-02
3.430232558139480192e-02
8.448401162790682151e-02
3.430232558139480192e-02
2.002583979328133312e-02
5.192917547568687286e-02
1.453488372093020009e-01
5.813953488372049228e-02
1.038583509513737457e-01
1.177325581395347459e-01
1.325581395348833513e-01
7.267441860465100045e-02
0.000000000000000000e+00
8.720930232558099515e-03
1.379198966408267946e-01
1.159883720930231510e-01
7.881136950904338301e-02
1.083509513742069719e-01
1.656976744186043349e-01
1.136950904392761558e-01
0.000000000000000000e+00
9.941860465116236778e-02
1.656976744186043349e-01
1.361689106487126537e-02
4.360465116279049758e-02
9.689922480620133394e-02
3.398926654740555553e-02
1.162790697674414980e-01
1.174418604651160380e-01
9.941860465116236778e-02
1.504787961696303633e-01
8.393895348837171477e-02
5.813953488372049228e-02
2.604651162790696528e-01
2.906976744186039879e-02
1.102574750830564165e-01
1.506342494714564204e-02
1.288759689922479301e-01
1.744186046511625177e-01
8.527131782945700234e-02
0.000000000000000000e+00
6.860465116279018671e-02
0.000000000000000000e+00
6.238819320214642611e-02
1.359570661896239430e-01
2.906976744185999981e-02
1.065891472868212425e-01
3.528012684989414310e-02
7.267441860465100045e-02
1.124031007751935540e-01
2.034883720930230067e-01
8.139534883720919711e-02
7.945736434108469082e-02
3.696013289036529509e-02
4.728682170542600205e-02
1.453488372093019940e-02
2.325581395348829891e-02
1.082188160676532257e-01
6.808445532435726533e-02
7.475083056478372401e-02
1.744186046511627952e-01
1.837624584717608422e-01
9.038054968287513591e-02
3.450455005055597102e-02
9.408033826638451114e-02
1.119186046511624344e-01
1.988372093023253184e-01
3.379360465116271889e-02
1.598837209302325091e-01
2.180232558139534871e-01
1.182170542635656157e-01
2.761627906976740210e-01
2.982558139534882691e-01
2.034883720930230067e-01
3.779069767441860239e-02
1.791424418604648239e-01
1.776485788113691400e-01
1.839323467230444542e-01
0.000000000000000000e+00
1.325581395348833513e-01
7.392026578073059018e-02
2.209302325581392612e-01
1.656976744186045847e-01
3.581395348837209114e-01
8.720930232558099515e-02
7.531712473572924060e-02
3.972868217054234541e-02
1.889534883720930258e-01
1.849710982658958891e-01
2.543352601156069204e-01
3.352601156069364152e-01
2.254335260115606920e-01
3.478260869565209801e-02
2.202898550724635973e-01
1.201783723522853037e-01
1.917337627482553208e-01
2.284420289855072506e-01
4.927536231884049878e-02
3.521739130434782816e-01
1.478260869565214963e-01
2.485933503836314784e-01
3.762318840579707002e-01
1.130434782608694955e-01
3.014492753623188026e-01
7.063875469672546703e-02
2.065217391304346728e-01
2.561264822134386998e-01
4.637681159420289911e-02
8.720930232558099515e-03
3.607293868921760543e-02
7.751937984496067024e-02
2.906976744185999981e-02
9.302325581395319565e-02
8.139534883720896119e-02
6.025369978858307468e-02
1.150151668351852459e-02
8.497316636851504068e-02
3.430232558139480192e-02
8.448401162790682151e-02
3.430232558139480192e-02
2.002583979328133312e-02
5.192917547568687286e-02
1.453488372093020009e-01
5.813953488372049228e-02
1.038583509513737457e-01
1.177325581395347459e-01
1.325581395348833513e-01
7.267441860465100045e-02
0.000000000000000000e+00
8.720930232558099515e-03
1.379198966408267946e-01
1.159883720930231510e-01
7.881136950904338301e-02
1.083509513742069719e-01
1.656976744186043349e-01
1.136950904392761558e-01
0.000000000000000000e+00
9.941860465116236778e-02
1.656976744186043349e-01
1.361689106487126537e-02
4.360465116279049758e-02
9.689922480620133394e-02
3.398926654740555553e-02
1.162790697674414980e-01
1.174418604651160380e-01
9.941860465116236778e-02
1.504787961696303633e-01
8.393895348837171477e-02
5.813953488372049228e-02
2.604651162790696528e-01
2.906976744186039879e-02
1.102574750830564165e-01
1.506342494714564204e-02
1.288759689922479301e-01
1.744186046511625177e-01
8.527131782945700234e-02
0.000000000000000000e+00
6.860465116279018671e-02
0.000000000000000000e+00
6.238819320214642611e-02
1.359570661896239430e-01
2.906976744185999981e-02
1.065891472868212425e-01
3.528012684989414310e-02
7.267441860465100045e-02
1.124031007751935540e-01
2.034883720930230067e-01
8.139534883720919711e-02
7.945736434108469082e-02
3.696013289036529509e-02
4.728682170542600205e-02
1.453488372093019940e-02
3.478260869565209801e-02
2.202898550724635973e-01
1.201783723522853037e-01
1.917337627482553208e-01
2.284420289855072506e-01
4.927536231884049878e-02
3.521739130434782816e-01
1.478260869565214963e-01
2.485933503836314784e-01
3.762318840579707002e-01
1.130434782608694955e-01
3.014492753623188026e-01
7.063875469672546703e-02
2.065217391304346728e-01
2.561264822134386998e-01
4.637681159420289911e-02
5.232558139534879832e-02
1.201550387596897751e-01
3.343023255813949435e-01
7.135306553911201222e-02
8.856138453217936302e-02
6.104651162790689783e-02
3.688226744186046679e-01
2.371422182468691520e-01
1.308139534883719923e-01
5.031712473572934607e-01
9.883720930232549329e-02
2.486918604651161546e-01
1.688468992248058909e-01
1.380813953488370105e-01
2.487360970677451322e-01
5.232558139534879832e-02
2.332361516034979834e-02
1.464351974556054869e-01
1.655430029154518201e-01
1.908295785846806369e-01
1.498406671638754240e-01
8.454810495626820244e-02
3.589435774309722715e-01
1.223578717201165150e-01
3.424105204391784119e-01
3.005565862708716174e-01
1.457725947521865961e-01
1.718582169709988172e-01
1.688311688311686931e-01
2.504638218923930792e-01
1.661807580174927135e-01
6.997084548104949564e-02
3.801169590643269786e-02
1.457336523125994654e-01
1.578947368421051989e-01
1.913875598086122731e-01
1.635802469135801129e-01
7.309941520467830300e-02
3.010526315789470164e-01
1.403508771929823096e-01
3.607123870281760403e-01
3.010526315789470164e-01
1.052631578947367946e-01
2.133559705715902532e-01
9.153318077803175579e-02
1.670843776106931411e-01
2.908815247996532904e-01
4.678362573099410088e-02
2.346041055718469867e-02
1.779081133919841740e-01
3.120234604105570075e-01
1.474273527059450639e-01
1.474273527059450639e-01
6.744868035190609845e-02
2.922776148582598710e-01
2.403062886933853004e-01
2.111436950146626246e-01
2.721774193548386345e-01
1.114369501466274948e-01
2.059768188800445710e-01
1.876832844574780057e-01
1.469362555949989546e-01
3.369768061850174079e-01
3.812316715542519996e-02
3.529411764705880222e-02
1.462184873949578801e-01
2.624705882352941222e-01
1.779999999999999916e-01
1.744652406417111223e-01
5.588235294117639695e-02
2.573529411764704511e-01
3.289915966386554591e-01
3.073529411764703290e-01
4.294117647058821041e-01
1.294117647058823095e-01
2.089783281733745002e-01
9.411764705882347259e-02
3.308823529411762943e-01
1.874762808349146048e-01
3.823529411764699931e-02
8.720930232557936451e-03
3.607293868921731400e-02
7.751937984496092005e-02
2.906976744185992001e-02
9.302325581395336218e-02
8.139534883720918323e-02
6.025369978858245712e-02
1.150151668351861826e-02
8.497316636851352800e-02
3.430232558139476723e-02
8.448401162790578067e-02
3.430232558139453825e-02
2.002583979328129496e-02
5.192917547568672021e-02
1.453488372093016956e-01
5.813953488372009676e-02
1.038583509513729547e-01
1.177325581395347737e-01
1.325581395348832126e-01
7.267441860465057024e-02
0.000000000000000000e+00
8.720930232557959003e-03
1.379198966408251292e-01
1.159883720930221934e-01
7.881136950904261973e-02
1.083509513742055980e-01
1.656976744186045847e-01
1.136950904392765166e-01
0.000000000000000000e+00
9.941860465116168777e-02
1.656976744186044459e-01
1.361689106487142670e-02
4.360465116279014369e-02
9.689922480620080658e-02
3.398926654740481307e-02
1.162790697674404572e-01
1.174418604651153997e-01
9.941860465116222900e-02
1.504787961696305854e-01
8.393895348837107639e-02
5.813953488372041595e-02
2.604651162790691532e-01
2.906976744186021491e-02
1.102574750830558059e-01
1.506342494714475212e-02
1.288759689922474583e-01
1.744186046511621846e-01
8.527131782945709948e-02
0.000000000000000000e+00
6.860465116279024222e-02
0.000000000000000000e+00
6.238819320214585018e-02
1.359570661896234156e-01
2.906976744185927816e-02
1.065891472868205209e-01
3.528012684989417780e-02
7.267441860465009840e-02
1.124031007751935124e-01
2.034883720930217021e-01
8.139534883720828118e-02
7.945736434108416346e-02
3.696013289036529509e-02
4.728682170542548163e-02
1.453488372093008664e-02
