6.329113924050599853e-03
1.308975834292283591e-02
1.054852320675100097e-01
0.000000000000000000e+00
2.531645569620239941e-02
4.430379746835421545e-02
9.838895281933260351e-02
7.512383048981841061e-02
0.000000000000000000e+00
1.867088607594932781e-01
1.103639240506329722e-01
7.468354430379708919e-02
1.090014064697603265e-02
3.768699654775584801e-02
1.107594936708860001e-01
0.000000000000000000e+00
0.000000000000000000e+00
9.154611211573190910e-02
1.984177215189869559e-01
4.746835443037950020e-02
1.582278481012650007e-02
9.493670886075899346e-03
1.930379746835440835e-01
5.411392405063264466e-02
1.286919831223629629e-01
1.651323360184119016e-01
2.164556962025317166e-01
6.188466947960587911e-02
0.000000000000000000e+00
1.803797468354421604e-02
2.164556962025317166e-01
4.447035309793448410e-02
7.911392405063250033e-02
1.898734177215186669e-01
7.400194741966857614e-02
6.329113924050600026e-02
1.534177215189873877e-01
1.623417721518985168e-01
1.638123603871925738e-01
7.614715189873377810e-02
1.265822784810125001e-01
2.481012658227847445e-01
5.379746835443029868e-02
5.334538878842649823e-02
6.559263521288805077e-02
8.016877637130763457e-02
9.493670886075949999e-02
6.188466947960587911e-02
1.252063841496966860e-02
5.601265822784780996e-02
0.000000000000000000e+00
6.791626095423529408e-02
7.400194741966857614e-02
1.582278481012650007e-02
7.735583684950735062e-02
2.560414269275016266e-02
1.265822784810125001e-01
6.118143459915580812e-02
1.265822784810125001e-01
7.594936708860759722e-02
4.324894514767910897e-02
5.364677516576225186e-02
2.573839662447243923e-02
2.848101265822779865e-02
3.481012658227840284e-02
6.544879171461417955e-02
1.185876082611591054e-01
0.000000000000000000e+00
1.012658227848100001e-01
9.335443037974680558e-02
8.199079401611031326e-02
1.252063841496970642e-01
2.560414269275016266e-02
2.284414556962023057e-01
1.623417721518985168e-01
2.943037974683529109e-02
9.493670886075949999e-02
1.582278481012655003e-01
2.573839662447243923e-02
1.740506329113920003e-01
4.148734177215186447e-01
1.424050632911390002e-01
6.329113924050630557e-02
2.409018987341771112e-01
1.933895921237689663e-01
2.269275028768696911e-01
0.000000000000000000e+00
9.018987341772108368e-02
1.207052441229654882e-01
2.605485232067510371e-01
1.533227848101263446e-01
4.075949367088604336e-01
1.424050632911390002e-01
1.147871116225546301e-01
3.243670886075932652e-02
1.898734177215190000e-01
1.761006289308175987e-01
2.547169811320754151e-01
3.742138364779873938e-01
1.949685534591195091e-01
2.523659305993690080e-02
2.271293375394320135e-01
1.868478524629942350e-01
1.098259142423178847e-01
1.816837539432175075e-01
5.047318611987380160e-02
4.116719242902208142e-01
1.514195583596213979e-01
3.306735943588792748e-01
4.466876971608829683e-01
1.356466876971607893e-01
2.271293375394320135e-01
7.687813996962226948e-02
1.301261829652995416e-01
2.090622311442499048e-01
5.362776025236590249e-02
6.329113924050599853e-03
1.308975834292283591e-02
1.054852320675100097e-01
0.000000000000000000e+00
2.531645569620239941e-02
4.430379746835421545e-02
9.838895281933260351e-02
7.512383048981841061e-02
0.000000000000000000e+00
1.867088607594932781e-01
1.103639240506329722e-01
7.468354430379708919e-02
1.090014064697603265e-02
3.768699654775584801e-02
1.107594936708860001e-01
0.000000000000000000e+00
0.000000000000000000e+00
9.154611211573190910e-02
1.984177215189869559e-01
4.746835443037950020e-02
1.582278481012650007e-02
9.493670886075899346e-03
1.930379746835440835e-01
5.411392405063264466e-02
1.286919831223629629e-01
1.651323360184119016e-01
2.164556962025317166e-01
6.188466947960587911e-02
0.000000000000000000e+00
1.803797468354421604e-02
2.164556962025317166e-01
4.447035309793448410e-02
7.911392405063250033e-02
1.898734177215186669e-01
7.400194741966857614e-02
6.329113924050600026e-02
1.534177215189873877e-01
1.623417721518985168e-01
1.638123603871925738e-01
7.614715189873377810e-02
1.265822784810125001e-01
2.481012658227847445e-01
5.379746835443029868e-02
5.334538878842649823e-02
6.559263521288805077e-02
8.016877637130763457e-02
9.493670886075949999e-02
6.188466947960587911e-02
1.252063841496966860e-02
5.601265822784780996e-02
0.000000000000000000e+00
6.791626095423529408e-02
7.400194741966857614e-02
1.582278481012650007e-02
7.735583684950735062e-02
2.560414269275016266e-02
1.265822784810125001e-01
6.118143459915580812e-02
1.265822784810125001e-01
7.594936708860759722e-02
4.324894514767910897e-02
5.364677516576225186e-02
2.573839662447243923e-02
2.848101265822779865e-02
2.523659305993690080e-02
2.271293375394320135e-01
1.868478524629942350e-01
1.098259142423178847e-01
1.816837539432175075e-01
5.047318611987380160e-02
4.116719242902208142e-01
1.514195583596213979e-01
3.306735943588792748e-01
4.466876971608829683e-01
1.356466876971607893e-01
2.271293375394320135e-01
7.687813996962226948e-02
1.301261829652995416e-01
2.090622311442499048e-01
5.362776025236590249e-02
1.582278481012650007e-02
1.494876431585290544e-01
3.797468354430380000e-01
8.630609896432664407e-02
6.748601707388868221e-02
5.063291139240500005e-02
5.047468354430380000e-01
1.598101265822784445e-01
2.294303797468352502e-01
5.799769850402758387e-01
1.170886075949366945e-01
1.587025316455693835e-01
1.621835443037973334e-01
1.028481012658227500e-01
1.579526692350026462e-01
6.329113924050630557e-02
3.809523809523809867e-02
1.219336219336217275e-01
1.724206349206348354e-01
1.038961038961035144e-01
8.637873754152804173e-02
7.301587301587300627e-02
5.777777777777776125e-01
1.018849206349204672e-01
3.262411347517727433e-01
4.363636363636358984e-01
1.428571428571427937e-01
2.339181286549705807e-01
1.838383838383836899e-01
2.077922077922074728e-01
1.714285714285712914e-01
4.444444444444439757e-02
2.866242038216559873e-02
1.867400115807757444e-01
1.719745222929935924e-01
1.042269832078748376e-01
1.406581740976643458e-01
7.961783439490439929e-02
3.152866242038214750e-01
1.337579617834391832e-01
4.099594672843075438e-01
2.774522292993629735e-01
1.496815286624202934e-01
2.083418943907950627e-01
8.723345333702557658e-02
1.182893539581437170e-01
2.702288275536681716e-01
3.821656050955409695e-02
2.555910543130989962e-02
1.569045083422079268e-01
2.751863684771032048e-01
1.376706360731917989e-01
1.720882950914897624e-01
6.070287539936099902e-02
4.014909478168265378e-01
1.675541356052537845e-01
1.821086261980829901e-01
2.855431309904150616e-01
1.725239616613417903e-01
1.795222881484860866e-01
1.661341853035140093e-01
1.694972254918443721e-01
2.065059541097877260e-01
3.833865814696479912e-02
3.205128205128199986e-02
1.195054945054943030e-01
3.108974358974358476e-01
1.141025641025639054e-01
1.647727272727270431e-01
6.730769230769230449e-02
3.872863247863245761e-01
1.854395604395601971e-01
3.349358974358974672e-01
5.147435897435894692e-01
1.346153846153846090e-01
2.783400809716599089e-01
8.547008547008533297e-02
2.270299145299141674e-01
1.728701406120760897e-01
3.846153846153840122e-02
6.329113924050529597e-03
1.308975834292212641e-02
1.054852320675105232e-01
0.000000000000000000e+00
2.531645569620207328e-02
4.430379746835416688e-02
9.838895281933202064e-02
7.512383048981768896e-02
0.000000000000000000e+00
1.867088607594933058e-01
1.103639240506324865e-01
7.468354430379685327e-02
1.090014064697556601e-02
3.768699654775570923e-02
1.107594936708850286e-01
0.000000000000000000e+00
0.000000000000000000e+00
9.154611211573138174e-02
1.984177215189867338e-01
4.746835443037864671e-02
1.582278481012563617e-02
9.493670886075869855e-03
1.930379746835437782e-01
5.411392405063163852e-02
1.286919831223622690e-01
1.651323360184104860e-01
2.164556962025301901e-01
6.188466947960550441e-02
0.000000000000000000e+00
1.803797468354340766e-02
2.164556962025311060e-01
4.447035309793406083e-02
7.911392405063290278e-02
1.898734177215188890e-01
7.400194741966735490e-02
6.329113924050573659e-02
1.534177215189864718e-01
1.623417721518982948e-01
1.638123603871923517e-01
7.614715189873333401e-02
1.265822784810115009e-01
2.481012658227843559e-01
5.379746835443010439e-02
5.334538878842617904e-02
6.559263521288780097e-02
8.016877637130716272e-02
9.493670886075838977e-02
6.188466947960619136e-02
1.252063841496912390e-02
5.601265822784688708e-02
0.000000000000000000e+00
6.791626095423480836e-02
7.400194741966832634e-02
1.582278481012577842e-02
7.735583684950696204e-02
2.560414269275026675e-02
1.265822784810114732e-01
6.118143459915542648e-02
1.265822784810111956e-01
7.594936708860758334e-02
4.324894514767762405e-02
5.364677516576241839e-02
2.573839662447259882e-02
2.848101265822771538e-02
