7.142857142857139685e-02
4.924242424242424032e-02
2.380952380952379988e-01
5.952380952380950663e-02
0.000000000000000000e+00
1.666666666666666574e-01
6.168831168831168804e-02
4.710144927536231291e-02
6.959706959706959961e-02
1.404761904761904490e-01
6.919642857142857539e-02
0.000000000000000000e+00
4.100529100529098914e-02
1.417748917748917481e-01
5.952380952380950663e-02
5.952380952380950663e-02
1.417748917748917481e-01
1.377551020408162852e-01
1.357142857142857040e-01
0.000000000000000000e+00
1.190476190476190133e-01
2.380952380952380126e-02
0.000000000000000000e+00
2.035714285714285421e-01
2.420634920634921194e-01
1.774891774891774743e-01
0.000000000000000000e+00
0.000000000000000000e+00
9.420289855072462581e-02
6.785714285714285199e-02
2.035714285714285421e-01
5.576441102756891227e-02
5.952380952380950663e-02
7.936507936507934680e-02
0.000000000000000000e+00
1.190476190476190133e-01
1.442857142857142672e-01
6.785714285714285199e-02
1.848739495798319143e-01
1.145833333333332871e-01
0.000000000000000000e+00
6.666666666666666574e-02
0.000000000000000000e+00
0.000000000000000000e+00
6.168831168831168804e-02
0.000000000000000000e+00
0.000000000000000000e+00
0.000000000000000000e+00
9.420289855072462581e-02
7.023809523809522448e-02
0.000000000000000000e+00
8.516483516483515370e-02
6.959706959706959961e-02
5.952380952380950663e-02
7.275132275132274728e-02
4.816017316017316002e-02
0.000000000000000000e+00
1.841269841269840835e-01
0.000000000000000000e+00
4.761904761904760253e-02
0.000000000000000000e+00
5.045351473922903007e-02
4.841269841269839336e-02
4.761904761904760253e-02
1.190476190476189994e-01
4.924242424242424032e-02
2.230576441102756491e-01
1.020408163265306006e-01
4.761904761904760253e-02
1.505102040816326259e-01
3.084415584415583708e-02
4.710144927536231291e-02
9.632034632034632005e-02
2.291666666666665741e-01
2.714285714285714080e-01
5.535714285714284089e-02
2.380952380952380265e-01
5.952380952380950663e-02
1.452380952380951662e-01
1.190476190476190133e-01
3.392857142857142461e-01
1.190476190476190133e-01
2.380952380952380126e-02
0.000000000000000000e+00
2.910052910052909891e-01
2.510822510822510734e-01
9.420289855072462581e-02
6.785714285714285199e-02
1.009070294784580601e-01
7.539682539682539264e-02
2.374999999999999056e-01
1.333333333333333315e-01
5.952380952380950663e-02
1.233766233766233761e-01
8.134920634920632387e-02
5.952380952380950663e-02
3.023255813953488191e-01
2.906976744186046124e-01
1.860465116279068909e-01
2.209302325581395110e-01
1.294117647058823095e-01
2.352941176470587925e-01
1.742081447963801100e-01
2.047930283224400350e-01
2.139705882352940236e-01
8.235294117647050383e-02
2.647058823529411242e-01
2.470588235294114976e-01
2.242214532871969757e-01
4.164705882352938704e-01
1.176470588235289938e-02
4.705882352941159752e-02
1.638344226579518115e-01
1.764705882352939348e-01
1.443850267379679086e-01
7.058823529411760445e-02
7.142857142857139685e-02
4.924242424242424032e-02
2.380952380952379988e-01
5.952380952380950663e-02
0.000000000000000000e+00
1.666666666666666574e-01
6.168831168831168804e-02
4.710144927536231291e-02
6.959706959706959961e-02
1.404761904761904490e-01
6.919642857142857539e-02
0.000000000000000000e+00
4.100529100529098914e-02
1.417748917748917481e-01
5.952380952380950663e-02
5.952380952380950663e-02
1.417748917748917481e-01
1.377551020408162852e-01
1.357142857142857040e-01
0.000000000000000000e+00
1.190476190476190133e-01
2.380952380952380126e-02
0.000000000000000000e+00
2.035714285714285421e-01
2.420634920634921194e-01
1.774891774891774743e-01
0.000000000000000000e+00
0.000000000000000000e+00
9.420289855072462581e-02
6.785714285714285199e-02
2.035714285714285421e-01
5.576441102756891227e-02
5.952380952380950663e-02
7.936507936507934680e-02
0.000000000000000000e+00
1.190476190476190133e-01
1.442857142857142672e-01
6.785714285714285199e-02
1.848739495798319143e-01
1.145833333333332871e-01
0.000000000000000000e+00
6.666666666666666574e-02
0.000000000000000000e+00
0.000000000000000000e+00
6.168831168831168804e-02
0.000000000000000000e+00
0.000000000000000000e+00
0.000000000000000000e+00
9.420289855072462581e-02
7.023809523809522448e-02
0.000000000000000000e+00
8.516483516483515370e-02
6.959706959706959961e-02
5.952380952380950663e-02
7.275132275132274728e-02
4.816017316017316002e-02
0.000000000000000000e+00
1.841269841269840835e-01
0.000000000000000000e+00
4.761904761904760253e-02
0.000000000000000000e+00
5.045351473922903007e-02
4.841269841269839336e-02
4.761904761904760253e-02
1.294117647058823095e-01
2.352941176470587925e-01
1.742081447963801100e-01
2.047930283224400350e-01
2.139705882352940236e-01
8.235294117647050383e-02
2.647058823529411242e-01
2.470588235294114976e-01
2.242214532871969757e-01
4.164705882352938704e-01
1.176470588235289938e-02
4.705882352941159752e-02
1.638344226579518115e-01
1.764705882352939348e-01
1.443850267379679086e-01
7.058823529411760445e-02
9.523809523809520505e-02
2.811791383219953699e-01
3.571428571428569843e-01
9.740259740259737953e-02
3.264119601328902553e-01
8.333333333333330095e-02
2.157738095238094789e-01
1.849816849816849629e-01
1.488095238095237527e-01
1.818181818181817677e-01
3.571428571428569843e-02
1.404761904761904490e-01
1.220238095238094789e-01
2.083333333333332593e-01
8.488612836438920450e-02
8.333333333333330095e-02
8.433734939759029992e-02
2.847754654983570832e-01
1.784638554216866624e-01
1.971522453450162693e-01
2.549733818996916535e-01
9.638554216867470381e-02
1.934798015591778220e-01
1.784638554216866624e-01
2.358369648807996100e-01
3.548740416210294235e-01
3.614457831325299658e-02
7.102092580849692083e-02
3.488499452354872354e-01
9.857612267250792648e-02
1.445783132530119031e-01
7.228915662650599316e-02
8.536585365853649465e-02
1.430155210643014596e-01
2.926829268292683306e-01
2.993348115299332424e-01
3.590785907859078696e-01
9.756097560975610095e-02
1.448780487804876838e-01
1.097560975609754991e-01
6.541019955654095441e-02
3.380487804878045677e-01
1.219512195121950048e-02
1.534225019669550050e-01
3.340402969247081022e-01
1.393728222996514499e-01
1.427280939476060218e-01
4.878048780487800190e-02
6.172839506172830143e-02
3.923182441700959200e-01
3.127572016460902216e-01
1.329966329966328908e-01
3.989898989898990611e-01
7.407407407407400057e-02
2.139917695473251003e-01
2.023319615912205494e-01
2.222222222222219878e-01
8.487654320987635115e-02
1.234567901234560026e-02
1.734273956496176217e-01
2.469135802469132057e-01
1.455490578297595206e-01
2.659932659932657817e-01
4.938271604938269943e-02
7.499999999999999722e-02
5.178571428571427937e-01
2.910000000000000919e-01
8.899999999999999578e-02
2.965909090909091272e-01
3.749999999999999861e-02
3.125000000000000000e-01
3.857142857142858428e-01
1.781250000000000611e-01
2.433333333333333737e-01
2.500000000000000139e-02
2.467105263157895190e-01
3.333333333333333148e-01
3.125000000000000000e-01
3.064516129032258951e-02
2.500000000000000139e-02
7.142857142857142461e-02
4.924242424242322724e-02
2.380952380952375269e-01
5.952380952380934009e-02
0.000000000000000000e+00
1.666666666666659080e-01
6.168831168831163253e-02
4.710144927536224352e-02
6.959706959706941920e-02
1.404761904761904212e-01
6.919642857142824233e-02
0.000000000000000000e+00
4.100529100529091281e-02
1.417748917748915816e-01
5.952380952380916662e-02
5.952380952380915968e-02
1.417748917748904436e-01
1.377551020408152860e-01
1.357142857142857595e-01
0.000000000000000000e+00
1.190476190476180418e-01
2.380952380952362779e-02
0.000000000000000000e+00
2.035714285714285976e-01
2.420634920634920084e-01
1.774891774891776686e-01
0.000000000000000000e+00
0.000000000000000000e+00
9.420289855072448704e-02
6.785714285714286587e-02
2.035714285714279315e-01
5.576441102756864165e-02
5.952380952380938867e-02
7.936507936507927741e-02
0.000000000000000000e+00
1.190476190476183332e-01
1.442857142857141284e-01
6.785714285714286587e-02
1.848739495798312760e-01
1.145833333333328707e-01
0.000000000000000000e+00
6.666666666666640206e-02
0.000000000000000000e+00
0.000000000000000000e+00
6.168831168831135497e-02
0.000000000000000000e+00
0.000000000000000000e+00
0.000000000000000000e+00
9.420289855072437601e-02
7.023809523809519673e-02
0.000000000000000000e+00
8.516483516483470961e-02
6.959706959706954410e-02
5.952380952380947193e-02
7.275132275132252524e-02
4.816017316017295186e-02
0.000000000000000000e+00
1.841269841269833341e-01
0.000000000000000000e+00
4.761904761904717925e-02
0.000000000000000000e+00
5.045351473922876639e-02
4.841269841269801866e-02
4.761904761904743599e-02
