3.361344537815119660e-02
0.000000000000000000e+00
1.120448179271706646e-01
0.000000000000000000e+00
0.000000000000000000e+00
0.000000000000000000e+00
0.000000000000000000e+00
3.324808184143217271e-02
0.000000000000000000e+00
4.957983193277301637e-02
9.768907563025196195e-02
0.000000000000000000e+00
0.000000000000000000e+00
0.000000000000000000e+00
8.403361344537799149e-02
0.000000000000000000e+00
1.000763941940410739e-01
4.861944777911155618e-02
4.789915966386547319e-02
4.201680672268899575e-02
4.201680672268899575e-02
5.042016806722680183e-02
5.126050420168067889e-01
4.789915966386547319e-02
0.000000000000000000e+00
5.637891520244460164e-01
2.394957983193274076e-01
2.464985994397755342e-01
0.000000000000000000e+00
1.436974789915964335e-01
1.436974789915964335e-01
3.936311366651917137e-02
0.000000000000000000e+00
0.000000000000000000e+00
0.000000000000000000e+00
0.000000000000000000e+00
1.018487394957981601e-01
4.310924369747898832e-01
3.044982698961938294e-01
1.617647058823526440e-01
0.000000000000000000e+00
3.764705882352941679e-01
8.403361344537799149e-03
3.541416566626644918e-02
0.000000000000000000e+00
2.128851540616243376e-01
8.403361344537799149e-02
4.108309990662924877e-02
0.000000000000000000e+00
0.000000000000000000e+00
0.000000000000000000e+00
0.000000000000000000e+00
9.825468648998046672e-02
8.403361344537799149e-02
2.054154995331462508e-01
3.399541634835746839e-02
0.000000000000000000e+00
1.624649859943974872e-01
8.403361344537799149e-02
0.000000000000000000e+00
0.000000000000000000e+00
7.122849139655851314e-02
0.000000000000000000e+00
0.000000000000000000e+00
3.361344537815119660e-02
3.475935828876999811e-02
1.180893409995575349e-01
0.000000000000000000e+00
0.000000000000000000e+00
3.541416566626644918e-02
1.306340718105421794e-01
3.324808184143217271e-02
3.399541634835746839e-02
2.022058823529408189e-01
1.436974789915964335e-01
0.000000000000000000e+00
0.000000000000000000e+00
1.260504201680670011e-01
6.834733893557409790e-02
1.260504201680670011e-01
1.915966386554618928e-01
1.260504201680670011e-01
5.882352941176469813e-02
4.264705882352941568e-01
2.054154995331462508e-01
5.671504965622613526e-01
0.000000000000000000e+00
1.436974789915964335e-01
7.122849139655851314e-02
2.128851540616243376e-01
1.915966386554621426e-01
7.999999999999999334e-01
8.403361344537799149e-02
0.000000000000000000e+00
0.000000000000000000e+00
8.403361344537799149e-02
1.074380165289255951e-01
4.132231404958677801e-01
3.305785123966942241e-01
1.487603305785124008e-01
5.000000000000000278e-02
3.333333333333320103e-02
7.403846153846155298e-02
5.802469135802445360e-02
1.515625000000000444e-01
1.416666666666666075e-01
7.499999999999996669e-01
1.749999999999999056e-01
0.000000000000000000e+00
7.538888888888886086e-01
8.333333333333330095e-02
2.333333333333331983e-01
0.000000000000000000e+00
2.812500000000000555e-01
1.431818181818181046e-01
1.666666666666660052e-02
3.361344537815119660e-02
0.000000000000000000e+00
1.120448179271706646e-01
0.000000000000000000e+00
0.000000000000000000e+00
0.000000000000000000e+00
0.000000000000000000e+00
3.324808184143217271e-02
0.000000000000000000e+00
4.957983193277301637e-02
9.768907563025196195e-02
0.000000000000000000e+00
0.000000000000000000e+00
0.000000000000000000e+00
8.403361344537799149e-02
0.000000000000000000e+00
1.000763941940410739e-01
4.861944777911155618e-02
4.789915966386547319e-02
4.201680672268899575e-02
4.201680672268899575e-02
5.042016806722680183e-02
5.126050420168067889e-01
4.789915966386547319e-02
0.000000000000000000e+00
5.637891520244460164e-01
2.394957983193274076e-01
2.464985994397755342e-01
0.000000000000000000e+00
1.436974789915964335e-01
1.436974789915964335e-01
3.936311366651917137e-02
0.000000000000000000e+00
0.000000000000000000e+00
0.000000000000000000e+00
0.000000000000000000e+00
1.018487394957981601e-01
4.310924369747898832e-01
3.044982698961938294e-01
1.617647058823526440e-01
0.000000000000000000e+00
3.764705882352941679e-01
8.403361344537799149e-03
3.541416566626644918e-02
0.000000000000000000e+00
2.128851540616243376e-01
8.403361344537799149e-02
4.108309990662924877e-02
0.000000000000000000e+00
0.000000000000000000e+00
0.000000000000000000e+00
0.000000000000000000e+00
9.825468648998046672e-02
8.403361344537799149e-02
2.054154995331462508e-01
3.399541634835746839e-02
0.000000000000000000e+00
1.624649859943974872e-01
8.403361344537799149e-02
0.000000000000000000e+00
0.000000000000000000e+00
7.122849139655851314e-02
0.000000000000000000e+00
0.000000000000000000e+00
5.000000000000000278e-02
3.333333333333320103e-02
7.403846153846155298e-02
5.802469135802445360e-02
1.515625000000000444e-01
1.416666666666666075e-01
7.499999999999996669e-01
1.749999999999999056e-01
0.000000000000000000e+00
7.538888888888886086e-01
8.333333333333330095e-02
2.333333333333331983e-01
0.000000000000000000e+00
2.812500000000000555e-01
1.431818181818181046e-01
1.666666666666660052e-02
3.361344537815119660e-02
2.480992396958778962e-02
2.521008403361340022e-01
2.291825821237582217e-02
7.680281414891525216e-02
1.596638655462183920e-01
5.483193277310923763e-01
2.937944408532643381e-01
6.302521008403350056e-02
8.983957219251337278e-01
8.403361344537810251e-02
1.487394957983190769e-01
5.742296918767496317e-02
1.890756302521007515e-01
1.797588600657651081e-01
8.403361344537799149e-03
1.694915254237280150e-02
1.251926040061633327e-01
8.368644067796594810e-02
3.466872110939892004e-02
7.686243594796998702e-02
1.949152542372880881e-01
9.072781655034896087e-01
6.276483050847452005e-02
2.488279841327080688e-01
5.408320493066254286e-01
1.016949152542372947e-01
1.998215878679749369e-01
3.505392912172557857e-02
3.120184899845914739e-01
7.627118644067790165e-02
4.237288135593220151e-02
2.564102564102559850e-02
1.002331002331000032e-01
1.025641025641023107e-01
3.496503496503477332e-02
1.006647673314337577e-01
1.880341880341880045e-01
5.076923076923076650e-01
2.051282051282048990e-01
1.833721833721828898e-01
5.415384615384614131e-01
1.111111111111111049e-01
1.075268817204300259e-01
3.344481605351152381e-02
1.709401709401708602e-01
1.750553972776194289e-01
2.564102564102559850e-02
1.724137931034479959e-02
1.245210727969346953e-01
1.310344827586205352e-01
3.095611285266453364e-02
1.238244514106581345e-01
1.810344827586206906e-01
5.603448275862069616e-01
2.543103448275861322e-01
7.758620689655160163e-02
3.852370689655169600e-01
1.465517241379309943e-01
1.211001642036123038e-01
1.034482758620687975e-01
2.286751361161523666e-01
1.238244514106581345e-01
1.724137931034479959e-02
1.739130434782600043e-02
1.440993788819872334e-01
1.012173913043477452e-01
3.095652173913027855e-02
2.063241106719365670e-01
1.826086956521739135e-01
5.434782608695649664e-01
2.347826086956522063e-01
1.239130434782607787e-01
6.347826086956519509e-01
1.217391304347825998e-01
2.059496567505718911e-01
2.318840579710133160e-02
2.536231884057971175e-01
1.492286115007012692e-01
2.608695652173910126e-02
3.361344537815105782e-02
0.000000000000000000e+00
1.120448179271697903e-01
0.000000000000000000e+00
0.000000000000000000e+00
0.000000000000000000e+00
0.000000000000000000e+00
3.324808184143193679e-02
0.000000000000000000e+00
4.957983193277175349e-02
9.768907563025176766e-02
0.000000000000000000e+00
0.000000000000000000e+00
0.000000000000000000e+00
8.403361344537783884e-02
0.000000000000000000e+00
1.000763941940398527e-01
4.861944777911023780e-02
4.789915966386427276e-02
4.201680672268869043e-02
4.201680672268782307e-02
5.042016806722685734e-02
5.126050420168060118e-01
4.789915966386514012e-02
0.000000000000000000e+00
5.637891520244457944e-01
2.394957983193275464e-01
2.464985994397748958e-01
0.000000000000000000e+00
1.436974789915954065e-01
1.436974789915961837e-01
3.936311366651849136e-02
0.000000000000000000e+00
0.000000000000000000e+00
0.000000000000000000e+00
0.000000000000000000e+00
1.018487394957978687e-01
4.310924369747892726e-01
3.044982698961932188e-01
1.617647058823522832e-01
0.000000000000000000e+00
3.764705882352941679e-01
8.403361344537634350e-03
3.541416566626517937e-02
0.000000000000000000e+00
2.128851540616238658e-01
8.403361344537665922e-02
4.108309990662869365e-02
0.000000000000000000e+00
0.000000000000000000e+00
0.000000000000000000e+00
0.000000000000000000e+00
9.825468648997985610e-02
8.403361344537733923e-02
2.054154995331459732e-01
3.399541634835690634e-02
0.000000000000000000e+00
1.624649859943970431e-01
8.403361344537665922e-02
0.000000000000000000e+00
0.000000000000000000e+00
7.122849139655833273e-02
0.000000000000000000e+00
0.000000000000000000e+00
