2.308183181235700168e-02
7.794215652103338166e-02
8.508474752138733832e-02
8.793819941997099709e-02
5.055279145417079789e-02
8.180933061477170531e-02
8.602803740521675069e-02
4.300366302018824444e-02
7.003288852740680026e-02
1.048690265578545722e-01
5.711508230911652856e-02
5.993390367783980877e-02
4.857093940824585426e-02
1.183192083533978062e-01
7.569429672786849583e-02
8.539603318305150070e-02
1.025639090687412158e-01
9.302216131564097767e-02
1.281360733389018403e-01
8.635583063984750285e-02
1.029058516516295069e-01
1.136711474508289924e-02
1.320398837636275469e-01
6.712875293775821817e-02
1.010254556732096270e-01
2.008773539209489367e-01
1.059273978075109257e-01
7.941473683967806285e-02
2.342108806970621265e-02
5.639406689528828065e-02
1.281656454767595432e-01
6.495958337963926577e-02
8.547385459846700007e-02
7.301378130798734378e-02
4.910491404325340731e-02
9.037660376966899500e-02
8.396536428204551261e-02
1.218667801129964812e-01
1.263575640737282235e-01
8.434090449237048592e-02
5.527914541709650492e-02
1.079040617590751733e-01
8.617424733720999153e-03
6.410557623793482207e-02
5.949376461804539024e-02
7.389748671415455328e-02
6.368385828201399146e-02
8.494409251871011535e-02
5.885035889206665510e-02
6.945353802094904327e-02
3.596646415804963248e-02
9.482838781564062458e-02
1.113732207330612456e-01
6.464365573881050708e-02
9.891966581754831067e-02
4.852471820393805535e-02
8.290574788974250375e-02
7.775500780808168588e-02
8.562949742929899799e-02
4.658908736232079961e-02
9.905282690614906904e-02
7.935338556509095864e-02
6.141700691918827726e-02
2.307145562363480118e-02
4.615328743599179939e-02
1.498111769475044264e-01
1.247428138749303306e-01
1.485721993740193037e-01
9.714187881649159750e-02
1.379844105176010749e-01
8.510054762694187203e-02
8.319515332736159008e-02
9.698647180813083080e-02
1.698802587821464094e-01
1.231383820408924051e-01
6.360461014064915097e-02
1.897286107839725178e-01
1.620501273677164844e-01
1.314631982526495990e-01
1.440733804066424983e-01
2.563017188156613835e-01
1.885353490809290045e-01
1.998453947880399900e-02
1.379858001857335592e-01
1.900081914245411452e-01
2.166329361925707908e-01
4.754008761563525282e-02
1.042713580874609219e-01
1.518026527961725547e-01
1.432605789567431842e-01
1.165437952985488995e-01
2.276328281858787383e-01
1.199228011559069912e-01
1.204930198906817018e-01
1.003468241080368445e-01
1.781591603588085215e-01
2.458456765464251126e-01
2.651088710305005147e-01
2.460324460054681972e-01
2.430130064176060922e-01
7.227496757457839427e-02
2.305784695201036072e-01
1.473010076823305925e-01
2.304370466445692933e-01
2.214424448767831621e-01
6.320622568093380023e-02
3.450583657587545927e-01
1.564980544747079927e-01
2.597784390020599354e-01
3.307877215737135557e-01
5.415304798962380234e-02
2.130428015564199973e-01
1.601391170677809173e-01
2.256031128404666908e-01
1.606819950477536840e-01
7.139299610894940529e-02
2.308183181235700168e-02
7.794215652103338166e-02
8.508474752138733832e-02
8.793819941997099709e-02
5.055279145417079789e-02
8.180933061477170531e-02
8.602803740521675069e-02
4.300366302018824444e-02
7.003288852740680026e-02
1.048690265578545722e-01
5.711508230911652856e-02
5.993390367783980877e-02
4.857093940824585426e-02
1.183192083533978062e-01
7.569429672786849583e-02
8.539603318305150070e-02
1.025639090687412158e-01
9.302216131564097767e-02
1.281360733389018403e-01
8.635583063984750285e-02
1.029058516516295069e-01
1.136711474508289924e-02
1.320398837636275469e-01
6.712875293775821817e-02
1.010254556732096270e-01
2.008773539209489367e-01
1.059273978075109257e-01
7.941473683967806285e-02
2.342108806970621265e-02
5.639406689528828065e-02
1.281656454767595432e-01
6.495958337963926577e-02
8.547385459846700007e-02
7.301378130798734378e-02
4.910491404325340731e-02
9.037660376966899500e-02
8.396536428204551261e-02
1.218667801129964812e-01
1.263575640737282235e-01
8.434090449237048592e-02
5.527914541709650492e-02
1.079040617590751733e-01
8.617424733720999153e-03
6.410557623793482207e-02
5.949376461804539024e-02
7.389748671415455328e-02
6.368385828201399146e-02
8.494409251871011535e-02
5.885035889206665510e-02
6.945353802094904327e-02
3.596646415804963248e-02
9.482838781564062458e-02
1.113732207330612456e-01
6.464365573881050708e-02
9.891966581754831067e-02
4.852471820393805535e-02
8.290574788974250375e-02
7.775500780808168588e-02
8.562949742929899799e-02
4.658908736232079961e-02
9.905282690614906904e-02
7.935338556509095864e-02
6.141700691918827726e-02
2.307145562363480118e-02
7.227496757457839427e-02
2.305784695201036072e-01
1.473010076823305925e-01
2.304370466445692933e-01
2.214424448767831621e-01
6.320622568093380023e-02
3.450583657587545927e-01
1.564980544747079927e-01
2.597784390020599354e-01
3.307877215737135557e-01
5.415304798962380234e-02
2.130428015564199973e-01
1.601391170677809173e-01
2.256031128404666908e-01
1.606819950477536840e-01
7.139299610894940529e-02
6.180058002894950331e-02
2.185309342596798432e-01
2.716486207451139778e-01
1.518932535435862097e-01
1.786189703032270426e-01
6.428567722789739480e-02
3.009847003097290696e-01
2.298132246121600275e-01
1.510383970863659886e-01
3.220957637322961475e-01
5.416370512946880322e-02
2.011520163528733585e-01
2.220889170198893370e-01
1.588335088638589965e-01
1.943446613493961528e-01
5.996918271949529949e-02
6.666217029489279744e-02
1.799877183019937266e-01
1.541591871251581647e-01
2.283292174237863126e-01
1.663709839718420236e-01
8.172847448481949939e-02
3.412309763800098206e-01
1.594873876771741306e-01
3.278693953388152060e-01
2.666854696759025090e-01
6.882561686761989872e-02
1.647179354990915556e-01
2.364243373825834216e-01
2.787365321088108305e-01
1.530443895656501962e-01
6.670886338639049618e-02
6.109563313566480219e-02
1.972828724606962292e-01
1.746953259972914840e-01
2.422747294262804219e-01
2.059844712959935653e-01
6.915801542955270220e-02
2.530741334495477668e-01
1.862441438777255875e-01
3.470625884048658683e-01
2.365353546358694992e-01
5.932647460142050078e-02
1.566877656938552854e-01
1.960104944959384365e-01
1.969421054543000205e-01
1.889168088123192868e-01
5.943023756530579904e-02
5.743309848193989958e-02
2.007650828897442896e-01
3.153621865045189709e-01
2.034983864775402052e-01
2.345177779894971337e-01
6.865512124765230095e-02
2.799020472538988891e-01
2.181319226108741904e-01
1.873968850196630898e-01
2.120504446266067988e-01
5.871976590953890268e-02
1.774664708007031855e-01
2.425575628028595887e-01
1.923819021160653453e-01
2.171730011140425298e-01
5.662374316457920165e-02
6.441152818490750165e-02
2.568745529808071359e-01
2.273507483981427046e-01
2.165607408752493190e-01
2.399050559028768348e-01
7.551946872811220179e-02
2.797089418661962701e-01
2.383385894761024804e-01
2.870774857972966387e-01
3.101365361833854917e-01
6.429738774027859982e-02
2.272637285969597576e-01
1.608896037078349217e-01
2.660899115411554661e-01
1.373193229563712259e-01
6.280837375807410417e-02
2.308183181235688025e-02
7.794215652103345104e-02
8.508474752138706076e-02
8.793819941997016443e-02
5.055279145416994441e-02
8.180933061477094204e-02
8.602803740521590414e-02
4.300366302018782116e-02
7.003288852740625903e-02
1.048690265578550301e-01
5.711508230911562650e-02
5.993390367783985040e-02
4.857093940824557671e-02
1.183192083533965988e-01
7.569429672786827379e-02
8.539603318305089008e-02
1.025639090687415489e-01
9.302216131564126911e-02
1.281360733389012296e-01
8.635583063984751673e-02
1.029058516516294514e-01
1.136711474508283505e-02
1.320398837636276301e-01
6.712875293775841246e-02
1.010254556732089332e-01
2.008773539209491865e-01
1.059273978075112310e-01
7.941473683967739672e-02
2.342108806970543897e-02
5.639406689528786432e-02
1.281656454767586550e-01
6.495958337963909923e-02
8.547385459846662537e-02
7.301378130798590049e-02
4.910491404325291465e-02
9.037660376966921705e-02
8.396536428204519342e-02
1.218667801129961481e-01
1.263575640737276407e-01
8.434090449237006959e-02
5.527914541709610247e-02
1.079040617590748263e-01
8.617424733720843028e-03
6.410557623793416981e-02
5.949376461804473104e-02
7.389748671415470593e-02
6.368385828201390819e-02
8.494409251871026800e-02
5.885035889206600285e-02
6.945353802094847429e-02
3.596646415804858471e-02
9.482838781564070785e-02
1.113732207330605378e-01
6.464365573880946625e-02
9.891966581754843557e-02
4.852471820393755575e-02
8.290574788974125475e-02
7.775500780808171364e-02
8.562949742929758246e-02
4.658908736231990450e-02
9.905282690614902741e-02
7.935338556509065333e-02
6.141700691918841604e-02
2.307145562363470404e-02
