2.530134254613810099e-02
8.164394064484221947e-02
9.822475687255734222e-02
8.935489197393649274e-02
5.629294686972079881e-02
8.221242797203942576e-02
8.812862208602099956e-02
4.452475214171729145e-02
7.143310767042160281e-02
1.028159174912039592e-01
6.142434365116623135e-02
6.100011431329439154e-02
4.598075867334464051e-02
1.129178641657837684e-01
7.773304035259299971e-02
8.414728632940000896e-02
1.114052337014063560e-01
9.678253438017669907e-02
1.290139843263771735e-01
8.255960168167550406e-02
1.045966645920919924e-01
1.139322503207119974e-02
1.339526009097077308e-01
6.095946958631270202e-02
1.080401761836007474e-01
1.976049632754103558e-01
1.025885610496496680e-01
7.432904446787162722e-02
2.482531327088975670e-02
5.292324497339011974e-02
1.305343511450380856e-01
6.140027769440102590e-02
9.678525612528700306e-02
7.527742143077867376e-02
4.685477228693989832e-02
8.884683288666449241e-02
8.589958212140069715e-02
1.219913375925616578e-01
1.261719914496640116e-01
8.557620251235199815e-02
5.722015470399199888e-02
1.118136439267882060e-01
8.205154259440300066e-03
6.150327425936746167e-02
5.640495080486911811e-02
7.215709186978429279e-02
6.534910010034150618e-02
8.029027109186112621e-02
5.648512574186262403e-02
7.194116675769338110e-02
3.050005715664690087e-02
8.968317630725006206e-02
1.072239162953109171e-01
6.172917910352949955e-02
8.864219797651351485e-02
4.788918769434665629e-02
8.414728632940000896e-02
8.088808728455115782e-02
8.719564085303099787e-02
4.653821239410119853e-02
9.338972789202014402e-02
7.369336577653483322e-02
6.224147201652856232e-02
2.097013882714550068e-02
4.627148137328369881e-02
1.495754819921920886e-01
1.304160937074873849e-01
1.487161528314313030e-01
1.028311592638219973e-01
1.357461301320769254e-01
8.345563316286393196e-02
8.543124000103817506e-02
9.731987284666630822e-02
1.694408809744569200e-01
1.211949549732633802e-01
6.018404440436413844e-02
1.836633600487734830e-01
1.602926420342684899e-01
1.383258606309245575e-01
1.489883273424695009e-01
2.595483354714152591e-01
1.917923054451229903e-01
1.959837929151159869e-02
1.368854072728657445e-01
1.860554715846781115e-01
2.146300232898903093e-01
4.527855720055020544e-02
9.860664795315651765e-02
1.557303923970166648e-01
1.436706422290240370e-01
1.202175763041241074e-01
2.316647826142178013e-01
1.189493338075214984e-01
1.195890263855864805e-01
9.547277014983497623e-02
1.758519515819684798e-01
2.528418833271944277e-01
2.645777501174856883e-01
2.472279730227477101e-01
2.353523935325720906e-01
7.764314382970069484e-02
2.398008433673728124e-01
1.497094329741792129e-01
2.252093835439866742e-01
2.261155724483056573e-01
6.276990296194680241e-02
3.404206675811614069e-01
1.547020271300105776e-01
2.688816267247639002e-01
3.336229233348571022e-01
5.420921607478530052e-02
2.070822537214851988e-01
1.537950590940480589e-01
2.138584057308334230e-01
1.640167103130066029e-01
6.732967535436669426e-02
2.530134254613810099e-02
8.164394064484221947e-02
9.822475687255734222e-02
8.935489197393649274e-02
5.629294686972079881e-02
8.221242797203942576e-02
8.812862208602099956e-02
4.452475214171729145e-02
7.143310767042160281e-02
1.028159174912039592e-01
6.142434365116623135e-02
6.100011431329439154e-02
4.598075867334464051e-02
1.129178641657837684e-01
7.773304035259299971e-02
8.414728632940000896e-02
1.114052337014063560e-01
9.678253438017669907e-02
1.290139843263771735e-01
8.255960168167550406e-02
1.045966645920919924e-01
1.139322503207119974e-02
1.339526009097077308e-01
6.095946958631270202e-02
1.080401761836007474e-01
1.976049632754103558e-01
1.025885610496496680e-01
7.432904446787162722e-02
2.482531327088975670e-02
5.292324497339011974e-02
1.305343511450380856e-01
6.140027769440102590e-02
9.678525612528700306e-02
7.527742143077867376e-02
4.685477228693989832e-02
8.884683288666449241e-02
8.589958212140069715e-02
1.219913375925616578e-01
1.261719914496640116e-01
8.557620251235199815e-02
5.722015470399199888e-02
1.118136439267882060e-01
8.205154259440300066e-03
6.150327425936746167e-02
5.640495080486911811e-02
7.215709186978429279e-02
6.534910010034150618e-02
8.029027109186112621e-02
5.648512574186262403e-02
7.194116675769338110e-02
3.050005715664690087e-02
8.968317630725006206e-02
1.072239162953109171e-01
6.172917910352949955e-02
8.864219797651351485e-02
4.788918769434665629e-02
8.414728632940000896e-02
8.088808728455115782e-02
8.719564085303099787e-02
4.653821239410119853e-02
9.338972789202014402e-02
7.369336577653483322e-02
6.224147201652856232e-02
2.097013882714550068e-02
7.764314382970069484e-02
2.398008433673728124e-01
1.497094329741792129e-01
2.252093835439866742e-01
2.261155724483056573e-01
6.276990296194680241e-02
3.404206675811614069e-01
1.547020271300105776e-01
2.688816267247639002e-01
3.336229233348571022e-01
5.420921607478530052e-02
2.070822537214851988e-01
1.537950590940480589e-01
2.138584057308334230e-01
1.640167103130066029e-01
6.732967535436669426e-02
6.494265283052419457e-02
2.177226735278834091e-01
2.892761428154089764e-01
1.535262187356024877e-01
1.884069187013891478e-01
6.391383317879860415e-02
3.019490416735464700e-01
2.156666858817216370e-01
1.573713022824552443e-01
3.260907970869736938e-01
5.366374109308909984e-02
1.963769036338925966e-01
2.156382703975138204e-01
1.571172727388195078e-01
1.868851173478432159e-01
5.697882663753790072e-02
6.923663152546670474e-02
1.859866286387306389e-01
1.581655658579956270e-01
2.314354006212255566e-01
1.744909744519832773e-01
7.916931284135650393e-02
3.394116899903613094e-01
1.586986377492694555e-01
3.372014777140293074e-01
2.719859589159725477e-01
6.971929378889869799e-02
1.568211141342495951e-01
2.357406787293740424e-01
2.741995081001811219e-01
1.501333672043690948e-01
6.129810745586179721e-02
6.401707121899169461e-02
2.033641871598659001e-01
1.827916015699422025e-01
2.393885122612781358e-01
2.132907399645194990e-01
6.921210735561220129e-02
2.483267919064131302e-01
1.806576991959759071e-01
3.509946086633203288e-01
2.383172655565292120e-01
6.060028706067650123e-02
1.535008413918058090e-01
1.994072125237536797e-01
1.879866377065628757e-01
1.842988818182202115e-01
5.562118152142150190e-02
6.234122548521490309e-02
2.016732716864816921e-01
3.185008298614641076e-01
2.076239480466691434e-01
2.411028535533158712e-01
6.931460217457570405e-02
2.818141787758696726e-01
2.067971016947238727e-01
1.929681942891980917e-01
2.114162051620767369e-01
5.955949598618019702e-02
1.737216988207739843e-01
2.362056701554720028e-01
1.883847918750232719e-01
2.146481325807611251e-01
5.262422518036780072e-02
6.668614325453779690e-02
2.683777030570377309e-01
2.369586037826918457e-01
2.146572332236713621e-01
2.473380392772721592e-01
7.468848044508230588e-02
2.749480271486696159e-01
2.366405426346742669e-01
2.954608965158076472e-01
3.106304063408995009e-01
6.555565434984179929e-02
2.196130131239664995e-01
1.638065720781941292e-01
2.552068117249058354e-01
1.339049561633360863e-01
5.807410418280890135e-02
2.530134254613809752e-02
8.164394064484153946e-02
9.822475687255563526e-02
8.935489197393645111e-02
5.629294686972020900e-02
8.221242797203930086e-02
8.812862208602115222e-02
4.452475214171733309e-02
7.143310767042128362e-02
1.028159174912031404e-01
6.142434365116496153e-02
6.100011431329424583e-02
4.598075867334434907e-02
1.129178641657832549e-01
7.773304035259188949e-02
8.414728632939949549e-02
1.114052337014061062e-01
9.678253438017699051e-02
1.290139843263759245e-01
8.255960168167471303e-02
1.045966645920913818e-01
1.139322503207114250e-02
1.339526009097078418e-01
6.095946958631177220e-02
1.080401761836003727e-01
1.976049632754089402e-01
1.025885610496486272e-01
7.432904446787055863e-02
2.482531327088903506e-02
5.292324497338959932e-02
1.305343511450376970e-01
6.140027769440108835e-02
9.678525612528714184e-02
7.527742143077902071e-02
4.685477228693814972e-02
8.884683288666421486e-02
8.589958212140018368e-02
1.219913375925607696e-01
1.261719914496638728e-01
8.557620251235110997e-02
5.722015470399199194e-02
1.118136439267878313e-01
8.205154259440032918e-03
6.150327425936667064e-02
5.640495080486850055e-02
7.215709186978279399e-02
6.534910010034102046e-02
8.029027109186075151e-02
5.648512574186214524e-02
7.194116675769328395e-02
3.050005715664625902e-02
8.968317630725027023e-02
1.072239162953104036e-01
6.172917910352927057e-02
8.864219797651198829e-02
4.788918769434633016e-02
8.414728632939870445e-02
8.088808728455065822e-02
8.719564085303019296e-02
4.653821239410126098e-02
9.338972789202029667e-02
7.369336577653502751e-02
6.224147201652879130e-02
2.097013882714556660e-02
