2.010930493273540079e-02
7.180381802894383880e-02
8.092769058295934403e-02
8.574481502242151110e-02
4.757567264573960009e-02
7.855708146487277999e-02
8.586743273542563060e-02
4.206853797036445158e-02
7.147938944463590183e-02
1.076898822869951505e-01
6.180261175728679612e-02
6.697029147982035135e-02
4.790654583956146378e-02
1.177599814003257445e-01
6.936659192825099518e-02
8.338004484304899211e-02
9.742056920097835748e-02
9.384759368994222140e-02
1.414815723094169642e-01
8.959851457399101160e-02
1.114069506726454994e-01
1.128082959641250015e-02
1.269171182112606433e-01
6.569857062780257162e-02
9.866054745889368816e-02
2.068385650224212335e-01
1.101299747757846226e-01
7.613197558545091448e-02
2.058378217001351901e-02
5.561413957399075764e-02
1.192159473094169669e-01
7.557031065612446197e-02
7.996426569506699666e-02
7.240284005979066850e-02
5.345593308037239338e-02
8.986126681614350908e-02
8.506306053811660273e-02
1.287013032511210575e-01
1.273080981271430268e-01
8.008469380605347243e-02
5.561589125560499614e-02
1.039798206278026022e-01
8.653307174887799394e-03
6.319066303651472982e-02
5.654905982470444931e-02
8.331581651718976411e-02
6.095852017937199857e-02
8.495266567015410941e-02
5.655342171963319980e-02
6.779708520179354714e-02
3.751576513452864470e-02
8.007475638151040354e-02
1.174596843739219160e-01
6.560047645739899846e-02
1.057626432486293011e-01
5.343106655116182380e-02
8.031460201793699794e-02
7.850102765321376186e-02
7.365821188340800074e-02
4.687500000000000000e-02
9.097066517189772439e-02
8.915976003630152191e-02
6.432525224215214499e-02
2.641535874439460141e-02
4.652466367712999873e-02
1.436800919792089459e-01
1.324326616709932680e-01
1.449641655989747369e-01
9.445067264573960009e-02
1.341325172165277746e-01
8.328051747859742393e-02
8.697860815948496582e-02
1.028937780269056773e-01
1.679249579596411024e-01
1.263050028026902749e-01
5.836121426569487042e-02
1.887436939461880070e-01
1.589651065022419929e-01
1.308587911061282194e-01
1.420613789237664959e-01
2.606975196188339172e-01
1.850651625560534863e-01
1.993413677130040015e-02
1.379186519058295257e-01
1.947188745640258400e-01
2.207806767223808309e-01
4.574173815558581907e-02
1.077336743273538261e-01
1.569389947683107467e-01
1.520985145739909283e-01
1.178680283071748686e-01
2.304232062780268153e-01
1.212163677130040085e-01
1.160934952099468703e-01
9.432221599402071388e-02
1.807735426008965085e-01
2.393764231914519980e-01
2.683307059029602093e-01
2.458048695042913956e-01
2.464880014012962028e-01
6.675541698050410644e-02
2.237208569076352127e-01
1.553680690204362058e-01
2.236261380054402337e-01
2.283167510378532050e-01
6.381264341641990079e-02
3.473786543817546368e-01
1.560195484243899200e-01
2.571433870540627553e-01
3.338121179211404055e-01
5.333777084902519700e-02
2.145422060291823918e-01
1.508729384852630639e-01
2.389689782620117997e-01
1.541803149468372325e-01
7.659969521273800319e-02
2.010930493273540079e-02
7.180381802894383880e-02
8.092769058295934403e-02
8.574481502242151110e-02
4.757567264573960009e-02
7.855708146487277999e-02
8.586743273542563060e-02
4.206853797036445158e-02
7.147938944463590183e-02
1.076898822869951505e-01
6.180261175728679612e-02
6.697029147982035135e-02
4.790654583956146378e-02
1.177599814003257445e-01
6.936659192825099518e-02
8.338004484304899211e-02
9.742056920097835748e-02
9.384759368994222140e-02
1.414815723094169642e-01
8.959851457399101160e-02
1.114069506726454994e-01
1.128082959641250015e-02
1.269171182112606433e-01
6.569857062780257162e-02
9.866054745889368816e-02
2.068385650224212335e-01
1.101299747757846226e-01
7.613197558545091448e-02
2.058378217001351901e-02
5.561413957399075764e-02
1.192159473094169669e-01
7.557031065612446197e-02
7.996426569506699666e-02
7.240284005979066850e-02
5.345593308037239338e-02
8.986126681614350908e-02
8.506306053811660273e-02
1.287013032511210575e-01
1.273080981271430268e-01
8.008469380605347243e-02
5.561589125560499614e-02
1.039798206278026022e-01
8.653307174887799394e-03
6.319066303651472982e-02
5.654905982470444931e-02
8.331581651718976411e-02
6.095852017937199857e-02
8.495266567015410941e-02
5.655342171963319980e-02
6.779708520179354714e-02
3.751576513452864470e-02
8.007475638151040354e-02
1.174596843739219160e-01
6.560047645739899846e-02
1.057626432486293011e-01
5.343106655116182380e-02
8.031460201793699794e-02
7.850102765321376186e-02
7.365821188340800074e-02
4.687500000000000000e-02
9.097066517189772439e-02
8.915976003630152191e-02
6.432525224215214499e-02
2.641535874439460141e-02
6.675541698050410644e-02
2.237208569076352127e-01
1.553680690204362058e-01
2.236261380054402337e-01
2.283167510378532050e-01
6.381264341641990079e-02
3.473786543817546368e-01
1.560195484243899200e-01
2.571433870540627553e-01
3.338121179211404055e-01
5.333777084902519700e-02
2.145422060291823918e-01
1.508729384852630639e-01
2.389689782620117997e-01
1.541803149468372325e-01
7.659969521273800319e-02
5.813831278026899974e-02
2.132263639760835494e-01
2.660804372197305145e-01
1.522052079086831100e-01
1.779195236729585183e-01
6.500490470852010594e-02
3.037131271020177548e-01
2.375489123404619929e-01
1.477105521300447477e-01
3.317366490012227387e-01
5.458239910313900101e-02
1.976036995515694228e-01
2.178508034379669778e-01
1.648770319506724924e-01
1.932866421329691442e-01
6.253503363228689327e-02
6.239599208226039723e-02
1.745183189294807757e-01
1.485046945889604841e-01
2.363378384188726811e-01
1.636425187015655980e-01
8.283847460893019321e-02
3.467545407989251482e-01
1.643757554259288323e-01
3.292585523625939370e-01
2.655468447680330302e-01
6.724823514985890649e-02
1.685700403723586482e-01
2.299066655837898876e-01
2.959597552061684067e-01
1.608597403962372108e-01
6.491845779249209858e-02
5.631853694425949935e-02
1.937220716431030665e-01
1.695862383071154167e-01
2.473062970382804149e-01
2.047174438566373156e-01
6.956171390533580356e-02
2.574284412990926474e-01
1.927092456994707048e-01
3.375879454602780383e-01
2.382825911782223416e-01
6.075044669446089812e-02
1.558972145026235601e-01
1.980307362347272504e-01
2.072061701392886035e-01
1.858495499318116584e-01
5.982202291279820061e-02
5.407725321888409709e-02
1.984292429418118842e-01
3.044349070100142440e-01
2.029931441948608362e-01
2.321808785941218978e-01
7.148988350705079431e-02
2.774517532334822012e-01
2.234182943563691459e-01
1.823070859244985131e-01
2.090741876149599110e-01
5.977051764911969767e-02
1.810674975078933047e-01
2.395725672243143867e-01
1.984187937655294831e-01
2.223677609943702782e-01
5.733555224664969863e-02
5.837012122486159860e-02
2.580032433406407311e-01
2.239611800154156229e-01
2.172146310700018568e-01
2.377548875341599921e-01
7.723705416579070004e-02
2.826244365029312866e-01
2.435883960479292565e-01
2.833324574311539279e-01
3.104115572372874166e-01
6.224160885712280017e-02
2.373925406326409526e-01
1.633615957769834481e-01
2.709457407796695971e-01
1.421990456621932131e-01
6.217153668278319750e-02
2.010930493273518568e-02
7.180381802894390819e-02
8.092769058295851137e-02
8.574481502242152497e-02
4.757567264573989152e-02
7.855708146487262733e-02
8.586743273542497834e-02
4.206853797036375769e-02
7.147938944463443078e-02
1.076898822869955807e-01
6.180261175728660877e-02
6.697029147982028197e-02
4.790654583956069357e-02
1.177599814003257861e-01
6.936659192825050946e-02
8.338004484304835373e-02
9.742056920097710848e-02
9.384759368994102791e-02
1.414815723094163813e-01
8.959851457398983199e-02
1.114069506726446807e-01
1.128082959641243770e-02
1.269171182112600604e-01
6.569857062780216916e-02
9.866054745889386857e-02
2.068385650224209282e-01
1.101299747757833875e-01
7.613197558545031773e-02
2.058378217001354329e-02
5.561413957398977925e-02
1.192159473094159955e-01
7.557031065612419829e-02
7.996426569506616400e-02
7.240284005979055748e-02
5.345593308037152602e-02
8.986126681614230172e-02
8.506306053811596435e-02
1.287013032511201416e-01
1.273080981271416112e-01
8.008469380605258425e-02
5.561589125560411490e-02
1.039798206278013809e-01
8.653307174887509695e-03
6.319066303651503513e-02
5.654905982470394971e-02
8.331581651718938941e-02
6.095852017937054140e-02
8.495266567015330450e-02
5.655342171963344960e-02
6.779708520179325570e-02
3.751576513452915818e-02
8.007475638150980679e-02
1.174596843739218605e-01
6.560047645739849886e-02
1.057626432486290652e-01
5.343106655116167114e-02
8.031460201793590159e-02
7.850102765321299858e-02
7.365821188340684889e-02
4.687499999999999306e-02
9.097066517189821011e-02
8.915976003630084190e-02
6.432525224215161763e-02
2.641535874439450773e-02
