3.343193504198840177e-02
7.604122862902684687e-02
9.952816766261000925e-02
1.188183677115799974e-01
5.256993111115520340e-02
6.179481580009642955e-02
6.964505189674423391e-02
4.657873362260697009e-02
8.124332834979833273e-02
9.300192571122246898e-02
6.415894066030017329e-02
6.125945484504965316e-02
7.029618012127759885e-02
1.026095462576769729e-01
9.360544757896399615e-02
1.127632963411485112e-01
9.480743790167858731e-02
6.294438126246106047e-02
1.082944551428400015e-01
7.454686228186849228e-02
6.253598300609450322e-02
7.107264100375199761e-03
1.023979847310726998e-01
6.065394770800652119e-02
9.163341340586150796e-02
1.475488240888964964e-01
9.041511981100190665e-02
7.075499791546709105e-02
2.866987819941226034e-02
5.058267654007259084e-02
1.330765718369694428e-01
5.914430713578928966e-02
1.030354767624225010e-01
6.604329210590734189e-02
6.186099144348879142e-02
1.028369498322444925e-01
7.378848940858814820e-02
8.566238510253888772e-02
1.198261838336014129e-01
8.149654563141485453e-02
6.839252744634799486e-02
1.055051517738378186e-01
1.034325306227779941e-02
6.099172709920944874e-02
5.637442900947691599e-02
6.299259494550411842e-02
7.196601218955349377e-02
8.356660247629224547e-02
8.137532551942827652e-02
7.332393639197143376e-02
3.877032419447696415e-02
1.407449035846321528e-01
9.818836540561315385e-02
4.992952293978649564e-02
7.303585175773519289e-02
5.156105334779553795e-02
1.027376863671554952e-01
7.338614149676063458e-02
1.004546266701075025e-01
5.193464493458520292e-02
1.414934519200863050e-01
6.537491810764127498e-02
6.563697365547598028e-02
2.580850092315020022e-02
5.924043596513860199e-02
1.467447900216753420e-01
1.290759407303073703e-01
1.984985691880530312e-01
1.045045760457403994e-01
1.167962291227658961e-01
7.231975108332522328e-02
8.765913443984735265e-02
1.077802703936787121e-01
1.573561672390857147e-01
1.235711024200428082e-01
9.319201524686804294e-02
1.889976375295304989e-01
1.681523098608325162e-01
1.303858701766227868e-01
1.263623910583469845e-01
2.413710269798094721e-01
1.629906096762024914e-01
1.745051716265310152e-02
1.122669790157032610e-01
1.556561425335119264e-01
1.811345272622594815e-01
5.466913760764663399e-02
1.108971431974747346e-01
1.527097507919803754e-01
1.257337224461161362e-01
1.061444084890113826e-01
1.896646880149291947e-01
1.183220503861344974e-01
1.207729555786968278e-01
1.410186416787435615e-01
1.867145778324829919e-01
2.721299108649474774e-01
2.218053322216265999e-01
2.446747265400114890e-01
2.613900303734142949e-01
9.052648296672749506e-02
2.063844993250215920e-01
1.512752811390942753e-01
2.747337586136918142e-01
1.840221253871197060e-01
4.536250297784479718e-02
2.864091161756529003e-01
1.562772969109821053e-01
2.937976747119079857e-01
2.886047804335741263e-01
5.733343921226070200e-02
2.092432303660763937e-01
2.062403863404417281e-01
1.930387913920429133e-01
1.781996491557357731e-01
7.807909155880249363e-02
3.343193504198840177e-02
7.604122862902684687e-02
9.952816766261000925e-02
1.188183677115799974e-01
5.256993111115520340e-02
6.179481580009642955e-02
6.964505189674423391e-02
4.657873362260697009e-02
8.124332834979833273e-02
9.300192571122246898e-02
6.415894066030017329e-02
6.125945484504965316e-02
7.029618012127759885e-02
1.026095462576769729e-01
9.360544757896399615e-02
1.127632963411485112e-01
9.480743790167858731e-02
6.294438126246106047e-02
1.082944551428400015e-01
7.454686228186849228e-02
6.253598300609450322e-02
7.107264100375199761e-03
1.023979847310726998e-01
6.065394770800652119e-02
9.163341340586150796e-02
1.475488240888964964e-01
9.041511981100190665e-02
7.075499791546709105e-02
2.866987819941226034e-02
5.058267654007259084e-02
1.330765718369694428e-01
5.914430713578928966e-02
1.030354767624225010e-01
6.604329210590734189e-02
6.186099144348879142e-02
1.028369498322444925e-01
7.378848940858814820e-02
8.566238510253888772e-02
1.198261838336014129e-01
8.149654563141485453e-02
6.839252744634799486e-02
1.055051517738378186e-01
1.034325306227779941e-02
6.099172709920944874e-02
5.637442900947691599e-02
6.299259494550411842e-02
7.196601218955349377e-02
8.356660247629224547e-02
8.137532551942827652e-02
7.332393639197143376e-02
3.877032419447696415e-02
1.407449035846321528e-01
9.818836540561315385e-02
4.992952293978649564e-02
7.303585175773519289e-02
5.156105334779553795e-02
1.027376863671554952e-01
7.338614149676063458e-02
1.004546266701075025e-01
5.193464493458520292e-02
1.414934519200863050e-01
6.537491810764127498e-02
6.563697365547598028e-02
2.580850092315020022e-02
9.052648296672749506e-02
2.063844993250215920e-01
1.512752811390942753e-01
2.747337586136918142e-01
1.840221253871197060e-01
4.536250297784479718e-02
2.864091161756529003e-01
1.562772969109821053e-01
2.937976747119079857e-01
2.886047804335741263e-01
5.733343921226070200e-02
2.092432303660763937e-01
2.062403863404417281e-01
1.930387913920429133e-01
1.781996491557357731e-01
7.807909155880249363e-02
8.087987135454920151e-02
1.907843799011335884e-01
2.906434257807070098e-01
1.867416496865981490e-01
1.498730581873195800e-01
4.665382859184839803e-02
2.657704830160210197e-01
2.045224434694564442e-01
1.585733854797402587e-01
2.734906990133207927e-01
5.846618093744410105e-02
2.037491810764128219e-01
2.686069365309403101e-01
1.420460185424152477e-01
1.952089409624064298e-01
7.121160985487680339e-02
8.457415128052410414e-02
1.638285776165465391e-01
1.568884008338296276e-01
2.802804699767175167e-01
1.508326754112589985e-01
5.646217986896959889e-02
3.029826343878821437e-01
1.453214959301168951e-01
3.270183619935875252e-01
2.410200877145486920e-01
7.168949771689489547e-02
1.682287911559719462e-01
2.930026891908964481e-01
2.487682061833341174e-01
1.584276354973196965e-01
7.695056581298390097e-02
7.875876034862709651e-02
1.729323952864224023e-01
1.827910024022711966e-01
3.002658561633326784e-01
1.780614619662446441e-01
5.151978399412329712e-02
2.202926403144788992e-01
1.626000119120886156e-01
3.648239627909661831e-01
2.082638130596199122e-01
6.055311798923940225e-02
1.598525462730212010e-01
2.538828661866727177e-01
1.677335549360008671e-01
1.976215529393077208e-01
7.028132383013359352e-02
7.407480940279539960e-02
1.718374982352109115e-01
3.345722151630663999e-01
2.602924295367907703e-01
2.138803858149473658e-01
5.015088945362129735e-02
2.418400571791612108e-01
1.845572144571506756e-01
1.960768742058449920e-01
1.818801123729349434e-01
6.059402795425659904e-02
1.849104873842802033e-01
2.925667090216008126e-01
1.746723065605562952e-01
2.234337097146814610e-01
6.678843710292249602e-02
7.846407369904889739e-02
2.324481165388900539e-01
2.383449480810848897e-01
2.708503583695672789e-01
2.111257912377691726e-01
5.461909583655959882e-02
2.418084592424933343e-01
2.151919198795126387e-01
3.073490579149045221e-01
2.664893018576974804e-01
6.714713999245529308e-02
2.292384424638939655e-01
2.015605455953301262e-01
2.346940126140791838e-01
1.422769773091315804e-01
7.145551650882520089e-02
3.343193504198836014e-02
7.604122862902638891e-02
9.952816766260975945e-02
1.188183677115797615e-01
5.256993111115440542e-02
6.179481580009580505e-02
6.964505189674360941e-02
4.657873362260637334e-02
8.124332834979786089e-02
9.300192571122113672e-02
6.415894066030028431e-02
6.125945484504935479e-02
7.029618012127750171e-02
1.026095462576769174e-01
9.360544757896353818e-02
1.127632963411475814e-01
9.480743790167842078e-02
6.294438126246071352e-02
1.082944551428394603e-01
7.454686228186785391e-02
6.253598300609390648e-02
7.107264100375124301e-03
1.023979847310722002e-01
6.065394770800631996e-02
9.163341340586174388e-02
1.475488240888947755e-01
9.041511981100147644e-02
7.075499791546710493e-02
2.866987819941154911e-02
5.058267654007148756e-02
1.330765718369694151e-01
5.914430713578873455e-02
1.030354767624218487e-01
6.604329210590721699e-02
6.186099144348767426e-02
1.028369498322434517e-01
7.378848940858792615e-02
8.566238510253881833e-02
1.198261838336013713e-01
8.149654563141386920e-02
6.839252744634749526e-02
1.055051517738366113e-01
1.034325306227750277e-02
6.099172709920853280e-02
5.637442900947642332e-02
6.299259494550335514e-02
7.196601218955207824e-02
8.356660247629255078e-02
8.137532551942776304e-02
7.332393639197123947e-02
3.877032419447552086e-02
1.407449035846327912e-01
9.818836540561272364e-02
4.992952293978580175e-02
7.303585175773463778e-02
5.156105334779482324e-02
1.027376863671552593e-01
7.338614149675999621e-02
1.004546266701068780e-01
5.193464493458457149e-02
1.414934519200858887e-01
6.537491810764106681e-02
6.563697365547548068e-02
2.580850092315006145e-02
