2.464332036316469951e-02
7.626459143968873644e-02
9.857328145265865926e-02
8.091389803452050944e-02
5.172104160431000019e-02
6.453157737204409661e-02
8.168485211286752312e-02
4.752720915806659535e-02
6.719314806713735932e-02
1.081931557417938478e-01
6.703831188266969054e-02
6.239648807742163156e-02
3.952021461749060521e-02
1.008761666349213965e-01
8.570288336825300501e-02
8.450563703481948907e-02
9.350947366511522252e-02
7.619617736349229564e-02
1.248847650404071030e-01
7.293225581163299831e-02
7.921779906215700717e-02
8.380724334031700723e-03
1.330805813296086215e-01
5.504938641125410592e-02
1.129291518396573213e-01
1.901009496340235472e-01
1.103262496258603093e-01
8.331060782422645972e-02
2.384255343145526285e-02
5.140975755761740401e-02
1.381921580365157443e-01
6.159622342296917213e-02
1.004689214805944975e-01
7.609165585819267774e-02
5.716083776544709366e-02
9.208819714656249489e-02
8.738621171305981095e-02
1.105537264292123789e-01
1.457447869899229365e-01
8.796268582260775848e-02
6.345405567195450125e-02
1.241464631347898029e-01
1.095480395091289957e-02
7.088981057852651591e-02
5.997115724742149018e-02
7.494096910439319859e-02
7.732215903422100245e-02
8.692008380724292049e-02
5.384311735182975567e-02
6.792976154843850811e-02
3.214007782101153954e-02
9.492781986047453546e-02
8.749107821241858263e-02
5.956300508829649731e-02
9.170020064961680040e-02
5.053286531885748528e-02
9.428314875785651084e-02
8.294256543283752559e-02
1.039608899531074965e-01
4.884765040407040154e-02
1.009012604343342834e-01
7.027550918601467578e-02
6.694602414446740313e-02
2.135089294622359926e-02
4.599421330938840285e-02
1.498054474708167827e-01
1.308569238120740885e-01
1.417881729165775817e-01
1.005686920083803948e-01
1.291657758583826254e-01
8.499360561617359811e-02
8.937010094174695218e-02
9.702955928636861072e-02
1.762134590441980508e-01
1.207901825800656720e-01
5.752768632146061656e-02
1.767933752369549860e-01
1.586351391798860033e-01
1.308084738434930616e-01
1.431707073730419943e-01
2.630769230769228750e-01
1.831786890152644898e-01
1.933552828494460030e-02
1.413399181881670741e-01
1.935215670624225448e-01
2.263332517029012780e-01
4.539559014267155468e-02
1.071415743789283226e-01
1.554348807267095234e-01
1.472280421696762487e-01
1.227806046093983250e-01
2.327606505038411211e-01
1.230170607602509986e-01
1.196321188539083286e-01
9.694702184974537951e-02
1.691110445974254861e-01
2.429714468144540951e-01
2.498752918171477932e-01
2.664365384999102249e-01
2.407167228684876925e-01
7.404820815707549575e-02
2.181339292840608068e-01
1.538208279867629702e-01
2.174362885513016208e-01
1.981477971107029334e-01
5.351584324367460177e-02
3.535098571314548854e-01
1.573150291324127981e-01
2.844600526777874006e-01
3.439979248144305335e-01
6.263468752494209812e-02
2.265943012211668051e-01
1.526222127626866987e-01
2.039019474818419275e-01
1.799425333226913615e-01
6.917950355175990496e-02
2.464332036316469951e-02
7.626459143968873644e-02
9.857328145265865926e-02
8.091389803452050944e-02
5.172104160431000019e-02
6.453157737204409661e-02
8.168485211286752312e-02
4.752720915806659535e-02
6.719314806713735932e-02
1.081931557417938478e-01
6.703831188266969054e-02
6.239648807742163156e-02
3.952021461749060521e-02
1.008761666349213965e-01
8.570288336825300501e-02
8.450563703481948907e-02
9.350947366511522252e-02
7.619617736349229564e-02
1.248847650404071030e-01
7.293225581163299831e-02
7.921779906215700717e-02
8.380724334031700723e-03
1.330805813296086215e-01
5.504938641125410592e-02
1.129291518396573213e-01
1.901009496340235472e-01
1.103262496258603093e-01
8.331060782422645972e-02
2.384255343145526285e-02
5.140975755761740401e-02
1.381921580365157443e-01
6.159622342296917213e-02
1.004689214805944975e-01
7.609165585819267774e-02
5.716083776544709366e-02
9.208819714656249489e-02
8.738621171305981095e-02
1.105537264292123789e-01
1.457447869899229365e-01
8.796268582260775848e-02
6.345405567195450125e-02
1.241464631347898029e-01
1.095480395091289957e-02
7.088981057852651591e-02
5.997115724742149018e-02
7.494096910439319859e-02
7.732215903422100245e-02
8.692008380724292049e-02
5.384311735182975567e-02
6.792976154843850811e-02
3.214007782101153954e-02
9.492781986047453546e-02
8.749107821241858263e-02
5.956300508829649731e-02
9.170020064961680040e-02
5.053286531885748528e-02
9.428314875785651084e-02
8.294256543283752559e-02
1.039608899531074965e-01
4.884765040407040154e-02
1.009012604343342834e-01
7.027550918601467578e-02
6.694602414446740313e-02
2.135089294622359926e-02
7.404820815707549575e-02
2.181339292840608068e-01
1.538208279867629702e-01
2.174362885513016208e-01
1.981477971107029334e-01
5.351584324367460177e-02
3.535098571314548854e-01
1.573150291324127981e-01
2.844600526777874006e-01
3.439979248144305335e-01
6.263468752494209812e-02
2.265943012211668051e-01
1.526222127626866987e-01
2.039019474818419275e-01
1.799425333226913615e-01
6.917950355175990496e-02
6.054075626060059778e-02
1.994175301568295589e-01
2.961189264691210243e-01
1.518326031944708387e-01
1.652283468951643575e-01
5.607103661578369952e-02
3.086476104958595923e-01
2.114582613834331826e-01
1.649705676943030164e-01
3.299465774173943600e-01
6.435199042202929820e-02
2.103232565100268681e-01
2.125062356579864864e-01
1.536466127905815049e-01
2.057389742722173509e-01
5.932355582161019658e-02
6.231791515345010135e-02
1.748649442906534957e-01
1.644880921498980964e-01
2.244065349185672964e-01
1.606523173675646898e-01
6.778544917587890628e-02
3.543062992846896520e-01
1.549311320189965258e-01
3.486094258282603220e-01
2.738918901268739825e-01
7.965837889611679379e-02
1.761457560971510239e-01
2.326776767152710645e-01
2.746102522612079433e-01
1.618709342698647080e-01
6.335554934748770239e-02
5.717079400554739982e-02
1.872132616650005466e-01
1.894717937461334878e-01
2.404928497958247757e-01
1.943651791395889228e-01
6.138127831101709841e-02
2.543699239718235083e-01
1.747450761279507048e-01
3.822071209974545747e-01
2.392768343543589249e-01
6.874463712010850380e-02
1.661419385736622456e-01
1.897450891420171815e-01
1.835280836737543109e-01
2.056958680788824878e-01
5.766966655358880117e-02
5.475734355044700047e-02
1.838991769547325128e-01
3.440666240953594857e-01
2.034361212701729649e-01
2.240735298386159757e-01
6.204102809706250193e-02
2.752434546615581401e-01
2.029642489711930842e-01
2.035440613026819057e-01
2.131974377394633691e-01
6.928480204342270243e-02
1.890508118956393813e-01
2.317209450830139961e-01
1.832694763729244281e-01
2.359687028329268688e-01
5.487707535121320174e-02
5.956775957374620123e-02
2.447965516553249343e-01
2.461439604078943799e-01
2.167500149667734022e-01
2.322489527793752395e-01
6.457663985951180019e-02
2.811259005008879264e-01
2.279910028308583525e-01
3.044640897208196195e-01
3.233049297226822660e-01
7.441479914589610445e-02
2.427768249223563601e-01
1.614549034476794598e-01
2.491967831414258483e-01
1.498042088499014213e-01
5.922851270180200245e-02
2.464332036316455032e-02
7.626459143968826460e-02
9.857328145265785435e-02
8.091389803452010698e-02
5.172104160430984060e-02
6.453157737204401334e-02
8.168485211286642678e-02
4.752720915806595697e-02
6.719314806713677646e-02
1.081931557417937506e-01
6.703831188266899666e-02
6.239648807742047970e-02
3.952021461749070930e-02
1.008761666349206887e-01
8.570288336825197806e-02
8.450563703481933642e-02
9.350947366511543069e-02
7.619617736349156012e-02
1.248847650404061038e-01
7.293225581163277627e-02
7.921779906215609124e-02
8.380724334031591435e-03
1.330805813296067897e-01
5.504938641125385612e-02
1.129291518396563915e-01
1.901009496340234084e-01
1.103262496258597125e-01
8.331060782422602951e-02
2.384255343145485692e-02
5.140975755761639093e-02
1.381921580365148283e-01
6.159622342296837416e-02
1.004689214805938174e-01
7.609165585819142874e-02
5.716083776544662876e-02
9.208819714656277244e-02
8.738621171305964441e-02
1.105537264292122263e-01
1.457447869899229365e-01
8.796268582260756419e-02
6.345405567195334939e-02
1.241464631347889147e-01
1.095480395091273651e-02
7.088981057852605794e-02
5.997115724742055343e-02
7.494096910439218551e-02
7.732215903422123837e-02
8.692008380724330907e-02
5.384311735182946423e-02
6.792976154843781422e-02
3.214007782101129668e-02
9.492781986047404974e-02
8.749107821241806915e-02
5.956300508829639323e-02
9.170020064961663386e-02
5.053286531885751998e-02
9.428314875785651084e-02
8.294256543283778926e-02
1.039608899531065389e-01
4.884765040407018644e-02
1.009012604343334507e-01
7.027550918601456476e-02
6.694602414446755578e-02
2.135089294622347089e-02
