2.892901107919569961e-02
7.759167381654037687e-02
9.906794067647534119e-02
9.247318131191700763e-02
6.084764640365759869e-02
7.085214061003963781e-02
7.457273952965369490e-02
4.847371144136589094e-02
7.865011476008590408e-02
9.061492467319263999e-02
6.763475291634880870e-02
6.415675010258499456e-02
5.290136845327629567e-02
1.169337433186422165e-01
9.071457881470150475e-02
1.009730933817925003e-01
8.743851552632836421e-02
8.512892231164072288e-02
1.209566797584847864e-01
9.232663110381600369e-02
8.265431736913049499e-02
1.099126560759709943e-02
1.225713373846320509e-01
6.381968462395175290e-02
8.641577271039724284e-02
1.442054047716747611e-01
1.039158215604663038e-01
6.691808169034267617e-02
2.667213787443541845e-02
5.747112960900388479e-02
1.369951345330907289e-01
5.505505659923300849e-02
1.109385075326804887e-01
8.050491431697801015e-02
5.517502604084451728e-02
9.349903276862650547e-02
7.827070754440447475e-02
9.907087168063756499e-02
9.892311458846964056e-02
7.743896183832559010e-02
7.268890321824249268e-02
1.038982355354944320e-01
1.043437481681219921e-02
6.435438352608137402e-02
6.014420540477167371e-02
7.109639095687496357e-02
7.679230904507849953e-02
7.379617145722996985e-02
6.030222475959383377e-02
6.778826425933484612e-02
3.423999062078666999e-02
1.264367556940390047e-01
1.050381706926638015e-01
6.624069406178549613e-02
7.594557450938212162e-02
5.288330873066181270e-02
1.083006037868569915e-01
7.230591867440450127e-02
9.247318131191700763e-02
5.381323641479560105e-02
1.127606151200730017e-01
6.682968632672563192e-02
6.007386130488269471e-02
2.204115129843479959e-02
5.097016237763050267e-02
1.400287238407876278e-01
1.246633201798091062e-01
1.658110925946086056e-01
1.146608828184536022e-01
1.283382043831073627e-01
7.275018785072126515e-02
9.149702949099916549e-02
1.073080591956255686e-01
1.513515592942141219e-01
1.301453778064363132e-01
7.680036930652441030e-02
1.916876721964945185e-01
1.830412099185179942e-01
1.197901401019985518e-01
1.503605135119290004e-01
2.579518142915760981e-01
1.751274986810480161e-01
2.142564042440939925e-02
1.316423881821911501e-01
1.538614351499041910e-01
1.622092310643807322e-01
4.963336960981926810e-02
1.112667799988272949e-01
1.608632784258552939e-01
1.475760595580040690e-01
1.085101705844420394e-01
2.012310217480506314e-01
1.389295972800280166e-01
1.196808935832321952e-01
1.084544815053637423e-01
1.981358813529515150e-01
2.627198124267292045e-01
2.424970691676436030e-01
2.464536928487690015e-01
2.483294255568581077e-01
8.103988979747349386e-02
2.281426771007356025e-01
1.519872753056607795e-01
2.553025196127278740e-01
2.094040344089801164e-01
5.680119581464870143e-02
2.880506462674751744e-01
1.578299481227465884e-01
2.973140720281778338e-01
2.830192365934913745e-01
5.879422022919780083e-02
2.131363756264836040e-01
1.747934516772992608e-01
2.126747560010550653e-01
1.775496990479842885e-01
6.908174331017899461e-02
2.892901107919569961e-02
7.759167381654037687e-02
9.906794067647534119e-02
9.247318131191700763e-02
6.084764640365759869e-02
7.085214061003963781e-02
7.457273952965369490e-02
4.847371144136589094e-02
7.865011476008590408e-02
9.061492467319263999e-02
6.763475291634880870e-02
6.415675010258499456e-02
5.290136845327629567e-02
1.169337433186422165e-01
9.071457881470150475e-02
1.009730933817925003e-01
8.743851552632836421e-02
8.512892231164072288e-02
1.209566797584847864e-01
9.232663110381600369e-02
8.265431736913049499e-02
1.099126560759709943e-02
1.225713373846320509e-01
6.381968462395175290e-02
8.641577271039724284e-02
1.442054047716747611e-01
1.039158215604663038e-01
6.691808169034267617e-02
2.667213787443541845e-02
5.747112960900388479e-02
1.369951345330907289e-01
5.505505659923300849e-02
1.109385075326804887e-01
8.050491431697801015e-02
5.517502604084451728e-02
9.349903276862650547e-02
7.827070754440447475e-02
9.907087168063756499e-02
9.892311458846964056e-02
7.743896183832559010e-02
7.268890321824249268e-02
1.038982355354944320e-01
1.043437481681219921e-02
6.435438352608137402e-02
6.014420540477167371e-02
7.109639095687496357e-02
7.679230904507849953e-02
7.379617145722996985e-02
6.030222475959383377e-02
6.778826425933484612e-02
3.423999062078666999e-02
1.264367556940390047e-01
1.050381706926638015e-01
6.624069406178549613e-02
7.594557450938212162e-02
5.288330873066181270e-02
1.083006037868569915e-01
7.230591867440450127e-02
9.247318131191700763e-02
5.381323641479560105e-02
1.127606151200730017e-01
6.682968632672563192e-02
6.007386130488269471e-02
2.204115129843479959e-02
8.103988979747349386e-02
2.281426771007356025e-01
1.519872753056607795e-01
2.553025196127278740e-01
2.094040344089801164e-01
5.680119581464870143e-02
2.880506462674751744e-01
1.578299481227465884e-01
2.973140720281778338e-01
2.830192365934913745e-01
5.879422022919780083e-02
2.131363756264836040e-01
1.747934516772992608e-01
2.126747560010550653e-01
1.775496990479842885e-01
6.908174331017899461e-02
7.295269359282489929e-02
2.035289290110791904e-01
2.951521191160089708e-01
1.685860303012538530e-01
1.544775519162631117e-01
5.513218828770730107e-02
2.956906911307812247e-01
2.140534885713384072e-01
1.692654903569962566e-01
3.015630245831311118e-01
5.434081716396030326e-02
1.922108564394159058e-01
2.438473337632139359e-01
1.480157101823082466e-01
1.836006494085741791e-01
6.624069406178549613e-02
7.717560160623730681e-02
1.833330224601436298e-01
1.573134361168916640e-01
2.444928814480647750e-01
1.657088364185894114e-01
6.489433420288999443e-02
3.174077439399711764e-01
1.568069071137555281e-01
3.363581767123021704e-01
2.437494504206111912e-01
7.207550488026490121e-02
1.650049442861482585e-01
2.565449909002973650e-01
2.696736097973017610e-01
1.540580942052348079e-01
6.902717120497109393e-02
7.049478250674169610e-02
2.017794902951427771e-01
1.794759057333800978e-01
2.599686630639846951e-01
1.995414338010186583e-01
5.853558447649190311e-02
2.398100597959900993e-01
1.669890960253251067e-01
3.642732282373503661e-01
2.150861765740411657e-01
6.026497830929759825e-02
1.609272349744135522e-01
2.213675082965023411e-01
1.737768621342308528e-01
1.925402656731065865e-01
6.513073044905609565e-02
6.821046460501239972e-02
1.875681925513376092e-01
3.271835458498218441e-01
2.333590929076785891e-01
2.244120821286290368e-01
5.780448483071960047e-02
2.611558942791535332e-01
2.030175712866609805e-01
1.969808002345008191e-01
2.001135863989446095e-01
6.094093507254869785e-02
1.731915160905338757e-01
2.655723288875859733e-01
1.813432893386917877e-01
2.178860272074401305e-01
5.973911769016559958e-02
7.243360497156589584e-02
2.495623916448207469e-01
2.429407281468016211e-01
2.399144046432548361e-01
2.426236629056582328e-01
6.138242363838890270e-02
2.556379590002146318e-01
2.253410832586536516e-01
2.891994489066070928e-01
2.923081432842818961e-01
6.660022278243529770e-02
2.325793083870489886e-01
1.815872271403722593e-01
2.533173086318420975e-01
1.369752650978597608e-01
6.358093451368930504e-02
2.892901107919550532e-02
7.759167381654037687e-02
9.906794067647425872e-02
9.247318131191697987e-02
6.084764640365699501e-02
7.085214061003945740e-02
7.457273952965251529e-02
4.847371144136513460e-02
7.865011476008491875e-02
9.061492467319186284e-02
6.763475291634818420e-02
6.415675010258357902e-02
5.290136845327587239e-02
1.169337433186427161e-01
9.071457881470156026e-02
1.009730933817913484e-01
8.743851552632804502e-02
8.512892231164109758e-02
1.209566797584850639e-01
9.232663110381575389e-02
8.265431736912945415e-02
1.099126560759701443e-02
1.225713373846310100e-01
6.381968462395225250e-02
8.641577271039714570e-02
1.442054047716742060e-01
1.039158215604666091e-01
6.691808169034138554e-02
2.667213787443529355e-02
5.747112960900402356e-02
1.369951345330896464e-01
5.505505659923202316e-02
1.109385075326804054e-01
8.050491431697788525e-02
5.517502604084335155e-02
9.349903276862539525e-02
7.827070754440443312e-02
9.907087168063719029e-02
9.892311458846951566e-02
7.743896183832454927e-02
7.268890321824166001e-02
1.038982355354943210e-01
1.043437481681182798e-02
6.435438352608070789e-02
6.014420540477097982e-02
7.109639095687395050e-02
7.679230904507802768e-02
7.379617145722924820e-02
6.030222475959355621e-02
6.778826425933524857e-02
3.423999062078630917e-02
1.264367556940378390e-01
1.050381706926639402e-01
6.624069406178455244e-02
7.594557450938135834e-02
5.288330873066147964e-02
1.083006037868567972e-01
7.230591867440365472e-02
9.247318131191718804e-02
5.381323641479516390e-02
1.127606151200733625e-01
6.682968632672539600e-02
6.007386130488264614e-02
2.204115129843470591e-02
