2.360436893203880088e-02
7.027802294792578897e-02
9.668284789644000787e-02
9.663228155339799452e-02
5.412621359223279693e-02
7.603155339805810209e-02
7.986540158870257533e-02
3.877295272266741838e-02
8.620238984316622166e-02
9.433555825242712078e-02
8.094470570388348496e-02
6.587378640776687944e-02
5.486448220064715081e-02
1.129123455428061307e-01
8.798543689320349748e-02
9.223300970873749005e-02
8.978789717563971651e-02
8.601334951456292288e-02
1.286650485436889035e-01
8.631674757281550259e-02
1.005764563106795045e-01
8.980582524271800426e-03
1.250269687162886834e-01
5.239987864077647051e-02
1.022013214670980108e-01
1.651037069726384310e-01
1.150030339805825086e-01
7.223570658036677916e-02
2.244749894470206286e-02
3.683555825242663256e-02
1.115442961165045849e-01
5.656297904956566341e-02
9.648058252427149650e-02
8.414239482200601417e-02
6.544996265870017815e-02
1.031553398058250026e-01
7.697572815533970658e-02
1.070479368932036601e-01
1.179468874928608496e-01
7.344318871359181711e-02
7.524271844660149200e-02
1.014320388349514851e-01
1.286407766990290032e-02
7.198552357836318638e-02
6.713095763459821230e-02
7.282564724919039778e-02
6.947815533980550295e-02
8.247033441208174998e-02
6.506173490924421765e-02
6.247269417475723174e-02
4.457220873786386234e-02
9.810492905153096743e-02
9.985997012696015696e-02
6.325849514563100517e-02
9.492988133764791725e-02
3.853982789055600267e-02
9.435679611650449328e-02
7.590210355987041246e-02
8.070388349514551196e-02
4.878640776699000314e-02
9.391686893203850250e-02
7.573537910309732779e-02
6.415857605177988088e-02
2.603155339805819993e-02
4.963592233009699733e-02
1.400540600176519712e-01
1.244954011241695691e-01
1.618845353675447407e-01
1.029126213592232025e-01
1.406466712898748195e-01
7.821464033539275718e-02
8.294771000422114515e-02
9.819064430714889713e-02
1.503906250000000000e-01
1.317779126213589613e-01
6.891762742718439416e-02
1.979672330097085042e-01
1.743021844660189723e-01
1.254793689320386485e-01
1.438106796116500052e-01
2.402093446601940574e-01
1.812803398058249749e-01
2.184466019417469901e-02
1.400068264563104070e-01
1.870786138079827410e-01
1.895366284201233376e-01
5.233748417053600555e-02
1.006492718446598822e-01
1.575141585760517215e-01
1.527609223300967489e-01
1.102472694174755491e-01
2.066019417475726538e-01
1.385012135922329968e-01
1.219991173874666740e-01
1.031426982200647074e-01
1.797633495145629923e-01
2.562344517929737164e-01
2.424913536799951086e-01
2.579333778290152090e-01
2.433408166980159104e-01
7.442128576196109513e-02
2.202603076362971979e-01
1.653235875498547947e-01
2.469495374443642643e-01
2.115189162950153468e-01
5.673371560328870078e-02
3.247929371074905203e-01
1.313370346773459207e-01
3.037118733904775603e-01
2.984517055510046979e-01
6.310488152665269523e-02
2.208670853432843917e-01
1.681538338799950516e-01
2.054701010284879226e-01
1.640533854058928431e-01
7.342010254543239467e-02
2.360436893203880088e-02
7.027802294792578897e-02
9.668284789644000787e-02
9.663228155339799452e-02
5.412621359223279693e-02
7.603155339805810209e-02
7.986540158870257533e-02
3.877295272266741838e-02
8.620238984316622166e-02
9.433555825242712078e-02
8.094470570388348496e-02
6.587378640776687944e-02
5.486448220064715081e-02
1.129123455428061307e-01
8.798543689320349748e-02
9.223300970873749005e-02
8.978789717563971651e-02
8.601334951456292288e-02
1.286650485436889035e-01
8.631674757281550259e-02
1.005764563106795045e-01
8.980582524271800426e-03
1.250269687162886834e-01
5.239987864077647051e-02
1.022013214670980108e-01
1.651037069726384310e-01
1.150030339805825086e-01
7.223570658036677916e-02
2.244749894470206286e-02
3.683555825242663256e-02
1.115442961165045849e-01
5.656297904956566341e-02
9.648058252427149650e-02
8.414239482200601417e-02
6.544996265870017815e-02
1.031553398058250026e-01
7.697572815533970658e-02
1.070479368932036601e-01
1.179468874928608496e-01
7.344318871359181711e-02
7.524271844660149200e-02
1.014320388349514851e-01
1.286407766990290032e-02
7.198552357836318638e-02
6.713095763459821230e-02
7.282564724919039778e-02
6.947815533980550295e-02
8.247033441208174998e-02
6.506173490924421765e-02
6.247269417475723174e-02
4.457220873786386234e-02
9.810492905153096743e-02
9.985997012696015696e-02
6.325849514563100517e-02
9.492988133764791725e-02
3.853982789055600267e-02
9.435679611650449328e-02
7.590210355987041246e-02
8.070388349514551196e-02
4.878640776699000314e-02
9.391686893203850250e-02
7.573537910309732779e-02
6.415857605177988088e-02
2.603155339805819993e-02
7.442128576196109513e-02
2.202603076362971979e-01
1.653235875498547947e-01
2.469495374443642643e-01
2.115189162950153468e-01
5.673371560328870078e-02
3.247929371074905203e-01
1.313370346773459207e-01
3.037118733904775603e-01
2.984517055510046979e-01
6.310488152665269523e-02
2.208670853432843917e-01
1.681538338799950516e-01
2.054701010284879226e-01
1.640533854058928431e-01
7.342010254543239467e-02
6.780946601941739704e-02
2.014534211742947667e-01
3.071905339805824919e-01
1.601941747572815933e-01
1.704419733574167872e-01
5.245752427184460082e-02
2.927715412621359481e-01
2.070773431665420272e-01
1.658828883495145068e-01
3.106134157105031046e-01
6.074029126213589813e-02
2.060345873786406656e-01
2.259809870550160971e-01
1.518507281553397315e-01
1.961085901224143280e-01
6.146844660194170085e-02
7.245365454048970089e-02
1.700528756112966722e-01
1.660614323856911267e-01
2.410432796670243238e-01
1.637340825846346493e-01
6.608210200552200320e-02
3.262859559916684304e-01
1.513054097515093288e-01
3.496607325800653587e-01
2.608033672689759608e-01
7.576079371340149748e-02
1.698186423004016676e-01
2.407095316770972160e-01
2.685981756948713772e-01
1.619284565672501897e-01
6.553596893109620014e-02
6.653923174949930019e-02
1.895656455323304623e-01
1.931549244492989925e-01
2.480015887989672763e-01
1.902926957541922481e-01
5.807391225195700224e-02
2.430693610049153019e-01
1.751319861642089970e-01
3.843955668095481726e-01
2.214418350628071797e-01
6.584137386977359507e-02
1.623826218706505564e-01
2.090803314890888331e-01
1.822232625072603140e-01
1.940674213870403619e-01
5.983372777474359888e-02
6.441727098947110097e-02
1.916166857150563563e-01
3.468276845586673041e-01
2.047309579700270221e-01
2.219462274534032553e-01
5.762053584974360237e-02
2.696746265335638326e-01
1.993102122968309353e-01
2.013532785144275805e-01
1.990093151682494343e-01
6.541857571987740039e-02
1.897624176957852238e-01
2.517219407106228157e-01
1.785931588688926541e-01
2.220551848551969021e-01
5.798464666080040131e-02
7.070032770967349389e-02
2.480233384772767002e-01
2.444131569365212142e-01
2.230671197960916452e-01
2.299098522547970425e-01
6.378201238014319374e-02
2.681605777400167256e-01
2.167565411891178573e-01
3.126213739531495950e-01
2.997734352874537600e-01
7.097341910426019362e-02
2.351221085849712344e-01
1.643403325646314583e-01
2.381963830561958373e-01
1.461773077691074507e-01
6.493506493506490118e-02
2.360436893203862393e-02
7.027802294792516447e-02
9.668284789643817601e-02
9.663228155339688430e-02
5.412621359223212386e-02
7.603155339805824087e-02
7.986540158870171491e-02
3.877295272266718246e-02
8.620238984316647146e-02
9.433555825242669057e-02
8.094470570388243025e-02
6.587378640776640759e-02
5.486448220064719244e-02
1.129123455428063388e-01
8.798543689320346972e-02
9.223300970873662963e-02
8.978789717563971651e-02
8.601334951456232614e-02
1.286650485436880431e-01
8.631674757281447563e-02
1.005764563106789494e-01
8.980582524271640832e-03
1.250269687162890442e-01
5.239987864077547824e-02
1.022013214670982190e-01
1.651037069726388196e-01
1.150030339805816620e-01
7.223570658036645997e-02
2.244749894470168469e-02
3.683555825242659093e-02
1.115442961165048624e-01
5.656297904956463646e-02
9.648058252427089976e-02
8.414239482200625009e-02
6.544996265869894303e-02
1.031553398058247528e-01
7.697572815533890167e-02
1.070479368932025915e-01
1.179468874928604055e-01
7.344318871359094281e-02
7.524271844660167241e-02
1.014320388349504304e-01
1.286407766990281185e-02
7.198552357836265903e-02
6.713095763459729637e-02
7.282564724918937082e-02
6.947815533980487845e-02
8.247033441208156956e-02
6.506173490924402336e-02
6.247269417475706521e-02
4.457220873786244680e-02
9.810492905153077314e-02
9.985997012695929653e-02
6.325849514563013087e-02
9.492988133764673764e-02
3.853982789055596103e-02
9.435679611650397980e-02
7.590210355987009327e-02
8.070388349514422133e-02
4.878640776698963538e-02
9.391686893203825270e-02
7.573537910309699472e-02
6.415857605177915923e-02
2.603155339805817564e-02
