3.287427809862279726e-02
8.599814223981230854e-02
9.891899896342333520e-02
1.043980453131940073e-01
8.387383385162119898e-02
8.748704279579416765e-02
7.320382860142936321e-02
4.991791088018835559e-02
9.141919830502638622e-02
8.806752554420201051e-02
6.662039093736110695e-02
7.234118169702323520e-02
6.824621156029400670e-02
1.132183675942004669e-01
8.085295424255850572e-02
9.418036428254100700e-02
1.026372117442749671e-01
1.156628799898455351e-01
1.529453576188358199e-01
1.195024433585070017e-01
1.155042203465125039e-01
1.483784984451349924e-02
1.047830593810153144e-01
8.457574411372698053e-02
6.443555950441744173e-02
7.947982714752978295e-02
9.267880941803634254e-02
5.777185448442663518e-02
1.370984876286836587e-02
8.457574411372698053e-02
1.210395379831185475e-01
6.867123383759241029e-02
9.773434029320300642e-02
8.470309492077533753e-02
5.453986262515771871e-02
6.708129720124350603e-02
6.461128387383355265e-02
8.609506885828470402e-02
5.565108317871780841e-02
5.644158151932444217e-02
6.041759218125250519e-02
6.717014660151042482e-02
8.796090626388199454e-03
5.204670939899728316e-02
6.859981422398085671e-02
7.709166296460832901e-02
5.064415815193200332e-02
7.644997285157176248e-02
7.804067757325248988e-02
7.653487338960440756e-02
1.939582407818698367e-02
1.118682295048349096e-01
1.631001606123772540e-01
9.773434029320300642e-02
4.832420158941650584e-02
6.074471951859762575e-02
8.884940026654800094e-02
6.218273359988145399e-02
4.353620613060850408e-02
5.899600177698800102e-02
1.032133866429728736e-01
1.031753083285735645e-01
3.974529838590255132e-02
2.390048867170140034e-02
5.677476677032430169e-02
1.506805056338594850e-01
1.381748462671561206e-01
1.702100653677728892e-01
1.428698356286091931e-01
1.310528653931583298e-01
6.721860991074656011e-02
9.842968342572347429e-02
1.240054925083800413e-01
1.282763216348286606e-01
1.499067081297197901e-01
8.242336739227003328e-02
1.621501554864500094e-01
2.003553976010660209e-01
1.098415519028577703e-01
1.505997334517990005e-01
2.739848956019543813e-01
1.590404264771209941e-01
2.363394047090179931e-02
1.149822301199466962e-01
1.064218372081541381e-01
9.032268486733165125e-02
2.671662835841050881e-02
1.377521101732563091e-01
1.860167967675742384e-01
1.575596031393449170e-01
9.141270546423811705e-02
1.517547756552643790e-01
1.581519324744554700e-01
1.358184241347279442e-01
1.189989634236632565e-01
2.283429586850285187e-01
2.839122323887359189e-01
2.586834858310383956e-01
2.050279825886114904e-01
2.523762991916140841e-01
8.937455579246619819e-02
2.658137882018475895e-01
1.607587064676616884e-01
2.570283503119323854e-01
2.666078091684432883e-01
6.823027718550099541e-02
2.170842217484008629e-01
1.625799573560766098e-01
2.620249592374261360e-01
2.110637289741766343e-01
4.522032693674479797e-02
2.046908315565031944e-01
1.797033351759717013e-01
2.638592750533046982e-01
1.406522581895714719e-01
7.311656005685850113e-02
3.287427809862279726e-02
8.599814223981230854e-02
9.891899896342333520e-02
1.043980453131940073e-01
8.387383385162119898e-02
8.748704279579416765e-02
7.320382860142936321e-02
4.991791088018835559e-02
9.141919830502638622e-02
8.806752554420201051e-02
6.662039093736110695e-02
7.234118169702323520e-02
6.824621156029400670e-02
1.132183675942004669e-01
8.085295424255850572e-02
9.418036428254100700e-02
1.026372117442749671e-01
1.156628799898455351e-01
1.529453576188358199e-01
1.195024433585070017e-01
1.155042203465125039e-01
1.483784984451349924e-02
1.047830593810153144e-01
8.457574411372698053e-02
6.443555950441744173e-02
7.947982714752978295e-02
9.267880941803634254e-02
5.777185448442663518e-02
1.370984876286836587e-02
8.457574411372698053e-02
1.210395379831185475e-01
6.867123383759241029e-02
9.773434029320300642e-02
8.470309492077533753e-02
5.453986262515771871e-02
6.708129720124350603e-02
6.461128387383355265e-02
8.609506885828470402e-02
5.565108317871780841e-02
5.644158151932444217e-02
6.041759218125250519e-02
6.717014660151042482e-02
8.796090626388199454e-03
5.204670939899728316e-02
6.859981422398085671e-02
7.709166296460832901e-02
5.064415815193200332e-02
7.644997285157176248e-02
7.804067757325248988e-02
7.653487338960440756e-02
1.939582407818698367e-02
1.118682295048349096e-01
1.631001606123772540e-01
9.773434029320300642e-02
4.832420158941650584e-02
6.074471951859762575e-02
8.884940026654800094e-02
6.218273359988145399e-02
4.353620613060850408e-02
5.899600177698800102e-02
1.032133866429728736e-01
1.031753083285735645e-01
3.974529838590255132e-02
2.390048867170140034e-02
8.937455579246619819e-02
2.658137882018475895e-01
1.607587064676616884e-01
2.570283503119323854e-01
2.666078091684432883e-01
6.823027718550099541e-02
2.170842217484008629e-01
1.625799573560766098e-01
2.620249592374261360e-01
2.110637289741766343e-01
4.522032693674479797e-02
2.046908315565031944e-01
1.797033351759717013e-01
2.638592750533046982e-01
1.406522581895714719e-01
7.311656005685850113e-02
8.929364726788090179e-02
2.169363880603328298e-01
2.829853398489560190e-01
1.761641290739468513e-01
1.624084386267601599e-01
6.032874278098619703e-02
2.892270102176807689e-01
2.533369784369337574e-01
1.521545979564637441e-01
2.646096684301926794e-01
3.900488671701460297e-02
1.567392270102176133e-01
2.750333185250997681e-01
1.823633940470900106e-01
1.058003206304444360e-01
6.930253220790759394e-02
9.036786920206149598e-02
2.076635378128178500e-01
1.500466500799713943e-01
2.559090101297314401e-01
1.799876839655975558e-01
7.277412475564240535e-02
3.029876958780666762e-01
1.719832948285053287e-01
3.230813441272890052e-01
2.298819005767644419e-01
4.318464545939219856e-02
1.443042473787095881e-01
2.815403008223339443e-01
2.817180154127017500e-01
1.335525146614535974e-01
7.099697885196369629e-02
8.708788767439790135e-02
2.162453648723974553e-01
1.618235137296719917e-01
2.831972080172560080e-01
2.190082644628099651e-01
6.869279303296889350e-02
2.058651026392962213e-01
1.906158357771260969e-01
3.188725430794208671e-01
1.956598240469206162e-01
4.185550519861370306e-02
1.363937358639844277e-01
2.468906842233373478e-01
1.911871120082262732e-01
1.677083641893024613e-01
6.513818537278939780e-02
8.043014575186629989e-02
2.182328079946280197e-01
2.962910297428602568e-01
2.498828491096529991e-01
2.652013379439611684e-01
6.469960895840740078e-02
2.353063159142076977e-01
2.155666153177704103e-01
1.797013864201917055e-01
1.689421880554567434e-01
4.257020974049049999e-02
1.495649450679665537e-01
2.794169925346604022e-01
2.043145546054969119e-01
1.787157030669292435e-01
6.354425879843579594e-02
7.812638876544300559e-02
3.148291580430945813e-01
2.155363967647317691e-01
2.645240423073501601e-01
2.783752555328415923e-01
7.003821882499329521e-02
2.429413681746804277e-01
2.310651751590334924e-01
2.849746689183184634e-01
2.495837407045298217e-01
4.381832725979910304e-02
1.964737637356208100e-01
2.012265576393207911e-01
2.559031789766833542e-01
1.163595494020602389e-01
6.817171806950489410e-02
3.287427809862274869e-02
8.599814223981261385e-02
9.891899896342352949e-02
1.043980453131932440e-01
8.387383385162071325e-02
8.748704279579429255e-02
7.320382860142930770e-02
4.991791088018840417e-02
9.141919830502519273e-02
8.806752554420260726e-02
6.662039093735938611e-02
7.234118169702327683e-02
6.824621156029410385e-02
1.132183675941997869e-01
8.085295424255807550e-02
9.418036428254070169e-02
1.026372117442738430e-01
1.156628799898459237e-01
1.529453576188351538e-01
1.195024433585069878e-01
1.155042203465114353e-01
1.483784984451343159e-02
1.047830593810148009e-01
8.457574411372603684e-02
6.443555950441713642e-02
7.947982714752951927e-02
9.267880941803531558e-02
5.777185448442583721e-02
1.370984876286785933e-02
8.457574411372603684e-02
1.210395379831185059e-01
6.867123383759192456e-02
9.773434029320206273e-02
8.470309492077510161e-02
5.453986262515757993e-02
6.708129720124375583e-02
6.461128387383342775e-02
8.609506885828391298e-02
5.565108317871643451e-02
5.644158151932372053e-02
6.041759218125174885e-02
6.717014660150895378e-02
8.796090626387923633e-03
5.204670939899595783e-02
6.859981422398125916e-02
7.709166296460831513e-02
5.064415815193246823e-02
7.644997285157102695e-02
7.804067757325186538e-02
7.653487338960381081e-02
1.939582407818640775e-02
1.118682295048354230e-01
1.631001606123771985e-01
9.773434029320299254e-02
4.832420158941706095e-02
6.074471951859779228e-02
8.884940026654807033e-02
6.218273359988085031e-02
4.353620613060739386e-02
5.899600177698733489e-02
1.032133866429720548e-01
1.031753083285733563e-01
3.974529838590216968e-02
2.390048867170137259e-02
