2.845076683707490131e-02
8.182626442239673836e-02
1.407720234126099978e-01
6.445876861524749146e-02
5.956879306512519873e-02
6.949692524264609872e-02
9.905231465578211159e-02
4.133285657682368025e-02
7.536717561167402546e-02
8.524116470326739692e-02
1.188597466103573919e-01
5.770171149144195932e-02
2.909288483860606248e-02
7.808805997292320167e-02
1.111358079573235014e-01
5.556790397866149395e-02
7.808805997292320167e-02
8.487600419140733932e-02
1.190931318070677924e-01
4.112024894420950039e-02
5.001111358079550484e-02
6.445876861524700227e-03
1.611963152305451175e-01
5.194487663925287380e-02
7.984490380578386504e-02
1.656933864091005293e-01
1.456990442320511281e-01
1.173594132029337628e-01
1.407075968572701723e-02
3.547454989997757963e-02
1.292287174927758409e-01
4.477018284765012235e-02
1.378084018670814870e-01
9.928132177520866686e-02
8.316377998529560223e-02
1.011335852411644892e-01
7.812402756168018714e-02
9.628806401422526640e-02
1.541780526391481609e-01
6.845965770171123788e-02
1.244721049122025081e-01
1.319404312069346330e-01
1.422538341853740035e-02
8.524116470326723038e-02
7.371335044151200444e-02
7.179373194043102424e-02
1.278061791509219891e-01
7.280630263515304457e-02
5.188592634111924284e-02
5.901311402533869488e-02
6.557012669481880607e-03
9.699591362183045129e-02
7.406774154940405641e-02
5.556790397866149395e-02
6.655800054333041449e-02
3.327001960031496924e-02
1.366970437875079936e-01
7.735052233829704804e-02
1.133585241164700025e-01
4.801066903756359694e-02
7.898051418833761106e-02
5.181045523343803805e-02
4.700303771208384079e-02
1.000222271615910062e-02
3.845298955323400020e-02
1.434258117965607204e-01
1.436810519296682076e-01
1.028800050804938720e-01
1.075794621026892051e-01
1.480011431111674380e-01
1.117217967629168945e-01
8.002744571257366935e-02
8.542302329810655404e-02
1.379889975550119829e-01
1.685041120248942370e-01
5.116136919315398407e-02
1.667037119359854880e-01
1.522560569015335152e-01
1.003334074238715762e-01
2.011558124027559846e-01
2.483218492998442162e-01
1.633696376972660069e-01
2.067126028006219945e-02
1.788730829073124362e-01
1.385493072534633718e-01
2.193942088140797275e-01
1.846787208751703158e-02
1.165592353856407803e-01
1.686194815779167022e-01
1.661109876268799246e-01
1.121249166481439186e-01
2.265392309402085580e-01
1.800400088908644947e-01
1.255430499707005931e-01
8.429651033562982065e-02
2.000444543231824912e-01
2.539435680959786779e-01
2.317262830482114955e-01
3.059320151077538075e-01
2.083981337480559914e-01
8.222222222222219656e-02
2.373333333333332018e-01
1.704529914529913093e-01
1.910946502057609686e-01
1.724444444444442059e-01
4.933333333333329851e-02
3.759999999999997233e-01
1.260000000000000009e-01
3.663529411764706589e-01
3.155407407407406772e-01
8.288888888888880369e-02
2.640000000000000124e-01
1.315226337448556770e-01
1.608333333333330506e-01
2.012727272727272976e-01
4.555555555555550196e-02
2.845076683707490131e-02
8.182626442239673836e-02
1.407720234126099978e-01
6.445876861524749146e-02
5.956879306512519873e-02
6.949692524264609872e-02
9.905231465578211159e-02
4.133285657682368025e-02
7.536717561167402546e-02
8.524116470326739692e-02
1.188597466103573919e-01
5.770171149144195932e-02
2.909288483860606248e-02
7.808805997292320167e-02
1.111358079573235014e-01
5.556790397866149395e-02
7.808805997292320167e-02
8.487600419140733932e-02
1.190931318070677924e-01
4.112024894420950039e-02
5.001111358079550484e-02
6.445876861524700227e-03
1.611963152305451175e-01
5.194487663925287380e-02
7.984490380578386504e-02
1.656933864091005293e-01
1.456990442320511281e-01
1.173594132029337628e-01
1.407075968572701723e-02
3.547454989997757963e-02
1.292287174927758409e-01
4.477018284765012235e-02
1.378084018670814870e-01
9.928132177520866686e-02
8.316377998529560223e-02
1.011335852411644892e-01
7.812402756168018714e-02
9.628806401422526640e-02
1.541780526391481609e-01
6.845965770171123788e-02
1.244721049122025081e-01
1.319404312069346330e-01
1.422538341853740035e-02
8.524116470326723038e-02
7.371335044151200444e-02
7.179373194043102424e-02
1.278061791509219891e-01
7.280630263515304457e-02
5.188592634111924284e-02
5.901311402533869488e-02
6.557012669481880607e-03
9.699591362183045129e-02
7.406774154940405641e-02
5.556790397866149395e-02
6.655800054333041449e-02
3.327001960031496924e-02
1.366970437875079936e-01
7.735052233829704804e-02
1.133585241164700025e-01
4.801066903756359694e-02
7.898051418833761106e-02
5.181045523343803805e-02
4.700303771208384079e-02
1.000222271615910062e-02
8.222222222222219656e-02
2.373333333333332018e-01
1.704529914529913093e-01
1.910946502057609686e-01
1.724444444444442059e-01
4.933333333333329851e-02
3.759999999999997233e-01
1.260000000000000009e-01
3.663529411764706589e-01
3.155407407407406772e-01
8.288888888888880369e-02
2.640000000000000124e-01
1.315226337448556770e-01
1.608333333333330506e-01
2.012727272727272976e-01
4.555555555555550196e-02
6.468104023116240386e-02
1.837445358227752790e-01
4.145365636808174825e-01
1.206328679100403811e-01
1.171474798017128893e-01
4.956657034896640168e-02
3.367970660146698547e-01
1.977277001726878980e-01
2.150477883974215021e-01
3.394693770332801175e-01
8.379639919982209695e-02
2.052344965547898969e-01
2.209935541231382305e-01
1.333629695487885125e-01
1.648288991756621247e-01
4.378750833518559732e-02
6.380613606047129405e-02
1.806358381502887744e-01
2.036252223210313628e-01
1.909939771211445481e-01
1.687054711654792372e-01
5.157847932414399983e-02
3.808228493709618911e-01
1.317252112049798474e-01
4.221261458993593174e-01
2.870366627592058628e-01
1.007114273010226019e-01
1.782312606772600005e-01
1.977141355754069296e-01
2.482921702574881762e-01
1.547354379724319995e-01
4.802134281903060187e-02
5.470313542361569803e-02
1.923251864879615414e-01
2.294863242161438999e-01
2.347019224937836879e-01
2.114866701257626935e-01
5.203468979319540028e-02
2.421614409606402396e-01
1.407605070046695217e-01
4.830493055976708416e-01
2.377585056704469846e-01
9.406270847231479326e-02
1.555445565861111046e-01
1.453142674826695124e-01
1.550239842434637250e-01
2.173136000131773715e-01
4.225038914832109777e-02
6.049822064056929738e-02
1.799130090945035565e-01
4.045670225385526453e-01
1.844973309608539114e-01
2.172436104820443525e-01
5.226868327402130199e-02
2.958926453143532198e-01
1.669508699090548887e-01
2.495551601423486865e-01
2.217248665480427150e-01
9.341637010676150099e-02
1.824690730384679049e-01
1.983985765124552103e-01
1.560217269151525921e-01
2.316200258815917790e-01
4.092526690391450062e-02
6.585094549499440064e-02
2.350230414746539986e-01
2.874393770856506491e-01
2.043337041156838285e-01
2.366568914956009850e-01
4.894327030033369941e-02
3.299962921764921231e-01
1.699030668997297822e-01
3.550611790878753782e-01
3.670300333704115681e-01
9.232480533926580579e-02
2.511562554885545251e-01
1.417871709306634531e-01
2.122728958101591790e-01
1.483512146112166974e-01
4.315906562847599687e-02
2.845076683707487009e-02
8.182626442239682163e-02
1.407720234126097480e-01
6.445876861524772738e-02
5.956879306512539302e-02
6.949692524264572402e-02
9.905231465578068217e-02
4.133285657682333331e-02
7.536717561167287360e-02
8.524116470326595363e-02
1.188597466103561845e-01
5.770171149144167483e-02
2.909288483860547267e-02
7.808805997292306289e-02
1.111358079573228352e-01
5.556790397866157721e-02
7.808805997292196655e-02
8.487600419140625685e-02
1.190931318070679590e-01
4.112024894420965304e-02
5.001111358079569219e-02
6.445876861524625634e-03
1.611963152305442570e-01
5.194487663925218685e-02
7.984490380578332380e-02
1.656933864091007513e-01
1.456990442320504897e-01
1.173594132029326803e-01
1.407075968572704845e-02
3.547454989997683023e-02
1.292287174927752857e-01
4.477018284764953254e-02
1.378084018670805988e-01
9.928132177520844481e-02
8.316377998529486670e-02
1.011335852411643643e-01
7.812402756168010387e-02
9.628806401422522476e-02
1.541780526391479944e-01
6.845965770171032194e-02
1.244721049122023138e-01
1.319404312069344387e-01
1.422538341853721994e-02
8.524116470326675854e-02
7.371335044151096361e-02
7.179373194043067730e-02
1.278061791509212675e-01
7.280630263515329437e-02
5.188592634111924978e-02
5.901311402533868794e-02
6.557012669481100849e-03
9.699591362182967413e-02
7.406774154940289068e-02
5.556790397866127190e-02
6.655800054332976223e-02
3.327001960031496230e-02
1.366970437875080768e-01
7.735052233829634027e-02
1.133585241164692808e-01
4.801066903756386062e-02
7.898051418833748616e-02
5.181045523343753845e-02
4.700303771208374365e-02
1.000222271615905031e-02
