2.703850509626270007e-02
7.904998455677920977e-02
8.965647414118534109e-02
7.219705549263850941e-02
7.078142695356720582e-02
8.588146470366170293e-02
5.941779058993095636e-02
6.217071249199840333e-02
8.938060806690449611e-02
1.044026047565116411e-01
4.443304077010149650e-02
6.598244620611525002e-02
5.412419781049431639e-02
1.062107484814161923e-01
6.582672706681749752e-02
9.343148357870850740e-02
9.356661175743813397e-02
1.056564471768317443e-01
1.404020385050960273e-01
1.033408833522080073e-01
9.767836919592250144e-02
2.109286523216299947e-02
1.189757141059519241e-01
1.032842582106452689e-01
5.852837548760528308e-02
1.319108411407389214e-01
7.504246885617198159e-02
5.329054989304103651e-02
2.408414988428738551e-02
1.226500566251411267e-01
1.444365798414495305e-01
8.686743756333051292e-02
7.715175537938799566e-02
9.531898829747066648e-02
5.131108981618577591e-02
7.219705549263850941e-02
7.148924122310289231e-02
9.198754246885584851e-02
5.862367597095423377e-02
8.924653171007901342e-02
5.025481313703249880e-02
6.421291053227627665e-02
5.662514156285300242e-03
3.997128296392157831e-02
4.914804900648601232e-02
5.648357870894622074e-02
4.954699886749699966e-02
8.166603749842708815e-02
6.273080900093519485e-02
6.848810872027150110e-02
2.923272933182323105e-02
1.134245143305159520e-01
1.423468943287738708e-01
1.026330690826725012e-01
6.228765571913929405e-02
7.731262225882802597e-02
9.484711211777999140e-02
6.513778784446946912e-02
5.096262740656849755e-02
5.379388448471120188e-02
1.160815402038500449e-01
1.097921048374047442e-01
4.490373725934309473e-02
3.383352208380519671e-02
6.087202718006790025e-02
1.481455266138165805e-01
1.498629075520054588e-01
1.419673192040121767e-01
1.245753114382783938e-01
1.175275036401874917e-01
5.795068464943866487e-02
1.064183366980156753e-01
1.391627200658909214e-01
1.744054360135900428e-01
1.468573046432614937e-01
7.339680067950157816e-02
1.613816534541334946e-01
1.691676104190259766e-01
1.088052095130234986e-01
1.408550396375989888e-01
2.848386183465455579e-01
1.486409966024914986e-01
2.675537938844840119e-02
1.113568799546997556e-01
1.150591418145210793e-01
1.224132605786059230e-01
4.368752769708007799e-02
1.726783691959228040e-01
1.751874022542197762e-01
1.470366175915440166e-01
9.844280860702128710e-02
1.545866364665907933e-01
1.528878822197055065e-01
1.092993925666628507e-01
1.122121555303886159e-01
2.165911664779160140e-01
2.544579677328049905e-01
2.775261817152561150e-01
1.984149448061137966e-01
2.696009057458250147e-01
7.402689313517339664e-02
2.530785562632695829e-01
1.534215253960475311e-01
2.276637571754344114e-01
2.402689313517338554e-01
7.629157820240620169e-02
2.273885350318471388e-01
2.144373673036091832e-01
2.522292993630569913e-01
2.505307855626324187e-01
3.665958952583150271e-02
1.800424628450104092e-01
1.680375350580585181e-01
2.781316348195328469e-01
1.459177764910246644e-01
8.775654635527239955e-02
2.703850509626270007e-02
7.904998455677920977e-02
8.965647414118534109e-02
7.219705549263850941e-02
7.078142695356720582e-02
8.588146470366170293e-02
5.941779058993095636e-02
6.217071249199840333e-02
8.938060806690449611e-02
1.044026047565116411e-01
4.443304077010149650e-02
6.598244620611525002e-02
5.412419781049431639e-02
1.062107484814161923e-01
6.582672706681749752e-02
9.343148357870850740e-02
9.356661175743813397e-02
1.056564471768317443e-01
1.404020385050960273e-01
1.033408833522080073e-01
9.767836919592250144e-02
2.109286523216299947e-02
1.189757141059519241e-01
1.032842582106452689e-01
5.852837548760528308e-02
1.319108411407389214e-01
7.504246885617198159e-02
5.329054989304103651e-02
2.408414988428738551e-02
1.226500566251411267e-01
1.444365798414495305e-01
8.686743756333051292e-02
7.715175537938799566e-02
9.531898829747066648e-02
5.131108981618577591e-02
7.219705549263850941e-02
7.148924122310289231e-02
9.198754246885584851e-02
5.862367597095423377e-02
8.924653171007901342e-02
5.025481313703249880e-02
6.421291053227627665e-02
5.662514156285300242e-03
3.997128296392157831e-02
4.914804900648601232e-02
5.648357870894622074e-02
4.954699886749699966e-02
8.166603749842708815e-02
6.273080900093519485e-02
6.848810872027150110e-02
2.923272933182323105e-02
1.134245143305159520e-01
1.423468943287738708e-01
1.026330690826725012e-01
6.228765571913929405e-02
7.731262225882802597e-02
9.484711211777999140e-02
6.513778784446946912e-02
5.096262740656849755e-02
5.379388448471120188e-02
1.160815402038500449e-01
1.097921048374047442e-01
4.490373725934309473e-02
3.383352208380519671e-02
7.402689313517339664e-02
2.530785562632695829e-01
1.534215253960475311e-01
2.276637571754344114e-01
2.402689313517338554e-01
7.629157820240620169e-02
2.273885350318471388e-01
2.144373673036091832e-01
2.522292993630569913e-01
2.505307855626324187e-01
3.665958952583150271e-02
1.800424628450104092e-01
1.680375350580585181e-01
2.781316348195328469e-01
1.459177764910246644e-01
8.775654635527239955e-02
7.573612684031709452e-02
2.156608962950977704e-01
2.286240090600225039e-01
1.636981365180684989e-01
1.522393268192470672e-01
7.856738391845979885e-02
2.925042468856172140e-01
2.650601097656588578e-01
1.316534541336352448e-01
2.587254195408211777e-01
3.567383918459789832e-02
1.745611551528878091e-01
2.602161192902982534e-01
1.872168742921857532e-01
1.297085036190850083e-01
8.224801812004529922e-02
7.843692481948179307e-02
1.978620982585301280e-01
1.163944145547217146e-01
2.536908086957637698e-01
1.810614766108345486e-01
8.353390910378019618e-02
3.167958957616742177e-01
1.845533059606398740e-01
2.639767924545353694e-01
2.418750724003447261e-01
4.374911510689499794e-02
1.514787960982732218e-01
2.570952338048471120e-01
3.174031122494948565e-01
1.452640521025058973e-01
8.155174854877529633e-02
7.080147267063149896e-02
2.030103498880048429e-01
1.516567544604927043e-01
2.618367189310265020e-01
2.143081909437049015e-01
7.604078164825819885e-02
2.147663551401866877e-01
2.230246389124893036e-01
2.764604412862692873e-01
2.147663551401866877e-01
3.752478051543470250e-02
1.382410173486445237e-01
2.321672638616969209e-01
2.221143342638668694e-01
1.644849323977048694e-01
7.646559048428200334e-02
6.769579379691259557e-02
2.062030873813907039e-01
2.554501251003162277e-01
2.339354456618298883e-01
2.415637754116722880e-01
7.874238776377280591e-02
2.479346645895293133e-01
2.432453697147081706e-01
1.508284945475145133e-01
1.874291885002123126e-01
3.767171788698479851e-02
1.567699165773092651e-01
2.770145871689559947e-01
2.137165602009553633e-01
1.912167990627130776e-01
7.463532077609399962e-02
7.478753541076479938e-02
2.769728854714689770e-01
1.885042492917845813e-01
2.294334277620393991e-01
2.615825392737570754e-01
8.300283286118979864e-02
2.348914069877241773e-01
2.775394577094291715e-01
2.368271954674221191e-01
2.660812086874410065e-01
4.192634560906510072e-02
2.046369464738333199e-01
1.695939565627949119e-01
3.027620396600566588e-01
1.267476925888695871e-01
8.158640226628889602e-02
2.703850509626270007e-02
7.904998455677858527e-02
8.965647414118460556e-02
7.219705549263813471e-02
7.078142695356684500e-02
8.588146470366130047e-02
5.941779058992983920e-02
6.217071249199778576e-02
8.938060806690466265e-02
1.044026047565108778e-01
4.443304077010051117e-02
6.598244620611548594e-02
5.412419781049411516e-02
1.062107484814159980e-01
6.582672706681710895e-02
9.343148357870864618e-02
9.356661175743703762e-02
1.056564471768318692e-01
1.404020385050948061e-01
1.033408833522083958e-01
9.767836919592259859e-02
2.109286523216293355e-02
1.189757141059505779e-01
1.032842582106446444e-01
5.852837548760392306e-02
1.319108411407372561e-01
7.504246885617188445e-02
5.329054989304046752e-02
2.408414988428702122e-02
1.226500566251414043e-01
1.444365798414485313e-01
8.686743756332962474e-02
7.715175537938816219e-02
9.531898829746916768e-02
5.131108981618606735e-02
7.219705549263745470e-02
7.148924122310232332e-02
9.198754246885457175e-02
5.862367597095300559e-02
8.924653171007872199e-02
5.025481313703169389e-02
6.421291053227480561e-02
5.662514156285359222e-03
3.997128296392049585e-02
4.914804900648606090e-02
5.648357870894613747e-02
4.954699886749575066e-02
8.166603749842615834e-02
6.273080900093504220e-02
6.848810872027163987e-02
2.923272933182199593e-02
1.134245143305158826e-01
1.423468943287730659e-01
1.026330690826724873e-01
6.228765571913939120e-02
7.731262225882802597e-02
9.484711211778006079e-02
6.513778784446896952e-02
5.096262740656769263e-02
5.379388448471116024e-02
1.160815402038492400e-01
1.097921048374041891e-01
4.490373725934244942e-02
3.383352208380499548e-02
