1.954556559980449859e-02
8.084756679919136158e-02
6.352308819936466899e-02
1.136086000488635006e-01
8.697776691913000624e-02
8.551184949914462929e-02
7.849321457921497325e-02
4.833278449951652206e-02
6.855983010392965871e-02
1.210847788907887385e-01
5.680430002443156989e-02
5.621793305643773414e-02
5.638352743165836456e-02
1.178397707838216013e-01
6.963107744930349674e-02
9.406303444905900202e-02
1.294782666637049051e-01
1.357020697357855521e-01
1.698998289763009040e-01
1.050574150989490030e-01
1.233813828487659997e-01
1.783532860982160045e-02
1.043244563889562937e-01
7.937942829220601126e-02
5.961397507940359441e-02
1.420607245185792067e-01
1.072318592719272989e-01
4.658359801286743318e-02
1.546649103984530475e-02
7.937942829220601126e-02
1.155875885658440849e-01
8.697776691913015890e-02
6.596628389934000580e-02
7.818226239921800824e-02
4.427822360878765073e-02
6.107989249938899912e-02
9.278279990227202012e-02
1.058392377229415426e-01
7.841221022980403299e-02
7.760200342047374189e-02
5.130710969948650002e-02
8.482775470315163935e-02
8.306865379916900105e-03
5.765941851942307794e-02
5.190680318948080046e-02
6.963107744930335796e-02
4.519912044954800534e-02
6.688926894155294844e-02
6.669924260933295102e-02
7.495724407525011790e-02
2.738822379672565394e-02
9.263470465522745390e-02
1.556879475276733982e-01
8.551184949914450439e-02
6.420175367157995860e-02
5.732625546942637235e-02
6.963107744930349674e-02
6.990797296196758770e-02
5.252870754947450149e-02
4.397752259955999693e-02
1.151966772538479400e-01
1.004386117994718053e-01
4.272334880690592529e-02
3.127290495968720191e-02
5.081847055949179764e-02
1.374408635586255034e-01
1.316110946802626913e-01
1.780042581410768709e-01
1.309552895186903987e-01
1.348818540365081808e-01
6.393398929436057421e-02
8.603235640913949045e-02
1.047686737889522574e-01
1.763681895919862186e-01
1.350842902516491417e-01
6.816516002931831408e-02
1.600293183483994797e-01
1.746884925482530271e-01
1.311507451746880826e-01
1.624725140483750108e-01
2.854874175421449611e-01
1.759100903982405151e-01
2.614219398973850056e-02
1.239921817737599241e-01
1.179520590710421979e-01
1.442818115185570127e-01
3.383294914966133299e-02
1.225506963107739766e-01
1.563528905331981189e-01
1.439042267285604859e-01
1.169802101148300771e-01
1.888101636941117711e-01
1.368189591986315179e-01
1.177398218688222170e-01
1.151966772538479122e-01
2.027852430979720233e-01
2.590964590964591197e-01
2.805860805860805884e-01
2.087912087912087988e-01
2.515262515262515208e-01
7.132388861748900633e-02
2.696629213483143772e-01
1.526342489947764003e-01
2.398089344840686754e-01
2.909822300928185390e-01
7.181240840254030089e-02
2.528089887640446176e-01
1.700048851978502862e-01
2.129802580533921019e-01
2.863051620257283658e-01
4.738641914997550331e-02
1.748900830483632041e-01
1.641245544518625810e-01
2.564728871519295628e-01
1.319003419638495322e-01
8.231558378114310626e-02
1.954556559980449859e-02
8.084756679919136158e-02
6.352308819936466899e-02
1.136086000488635006e-01
8.697776691913000624e-02
8.551184949914462929e-02
7.849321457921497325e-02
4.833278449951652206e-02
6.855983010392965871e-02
1.210847788907887385e-01
5.680430002443156989e-02
5.621793305643773414e-02
5.638352743165836456e-02
1.178397707838216013e-01
6.963107744930349674e-02
9.406303444905900202e-02
1.294782666637049051e-01
1.357020697357855521e-01
1.698998289763009040e-01
1.050574150989490030e-01
1.233813828487659997e-01
1.783532860982160045e-02
1.043244563889562937e-01
7.937942829220601126e-02
5.961397507940359441e-02
1.420607245185792067e-01
1.072318592719272989e-01
4.658359801286743318e-02
1.546649103984530475e-02
7.937942829220601126e-02
1.155875885658440849e-01
8.697776691913015890e-02
6.596628389934000580e-02
7.818226239921800824e-02
4.427822360878765073e-02
6.107989249938899912e-02
9.278279990227202012e-02
1.058392377229415426e-01
7.841221022980403299e-02
7.760200342047374189e-02
5.130710969948650002e-02
8.482775470315163935e-02
8.306865379916900105e-03
5.765941851942307794e-02
5.190680318948080046e-02
6.963107744930335796e-02
4.519912044954800534e-02
6.688926894155294844e-02
6.669924260933295102e-02
7.495724407525011790e-02
2.738822379672565394e-02
9.263470465522745390e-02
1.556879475276733982e-01
8.551184949914450439e-02
6.420175367157995860e-02
5.732625546942637235e-02
6.963107744930349674e-02
6.990797296196758770e-02
5.252870754947450149e-02
4.397752259955999693e-02
1.151966772538479400e-01
1.004386117994718053e-01
4.272334880690592529e-02
3.127290495968720191e-02
7.132388861748900633e-02
2.696629213483143772e-01
1.526342489947764003e-01
2.398089344840686754e-01
2.909822300928185390e-01
7.181240840254030089e-02
2.528089887640446176e-01
1.700048851978502862e-01
2.129802580533921019e-01
2.863051620257283658e-01
4.738641914997550331e-02
1.748900830483632041e-01
1.641245544518625810e-01
2.564728871519295628e-01
1.319003419638495322e-01
8.231558378114310626e-02
6.938675787930609351e-02
2.308238223215010876e-01
2.418763742975809927e-01
1.725784598982742224e-01
1.801260234433148810e-01
7.427314927925719734e-02
3.055521622281945349e-01
2.448645905767819486e-01
1.410945516735890026e-01
2.873198143171267205e-01
4.006840947959929705e-02
1.643293427803565743e-01
2.537665933707954347e-01
1.789640850232102343e-01
1.289157522387108235e-01
6.938675787930609351e-02
8.406647116324529601e-02
1.776193015195947078e-01
1.447947214076244493e-01
2.299386830178616892e-01
1.795335197435722896e-01
9.310850439882689678e-02
3.034903110804436643e-01
1.767702223851415899e-01
2.906033568353403873e-01
2.459344174886695100e-01
4.960899315738020315e-02
1.462159798322784920e-01
2.335043988269795145e-01
3.159157557984538234e-01
1.319648093841642167e-01
7.380254154447700443e-02
7.064287460278660669e-02
2.157118730694871367e-01
1.613297482278170936e-01
2.499944445678985161e-01
2.274369211548385172e-01
7.699828892691269744e-02
2.303788804693228109e-01
2.053287704717672857e-01
2.989266905179882583e-01
2.236030310437545909e-01
4.302126619408450092e-02
1.340787409025318011e-01
2.180821102526223076e-01
2.102175507210948535e-01
1.580615080981739584e-01
6.819848447812269787e-02
6.748166259168700276e-02
2.330888345558272123e-01
2.750122249388751161e-01
2.036897088241828579e-01
2.818292953989776084e-01
7.506112469437649370e-02
2.468622656886716171e-01
2.308068459657698912e-01
1.621026894865523760e-01
1.949877750611243854e-01
4.327628361858189970e-02
1.531843055070436777e-01
2.376528117359411885e-01
2.010552052502892761e-01
1.957879528784171597e-01
6.919315403422980626e-02
7.312301296160429731e-02
3.059777102330292764e-01
2.059085350941548820e-01
2.106921007581312733e-01
2.872340425531914043e-01
8.608461726583510609e-02
2.302926550908941938e-01
2.575201760821715924e-01
2.416238689166052001e-01
2.677916360968448095e-01
4.622157006603080237e-02
2.229988029501485947e-01
1.676041411918152146e-01
2.730904051520337550e-01
1.337025378868561820e-01
6.847640009782339499e-02
1.954556559980449859e-02
8.084756679919095912e-02
6.352308819936461348e-02
1.136086000488638059e-01
8.697776691912953440e-02
8.551184949914487909e-02
7.849321457921497325e-02
4.833278449951639022e-02
6.855983010392811827e-02
1.210847788907875033e-01
5.680430002443134785e-02
5.621793305643626310e-02
5.638352743165756659e-02
1.178397707838212821e-01
6.963107744930313592e-02
9.406303444905853017e-02
1.294782666637042390e-01
1.357020697357846917e-01
1.698998289762999325e-01
1.050574150989491556e-01
1.233813828487652364e-01
1.783532860982164209e-02
1.043244563889559190e-01
7.937942829220506757e-02
5.961397507940306706e-02
1.420607245185780687e-01
1.072318592719264801e-01
4.658359801286707930e-02
1.546649103984516598e-02
7.937942829220506757e-02
1.155875885658441266e-01
8.697776691912974256e-02
6.596628389934004744e-02
7.818226239921706455e-02
4.427822360878708868e-02
6.107989249938841625e-02
9.278279990227125684e-02
1.058392377229404602e-01
7.841221022980267297e-02
7.760200342047307576e-02
5.130710969948642369e-02
8.482775470315015443e-02
8.306865379916874084e-03
5.765941851942230773e-02
5.190680318948048128e-02
6.963107744930323306e-02
4.519912044954699226e-02
6.688926894155275416e-02
6.669924260933290938e-02
7.495724407525042321e-02
2.738822379672593496e-02
9.263470465522737063e-02
1.556879475276740088e-01
8.551184949914446276e-02
6.420175367157979207e-02
5.732625546942601846e-02
6.963107744930313592e-02
6.990797296196687993e-02
5.252870754947403659e-02
4.397752259955926141e-02
1.151966772538472461e-01
1.004386117994710836e-01
4.272334880690518283e-02
3.127290495968713946e-02
