2.367242482405629983e-02
4.234281393590390297e-02
4.691831947110199769e-02
4.478566858605199930e-02
7.165706973768359855e-02
1.164427383237361252e-01
9.614377944512295104e-02
4.050182202564720640e-02
6.358580638810909513e-02
7.549584133077413828e-02
6.321976967370386558e-02
5.662188099808045105e-02
4.187104570981706186e-02
1.104810097132552932e-01
5.118362124120250101e-02
8.317338451695450996e-02
4.571627988134693149e-02
1.961886482040029467e-01
1.641074856046061126e-01
1.247600767754315082e-01
1.183621241202814922e-01
2.303262955854119831e-02
2.558470178431787034e-01
9.846449136276365366e-02
4.336390132935205588e-02
2.432385273076245746e-01
1.714011516314776773e-01
6.255775929480343611e-02
2.531363876602826801e-03
5.834932821497087335e-02
1.422264875239919735e-01
4.495403576118787298e-02
6.717850287907850548e-02
1.279590531030066758e-01
2.992273241793348693e-02
7.357645553422899332e-02
1.163147792706330924e-01
1.495201535508635382e-01
9.935644123292285135e-02
3.694817658349317663e-02
8.637236084452949714e-02
8.957133717210451207e-02
1.727447216890589873e-02
6.471072114066339642e-02
2.983772465538292451e-02
8.914480699509447215e-02
5.758157389635299578e-02
7.194142318902392585e-02
2.278227488942662776e-02
4.907229686500286236e-02
1.887396033269309048e-02
6.407795659235134000e-02
1.458733205374276587e-01
1.375559820857324977e-01
3.518873960332683654e-02
4.141220264060931078e-02
8.957133717210449819e-02
7.916400085306027345e-02
3.838771593090200412e-02
3.326935380678160137e-02
5.246321177223274568e-02
1.084605307254059847e-01
3.122200895713362484e-02
1.599488163787579978e-02
3.966730646193210308e-02
1.032106089687660905e-01
7.792032865272581488e-02
1.096791883740060175e-01
1.049264235444656024e-01
1.698656429942418111e-01
8.122491711743146103e-02
7.847228017469158601e-02
8.541266794625697323e-02
9.852847088931529496e-02
1.604606525911705939e-01
4.908829174664093575e-02
1.663467690339090199e-01
1.759436980166345088e-01
6.244401791426724968e-02
2.271273192578369959e-01
3.063339731285986134e-01
1.567498400511835033e-01
4.030710172744719766e-02
2.458413307741522114e-01
7.428733916257868053e-02
2.186005932647006045e-01
1.518818325961775358e-02
8.752399232245659799e-02
1.654023093562439761e-01
2.107059074429515066e-01
1.404030710172744500e-01
2.364683301343569743e-01
2.239283429302620088e-01
7.293666026871364894e-02
4.590531030070364726e-02
2.143314139475364921e-01
2.242811501597443968e-01
3.239616613418530022e-01
2.460063897763578034e-01
2.057507987220446866e-01
5.051150895140660291e-02
2.864450127877236074e-01
1.306561085972849923e-01
2.003410059676040966e-01
2.887827685421992530e-01
1.016624040920715982e-01
3.682864450127875666e-01
1.361892583120203060e-01
2.498119452384530981e-01
3.219096334185846953e-01
6.585677749360610567e-02
1.841432225063935890e-01
9.126645827413057410e-02
2.565537084398974432e-01
1.333992094861659594e-01
5.690537084398970130e-02
2.367242482405629983e-02
4.234281393590390297e-02
4.691831947110199769e-02
4.478566858605199930e-02
7.165706973768359855e-02
1.164427383237361252e-01
9.614377944512295104e-02
4.050182202564720640e-02
6.358580638810909513e-02
7.549584133077413828e-02
6.321976967370386558e-02
5.662188099808045105e-02
4.187104570981706186e-02
1.104810097132552932e-01
5.118362124120250101e-02
8.317338451695450996e-02
4.571627988134693149e-02
1.961886482040029467e-01
1.641074856046061126e-01
1.247600767754315082e-01
1.183621241202814922e-01
2.303262955854119831e-02
2.558470178431787034e-01
9.846449136276365366e-02
4.336390132935205588e-02
2.432385273076245746e-01
1.714011516314776773e-01
6.255775929480343611e-02
2.531363876602826801e-03
5.834932821497087335e-02
1.422264875239919735e-01
4.495403576118787298e-02
6.717850287907850548e-02
1.279590531030066758e-01
2.992273241793348693e-02
7.357645553422899332e-02
1.163147792706330924e-01
1.495201535508635382e-01
9.935644123292285135e-02
3.694817658349317663e-02
8.637236084452949714e-02
8.957133717210451207e-02
1.727447216890589873e-02
6.471072114066339642e-02
2.983772465538292451e-02
8.914480699509447215e-02
5.758157389635299578e-02
7.194142318902392585e-02
2.278227488942662776e-02
4.907229686500286236e-02
1.887396033269309048e-02
6.407795659235134000e-02
1.458733205374276587e-01
1.375559820857324977e-01
3.518873960332683654e-02
4.141220264060931078e-02
8.957133717210449819e-02
7.916400085306027345e-02
3.838771593090200412e-02
3.326935380678160137e-02
5.246321177223274568e-02
1.084605307254059847e-01
3.122200895713362484e-02
1.599488163787579978e-02
5.051150895140660291e-02
2.864450127877236074e-01
1.306561085972849923e-01
2.003410059676040966e-01
2.887827685421992530e-01
1.016624040920715982e-01
3.682864450127875666e-01
1.361892583120203060e-01
2.498119452384530981e-01
3.219096334185846953e-01
6.585677749360610567e-02
1.841432225063935890e-01
9.126645827413057410e-02
2.565537084398974432e-01
1.333992094861659594e-01
5.690537084398970130e-02
6.461932181701850186e-02
1.964476129543306637e-01
2.335252719129874976e-01
1.238876286860929321e-01
1.169486229522831433e-01
9.980806142034540085e-02
4.406589891234802825e-01
2.510212116738027022e-01
1.631477927063337552e-01
3.843424649566681839e-01
5.310300703774790271e-02
1.547664747280867725e-01
1.923651098315206087e-01
2.047344849648112530e-01
8.667834988455855316e-02
4.350607805502230280e-02
5.761843790012800143e-02
1.967174950529622934e-01
1.296014724711907484e-01
1.911884530322430220e-01
2.051633266831432989e-01
1.158770806658129954e-01
4.626421631392631517e-01
1.343429897567220421e-01
2.662979813114662586e-01
3.268536840879988636e-01
6.658130601792569547e-02
1.717096839409663067e-01
1.853684087999066255e-01
3.038063089279475770e-01
1.209987195902687968e-01
4.673495518565939921e-02
5.509288917360660037e-02
2.178673344592627070e-01
1.575912876361305059e-01
1.677246520295847532e-01
2.282368851875576365e-01
1.012171684817424061e-01
3.247149263292760657e-01
1.921844971172325112e-01
2.989342496068951305e-01
2.942729019859064432e-01
5.253042921204349736e-02
1.595751276063729907e-01
1.403782413725872535e-01
2.104877825569688721e-01
1.724440648207464233e-01
3.779628443305570185e-02
4.871794871794869752e-02
2.277777777777776902e-01
2.793162393162392787e-01
1.450174825174822268e-01
2.716200466200465180e-01
9.230769230769229894e-02
3.583333333333330595e-01
2.416310541310540960e-01
1.711538461538459899e-01
2.886618589743586982e-01
5.320512820512820346e-02
1.458791208791208327e-01
1.717948717948716009e-01
2.021592442645074317e-01
1.956585081585078822e-01
4.038461538461529665e-02
5.644644002565740032e-02
2.976266837716484703e-01
1.916356638871068163e-01
1.621295702373315717e-01
2.688786518164323902e-01
1.084028223220011994e-01
3.447722899294416443e-01
2.523595711536700259e-01
2.955420141116096300e-01
3.371391917896083279e-01
6.735086593970489310e-02
1.873670706593293656e-01
1.009193927731450585e-01
3.100277955954671150e-01
1.132239442156881132e-01
4.746632456703010067e-02
2.367242482405608472e-02
4.234281393590353521e-02
4.691831947110242790e-02
4.478566858605188133e-02
7.165706973768393162e-02
1.164427383237360974e-01
9.614377944512289553e-02
4.050182202564684558e-02
6.358580638810942820e-02
7.549584133077386072e-02
6.321976967370430966e-02
5.662188099807977798e-02
4.187104570981666635e-02
1.104810097132551128e-01
5.118362124120259121e-02
8.317338451695419077e-02
4.571627988134641801e-02
1.961886482040025581e-01
1.641074856046060015e-01
1.247600767754307449e-01
1.183621241202804653e-01
2.303262955854104219e-02
2.558470178431783704e-01
9.846449136276347325e-02
4.336390132935222935e-02
2.432385273076253240e-01
1.714011516314779271e-01
6.255775929480242303e-02
2.531363876602299445e-03
5.834932821497005456e-02
1.422264875239914461e-01
4.495403576118757460e-02
6.717850287907849161e-02
1.279590531030064537e-01
2.992273241793309141e-02
7.357645553422817453e-02
1.163147792706328842e-01
1.495201535508622337e-01
9.935644123292225460e-02
3.694817658349323214e-02
8.637236084452822038e-02
8.957133717210381818e-02
1.727447216890570791e-02
6.471072114066300784e-02
2.983772465538193919e-02
8.914480699509420847e-02
5.758157389635221862e-02
7.194142318902391198e-02
2.278227488942654450e-02
4.907229686500232807e-02
1.887396033269325701e-02
6.407795659235160368e-02
1.458733205374269370e-01
1.375559820857322479e-01
3.518873960332604550e-02
4.141220264060892220e-02
8.957133717210379042e-02
7.916400085305948242e-02
3.838771593090091472e-02
3.326935380678135157e-02
5.246321177223280119e-02
1.084605307254052908e-01
3.122200895713357627e-02
1.599488163787565406e-02
