1.985559566786999908e-02
6.719724319002283452e-02
1.203369434416333428e-02
1.083032490974725065e-01
7.220216606498160161e-02
1.095066185318891855e-01
6.547423695438116253e-02
3.570867995605069706e-02
2.110524854207108600e-02
2.129963898916910001e-02
3.147563176895281506e-02
3.194945848375424502e-02
4.352186121139175329e-02
1.719724319002292889e-01
3.610108303249050243e-02
9.025270758122699855e-02
9.673449294387899411e-02
1.879834966477561264e-01
5.144404332129940555e-02
1.173285198555955033e-01
9.025270758122699855e-02
2.346570397111909928e-02
1.590453269153628835e-01
1.440433212996385659e-01
4.893702366626492828e-02
1.749261568756151630e-01
1.028880866425988111e-01
8.824709185719975535e-02
0.000000000000000000e+00
8.231046931407894063e-02
1.543321299638987787e-01
8.455253657609689000e-02
3.610108303249050243e-02
4.813477737665400324e-02
4.221049708414275486e-02
5.415162454873599651e-02
5.104693140794208661e-02
1.337545126353789082e-01
9.343809726056445664e-02
4.343411552346549548e-02
2.707581227436799826e-02
6.064981949458434635e-02
1.263537906137180040e-02
5.324909747292402851e-02
2.806038726616320866e-02
1.028880866425990609e-01
1.083032490974725065e-01
9.707180104292002787e-02
6.427562392089139487e-02
4.259927797833878982e-02
1.064981949458455000e-02
7.747847820049921785e-02
1.899472368786444265e-01
9.927797833934999538e-02
7.721620537504990389e-02
6.572038070233002238e-02
8.122743682310448743e-02
9.771359807460859581e-02
2.707581227436799826e-02
1.010830324909744032e-01
1.233453670276769276e-01
9.179989685404815747e-02
6.606498194945831237e-02
4.873646209386280070e-02
6.859205776173279978e-02
1.493272070889396785e-01
9.300779023370685239e-02
1.701908200103142976e-01
1.732851985559563934e-01
1.521402784940688313e-01
7.950443058746300973e-02
5.713388792968102786e-02
8.032490974729229738e-02
6.080776173285178804e-02
1.749097472924186769e-01
5.455776173285190739e-02
1.985559566786999908e-01
1.534296028880864915e-01
1.321299638989166247e-01
2.707581227436819948e-01
2.057761732851981773e-01
1.173285198555955033e-01
3.610108303249089795e-02
1.504963898916967246e-01
1.213397513036500175e-01
1.751230718739743841e-01
7.141735991209980164e-03
1.234657039711186954e-01
1.223998624720643580e-01
1.486161251504210246e-01
1.080324909747291812e-01
1.920577617328519116e-01
1.263537906137180145e-01
6.547423695438116253e-02
1.171780986762935434e-01
2.436823104693139896e-01
2.086330935251798080e-01
2.967625899280574853e-01
2.014388489208633060e-01
2.931654676258992898e-01
5.945945945945940031e-02
2.522522522522520072e-01
5.869715869715865647e-02
2.320987654320984805e-01
2.457770270270268342e-01
9.009009009009000257e-02
2.999999999999997113e-01
1.783783783783781940e-01
1.545310015898249956e-01
2.480480480480478089e-01
4.144144144144139980e-02
2.522522522522520072e-01
1.254587921254586569e-01
3.040540540540538350e-01
1.769041769041767298e-01
1.045045045045045057e-01
1.985559566786999908e-02
6.719724319002283452e-02
1.203369434416333428e-02
1.083032490974725065e-01
7.220216606498160161e-02
1.095066185318891855e-01
6.547423695438116253e-02
3.570867995605069706e-02
2.110524854207108600e-02
2.129963898916910001e-02
3.147563176895281506e-02
3.194945848375424502e-02
4.352186121139175329e-02
1.719724319002292889e-01
3.610108303249050243e-02
9.025270758122699855e-02
9.673449294387899411e-02
1.879834966477561264e-01
5.144404332129940555e-02
1.173285198555955033e-01
9.025270758122699855e-02
2.346570397111909928e-02
1.590453269153628835e-01
1.440433212996385659e-01
4.893702366626492828e-02
1.749261568756151630e-01
1.028880866425988111e-01
8.824709185719975535e-02
0.000000000000000000e+00
8.231046931407894063e-02
1.543321299638987787e-01
8.455253657609689000e-02
3.610108303249050243e-02
4.813477737665400324e-02
4.221049708414275486e-02
5.415162454873599651e-02
5.104693140794208661e-02
1.337545126353789082e-01
9.343809726056445664e-02
4.343411552346549548e-02
2.707581227436799826e-02
6.064981949458434635e-02
1.263537906137180040e-02
5.324909747292402851e-02
2.806038726616320866e-02
1.028880866425990609e-01
1.083032490974725065e-01
9.707180104292002787e-02
6.427562392089139487e-02
4.259927797833878982e-02
1.064981949458455000e-02
7.747847820049921785e-02
1.899472368786444265e-01
9.927797833934999538e-02
7.721620537504990389e-02
6.572038070233002238e-02
8.122743682310448743e-02
9.771359807460859581e-02
2.707581227436799826e-02
1.010830324909744032e-01
1.233453670276769276e-01
9.179989685404815747e-02
6.606498194945831237e-02
4.873646209386280070e-02
5.945945945945940031e-02
2.522522522522520072e-01
5.869715869715865647e-02
2.320987654320984805e-01
2.457770270270268342e-01
9.009009009009000257e-02
2.999999999999997113e-01
1.783783783783781940e-01
1.545310015898249956e-01
2.480480480480478089e-01
4.144144144144139980e-02
2.522522522522520072e-01
1.254587921254586569e-01
3.040540540540538350e-01
1.769041769041767298e-01
1.045045045045045057e-01
5.415162454873639897e-02
2.131682998108989646e-01
1.353790613718409974e-01
1.476862487692811310e-01
1.264797246242967965e-01
9.386281588447649427e-02
2.813628158844766469e-01
3.295612329908356175e-01
7.671480144404324575e-02
2.940597308828353240e-01
5.956678700361010131e-02
1.544223826714801184e-01
2.836943441636581298e-01
1.850180505415162380e-01
1.287082090723588590e-01
1.010830324909746947e-01
7.775768535262199410e-02
1.282262041755712623e-01
6.696428571428547638e-02
2.441229656419526273e-01
1.530762437444802559e-01
1.012658227848100972e-01
3.387937453462396831e-01
2.008928571428571508e-01
2.300796429533298881e-01
2.308071675160281444e-01
4.520795660036160124e-02
1.812125249833442253e-01
1.421173762945912578e-01
4.290646062797959792e-01
1.952983725135624127e-01
9.041591320072329963e-02
6.521739130434779652e-02
1.646492094861658484e-01
9.782608695652170172e-02
2.223320158102766453e-01
2.186996779388081791e-01
8.152173913043470055e-02
2.726086956521738269e-01
2.119565217391302103e-01
1.943346508563899011e-01
2.152173913043477493e-01
3.623188405797100192e-02
1.868863955119212383e-01
1.346880907372398628e-01
2.950310559006208422e-01
1.855206655931291582e-01
9.420289855072459806e-02
3.992740471869320185e-02
1.992337164750957734e-01
1.839080459770114084e-01
2.280976736512124181e-01
2.802342847714899277e-01
7.803992740471869805e-02
2.673926194797339173e-01
2.557975398265779354e-01
1.197822141560796055e-01
1.996370235934662452e-01
4.174228675136110178e-02
1.682654913144930597e-01
2.105263157894735893e-01
2.621071735600342123e-01
2.215805972611780694e-01
9.255898366606170324e-02
5.272727272727269904e-02
2.033766233766229614e-01
1.552000000000000601e-01
2.394909090909088378e-01
2.300826446280988813e-01
1.054545454545453981e-01
2.803030303030300541e-01
2.524675324675323407e-01
2.072727272727271641e-01
2.743030303030300487e-01
3.818181818181810155e-02
2.368421052631579371e-01
1.503030303030301329e-01
3.484848484848483974e-01
1.381818181818180724e-01
1.000000000000000056e-01
1.985559566786984295e-02
6.719724319002209900e-02
1.203369434416315907e-02
1.083032490974721318e-01
7.220216606498133793e-02
1.095066185318888802e-01
6.547423695438062130e-02
3.570867995604987133e-02
2.110524854207077028e-02
2.129963898916894735e-02
3.147563176895287057e-02
3.194945848375407849e-02
4.352186121139153124e-02
1.719724319002289836e-01
3.610108303249043998e-02
9.025270758122645731e-02
9.673449294387799491e-02
1.879834966477552938e-01
5.144404332129959290e-02
1.173285198555946707e-01
9.025270758122716508e-02
2.346570397111890499e-02
1.590453269153624394e-01
1.440433212996378998e-01
4.893702366626388744e-02
1.749261568756148577e-01
1.028880866425980201e-01
8.824709185719945004e-02
0.000000000000000000e+00
8.231046931407880185e-02
1.543321299638978072e-01
8.455253657609680673e-02
3.610108303248948242e-02
4.813477737665296241e-02
4.221049708414170015e-02
5.415162454873566344e-02
5.104693140794166334e-02
1.337545126353785752e-01
9.343809726056373499e-02
4.343411552346534976e-02
2.707581227436803642e-02
6.064981949458483901e-02
1.263537906137179520e-02
5.324909747292305012e-02
2.806038726616304213e-02
1.028880866425984780e-01
1.083032490974719930e-01
9.707180104291983358e-02
6.427562392089082588e-02
4.259927797833881757e-02
1.064981949458469225e-02
7.747847820049835743e-02
1.899472368786438992e-01
9.927797833934993987e-02
7.721620537504959858e-02
6.572038070232924523e-02
8.122743682310348823e-02
9.771359807460808233e-02
2.707581227436715171e-02
1.010830324909746808e-01
1.233453670276762199e-01
9.179989685404815747e-02
6.606498194945810420e-02
4.873646209386266887e-02
