1.720430107526879984e-02
2.668621700879763789e-02
1.863799283154120023e-01
5.376344086021499907e-02
2.580645161290320150e-02
3.010752688172041447e-02
6.686217008797649963e-02
2.552594670406730520e-02
7.543424317617862529e-02
6.344086021505369877e-02
1.124999999999999334e-01
5.075268817204296040e-02
3.703703703703699335e-02
6.402737047898332534e-02
2.473118279569889999e-01
4.301075268817199787e-02
2.561094819159332944e-02
3.732718894009213334e-02
9.806451612903219206e-02
3.225806451612900361e-02
3.225806451612900361e-02
2.150537634408599894e-02
2.332138590203105544e-01
3.677419354838707549e-02
1.166069295101552772e-01
1.442815249266861111e-01
2.819354838709675626e-01
7.359617682198321686e-02
2.552594670406730520e-02
3.677419354838707549e-02
6.129032258064511657e-02
3.022071307300507048e-02
1.397849462365590156e-01
1.146953405017920036e-01
3.771712158808931264e-02
2.258064516129029975e-01
6.081720430107522002e-02
6.129032258064511657e-02
2.226438962681845379e-01
3.104838709677416528e-02
1.075268817204299981e-01
9.634408602150532075e-02
0.000000000000000000e+00
1.631336405529952571e-01
7.800586510263923801e-02
1.498207885304658482e-01
1.397849462365590156e-01
5.256869772998801205e-02
5.105189340813461041e-02
1.268817204301074010e-02
0.000000000000000000e+00
1.230769230769229866e-01
3.771712158808931264e-02
1.505376344086020168e-01
6.571087216248501506e-02
4.349951124144669362e-02
2.258064516129029975e-01
9.978494623655906337e-02
4.301075268817199787e-02
6.881720430107519937e-02
0.000000000000000000e+00
7.291346646185350999e-02
3.498207885304655679e-02
0.000000000000000000e+00
1.720430107526879984e-02
7.116324535679369179e-02
1.611771363893603759e-01
8.294930875576030094e-02
9.462365591397839393e-02
1.903225806451611379e-01
7.243401759530786188e-02
5.956054230949037187e-02
9.569892473118273013e-02
8.279569892473109816e-02
1.470967741935483020e-01
6.499999999999994671e-02
2.795698924731180313e-01
2.795698924731180313e-01
5.247311827956983865e-02
1.720430107526879915e-01
1.593548387096773156e-01
7.526881720430100842e-02
2.150537634408599894e-02
3.040322580645159478e-01
1.708482676224610530e-01
2.630694037145648312e-01
2.552594670406730520e-02
7.354838709677415098e-02
1.913978494623654880e-01
2.587813620071682807e-01
1.164516129032256986e-01
1.565591397849461497e-01
2.580645161290320289e-01
8.914956011730199026e-02
4.408602150537630632e-02
2.580645161290320289e-01
2.248394004282655012e-01
2.334047109207708914e-01
3.276231263383296843e-01
2.141327623126338120e-01
6.223175965665229958e-02
1.287553648068668066e-01
1.525255860019806287e-01
2.764266412335078527e-01
1.040772532188839611e-01
6.866952789699569404e-02
4.538626609442057980e-01
9.012875536480680072e-02
4.601110830598333368e-01
2.954220314735334640e-01
7.725321888412009508e-02
3.175965665236047952e-01
1.120648545541247931e-01
2.172746781115879322e-01
2.370269215762777493e-01
2.575107296137330026e-02
1.720430107526879984e-02
2.668621700879763789e-02
1.863799283154120023e-01
5.376344086021499907e-02
2.580645161290320150e-02
3.010752688172041447e-02
6.686217008797649963e-02
2.552594670406730520e-02
7.543424317617862529e-02
6.344086021505369877e-02
1.124999999999999334e-01
5.075268817204296040e-02
3.703703703703699335e-02
6.402737047898332534e-02
2.473118279569889999e-01
4.301075268817199787e-02
2.561094819159332944e-02
3.732718894009213334e-02
9.806451612903219206e-02
3.225806451612900361e-02
3.225806451612900361e-02
2.150537634408599894e-02
2.332138590203105544e-01
3.677419354838707549e-02
1.166069295101552772e-01
1.442815249266861111e-01
2.819354838709675626e-01
7.359617682198321686e-02
2.552594670406730520e-02
3.677419354838707549e-02
6.129032258064511657e-02
3.022071307300507048e-02
1.397849462365590156e-01
1.146953405017920036e-01
3.771712158808931264e-02
2.258064516129029975e-01
6.081720430107522002e-02
6.129032258064511657e-02
2.226438962681845379e-01
3.104838709677416528e-02
1.075268817204299981e-01
9.634408602150532075e-02
0.000000000000000000e+00
1.631336405529952571e-01
7.800586510263923801e-02
1.498207885304658482e-01
1.397849462365590156e-01
5.256869772998801205e-02
5.105189340813461041e-02
1.268817204301074010e-02
0.000000000000000000e+00
1.230769230769229866e-01
3.771712158808931264e-02
1.505376344086020168e-01
6.571087216248501506e-02
4.349951124144669362e-02
2.258064516129029975e-01
9.978494623655906337e-02
4.301075268817199787e-02
6.881720430107519937e-02
0.000000000000000000e+00
7.291346646185350999e-02
3.498207885304655679e-02
0.000000000000000000e+00
6.223175965665229958e-02
1.287553648068668066e-01
1.525255860019806287e-01
2.764266412335078527e-01
1.040772532188839611e-01
6.866952789699569404e-02
4.538626609442057980e-01
9.012875536480680072e-02
4.601110830598333368e-01
2.954220314735334640e-01
7.725321888412009508e-02
3.175965665236047952e-01
1.120648545541247931e-01
2.172746781115879322e-01
2.370269215762777493e-01
2.575107296137330026e-02
4.731182795698919696e-02
1.015873015873014901e-01
5.483870967741935054e-01
9.384164222873893346e-02
1.048262065516378100e-01
5.376344086021499907e-02
4.053763440860215783e-01
1.336641852770883987e-01
1.989247311827954945e-01
3.503421309872919998e-01
7.741935483870959755e-02
2.981720430107527298e-01
2.204301075268814969e-01
1.881720430107524933e-01
9.967274427302467987e-02
4.516129032258060089e-02
5.818965517241370122e-02
2.164968652037617125e-01
1.330145474137928996e-01
1.675156739811909934e-01
1.954691259021651972e-01
4.956896551724129796e-02
2.999492900608514701e-01
1.596174568965517127e-01
3.163976522377109357e-01
2.856583072100308818e-01
1.594827586206896131e-01
1.270417422867511636e-01
1.604623824451408554e-01
2.115987460815043908e-01
1.681034482758617943e-01
6.681034482758620163e-02
3.239740820734340193e-02
1.456410759866481885e-01
1.943844492440603977e-01
3.269193010013741740e-01
2.162227021838253604e-01
4.967602591792649736e-02
2.394816414686823658e-01
1.490280777537794921e-01
4.402120557628113051e-01
2.565874730021597827e-01
1.252699784017277940e-01
1.358600989340206233e-01
1.521269602779600216e-01
1.974699166923788718e-01
2.148628109751220261e-01
3.239740820734340193e-02
2.164502164502159903e-02
1.375661375661375307e-01
5.044733044733044069e-01
2.098583234946870268e-01
1.787682014954739551e-01
5.194805194805190290e-02
4.033189033189031325e-01
1.277056277056274891e-01
3.051948051948051299e-01
1.934523809523807092e-01
8.008658008657999761e-02
2.432488146773858773e-01
2.077922077922076116e-01
2.296650717703348776e-01
1.865407319952773202e-01
3.246753246753240202e-02
3.904555314533619814e-02
2.606135729779977539e-01
2.440780911062903902e-01
2.239479392624725285e-01
1.887201735357916799e-01
5.639913232104119822e-02
2.892263195950829369e-01
2.342733188720171889e-01
3.503253796095445738e-01
3.167028199566160884e-01
1.366594360086766935e-01
1.969402899874413415e-01
1.735357917570498620e-01
1.988430947216195954e-01
1.382688405290042610e-01
4.338394793926240306e-02
1.720430107526878249e-02
2.668621700879699604e-02
1.863799283154119191e-01
5.376344086021400681e-02
2.580645161290258741e-02
3.010752688171964078e-02
6.686217008797626371e-02
2.552594670406678132e-02
7.543424317617854202e-02
6.344086021505294937e-02
1.124999999999989758e-01
5.075268817204198896e-02
3.703703703703634803e-02
6.402737047898306166e-02
2.473118279569891109e-01
4.301075268817175501e-02
2.561094819159273270e-02
3.732718894009121047e-02
9.806451612903138715e-02
3.225806451612833053e-02
3.225806451612817094e-02
2.150537634408582199e-02
2.332138590203102491e-01
3.677419354838627058e-02
1.166069295101542364e-01
1.442815249266853339e-01
2.819354838709670075e-01
7.359617682198273114e-02
2.552594670406678132e-02
3.677419354838627058e-02
6.129032258064406880e-02
3.022071307300452925e-02
1.397849462365589601e-01
1.146953405017909489e-01
3.771712158808834120e-02
2.258064516129020816e-01
6.081720430107421388e-02
6.129032258064363858e-02
2.226438962681832889e-01
3.104838709677416181e-02
1.075268817204300259e-01
9.634408602150436318e-02
0.000000000000000000e+00
1.631336405529944800e-01
7.800586510263844697e-02
1.498207885304646547e-01
1.397849462365574891e-01
5.256869772998734591e-02
5.105189340813366672e-02
1.268817204300949630e-02
0.000000000000000000e+00
1.230769230769223344e-01
3.771712158808857018e-02
1.505376344086014895e-01
6.571087216248390483e-02
4.349951124144628423e-02
2.258064516129020816e-01
9.978494623655900786e-02
4.301075268817101949e-02
6.881720430107479691e-02
0.000000000000000000e+00
7.291346646185253855e-02
3.498207885304639025e-02
0.000000000000000000e+00
