7.113821138211300250e-03
5.464708056171457135e-02
5.420054200542000211e-02
4.573170731707300318e-02
4.878048780487800190e-02
1.612466124661243450e-01
7.899113082039867229e-02
5.629197596323765040e-02
8.317698561600965490e-02
8.993902439024337170e-02
7.679115853658517732e-02
5.396341463414614653e-02
5.250677506775035946e-02
1.028732446415370899e-01
6.605691056910550918e-02
5.081300813008099437e-02
6.656504065040599882e-02
1.469947735191634852e-01
1.679878048780485134e-01
1.321138211382110184e-01
1.422764227642275003e-01
2.439024390243900095e-02
2.479674796747966536e-01
8.689024390243853257e-02
2.066395663956588011e-02
1.060606060606056056e-01
1.679878048780485134e-01
9.439927732610615962e-02
0.000000000000000000e+00
1.100609756097556124e-01
1.042682926829264778e-01
6.188489516474095925e-02
7.113821138211350037e-02
1.084010840108400042e-01
4.158849280800454296e-02
5.589430894308899944e-02
8.621951219512177800e-02
1.100609756097556124e-01
2.630320420851252686e-02
4.401676829268276470e-02
5.081300813008099437e-02
9.674796747967460975e-02
3.048780487804800092e-03
8.993902439024373252e-02
7.372505543237219128e-02
1.609078590785905372e-01
6.097560975609750411e-02
9.936766034327002006e-02
2.010427712972770453e-02
1.259146341463411867e-01
4.197154471544667365e-02
6.543151969981216010e-02
1.782363977485924844e-01
1.321138211382110184e-01
5.589430894308923536e-02
4.933481152993345054e-02
1.067073170731704934e-01
3.143631436314360539e-02
3.048780487804849879e-02
8.536585365853639751e-02
9.027777777777754031e-02
7.321912504839320213e-02
5.372628726287247136e-02
1.524390243902429970e-02
2.235772357723569970e-02
1.387195121951217414e-01
9.996790757381238124e-02
8.275261324041773003e-02
1.341463414634143925e-01
2.355545876887339685e-01
8.952328159645212002e-02
9.247967479674761015e-02
1.068920916481889416e-01
1.173780487804876871e-01
1.621951219512194065e-01
5.670731707317068493e-02
1.422764227642275003e-01
1.981707317073169994e-01
9.918699186991859762e-02
1.880081300813004896e-01
2.722560975609755740e-01
1.727642276422760026e-01
2.743902439024389905e-02
2.394563008130078940e-01
7.452574525745252199e-02
8.144863266814450498e-02
2.814598798161863091e-02
1.506097560975606098e-01
1.335172280294231739e-01
2.638888888888885620e-01
8.399390243902424280e-02
2.048780487804876815e-01
1.829268292682925123e-01
1.843126385809312762e-01
6.249999999999977796e-02
2.591463414634144757e-01
2.210953346855983881e-01
3.144016227180527201e-01
2.271805273833671091e-01
2.373225152129816995e-01
3.756345177664970059e-02
3.045685279187815842e-01
1.533385396329556283e-01
1.943974431284073989e-01
2.800444162436546702e-01
1.045685279187816979e-01
2.969543147208120182e-01
1.522842639593907088e-01
2.321887130486709194e-01
2.156345177664974189e-01
5.177664974619280297e-02
2.883248730964463880e-01
1.484489565707838021e-01
2.969543147208120737e-01
1.395477618827870581e-01
5.888324873096439926e-02
7.113821138211300250e-03
5.464708056171457135e-02
5.420054200542000211e-02
4.573170731707300318e-02
4.878048780487800190e-02
1.612466124661243450e-01
7.899113082039867229e-02
5.629197596323765040e-02
8.317698561600965490e-02
8.993902439024337170e-02
7.679115853658517732e-02
5.396341463414614653e-02
5.250677506775035946e-02
1.028732446415370899e-01
6.605691056910550918e-02
5.081300813008099437e-02
6.656504065040599882e-02
1.469947735191634852e-01
1.679878048780485134e-01
1.321138211382110184e-01
1.422764227642275003e-01
2.439024390243900095e-02
2.479674796747966536e-01
8.689024390243853257e-02
2.066395663956588011e-02
1.060606060606056056e-01
1.679878048780485134e-01
9.439927732610615962e-02
0.000000000000000000e+00
1.100609756097556124e-01
1.042682926829264778e-01
6.188489516474095925e-02
7.113821138211350037e-02
1.084010840108400042e-01
4.158849280800454296e-02
5.589430894308899944e-02
8.621951219512177800e-02
1.100609756097556124e-01
2.630320420851252686e-02
4.401676829268276470e-02
5.081300813008099437e-02
9.674796747967460975e-02
3.048780487804800092e-03
8.993902439024373252e-02
7.372505543237219128e-02
1.609078590785905372e-01
6.097560975609750411e-02
9.936766034327002006e-02
2.010427712972770453e-02
1.259146341463411867e-01
4.197154471544667365e-02
6.543151969981216010e-02
1.782363977485924844e-01
1.321138211382110184e-01
5.589430894308923536e-02
4.933481152993345054e-02
1.067073170731704934e-01
3.143631436314360539e-02
3.048780487804849879e-02
8.536585365853639751e-02
9.027777777777754031e-02
7.321912504839320213e-02
5.372628726287247136e-02
1.524390243902429970e-02
3.756345177664970059e-02
3.045685279187815842e-01
1.533385396329556283e-01
1.943974431284073989e-01
2.800444162436546702e-01
1.045685279187816979e-01
2.969543147208120182e-01
1.522842639593907088e-01
2.321887130486709194e-01
2.156345177664974189e-01
5.177664974619280297e-02
2.883248730964463880e-01
1.484489565707838021e-01
2.969543147208120737e-01
1.395477618827870581e-01
5.888324873096439926e-02
4.878048780487800190e-02
2.370305845915600673e-01
2.489837398373979938e-01
1.164079822616405774e-01
1.300340328984682381e-01
8.333333333333330095e-02
4.126016260162602145e-01
2.881879299562227215e-01
1.498983739837397577e-01
3.983739837398374561e-01
2.743902439024389905e-02
1.828760162601623662e-01
2.395833333333333703e-01
1.829268292682925123e-01
1.268115942028985310e-01
5.792682926829260254e-02
4.679552390640889792e-02
2.134005363913805964e-01
1.481752288911495352e-01
1.747896051049662447e-01
2.337410395325179024e-01
9.053916581892160198e-02
3.811860451199806654e-01
1.858468972533062202e-01
2.389558667561304806e-01
3.445852214926476420e-01
5.493387589013219718e-02
1.559136906355409469e-01
2.019790992324051737e-01
3.329325811523164425e-01
1.220752797558491975e-01
6.612410986775170418e-02
5.906313645621179970e-02
1.880901684873171054e-01
1.619144602851324000e-01
1.832993890020364613e-01
2.338764426340799174e-01
9.368635437881869810e-02
2.701832993890019297e-01
2.199592668024438202e-01
2.676356230327712749e-01
2.822810590631362193e-01
4.073319755600809944e-02
1.614217199921160750e-01
1.275126184361993764e-01
2.443991853360488742e-01
1.877121520706041269e-01
5.498981670061099669e-02
4.892966360856260133e-02
2.120285423037715777e-01
2.788990825688073549e-01
1.610601427115186390e-01
2.525715874339725664e-01
9.276248725790009475e-02
2.915392456676861310e-01
2.739834635859100809e-01
1.376146788990824932e-01
2.663098878695207006e-01
4.587155963302749773e-02
1.603805640502887209e-01
2.242609582059119921e-01
2.103117120017167496e-01
2.086460939671949399e-01
5.198776758409780208e-02
5.204081632653059786e-02
2.409620991253641764e-01
2.454693877551018255e-01
1.743673469387751473e-01
2.743970315398886473e-01
1.081632653061223998e-01
2.678571428571425161e-01
2.755102040816326259e-01
2.568877551020408156e-01
3.277551020408163707e-01
5.816326530612239698e-02
1.852846401718579172e-01
1.197278911564623877e-01
3.401360544217683635e-01
1.000658327847267076e-01
7.040816326530610625e-02
7.113821138211375711e-03
5.464708056171407868e-02
5.420054200541992578e-02
4.573170731707263542e-02
4.878048780487772434e-02
1.612466124661237621e-01
7.899113082039900535e-02
5.629197596323733815e-02
8.317698561600979368e-02
8.993902439024382967e-02
7.679115853658480262e-02
5.396341463414611184e-02
5.250677506775069253e-02
1.028732446415362434e-01
6.605691056910467651e-02
5.081300813008015477e-02
6.656504065040647067e-02
1.469947735191636795e-01
1.679878048780489852e-01
1.321138211382109073e-01
1.422764227642271673e-01
2.439024390243880319e-02
2.479674796747954879e-01
8.689024390243781093e-02
2.066395663956558867e-02
1.060606060606045509e-01
1.679878048780488464e-01
9.439927732610531308e-02
0.000000000000000000e+00
1.100609756097561676e-01
1.042682926829258533e-01
6.188489516474023067e-02
7.113821138211365303e-02
1.084010840108396989e-01
4.158849280800488990e-02
5.589430894308879821e-02
8.621951219512088982e-02
1.100609756097559455e-01
2.630320420851268645e-02
4.401676829268247326e-02
5.081300813008008538e-02
9.674796747967483179e-02
3.048780487804797056e-03
8.993902439024276108e-02
7.372505543237130310e-02
1.609078590785900098e-01
6.097560975609602613e-02
9.936766034327004782e-02
2.010427712972747555e-02
1.259146341463411034e-01
4.197154471544562587e-02
6.543151969981149396e-02
1.782363977485917073e-01
1.321138211382104632e-01
5.589430894308891618e-02
4.933481152993327706e-02
1.067073170731696469e-01
3.143631436314354294e-02
3.048780487804716652e-02
8.536585365853624485e-02
9.027777777777767909e-02
7.321912504839243885e-02
5.372628726287235340e-02
1.524390243902421817e-02
