2.139037433155080090e-02
3.686598606384702825e-02
9.506833036244800861e-02
8.021390374331549555e-02
3.565062388591799802e-02
4.991087344028522638e-02
1.108410306271269130e-01
2.115787026272960419e-02
9.378856437679969349e-02
1.051693404634581053e-01
2.072192513368984954e-02
5.258467023172905264e-02
4.297880768469002771e-02
8.491330416464105968e-02
9.803921568627450844e-02
6.238859180035649654e-02
2.122832604116026492e-02
8.250572956455309859e-02
1.117647058823529743e-01
8.021390374331549555e-02
3.565062388591799802e-02
2.317290552584670010e-02
2.174688057040999323e-01
7.112299465240642937e-02
6.040800158447220264e-02
1.860314373683358002e-01
2.235294117647059486e-01
9.586056644880176780e-02
7.052623420909867775e-03
2.032085561497326900e-02
1.320855614973262260e-01
6.679801107045689468e-02
1.069518716577540079e-01
1.188354129530599934e-01
4.168380638968875729e-02
5.347593582887700397e-02
1.080213903743315607e-01
1.016042780748663277e-01
1.291810841983852820e-01
6.004901960784313208e-02
6.238859180035649654e-02
1.497326203208556583e-01
1.426024955436720060e-02
1.051693404634581192e-01
8.313077297034518476e-02
1.128936423054070354e-01
1.069518716577540079e-01
8.714596949891068034e-02
6.347361078818880564e-02
3.155080213903743019e-02
3.155080213903743019e-02
1.147675853558206699e-01
6.252570958453312899e-02
1.069518716577540079e-01
8.714596949891069422e-02
5.047804245665209188e-02
9.803921568627450844e-02
4.824717765894236121e-02
1.069518716577540079e-01
7.843137254901960675e-02
8.526440879382056470e-02
9.820898056192177428e-02
3.624480095068329660e-02
1.426024955436720060e-02
3.565062388591799802e-02
1.105979581915410986e-01
1.335960221409137894e-01
1.222307104660046023e-01
1.140819964349376048e-01
1.502419149477973170e-01
1.062226543509965926e-01
5.642098736727894220e-02
1.153783827580619342e-01
1.458333333333333148e-01
9.144385026737969491e-02
6.631016042780749076e-02
1.247771836007129931e-01
1.782531194295899901e-01
5.074272133095661386e-02
1.782531194295899901e-01
2.438502673796792142e-01
1.426024955436719921e-01
3.743315508021390070e-02
2.584670231729055412e-01
1.416122004357298625e-01
2.105331388753849120e-01
2.821049368363947110e-02
6.096256684491980354e-02
1.888634241575418427e-01
2.257872846108140708e-01
1.117647058823529466e-01
2.495543672014260972e-01
1.693404634581105184e-01
1.108410306271269130e-01
9.744503862150921680e-02
1.515151515151514916e-01
2.149200710479572951e-01
2.628774422735346006e-01
2.895204262877442147e-01
2.326820603907636953e-01
6.227758007117430161e-02
1.850533807829179977e-01
1.370106761565835496e-01
2.044286279161723063e-01
1.618104982206403919e-01
7.473309608540920634e-02
4.163701067615654949e-01
1.281138790035585007e-01
2.712999790663595534e-01
3.219454329774611434e-01
7.829181494661920093e-02
2.918149466192168084e-01
1.486753657572160159e-01
2.201957295373665469e-01
1.790682626981557612e-01
5.871886120996439723e-02
2.139037433155080090e-02
3.686598606384702825e-02
9.506833036244800861e-02
8.021390374331549555e-02
3.565062388591799802e-02
4.991087344028522638e-02
1.108410306271269130e-01
2.115787026272960419e-02
9.378856437679969349e-02
1.051693404634581053e-01
2.072192513368984954e-02
5.258467023172905264e-02
4.297880768469002771e-02
8.491330416464105968e-02
9.803921568627450844e-02
6.238859180035649654e-02
2.122832604116026492e-02
8.250572956455309859e-02
1.117647058823529743e-01
8.021390374331549555e-02
3.565062388591799802e-02
2.317290552584670010e-02
2.174688057040999323e-01
7.112299465240642937e-02
6.040800158447220264e-02
1.860314373683358002e-01
2.235294117647059486e-01
9.586056644880176780e-02
7.052623420909867775e-03
2.032085561497326900e-02
1.320855614973262260e-01
6.679801107045689468e-02
1.069518716577540079e-01
1.188354129530599934e-01
4.168380638968875729e-02
5.347593582887700397e-02
1.080213903743315607e-01
1.016042780748663277e-01
1.291810841983852820e-01
6.004901960784313208e-02
6.238859180035649654e-02
1.497326203208556583e-01
1.426024955436720060e-02
1.051693404634581192e-01
8.313077297034518476e-02
1.128936423054070354e-01
1.069518716577540079e-01
8.714596949891068034e-02
6.347361078818880564e-02
3.155080213903743019e-02
3.155080213903743019e-02
1.147675853558206699e-01
6.252570958453312899e-02
1.069518716577540079e-01
8.714596949891069422e-02
5.047804245665209188e-02
9.803921568627450844e-02
4.824717765894236121e-02
1.069518716577540079e-01
7.843137254901960675e-02
8.526440879382056470e-02
9.820898056192177428e-02
3.624480095068329660e-02
1.426024955436720060e-02
6.227758007117430161e-02
1.850533807829179977e-01
1.370106761565835496e-01
2.044286279161723063e-01
1.618104982206403919e-01
7.473309608540920634e-02
4.163701067615654949e-01
1.281138790035585007e-01
2.712999790663595534e-01
3.219454329774611434e-01
7.829181494661920093e-02
2.918149466192168084e-01
1.486753657572160159e-01
2.201957295373665469e-01
1.790682626981557612e-01
5.871886120996439723e-02
5.882352941176469813e-02
1.526186232068585114e-01
2.941176470588234837e-01
1.166747690811862220e-01
6.516602412635244534e-02
6.595365418894830190e-02
4.135472370766489214e-01
2.423556835321541425e-01
1.916221033868092671e-01
4.083616917841516591e-01
6.773618538324420457e-02
1.945632798573974920e-01
2.009803921568627250e-01
1.559714795008912414e-01
1.779431140044950566e-01
6.238859180035649654e-02
5.892857142857139963e-02
1.582792207792205752e-01
1.454799107142856485e-01
1.680194805194802632e-01
1.727574750830563610e-01
8.035714285714279370e-02
4.683823529411764719e-01
9.698660714285693707e-02
3.058510638297872730e-01
2.454545454545454808e-01
8.035714285714279370e-02
2.842105263157894135e-01
1.551136363636363980e-01
3.141233766233763047e-01
1.875000000000000000e-01
5.714285714285709944e-02
4.651162790697670191e-02
1.835664335664335955e-01
1.771019677996421848e-01
1.756383151731987780e-01
1.527529318226993060e-01
7.513416815742389454e-02
2.904472271914131931e-01
1.932021466905186058e-01
4.509676370141484369e-01
2.691949910554559122e-01
7.692307692307689959e-02
1.530382595648910604e-01
1.330014777941974091e-01
1.584462049578328480e-01
2.303054396077650057e-01
6.618962432915920235e-02
3.942652329749100210e-02
2.122660294703303807e-01
2.360812425328553121e-01
1.866243075920493988e-01
2.252362333007492667e-01
7.706093189964149937e-02
3.028673835125445524e-01
1.820987654320985749e-01
2.096774193548384679e-01
2.217741935483868443e-01
8.243727598566299997e-02
2.013995562382657201e-01
1.792114695340500108e-01
1.320505564987736746e-01
3.217660475724989366e-01
5.555555555555549696e-02
4.667863554757629985e-02
2.231341369581940903e-01
2.089766606822260064e-01
2.045242369838418117e-01
2.058919536477883949e-01
7.181328545780969741e-02
3.515858767205266577e-01
2.215952808412411934e-01
2.643626570915619811e-01
4.368641532016755979e-01
8.797127468581679433e-02
2.196919588018520220e-01
1.675643327348890488e-01
1.795332136445241811e-01
1.540510800949786707e-01
6.463195691202870685e-02
2.139037433155079743e-02
3.686598606384609150e-02
9.506833036244739799e-02
8.021390374331517636e-02
3.565062388591709597e-02
4.991087344028513617e-02
1.108410306271268436e-01
2.115787026272950358e-02
9.378856437679881919e-02
1.051693404634575502e-01
2.072192513368854155e-02
5.258467023172776200e-02
4.297880768468929219e-02
8.491330416463971353e-02
9.803921568627314842e-02
6.238859180035623286e-02
2.122832604115973409e-02
8.250572956455204388e-02
1.117647058823527523e-01
8.021390374331512085e-02
3.565062388591751230e-02
2.317290552584651275e-02
2.174688057040995437e-01
7.112299465240611018e-02
6.040800158447186957e-02
1.860314373683356892e-01
2.235294117647042000e-01
9.586056644880135147e-02
7.052623420909500014e-03
2.032085561497317186e-02
1.320855614973257819e-01
6.679801107045632569e-02
1.069518716577525785e-01
1.188354129530592995e-01
4.168380638968819524e-02
5.347593582887679581e-02
1.080213903743309084e-01
1.016042780748661889e-01
1.291810841983836167e-01
6.004901960784288922e-02
6.238859180035516427e-02
1.497326203208547701e-01
1.426024955436683110e-02
1.051693404634578138e-01
8.313077297034489332e-02
1.128936423054065913e-01
1.069518716577536332e-01
8.714596949890998645e-02
6.347361078818855584e-02
3.155080213903732611e-02
3.155080213903734693e-02
1.147675853558207532e-01
6.252570958453289307e-02
1.069518716577534251e-01
8.714596949891040278e-02
5.047804245665119677e-02
9.803921568627314842e-02
4.824717765894215304e-02
1.069518716577536332e-01
7.843137254901955124e-02
8.526440879382021776e-02
9.820898056192145509e-02
3.624480095068247087e-02
1.426024955436703927e-02
