1.782820097244729868e-02
6.703992927655785805e-02
1.080497028633133419e-02
4.862236628849250092e-02
3.889789303079400212e-02
9.076175040518603965e-02
6.718726978046238307e-02
5.771263476851522939e-02
8.527615010597179579e-02
7.649918962722820903e-02
1.884116693679085269e-02
9.562398703403231226e-03
3.349540788762816329e-02
8.685722705171645963e-02
4.862236628849250092e-02
5.672609400324099549e-02
5.790481803447743853e-02
1.219032183375779316e-01
1.385737439222039513e-01
8.103727714748749922e-02
1.215559157212314917e-01
2.106969205834680059e-02
2.197010624887447139e-01
7.390599675850863248e-02
1.098505312443686342e-02
1.691468984823921440e-01
1.385737439222039513e-01
9.508373851971869961e-02
6.412514974279249526e-03
9.238249594813577326e-02
2.771474878444085133e-01
4.555147999658772096e-02
4.862236628849250092e-02
5.402485143165799975e-02
2.842538336865687090e-02
7.293354943273899771e-02
5.893030794165312475e-02
1.478119935170178201e-01
8.389741634092826028e-02
1.169975688816853182e-01
4.051863857374349287e-02
9.076175040518602577e-02
9.724473257698500531e-03
1.161148413984716132e-01
2.519522616767313344e-02
1.539708265802266218e-01
1.053484602917340029e-01
1.030073833963621593e-01
3.206257487139703433e-02
6.693679092382437412e-02
1.912479740680705226e-02
3.478369280638275024e-02
1.326517890537334265e-01
1.215559157212314917e-01
3.961822438321611906e-02
9.834978635626914767e-02
6.482982171799001048e-02
1.065370070232304484e-01
1.215559157212314917e-01
9.076175040518599801e-02
7.752566180442937993e-02
9.616423554835187848e-02
3.295515937331137263e-02
2.755267423014580094e-02
4.538087520259310309e-02
1.541918373360837147e-01
5.314339332935209825e-02
9.029868025005773069e-02
1.296596434359804095e-01
1.980782588562165492e-01
8.398408722557823558e-02
6.412514974279447111e-02
1.573596581700307251e-01
1.793962722852511793e-01
9.238249594813577326e-02
3.391410048622364032e-02
1.458670988654779954e-01
1.296596434359804928e-01
7.250135062128568175e-02
2.106969205834680059e-01
4.157212317666124091e-01
2.431118314424635107e-01
3.079416531604529939e-02
2.056320907617501248e-01
4.952278047901984004e-02
1.640783851480769884e-01
1.923754492283814496e-02
1.200972447325768105e-01
1.373774793547888340e-01
2.052944354403024030e-01
1.200972447325767689e-01
2.359805510534842554e-01
1.620745542949755258e-01
8.398408722557797190e-02
6.645056726093975796e-02
1.782820097244730007e-01
1.809369951534733068e-01
3.053311793214862901e-01
2.520193861066236107e-01
2.617124394184168201e-01
4.530744336569569874e-02
2.265372168284787990e-01
1.006348020911126684e-01
1.577370250509405603e-01
2.158171521035597840e-01
9.061488673139149463e-02
3.058252427184462441e-01
2.281553398058249749e-01
1.773272415762421894e-01
3.182308522114347116e-01
6.148867313915849786e-02
2.847896440129448203e-01
9.576890806664256628e-02
2.912621359223299122e-01
2.144748455428066580e-01
6.957928802588990436e-02
1.782820097244729868e-02
6.703992927655785805e-02
1.080497028633133419e-02
4.862236628849250092e-02
3.889789303079400212e-02
9.076175040518603965e-02
6.718726978046238307e-02
5.771263476851522939e-02
8.527615010597179579e-02
7.649918962722820903e-02
1.884116693679085269e-02
9.562398703403231226e-03
3.349540788762816329e-02
8.685722705171645963e-02
4.862236628849250092e-02
5.672609400324099549e-02
5.790481803447743853e-02
1.219032183375779316e-01
1.385737439222039513e-01
8.103727714748749922e-02
1.215559157212314917e-01
2.106969205834680059e-02
2.197010624887447139e-01
7.390599675850863248e-02
1.098505312443686342e-02
1.691468984823921440e-01
1.385737439222039513e-01
9.508373851971869961e-02
6.412514974279249526e-03
9.238249594813577326e-02
2.771474878444085133e-01
4.555147999658772096e-02
4.862236628849250092e-02
5.402485143165799975e-02
2.842538336865687090e-02
7.293354943273899771e-02
5.893030794165312475e-02
1.478119935170178201e-01
8.389741634092826028e-02
1.169975688816853182e-01
4.051863857374349287e-02
9.076175040518602577e-02
9.724473257698500531e-03
1.161148413984716132e-01
2.519522616767313344e-02
1.539708265802266218e-01
1.053484602917340029e-01
1.030073833963621593e-01
3.206257487139703433e-02
6.693679092382437412e-02
1.912479740680705226e-02
3.478369280638275024e-02
1.326517890537334265e-01
1.215559157212314917e-01
3.961822438321611906e-02
9.834978635626914767e-02
6.482982171799001048e-02
1.065370070232304484e-01
1.215559157212314917e-01
9.076175040518599801e-02
7.752566180442937993e-02
9.616423554835187848e-02
3.295515937331137263e-02
2.755267423014580094e-02
4.530744336569569874e-02
2.265372168284787990e-01
1.006348020911126684e-01
1.577370250509405603e-01
2.158171521035597840e-01
9.061488673139149463e-02
3.058252427184462441e-01
2.281553398058249749e-01
1.773272415762421894e-01
3.182308522114347116e-01
6.148867313915849786e-02
2.847896440129448203e-01
9.576890806664256628e-02
2.912621359223299122e-01
2.144748455428066580e-01
6.957928802588990436e-02
5.186385737439219712e-02
1.866172725167862534e-01
1.377633711507290082e-01
1.016649476941211133e-01
1.135652632769213188e-01
8.103727714748780453e-02
4.700162074554293801e-01
2.266550305448197244e-01
9.319286871961099394e-02
3.795491380580521268e-01
5.186385737439219712e-02
2.581847649918960763e-01
1.882766072393299850e-01
2.147487844408427493e-01
1.502360651116902146e-01
7.941653160453800153e-02
3.409090909090899818e-02
1.438902007083825152e-01
1.082081980519479653e-01
2.191558441558439096e-01
1.619601328903652604e-01
9.902597402597400345e-02
4.084224598930481509e-01
1.883624188311688319e-01
2.144929538546558323e-01
3.187721369539549543e-01
7.629870129870129636e-02
1.961722488038275536e-01
2.014462809917355879e-01
3.785419126328216644e-01
1.655844155844153065e-01
6.655844155844149734e-02
2.764227642276419900e-02
1.716186252771617349e-01
1.414634146341461896e-01
1.929046563192903241e-01
2.250225835591687651e-01
8.943089430894299308e-02
2.704390243902436985e-01
2.146341463414632167e-01
2.267553584626752772e-01
2.382439024390241855e-01
6.829268292682920405e-02
2.045633359559399789e-01
1.336161187698832464e-01
2.787456445993031773e-01
1.950617283950615566e-01
6.341463414634139484e-02
3.094462540716609936e-02
1.929062613101699408e-01
2.475570032573286283e-01
1.228161089724606747e-01
2.573289902280127550e-01
8.631921824104230034e-02
3.317046688382194186e-01
2.348896127397752942e-01
1.221498371335502930e-01
2.575325732899023112e-01
4.723127035830609888e-02
2.470916705444391182e-01
1.498371335504883883e-01
2.256128921652665598e-01
2.807225347941960658e-01
7.003257328990220021e-02
3.752039151712879828e-02
2.365415986949425120e-01
1.772267536704730251e-01
1.451876019575853438e-01
2.322408423550347267e-01
8.972267536704729707e-02
3.466557911908645928e-01
2.831507807037987323e-01
2.247145187601954364e-01
3.731375747688961964e-01
6.199021207177810022e-02
2.575770584699921262e-01
1.000543773790101287e-01
3.398586188145729103e-01
1.479766352681153585e-01
8.319738988580749339e-02
1.782820097244709051e-02
6.703992927655746947e-02
1.080497028632992733e-02
4.862236628849156417e-02
3.889789303079378008e-02
9.076175040518583148e-02
6.718726978046117571e-02
5.771263476851463958e-02
8.527615010597178191e-02
7.649918962722687676e-02
1.884116693679012411e-02
9.562398703403363065e-03
3.349540788762755267e-02
8.685722705171561309e-02
4.862236628849161968e-02
5.672609400324046119e-02
5.790481803447712628e-02
1.219032183375774597e-01
1.385737439222042566e-01
8.103727714748665267e-02
1.215559157212309782e-01
2.106969205834676589e-02
2.197010624887447139e-01
7.390599675850872963e-02
1.098505312443551554e-02
1.691468984823909505e-01
1.385737439222038125e-01
9.508373851971876900e-02
6.412514974279181004e-03
9.238249594813519039e-02
2.771474878444086243e-01
4.555147999658772789e-02
4.862236628849218867e-02
5.402485143165785403e-02
2.842538336865711029e-02
7.293354943273890056e-02
5.893030794165216718e-02
1.478119935170167931e-01
8.389741634092719169e-02
1.169975688816848602e-01
4.051863857374303490e-02
9.076175040518484616e-02
9.724473257698510939e-03
1.161148413984706834e-01
2.519522616767294609e-02
1.539708265802260112e-01
1.053484602917339613e-01
1.030073833963614516e-01
3.206257487139679146e-02
6.693679092382497087e-02
1.912479740680672613e-02
3.478369280638211186e-02
1.326517890537339817e-01
1.215559157212316305e-01
3.961822438321561252e-02
9.834978635626853705e-02
6.482982171798883086e-02
1.065370070232298655e-01
1.215559157212317554e-01
9.076175040518526249e-02
7.752566180442865829e-02
9.616423554835187848e-02
3.295515937331085221e-02
2.755267423014581829e-02
