2.603369065849920130e-02
2.533760267297764310e-02
8.167432363450734256e-02
1.454823889739659815e-01
5.513016845329239690e-02
7.861153649821317480e-02
4.761241820966129190e-02
4.847193554830545731e-02
2.685828719519355035e-02
1.174578866768755114e-01
5.340735068912665084e-02
9.035222052067359844e-02
4.747320061255733831e-02
1.641375469859387426e-01
8.422664624808549882e-02
1.454823889739659815e-01
1.094250313239589767e-01
9.746226208707038652e-02
1.222052067381312057e-01
1.225114854517610069e-01
9.188361408882050885e-02
1.990811638591110169e-02
7.265611706652994051e-02
9.601837672281750280e-02
7.265611706652994051e-02
1.141584296255044179e-01
1.745788667687580425e-02
3.743406499914889857e-02
3.029495971769066015e-02
1.047473200612554084e-01
8.728943338437959720e-02
1.147739179495445433e-01
8.422664624808549882e-02
1.225114854517606738e-01
4.476381199198924826e-02
2.297090352220500231e-02
7.424196018376698347e-02
8.728943338437959720e-02
3.963606882262824677e-02
5.895865237365998518e-02
5.359877488514500077e-02
1.715160796324640552e-02
1.225114854517610034e-02
6.453730037190929560e-03
5.554782124460484055e-02
5.819295558958602343e-02
3.828483920367499460e-02
6.738131699846849898e-02
4.847193554830545731e-02
6.324655436447110257e-02
4.517611026033650085e-02
1.971963717752382439e-01
1.880080103663560043e-01
6.891271056661549266e-02
5.615109749872334438e-02
9.912292913824302665e-02
1.071975497702905011e-01
5.921388463501772725e-02
1.531393568146999923e-02
6.738131699846840184e-02
1.778968861664112500e-01
1.038430686210165127e-01
6.850433894844287774e-02
5.666156202143950160e-02
8.269525267993869944e-02
8.234720868717776421e-02
1.721608769243168080e-01
2.493983810982279004e-01
1.225114854517607987e-01
7.744476044629158840e-02
4.364471669218976391e-02
1.090618549836871592e-01
1.177084783516634398e-01
1.547664624808571532e-01
1.483920367534455054e-01
9.613323124042863488e-02
1.607963246554360015e-01
2.067381316998465057e-01
1.432363450740172794e-01
1.225114854517610069e-01
2.094946401225113719e-01
1.071975497702905011e-01
3.215926493108720030e-02
4.996171516079624814e-02
1.216607112472345431e-01
9.689544758457468987e-02
6.058991943538171582e-02
1.483920367534455054e-01
1.752351782979651995e-01
1.745788667687593332e-01
9.601837672281775260e-02
1.029096477794790021e-01
1.225114854517610069e-01
1.110956424892101807e-01
1.308065339458906184e-01
2.679938744257270300e-01
2.625954198473282042e-01
2.503816793893129944e-01
1.694656488549617923e-01
3.175572519083968981e-01
7.339449541284399914e-02
2.079510703363912083e-01
1.449070806868969497e-01
3.034318722392116419e-01
2.502866972477063578e-01
6.574923547400610135e-02
1.651376146788990085e-01
1.972477064220183041e-01
2.258499730167296271e-01
2.104994903160039288e-01
2.752293577981650141e-02
1.651376146788987864e-01
2.022879148261410853e-01
2.981651376146787213e-01
1.388657214345287438e-01
1.238532110091743049e-01
2.603369065849920130e-02
2.533760267297764310e-02
8.167432363450734256e-02
1.454823889739659815e-01
5.513016845329239690e-02
7.861153649821317480e-02
4.761241820966129190e-02
4.847193554830545731e-02
2.685828719519355035e-02
1.174578866768755114e-01
5.340735068912665084e-02
9.035222052067359844e-02
4.747320061255733831e-02
1.641375469859387426e-01
8.422664624808549882e-02
1.454823889739659815e-01
1.094250313239589767e-01
9.746226208707038652e-02
1.222052067381312057e-01
1.225114854517610069e-01
9.188361408882050885e-02
1.990811638591110169e-02
7.265611706652994051e-02
9.601837672281750280e-02
7.265611706652994051e-02
1.141584296255044179e-01
1.745788667687580425e-02
3.743406499914889857e-02
3.029495971769066015e-02
1.047473200612554084e-01
8.728943338437959720e-02
1.147739179495445433e-01
8.422664624808549882e-02
1.225114854517606738e-01
4.476381199198924826e-02
2.297090352220500231e-02
7.424196018376698347e-02
8.728943338437959720e-02
3.963606882262824677e-02
5.895865237365998518e-02
5.359877488514500077e-02
1.715160796324640552e-02
1.225114854517610034e-02
6.453730037190929560e-03
5.554782124460484055e-02
5.819295558958602343e-02
3.828483920367499460e-02
6.738131699846849898e-02
4.847193554830545731e-02
6.324655436447110257e-02
4.517611026033650085e-02
1.971963717752382439e-01
1.880080103663560043e-01
6.891271056661549266e-02
5.615109749872334438e-02
9.912292913824302665e-02
1.071975497702905011e-01
5.921388463501772725e-02
1.531393568146999923e-02
6.738131699846840184e-02
1.778968861664112500e-01
1.038430686210165127e-01
6.850433894844287774e-02
5.666156202143950160e-02
7.339449541284399914e-02
2.079510703363912083e-01
1.449070806868969497e-01
3.034318722392116419e-01
2.502866972477063578e-01
6.574923547400610135e-02
1.651376146788990085e-01
1.972477064220183041e-01
2.258499730167296271e-01
2.104994903160039288e-01
2.752293577981650141e-02
1.651376146788987864e-01
2.022879148261410853e-01
2.981651376146787213e-01
1.388657214345287438e-01
1.238532110091743049e-01
5.819295558958650222e-02
2.079778312550134012e-01
2.373660030627869899e-01
2.338855631351801634e-01
1.679546992414256701e-01
7.044410413476259736e-02
1.831929555895863704e-01
2.855460007067968653e-01
1.416539050535987609e-01
2.338855631351802467e-01
3.522205206738129868e-02
9.486983154670725060e-02
3.139356814701377840e-01
1.607963246554362513e-01
1.310340235701443756e-01
1.255742725880550914e-01
9.662576687116559981e-02
1.540713887339651977e-01
9.087423312883424753e-02
3.137200223089791074e-01
1.391068626052218427e-01
6.901840490797539474e-02
2.298809094189822322e-01
2.233991564417176223e-01
1.876386894661267180e-01
1.882320133853871702e-01
4.141104294478519660e-02
1.536971262512105973e-01
3.362381483547128291e-01
3.764640267707752286e-01
1.472392638036806867e-01
9.662576687116559981e-02
7.834101382488470322e-02
1.846459991621282326e-01
9.216589861751130208e-02
3.707582739840802333e-01
2.035330261136712171e-01
6.605222734254989625e-02
1.764055299539170618e-01
2.073732718894008009e-01
2.224549643904478180e-01
1.581566820276497087e-01
4.147465437788010190e-02
1.198156682027649300e-01
2.885193348026448001e-01
2.369980250164580027e-01
1.528133356090342898e-01
1.090629800307219011e-01
6.615384615384610478e-02
2.177777777777775703e-01
2.260512820512820820e-01
2.762237762237761962e-01
2.430769230769227740e-01
5.230769230769229811e-02
1.999999999999998446e-01
2.723076923076920841e-01
1.430769230769228240e-01
1.745192307692305378e-01
2.923076923076919909e-02
1.210256410256408122e-01
3.261538461538460165e-01
2.176518218623480216e-01
1.767832167832167345e-01
1.123076923076923028e-01
7.704160246533120482e-02
2.489544353951129163e-01
1.554391371340521910e-01
3.071802773497687156e-01
2.315450343185317394e-01
6.779661016949149743e-02
1.605033384694400100e-01
3.268765133171913639e-01
1.976117103235743855e-01
2.549563430919359885e-01
3.389830508474570014e-02
1.703024896602059468e-01
2.300975860297893028e-01
3.017462763225475242e-01
1.359908544162234389e-01
1.016949152542372947e-01
2.603369065849920824e-02
2.533760267297690758e-02
8.167432363450591315e-02
1.454823889739662868e-01
5.513016845329222343e-02
7.861153649821271683e-02
4.761241820966114618e-02
4.847193554830550588e-02
2.685828719519219032e-02
1.174578866768752061e-01
5.340735068912645656e-02
9.035222052067229392e-02
4.747320061255688728e-02
1.641375469859376601e-01
8.422664624808438860e-02
1.454823889739656206e-01
1.094250313239583383e-01
9.746226208706991467e-02
1.222052067381315110e-01
1.225114854517611040e-01
9.188361408881980108e-02
1.990811638591094210e-02
7.265611706652971846e-02
9.601837672281664238e-02
7.265611706653039847e-02
1.141584296255028497e-01
1.745788667687409382e-02
3.743406499914815611e-02
3.029495971769044158e-02
1.047473200612556721e-01
8.728943338437901434e-02
1.147739179495441270e-01
8.422664624808480494e-02
1.225114854517596469e-01
4.476381199198947031e-02
2.297090352220376372e-02
7.424196018376635897e-02
8.728943338437832045e-02
3.963606882262699083e-02
5.895865237366000600e-02
5.359877488514450117e-02
1.715160796324471937e-02
1.225114854517576554e-02
6.453730037190633789e-03
5.554782124460388992e-02
5.819295558958561404e-02
3.828483920367491827e-02
6.738131699846836020e-02
4.847193554830456913e-02
6.324655436447101930e-02
4.517611026033527960e-02
1.971963717752373280e-01
1.880080103663560043e-01
6.891271056661518735e-02
5.615109749872299744e-02
9.912292913824273521e-02
1.071975497702896130e-01
5.921388463501726929e-02
1.531393568146928973e-02
6.738131699846834632e-02
1.778968861664115275e-01
1.038430686210161102e-01
6.850433894844289162e-02
5.666156202143944609e-02
