9.063444108761300674e-03
1.124691018950834398e-01
7.049345417925467761e-02
7.552870090634400402e-02
8.459214501510560480e-02
1.480362537764348396e-01
6.262015929689644655e-02
3.585971364770776382e-02
7.064838484778061811e-02
7.129909365558909085e-02
3.512084592144985862e-02
4.456193353474296320e-02
1.560926485397762069e-02
1.529112881076627461e-01
9.063444108761301021e-02
7.552870090634400402e-02
1.079373798407027712e-01
1.835347432024166114e-01
8.610271903323218901e-02
1.208459214501510087e-01
1.057401812688820025e-01
2.567975830815710098e-02
2.047667002349778664e-01
1.291540785498488664e-01
3.071500503524630943e-02
1.238670694864043575e-01
1.549848942598182899e-01
5.169519973145343672e-02
0.000000000000000000e+00
4.305135951661609450e-02
1.808157099697882686e-01
8.491016059786904435e-02
1.435045317220539907e-01
6.042296072507533783e-02
6.181733674180796972e-02
5.287009063444100126e-02
9.154078549848936042e-02
1.463746223564955373e-01
7.819441976186204679e-02
3.634818731117805263e-02
9.818731117824749943e-02
1.015105740181266036e-01
1.208459214501510053e-02
7.639188605955955780e-02
4.696511947267220655e-02
5.740181268882159349e-02
1.057401812688820025e-01
1.477005706612920417e-02
2.390647576513837622e-02
3.564954682779425399e-02
8.912386706948121143e-03
9.725772716709207844e-02
1.412967696955612362e-01
8.308157099697850712e-02
1.846257133266150652e-02
7.333150233452327693e-02
1.132930513595165056e-01
9.345417925478345655e-02
1.132930513595165056e-01
2.416918429002999982e-02
9.290030211480300448e-02
8.322543518918125438e-02
1.228600201409837944e-02
1.661631419939570142e-02
2.567975830815710098e-02
1.249656687723150750e-01
1.344410876132927091e-01
1.294777729823044510e-01
1.087613293051356012e-01
2.100776866637893703e-01
5.870639934084037614e-02
6.574280835413083557e-02
1.222191705575389198e-01
9.450528700906322965e-02
1.635951661631416254e-01
4.214501510574004961e-02
1.812688821752264923e-01
2.114803625377640051e-01
8.600201409869069613e-02
2.643504531722050133e-01
2.669184290030210405e-01
2.190332326283984943e-01
3.776435045317220324e-02
2.080815709969787153e-01
4.615642833165467529e-02
1.338093930238943297e-01
5.976618941284297416e-03
1.033232628398788600e-01
2.048626096964465404e-01
1.148036253776431870e-01
1.334592145015104647e-01
2.453172205438064191e-01
1.812688821752264923e-01
7.827519912112017308e-02
6.709466263846913803e-02
2.341389728096675005e-01
2.364457831325300907e-01
3.057228915662650870e-01
2.409638554216866901e-01
2.168674698795179934e-01
6.184012066365000143e-02
2.956259426847659966e-01
1.116718876899872176e-01
2.205463381933967792e-01
2.697492458521870695e-01
9.954751131221710458e-02
2.714932126696828485e-01
1.719457013574660076e-01
2.802768166089965596e-01
2.788335847159373326e-01
6.787330316742079539e-02
1.689291101055803990e-01
9.451985922574146493e-02
2.319004524886875696e-01
1.851090086384203359e-01
5.279034690799389723e-02
9.063444108761300674e-03
1.124691018950834398e-01
7.049345417925467761e-02
7.552870090634400402e-02
8.459214501510560480e-02
1.480362537764348396e-01
6.262015929689644655e-02
3.585971364770776382e-02
7.064838484778061811e-02
7.129909365558909085e-02
3.512084592144985862e-02
4.456193353474296320e-02
1.560926485397762069e-02
1.529112881076627461e-01
9.063444108761301021e-02
7.552870090634400402e-02
1.079373798407027712e-01
1.835347432024166114e-01
8.610271903323218901e-02
1.208459214501510087e-01
1.057401812688820025e-01
2.567975830815710098e-02
2.047667002349778664e-01
1.291540785498488664e-01
3.071500503524630943e-02
1.238670694864043575e-01
1.549848942598182899e-01
5.169519973145343672e-02
0.000000000000000000e+00
4.305135951661609450e-02
1.808157099697882686e-01
8.491016059786904435e-02
1.435045317220539907e-01
6.042296072507533783e-02
6.181733674180796972e-02
5.287009063444100126e-02
9.154078549848936042e-02
1.463746223564955373e-01
7.819441976186204679e-02
3.634818731117805263e-02
9.818731117824749943e-02
1.015105740181266036e-01
1.208459214501510053e-02
7.639188605955955780e-02
4.696511947267220655e-02
5.740181268882159349e-02
1.057401812688820025e-01
1.477005706612920417e-02
2.390647576513837622e-02
3.564954682779425399e-02
8.912386706948121143e-03
9.725772716709207844e-02
1.412967696955612362e-01
8.308157099697850712e-02
1.846257133266150652e-02
7.333150233452327693e-02
1.132930513595165056e-01
9.345417925478345655e-02
1.132930513595165056e-01
2.416918429002999982e-02
9.290030211480300448e-02
8.322543518918125438e-02
1.228600201409837944e-02
1.661631419939570142e-02
6.184012066365000143e-02
2.956259426847659966e-01
1.116718876899872176e-01
2.205463381933967792e-01
2.697492458521870695e-01
9.954751131221710458e-02
2.714932126696828485e-01
1.719457013574660076e-01
2.802768166089965596e-01
2.788335847159373326e-01
6.787330316742079539e-02
1.689291101055803990e-01
9.451985922574146493e-02
2.319004524886875696e-01
1.851090086384203359e-01
5.279034690799389723e-02
4.682779456193349871e-02
2.854265573298804815e-01
2.341389728096675005e-01
1.277121669870913967e-01
1.334574580200939831e-01
8.157099697885189515e-02
3.778323262839880514e-01
2.933999535207995057e-01
2.001510574018125210e-01
3.152979950563031819e-01
5.891238670694860097e-02
1.158610271903320610e-01
2.270896273917419328e-01
1.661631419939574861e-01
1.077104952055691900e-01
5.438066465256789772e-02
6.807866868381240444e-02
2.279603905927657104e-01
1.344553706505294544e-01
1.547242470086645783e-01
1.555078633501035534e-01
9.984871406959150431e-02
4.454035774672955306e-01
1.718040847201209587e-01
2.813274535680944655e-01
2.970705542566359214e-01
6.807866868381240444e-02
1.605223345807786361e-01
2.503094484940173725e-01
2.785036446155962353e-01
1.043872919818455008e-01
5.446293494704990135e-02
5.757575757575750242e-02
2.398760330578512678e-01
1.500000000000000222e-01
1.983471074380162291e-01
2.542929292929291263e-01
8.030303030303030665e-02
2.760000000000000231e-01
2.045454545454542805e-01
3.006887052341594146e-01
2.579999999999998406e-01
6.060606060606060080e-02
1.486803519061581369e-01
1.482213438735175137e-01
2.251082251082248686e-01
1.728956228956226582e-01
4.090909090909090190e-02
5.311077389984820291e-02
2.630247850278198962e-01
2.690945877592310076e-01
1.416747137536208956e-01
2.779004000551798526e-01
7.587253414264029383e-02
2.893272635306019525e-01
2.785365031192041374e-01
1.775417298937781996e-01
2.190819423368740582e-01
6.980273141122909919e-02
1.364260423440999126e-01
1.942336874051591999e-01
2.236243111572555897e-01
1.743688784659952196e-01
4.400606980273139707e-02
6.231003039513669656e-02
2.707338254450714632e-01
2.122796352583587454e-01
1.947720364741641064e-01
2.524177949709863200e-01
1.003039513677810995e-01
3.166160081053696063e-01
2.462006079027354299e-01
2.743161094224922381e-01
3.772036474164132680e-01
5.471124620060790339e-02
2.039673652215643618e-01
1.458966565349543998e-01
2.659574468085104670e-01
1.266790861849199923e-01
4.711246200607899920e-02
9.063444108761111589e-03
1.124691018950835647e-01
7.049345417925437229e-02
7.552870090634371258e-02
8.459214501510568807e-02
1.480362537764342568e-01
6.262015929689579430e-02
3.585971364770704911e-02
7.064838484778018790e-02
7.129909365558839696e-02
3.512084592144878309e-02
4.456193353474197788e-02
1.560926485397744375e-02
1.529112881076625796e-01
9.063444108761246898e-02
7.552870090634350442e-02
1.079373798407024382e-01
1.835347432024160286e-01
8.610271903323138409e-02
1.208459214501499263e-01
1.057401812688819887e-01
2.567975830815696220e-02
2.047667002349769227e-01
1.291540785498478949e-01
3.071500503524567452e-02
1.238670694864035526e-01
1.549848942598181789e-01
5.169519973145228486e-02
0.000000000000000000e+00
4.305135951661596266e-02
1.808157099697877135e-01
8.491016059786828107e-02
1.435045317220535466e-01
6.042296072507535865e-02
6.181733674180618643e-02
5.287009063443987023e-02
9.154078549848858326e-02
1.463746223564944271e-01
7.819441976186120025e-02
3.634818731117759466e-02
9.818731117824688881e-02
1.015105740181252297e-01
1.208459214501488889e-02
7.639188605955943290e-02
4.696511947267194287e-02
5.740181268882146165e-02
1.057401812688819054e-01
1.477005706612939499e-02
2.390647576513795294e-02
3.564954682779428174e-02
8.912386706947703074e-03
9.725772716709271681e-02
1.412967696955601260e-01
8.308157099697882630e-02
1.846257133266130182e-02
7.333150233452266631e-02
1.132930513595163252e-01
9.345417925478331778e-02
1.132930513595164501e-01
2.416918429002991656e-02
9.290030211480358735e-02
8.322543518918068539e-02
1.228600201409855291e-02
1.661631419939575346e-02
