1.955307262569829993e-02
3.466226510919239584e-02
5.586592178770933420e-02
1.955307262569830062e-01
4.469273743016759920e-02
5.214152700186222567e-02
4.342305738953772254e-02
4.420694680592666265e-02
3.266007735281450247e-02
1.153631284916199762e-01
1.136522346368714215e-01
1.648044692737386102e-02
3.848541278708876578e-02
6.653123412899950018e-02
2.094972067039105046e-01
5.586592178770950073e-02
8.316404266124893807e-02
8.080606544293653104e-02
1.751396648044692139e-01
6.983240223463650642e-02
6.983240223463650642e-02
8.379888268156400130e-03
7.572936064556180791e-02
1.273743016759777136e-01
1.893234016138994544e-02
1.249365159979681922e-01
7.960893854748564424e-02
4.096834264432019229e-02
1.105173670148136729e-02
9.553072625698300069e-02
1.592178770949718436e-01
6.542193472508052443e-02
1.256983240223459863e-01
7.448789571694600098e-02
3.266007735281450247e-02
5.586592178770950073e-02
7.899441340782115129e-02
3.184357541899413696e-02
1.301347354584288518e-01
9.409916201117306256e-02
6.983240223463650642e-02
9.385474860335171754e-02
1.117318435754189980e-02
1.412609736632083335e-01
4.342305738953772254e-02
8.845437616387293034e-02
9.776536312849150312e-02
9.559279950341394161e-02
6.631042020888978927e-02
4.944134078212276268e-02
1.648044692737386102e-02
7.993124194241515990e-02
1.633003867640736850e-01
1.536312849162010108e-01
0.000000000000000000e+00
3.390045708481453923e-02
1.536312849162010108e-01
5.400372439478556830e-02
1.536312849162010108e-01
6.703910614525120104e-02
1.145251396648041542e-01
1.065442936951314090e-01
1.135940409683395928e-02
2.513966480446919866e-02
4.469273743016759920e-02
1.155408836973081110e-01
1.046750955601293970e-01
2.154828411811650357e-01
1.117318435754187933e-01
1.883479648842777965e-01
4.342305738953771560e-02
5.525868350740802820e-02
5.650076180802409559e-02
1.881983240223461251e-01
2.388268156424580568e-01
5.195530726256984005e-02
1.117318435754190015e-01
2.793296089385469694e-01
6.815642458100538981e-02
1.675977653631284814e-01
3.343575418994410575e-01
2.234636871508380029e-01
1.955307262569829993e-02
9.113128491620087201e-02
1.707014276846633566e-02
1.767394616556627329e-01
2.210347340296313010e-02
1.273743016759777136e-01
2.130885873902632621e-01
1.592178770949716493e-01
9.553072625698323661e-02
1.251396648044693360e-01
2.234636871508380029e-01
8.684611477907544508e-02
1.145251396648044734e-01
2.932960893854745232e-01
2.388888888888889006e-01
2.333333333333333093e-01
2.611111111111111271e-01
2.666666666666666075e-01
7.520891364902500265e-02
1.671309192200556015e-01
1.402399828583671404e-01
2.618384401114203230e-01
2.195334261838439993e-01
5.571030640668520051e-02
2.005571030640664332e-01
1.838440111420611145e-01
2.521710634114366911e-01
2.739090064995355345e-01
7.520891364902500265e-02
2.451253481894148101e-01
1.357680800577733826e-01
2.506963788300833329e-01
2.256267409470751051e-01
6.963788300835649370e-02
1.955307262569829993e-02
3.466226510919239584e-02
5.586592178770933420e-02
1.955307262569830062e-01
4.469273743016759920e-02
5.214152700186222567e-02
4.342305738953772254e-02
4.420694680592666265e-02
3.266007735281450247e-02
1.153631284916199762e-01
1.136522346368714215e-01
1.648044692737386102e-02
3.848541278708876578e-02
6.653123412899950018e-02
2.094972067039105046e-01
5.586592178770950073e-02
8.316404266124893807e-02
8.080606544293653104e-02
1.751396648044692139e-01
6.983240223463650642e-02
6.983240223463650642e-02
8.379888268156400130e-03
7.572936064556180791e-02
1.273743016759777136e-01
1.893234016138994544e-02
1.249365159979681922e-01
7.960893854748564424e-02
4.096834264432019229e-02
1.105173670148136729e-02
9.553072625698300069e-02
1.592178770949718436e-01
6.542193472508052443e-02
1.256983240223459863e-01
7.448789571694600098e-02
3.266007735281450247e-02
5.586592178770950073e-02
7.899441340782115129e-02
3.184357541899413696e-02
1.301347354584288518e-01
9.409916201117306256e-02
6.983240223463650642e-02
9.385474860335171754e-02
1.117318435754189980e-02
1.412609736632083335e-01
4.342305738953772254e-02
8.845437616387293034e-02
9.776536312849150312e-02
9.559279950341394161e-02
6.631042020888978927e-02
4.944134078212276268e-02
1.648044692737386102e-02
7.993124194241515990e-02
1.633003867640736850e-01
1.536312849162010108e-01
0.000000000000000000e+00
3.390045708481453923e-02
1.536312849162010108e-01
5.400372439478556830e-02
1.536312849162010108e-01
6.703910614525120104e-02
1.145251396648041542e-01
1.065442936951314090e-01
1.135940409683395928e-02
2.513966480446919866e-02
7.520891364902500265e-02
1.671309192200556015e-01
1.402399828583671404e-01
2.618384401114203230e-01
2.195334261838439993e-01
5.571030640668520051e-02
2.005571030640664332e-01
1.838440111420611145e-01
2.521710634114366911e-01
2.739090064995355345e-01
7.520891364902500265e-02
2.451253481894148101e-01
1.357680800577733826e-01
2.506963788300833329e-01
2.256267409470751051e-01
6.963788300835649370e-02
4.748603351955300172e-02
1.484437350359136820e-01
3.910614525139665121e-01
1.752158456069070336e-01
1.021177081979992157e-01
5.586592178770939665e-02
3.037709497206703135e-01
2.278685002148687078e-01
1.675977653631284814e-01
2.417470797359062284e-01
6.145251396648040293e-02
2.472067039106143893e-01
3.149441340782120902e-01
1.955307262569832560e-01
1.294632013602134701e-01
6.145251396648040293e-02
5.602240896358540168e-02
1.572447160682453049e-01
2.074579831932771845e-01
1.948051948051947868e-01
1.609015699302975277e-01
6.722689075630250422e-02
2.549019607843136526e-01
1.590511204481791507e-01
3.426902675964003109e-01
2.200152788388080038e-01
6.162464985994389743e-02
2.394220846233227618e-01
2.549019607843134860e-01
2.750190985485103101e-01
1.932773109243696164e-01
7.563025210084030336e-02
5.617977528089879852e-02
1.564734422880489917e-01
2.106741573033708015e-01
2.528089887640447286e-01
2.150436953807739471e-01
5.056179775280889716e-02
2.447191011235952673e-01
1.432584269662920129e-01
3.465270684371807297e-01
2.002247191011232441e-01
4.494382022471909988e-02
2.403044581370059329e-01
1.868588177821200458e-01
2.166934189406097278e-01
2.383478984602578621e-01
6.460674157303369913e-02
6.197183098591540346e-02
1.953051643192488251e-01
2.569014084507039719e-01
2.225352112676053651e-01
2.528809218950064386e-01
4.788732394366190109e-02
2.197183098591546924e-01
2.031298904538338113e-01
1.521126760563377978e-01
1.742957746478870640e-01
7.605633802816899602e-02
2.215962441314553444e-01
2.366197183098588119e-01
1.909562638991845751e-01
2.933418693982073888e-01
6.478873239436619413e-02
5.367231638418069883e-02
2.223567393058914488e-01
2.301694915254234863e-01
2.715254237288132755e-01
2.457627118644066799e-01
6.214689265536720020e-02
2.236346516007529373e-01
1.961259079903146518e-01
2.951977401129943224e-01
2.749529190207155027e-01
7.344632768361579467e-02
2.564674397859051380e-01
1.732580037664780970e-01
2.471751412429375183e-01
1.731365044650992058e-01
7.627118644067790165e-02
1.955307262569814727e-02
3.466226510919163256e-02
5.586592178770895950e-02
1.955307262569831450e-01
4.469273743016684286e-02
5.214152700186212158e-02
4.342305738953665395e-02
4.420694680592628795e-02
3.266007735281446778e-02
1.153631284916193239e-01
1.136522346368704223e-01
1.648044692737432246e-02
3.848541278708877272e-02
6.653123412899897282e-02
2.094972067039106156e-01
5.586592178770865419e-02
8.316404266124838296e-02
8.080606544293579552e-02
1.751396648044691584e-01
6.983240223463658969e-02
6.983240223463579865e-02
8.379888268156217984e-03
7.572936064556164137e-02
1.273743016759771585e-01
1.893234016138861317e-02
1.249365159979673595e-01
7.960893854748490872e-02
4.096834264431959555e-02
1.105173670148081912e-02
9.553072625698322273e-02
1.592178770949716771e-01
6.542193472507995544e-02
1.256983240223451814e-01
7.448789571694459932e-02
3.266007735281449553e-02
5.586592178770949380e-02
7.899441340782065168e-02
3.184357541899354715e-02
1.301347354584287408e-01
9.409916201117203560e-02
6.983240223463614560e-02
9.385474860335096814e-02
1.117318435754177143e-02
1.412609736632070567e-01
4.342305738953786132e-02
8.845437616387309687e-02
9.776536312848997656e-02
9.559279950341349752e-02
6.631042020888995581e-02
4.944134078212217981e-02
1.648044692737432246e-02
7.993124194241398028e-02
1.633003867640734907e-01
1.536312849162004834e-01
0.000000000000000000e+00
3.390045708481438658e-02
1.536312849162010941e-01
5.400372439478564462e-02
1.536312849161995397e-01
6.703910614525085410e-02
1.145251396648036407e-01
1.065442936951308400e-01
1.135940409683320988e-02
2.513966480446916396e-02
