1.169590643274849920e-02
8.466241360978188357e-02
7.797270955165666595e-02
5.847953216374249252e-02
2.339181286549680064e-02
9.551656920077956914e-02
3.030303030302995693e-02
2.313755403000227612e-02
0.000000000000000000e+00
8.625730994152004671e-02
3.399122807017505160e-02
3.450292397660778554e-02
3.021442495126704098e-02
8.705475810738926012e-02
1.169590643274849850e-01
1.315789473684209898e-01
5.223285486443379061e-02
6.766917293233061514e-02
1.666666666666647562e-02
5.847953216374249252e-02
5.847953216374249252e-02
5.847953216374200160e-03
1.783625730994152503e-01
9.999999999999999167e-02
7.927225471085098951e-02
1.961722488038277201e-01
1.666666666666664631e-01
1.000649772579595281e-01
2.313755403000227612e-02
9.999999999999999167e-02
1.666666666666664631e-01
6.848261003385625045e-02
1.023391812865494938e-01
3.898635477582799991e-02
1.709401709401689798e-02
1.169590643274849850e-01
4.725146198830394717e-02
9.999999999999999167e-02
1.816305469556243335e-01
1.125730994152043113e-01
1.023391812865494938e-01
1.146198830409354830e-01
2.339181286549699840e-02
1.109022556390977243e-01
9.090909090909089774e-02
7.407407407407386180e-02
1.169590643274849850e-01
4.288499025341129672e-02
5.784388507500608928e-02
0.000000000000000000e+00
5.175438596491226118e-02
1.882591093117408632e-01
3.418803418803379596e-02
8.771929824561400246e-02
1.250812215724494136e-01
7.097288676236043758e-02
1.023391812865494938e-01
1.130604288499023613e-01
1.608187134502920002e-01
3.508771929824559821e-02
1.198830409356724802e-01
7.435254803675855895e-02
5.945419103313810683e-02
1.169590643274849920e-02
2.339181286549699840e-02
1.209463051568313158e-01
1.232686980609417893e-01
1.629072681704258896e-01
5.847953216374240232e-02
1.971595655806180347e-01
6.818181818181816289e-02
4.627510806000494775e-02
7.097288676236043758e-02
1.829312865497073615e-01
1.333333333333329429e-01
8.157894736842102867e-02
1.900584795321634823e-01
1.754385964912280049e-01
9.512670565302111525e-02
1.754385964912280049e-01
1.833333333333329596e-01
2.192982456140349923e-01
2.923976608187129830e-02
2.013888888888887285e-01
1.965562053281347255e-01
2.590111642743221365e-01
5.784388507500608928e-02
1.166666666666664604e-01
1.610971874129767389e-01
1.111111111111111049e-01
1.166666666666664326e-01
2.128654970760232024e-01
1.900584795321634823e-01
9.090909090909089774e-02
1.098927875243662089e-01
1.315789473684209898e-01
1.918604651162789942e-01
2.529069767441859962e-01
2.936046511627907196e-01
2.616279069767442067e-01
5.539358600583089987e-02
1.516034985422740067e-01
7.770800627943461047e-02
2.537522945686210840e-01
1.060495626822155063e-01
6.122448979591829654e-02
3.935860058309035292e-01
2.011661807580173988e-01
2.500428742925738801e-01
3.554907677356654028e-01
9.037900874635559911e-02
2.448979591836731862e-01
1.725515603066621884e-01
2.295918367346936606e-01
2.218393851046910059e-01
6.122448979591829654e-02
1.169590643274849920e-02
8.466241360978188357e-02
7.797270955165666595e-02
5.847953216374249252e-02
2.339181286549680064e-02
9.551656920077956914e-02
3.030303030302995693e-02
2.313755403000227612e-02
0.000000000000000000e+00
8.625730994152004671e-02
3.399122807017505160e-02
3.450292397660778554e-02
3.021442495126704098e-02
8.705475810738926012e-02
1.169590643274849850e-01
1.315789473684209898e-01
5.223285486443379061e-02
6.766917293233061514e-02
1.666666666666647562e-02
5.847953216374249252e-02
5.847953216374249252e-02
5.847953216374200160e-03
1.783625730994152503e-01
9.999999999999999167e-02
7.927225471085098951e-02
1.961722488038277201e-01
1.666666666666664631e-01
1.000649772579595281e-01
2.313755403000227612e-02
9.999999999999999167e-02
1.666666666666664631e-01
6.848261003385625045e-02
1.023391812865494938e-01
3.898635477582799991e-02
1.709401709401689798e-02
1.169590643274849850e-01
4.725146198830394717e-02
9.999999999999999167e-02
1.816305469556243335e-01
1.125730994152043113e-01
1.023391812865494938e-01
1.146198830409354830e-01
2.339181286549699840e-02
1.109022556390977243e-01
9.090909090909089774e-02
7.407407407407386180e-02
1.169590643274849850e-01
4.288499025341129672e-02
5.784388507500608928e-02
0.000000000000000000e+00
5.175438596491226118e-02
1.882591093117408632e-01
3.418803418803379596e-02
8.771929824561400246e-02
1.250812215724494136e-01
7.097288676236043758e-02
1.023391812865494938e-01
1.130604288499023613e-01
1.608187134502920002e-01
3.508771929824559821e-02
1.198830409356724802e-01
7.435254803675855895e-02
5.945419103313810683e-02
1.169590643274849920e-02
5.539358600583089987e-02
1.516034985422740067e-01
7.770800627943461047e-02
2.537522945686210840e-01
1.060495626822155063e-01
6.122448979591829654e-02
3.935860058309035292e-01
2.011661807580173988e-01
2.500428742925738801e-01
3.554907677356654028e-01
9.037900874635559911e-02
2.448979591836731862e-01
1.725515603066621884e-01
2.295918367346936606e-01
2.218393851046910059e-01
6.122448979591829654e-02
2.631578947368419866e-02
2.071846282372597214e-01
2.339181286549704974e-01
1.355661881977669458e-01
1.158030735754112389e-01
6.140350877192980034e-02
3.179824561403508110e-01
2.498875393612234042e-01
1.754385964912280049e-01
2.828282828282825956e-01
8.479532163742689588e-02
2.415204678362571356e-01
1.998050682261205691e-01
1.608187134502922500e-01
2.710399186371722502e-01
6.432748538011689998e-02
4.985337243401750246e-02
1.559584110903756426e-01
1.303152492668619433e-01
1.559584110903758369e-01
9.752438109527372667e-02
7.624633431085039992e-02
4.238399171985508529e-01
1.592741935483869276e-01
2.726648780183436593e-01
2.879232204745397206e-01
9.677419354838709409e-02
2.420126562741162779e-01
2.304718741668885518e-01
2.519328179152223735e-01
2.023460410557182954e-01
7.624633431085039992e-02
3.235294117647050105e-02
1.034759358288769721e-01
1.941176470588232839e-01
2.406417112299465422e-01
1.732026143790849904e-01
4.705882352941170160e-02
3.610588235294114323e-01
1.676470588235292047e-01
3.628342245989303883e-01
2.911764705882349813e-01
6.764705882352939348e-02
2.146110056925995546e-01
1.381074168797953583e-01
2.605042016806720095e-01
2.151416122004355391e-01
6.176470588235290216e-02
3.539823008849549840e-02
8.521796132415598857e-02
3.736479842674530483e-01
1.906677393403055365e-01
1.694824349691606558e-01
6.194690265486720027e-02
3.451327433628317842e-01
2.127171419206814740e-01
1.504424778761060955e-01
3.346238938053096579e-01
7.964601769911500151e-02
1.906166596432082860e-01
2.359882005899703872e-01
1.738860425399781640e-01
2.330383480825956311e-01
7.669616519174039804e-02
5.325443786982240330e-02
1.470836855452237746e-01
1.951479289940825923e-01
1.790532544378695134e-01
1.403980634749863454e-01
7.988165680473370556e-02
3.328402366863904560e-01
2.282333051563817661e-01
2.248520710059168648e-01
2.447731755424059352e-01
1.124260355029585018e-01
3.386795390843972964e-01
1.499013806706112062e-01
3.328402366863904560e-01
1.378125596487877469e-01
6.804733727810649557e-02
1.169590643274841420e-02
8.466241360978164765e-02
7.797270955165563899e-02
5.847953216374189578e-02
2.339181286549637390e-02
9.551656920077956914e-02
3.030303030302915201e-02
2.313755403000180080e-02
0.000000000000000000e+00
8.625730994151896425e-02
3.399122807017364301e-02
3.450292397660668919e-02
3.021442495126689179e-02
8.705475810738844133e-02
1.169590643274845687e-01
1.315789473684198518e-01
5.223285486443381143e-02
6.766917293233054576e-02
1.666666666666605234e-02
5.847953216374205537e-02
5.847953216374238844e-02
5.847953216374129036e-03
1.783625730994148895e-01
1.000000000000000194e-01
7.927225471085022623e-02
1.961722488038275813e-01
1.666666666666663521e-01
1.000649772579584873e-01
2.313755403000180080e-02
1.000000000000000194e-01
1.666666666666666574e-01
6.848261003385651413e-02
1.023391812865484113e-01
3.898635477582697295e-02
1.709401709401620756e-02
1.169590643274845687e-01
4.725146198830347533e-02
9.999999999999983902e-02
1.816305469556243612e-01
1.125730994152042835e-01
1.023391812865494521e-01
1.146198830409339009e-01
2.339181286549669309e-02
1.109022556390972802e-01
9.090909090908995405e-02
7.407407407407293198e-02
1.169590643274838609e-01
4.288499025341069304e-02
5.784388507500635990e-02
0.000000000000000000e+00
5.175438596491176851e-02
1.882591093117393088e-01
3.418803418803312982e-02
8.771929824561394695e-02
1.250812215724482479e-01
7.097288676236003513e-02
1.023391812865495493e-01
1.130604288499023752e-01
1.608187134502918059e-01
3.508771929824511249e-02
1.198830409356714671e-01
7.435254803675807322e-02
5.945419103313798886e-02
1.169590643274831358e-02
