9.174311926605499892e-03
2.529886016124533940e-02
2.038735983690066755e-02
3.058103975535150093e-02
6.116207951070320309e-02
1.427115188583075456e-01
1.267723102585485984e-01
4.839781943890412996e-02
7.151258527405277010e-02
1.082568807339449046e-01
5.332568807339449490e-02
5.412844036697245231e-02
1.053346924906534490e-02
1.274673338893517749e-01
4.587155963302749773e-02
6.116207951070300186e-02
3.641923825410042781e-02
2.477064220183483323e-01
2.266055045871555595e-01
9.174311926605499545e-02
1.987767584097855089e-01
9.174311926605499892e-03
2.072714916751609848e-01
1.220183486238528153e-01
8.290859667006411637e-02
1.367806505421184093e-01
1.743119266055041805e-01
7.475365273530393262e-02
0.000000000000000000e+00
8.715596330275209025e-02
1.394495412844034554e-01
1.145984226621597907e-01
3.058103975535150093e-02
1.630988786952086711e-01
1.787814631851290109e-02
9.174311926605499545e-02
8.648318042813425699e-02
1.220183486238528153e-01
9.498111171073933545e-02
1.177370030581037647e-01
7.645259938837900560e-02
1.370030581039753392e-01
6.116207951070300013e-03
2.577544779379627171e-02
1.584653878231825214e-02
7.747196738022382734e-02
9.174311926605499545e-02
4.485219164118245394e-02
1.209945485972583473e-02
5.412844036697245231e-02
1.804281345565709321e-02
2.187720536344341452e-02
1.787814631851325220e-01
1.834862385321099909e-01
1.868841318382561539e-02
2.474284125660258446e-02
6.116207951070300186e-02
9.459734964322104311e-02
3.058103975535150093e-02
6.116207951070320309e-02
8.358817533129411781e-02
1.166448230668414160e-01
2.487257900101921826e-02
1.834862385321099978e-02
2.752293577981650141e-02
6.324715040311355840e-02
1.289232254949299605e-01
7.863695937090429966e-02
1.223241590214064062e-01
1.546526867627784629e-01
1.030025020850706963e-01
8.469618401808241825e-02
7.422852376980815237e-02
2.060397553516816749e-01
1.743119266055041805e-01
1.422018348623844790e-02
1.987767584097855089e-01
1.376146788990825209e-01
4.974515800203843652e-02
3.058103975535165220e-01
3.660550458715595146e-01
2.293577981651374886e-01
1.529051987767580077e-02
2.217125382262995215e-01
9.344206591912991577e-02
1.547956630525437471e-01
1.209945485972583473e-02
1.045871559633027303e-01
1.425658948594726860e-01
2.324159021406727588e-01
1.307339449541283782e-01
2.568807339449540872e-01
2.599388379204889965e-01
6.338615512927403550e-02
5.224260958205899363e-02
2.140672782874614710e-01
2.006079027355623101e-01
3.465045592705167099e-01
2.340425531914893109e-01
2.188449848024316136e-01
2.439024390243900095e-02
3.292682926829267887e-01
1.444652908067541042e-01
1.592140921409211374e-01
3.234565548780487521e-01
1.006097560975608984e-01
3.429878048780485300e-01
1.920731707317072101e-01
2.469512195121950082e-01
3.357723577235768864e-01
5.182926829268289654e-02
1.829268292682924013e-01
6.368563685636832727e-02
2.858231707317071546e-01
1.421840354767182069e-01
6.402439024390239874e-02
9.174311926605499892e-03
2.529886016124533940e-02
2.038735983690066755e-02
3.058103975535150093e-02
6.116207951070320309e-02
1.427115188583075456e-01
1.267723102585485984e-01
4.839781943890412996e-02
7.151258527405277010e-02
1.082568807339449046e-01
5.332568807339449490e-02
5.412844036697245231e-02
1.053346924906534490e-02
1.274673338893517749e-01
4.587155963302749773e-02
6.116207951070300186e-02
3.641923825410042781e-02
2.477064220183483323e-01
2.266055045871555595e-01
9.174311926605499545e-02
1.987767584097855089e-01
9.174311926605499892e-03
2.072714916751609848e-01
1.220183486238528153e-01
8.290859667006411637e-02
1.367806505421184093e-01
1.743119266055041805e-01
7.475365273530393262e-02
0.000000000000000000e+00
8.715596330275209025e-02
1.394495412844034554e-01
1.145984226621597907e-01
3.058103975535150093e-02
1.630988786952086711e-01
1.787814631851290109e-02
9.174311926605499545e-02
8.648318042813425699e-02
1.220183486238528153e-01
9.498111171073933545e-02
1.177370030581037647e-01
7.645259938837900560e-02
1.370030581039753392e-01
6.116207951070300013e-03
2.577544779379627171e-02
1.584653878231825214e-02
7.747196738022382734e-02
9.174311926605499545e-02
4.485219164118245394e-02
1.209945485972583473e-02
5.412844036697245231e-02
1.804281345565709321e-02
2.187720536344341452e-02
1.787814631851325220e-01
1.834862385321099909e-01
1.868841318382561539e-02
2.474284125660258446e-02
6.116207951070300186e-02
9.459734964322104311e-02
3.058103975535150093e-02
6.116207951070320309e-02
8.358817533129411781e-02
1.166448230668414160e-01
2.487257900101921826e-02
1.834862385321099978e-02
2.439024390243900095e-02
3.292682926829267887e-01
1.444652908067541042e-01
1.592140921409211374e-01
3.234565548780487521e-01
1.006097560975608984e-01
3.429878048780485300e-01
1.920731707317072101e-01
2.469512195121950082e-01
3.357723577235768864e-01
5.182926829268289654e-02
1.829268292682924013e-01
6.368563685636832727e-02
2.858231707317071546e-01
1.421840354767182069e-01
6.402439024390239874e-02
3.975535168195710317e-02
2.257171981942624195e-01
2.293577981651374886e-01
1.084236864053375882e-01
1.770144370955124280e-01
8.562691131498470498e-02
4.545107033639141370e-01
3.088685015290517644e-01
1.146788990825687443e-01
4.203502919099247892e-01
4.587155963302749773e-02
1.714067278287461915e-01
1.985219164118246782e-01
2.446483180428132564e-01
6.541683286796964869e-02
4.281345565749229698e-02
3.680981595092019942e-02
1.993865030674846217e-01
1.363113496932513713e-01
1.756832124930284011e-01
2.411185618490510330e-01
1.349693251533742033e-01
3.448213641284733622e-01
1.666027607361962870e-01
2.251664273593525500e-01
2.409369771332956767e-01
7.668711656441709601e-02
1.808201485308361667e-01
1.649470161740099472e-01
3.639152258784160154e-01
1.196319018404906898e-01
4.907975460122689787e-02
4.000000000000000083e-02
2.074825174825173091e-01
1.661538461538459022e-01
1.510489510489509690e-01
2.174358974358973351e-01
1.046153846153845962e-01
2.558769230769230574e-01
3.138461538461537748e-01
2.970629370629366273e-01
3.046153846153845657e-01
3.076923076923070155e-02
1.703225806451610369e-01
1.204013377926419076e-01
2.549450549450548720e-01
2.520797720797719466e-01
1.230769230769230074e-02
3.703703703703700029e-02
2.229080932784634206e-01
2.189300411522630829e-01
1.551627384960715950e-01
1.994949494949493363e-01
1.111111111111111049e-01
3.878600823045265655e-01
3.034979423868309767e-01
1.666666666666664909e-01
2.864583333333332038e-01
4.320987654320979782e-02
1.387419165196942528e-01
2.098765432098763928e-01
2.001299545159193338e-01
2.216610549943880404e-01
3.703703703703700029e-02
4.643962848297210344e-02
2.565236620964173042e-01
1.561609907120741769e-01
1.873684210526314620e-01
2.571066704193635810e-01
1.486068111455108032e-01
2.966976264189883361e-01
2.388323750552851510e-01
2.352941176470585427e-01
3.314757481940143191e-01
6.811145510835910077e-02
1.833143229591004397e-01
1.073271413828688070e-01
2.579979360165116642e-01
1.442125237191650977e-01
5.882352941176469813e-02
9.174311926605291725e-03
2.529886016124495082e-02
2.038735983689917916e-02
3.058103975535149399e-02
6.116207951070259247e-02
1.427115188583071570e-01
1.267723102585484041e-01
4.839781943890386628e-02
7.151258527405161824e-02
1.082568807339438083e-01
5.332568807339452266e-02
5.412844036697198047e-02
1.053346924906552184e-02
1.274673338893520247e-01
4.587155963302704670e-02
6.116207951070228716e-02
3.641923825409988658e-02
2.477064220183476106e-01
2.266055045871559759e-01
9.174311926605463463e-02
1.987767584097855644e-01
9.174311926605472137e-03
2.072714916751595138e-01
1.220183486238520798e-01
8.290859667006436617e-02
1.367806505421173269e-01
1.743119266055043748e-01
7.475365273530329424e-02
0.000000000000000000e+00
8.715596330275168779e-02
1.394495412844032889e-01
1.145984226621597629e-01
3.058103975535027622e-02
1.630988786952084491e-01
1.787814631851331396e-02
9.174311926605409340e-02
8.648318042813399331e-02
1.220183486238529402e-01
9.498111171073780890e-02
1.177370030581035287e-01
7.645259938837918601e-02
1.370030581039745621e-01
6.116207951070306084e-03
2.577544779379603232e-02
1.584653878231844643e-02
7.747196738022307794e-02
9.174311926605360767e-02
4.485219164118143392e-02
1.209945485972602902e-02
5.412844036697156413e-02
1.804281345565732914e-02
2.187720536344352901e-02
1.787814631851318836e-01
1.834862385321096023e-01
1.868841318382443925e-02
2.474284125660269548e-02
6.116207951070273818e-02
9.459734964322082107e-02
3.058103975535120256e-02
6.116207951070309901e-02
8.358817533129316024e-02
1.166448230668411801e-01
2.487257900101882274e-02
1.834862385321098591e-02
