3.278688524590159942e-02
5.650769995032271786e-02
3.642987249544599876e-02
9.562841530054599914e-02
6.557377049180319883e-02
1.020036429872493156e-01
5.663189269746607413e-02
2.162033737229730745e-02
4.791929382093312872e-02
4.836065573770486486e-02
1.588114754098320786e-02
6.448087431693942662e-02
4.705525197328459114e-02
9.761549925484340473e-02
6.830601092896150528e-02
8.196721311475399507e-02
4.880774962742170237e-02
1.264637002341917060e-01
1.401639344262294029e-01
9.562841530054599914e-02
6.830601092896150528e-02
3.005464480874309868e-02
3.148148148148144365e-01
6.229508196721268015e-02
3.703703703703679212e-02
1.425732737208140755e-01
2.180327868852454942e-01
1.068609593199754543e-01
1.081016868614845597e-02
4.672131147540979634e-02
1.090163934426224696e-01
5.119355766465306934e-02
1.092896174863385028e-01
5.464480874316933467e-02
0.000000000000000000e+00
5.464480874316900161e-02
8.830601092896153692e-02
1.713114754098357118e-01
7.071681131468958437e-02
3.944672131147536343e-02
6.830601092896150528e-02
1.377049180327867828e-01
1.366120218579230071e-02
5.757220921155328103e-02
4.247391952309981233e-02
1.038251366120217650e-01
4.098360655737699754e-02
1.068609593199754543e-01
3.243050605844615547e-02
6.448087431693942662e-02
0.000000000000000000e+00
7.818411097099567386e-02
1.277847835224881490e-01
9.562841530054599914e-02
8.348512446873074255e-02
6.631892697466461317e-02
6.830601092896150528e-02
8.451730418943512180e-02
5.464480874316900161e-02
3.278688524590159942e-02
3.734061930783216104e-02
1.273744470465779377e-01
5.555555555555535124e-02
4.371584699453549827e-02
7.650273224043710463e-02
1.469200198708395522e-01
7.679033649698006891e-02
1.522248243559718717e-01
9.836065573770480519e-02
1.496877439500390317e-01
8.494783904619961079e-02
6.486101211689231094e-02
9.947839046199694057e-02
7.889344262295072685e-02
7.786885245901614683e-02
5.717213114754092496e-02
1.366120218579234824e-01
1.639344262295079901e-01
8.888888888888864248e-02
1.502732240437154865e-01
2.491803278688524137e-01
1.229508196721310065e-01
4.371584699453549827e-02
3.070355191256828875e-01
1.168791742562229202e-01
1.383010432190758809e-01
1.081016868614845597e-02
4.672131147540979634e-02
2.200104085349986749e-01
1.557377049180326545e-01
1.245901639344261791e-01
3.060109289617487516e-01
1.639344262295079901e-01
9.910581222056588646e-02
4.667577413479036263e-02
1.775956284153004938e-01
2.173913043478259977e-01
3.016304347826087029e-01
2.336956521739129988e-01
2.472826086956521063e-01
7.084468664850129827e-02
2.288828337874656005e-01
8.876545797526716464e-02
2.086991623776362492e-01
2.230074931880108302e-01
1.008174386920980964e-01
3.801089918256128630e-01
1.226158038147137919e-01
1.947427472351337119e-01
2.893732970027246831e-01
6.539509536784740562e-02
2.179836512261580095e-01
1.043495811888181246e-01
2.656675749318799240e-01
1.337626950705969597e-01
9.264305177111710476e-02
3.278688524590159942e-02
5.650769995032271786e-02
3.642987249544599876e-02
9.562841530054599914e-02
6.557377049180319883e-02
1.020036429872493156e-01
5.663189269746607413e-02
2.162033737229730745e-02
4.791929382093312872e-02
4.836065573770486486e-02
1.588114754098320786e-02
6.448087431693942662e-02
4.705525197328459114e-02
9.761549925484340473e-02
6.830601092896150528e-02
8.196721311475399507e-02
4.880774962742170237e-02
1.264637002341917060e-01
1.401639344262294029e-01
9.562841530054599914e-02
6.830601092896150528e-02
3.005464480874309868e-02
3.148148148148144365e-01
6.229508196721268015e-02
3.703703703703679212e-02
1.425732737208140755e-01
2.180327868852454942e-01
1.068609593199754543e-01
1.081016868614845597e-02
4.672131147540979634e-02
1.090163934426224696e-01
5.119355766465306934e-02
1.092896174863385028e-01
5.464480874316933467e-02
0.000000000000000000e+00
5.464480874316900161e-02
8.830601092896153692e-02
1.713114754098357118e-01
7.071681131468958437e-02
3.944672131147536343e-02
6.830601092896150528e-02
1.377049180327867828e-01
1.366120218579230071e-02
5.757220921155328103e-02
4.247391952309981233e-02
1.038251366120217650e-01
4.098360655737699754e-02
1.068609593199754543e-01
3.243050605844615547e-02
6.448087431693942662e-02
0.000000000000000000e+00
7.818411097099567386e-02
1.277847835224881490e-01
9.562841530054599914e-02
8.348512446873074255e-02
6.631892697466461317e-02
6.830601092896150528e-02
8.451730418943512180e-02
5.464480874316900161e-02
3.278688524590159942e-02
3.734061930783216104e-02
1.273744470465779377e-01
5.555555555555535124e-02
4.371584699453549827e-02
7.084468664850129827e-02
2.288828337874656005e-01
8.876545797526716464e-02
2.086991623776362492e-01
2.230074931880108302e-01
1.008174386920980964e-01
3.801089918256128630e-01
1.226158038147137919e-01
1.947427472351337119e-01
2.893732970027246831e-01
6.539509536784740562e-02
2.179836512261580095e-01
1.043495811888181246e-01
2.656675749318799240e-01
1.337626950705969597e-01
9.264305177111710476e-02
7.103825136612020030e-02
1.774655217278167108e-01
1.639344262295079901e-01
1.415797317436661429e-01
9.156182488244990481e-02
7.923497267759560536e-02
4.655054644808744313e-01
2.441151744430432868e-01
1.639344262295079901e-01
4.033780427223049858e-01
3.551912568306010015e-02
1.612021857923497392e-01
1.680327868852457274e-01
2.049180327868849738e-01
1.363744357329529089e-01
7.923497267759560536e-02
5.753424657534240289e-02
1.861768368617680858e-01
1.149828767123287077e-01
2.017434620174343163e-01
1.573749601784006358e-01
1.013698630136986023e-01
3.813053988718771992e-01
1.826198630136985634e-01
2.413290585835029811e-01
2.689912826899127918e-01
7.945205479452049913e-02
1.534246575342464169e-01
2.266500622665006681e-01
3.362391033623911007e-01
1.150684931506847919e-01
7.397260273972600109e-02
4.670329670329669697e-02
2.013611388611386832e-01
1.648351648351646936e-01
1.910589410589410841e-01
1.617826617826616797e-01
8.516483516483509819e-02
3.154945054945052507e-01
2.390109890109887725e-01
3.389110889110884539e-01
1.740659340659338472e-01
5.494505494505490251e-02
1.797235023041473811e-01
1.935021500238890135e-01
2.904238618524331850e-01
1.366503866503866460e-01
5.219780219780219971e-02
4.407713498622589654e-02
2.307927762473216127e-01
2.651974288337923258e-01
1.483846731780613659e-01
2.769847232657149938e-01
5.785123966942139900e-02
3.581267217630852984e-01
2.708907254361798134e-01
1.570247933884295899e-01
2.272727272727271264e-01
4.132231404958670168e-02
2.012331103240191932e-01
1.652892561983468067e-01
2.841815282006667776e-01
2.077385424492859678e-01
5.509641873278230129e-02
4.696132596685079902e-02
2.403314917127071237e-01
2.250828729281768303e-01
1.868508287292815206e-01
2.621798091411349230e-01
7.734806629834249658e-02
2.877532228360954458e-01
3.409629044988161106e-01
2.624309392265190555e-01
4.436464088397788497e-01
3.591160220994470131e-02
1.962779877871472511e-01
1.252302025782687789e-01
3.107734806629833257e-01
1.693102833719478117e-01
6.077348066298340207e-02
3.278688524590158554e-02
5.650769995032240561e-02
3.642987249544598488e-02
9.562841530054604078e-02
6.557377049180310169e-02
1.020036429872484413e-01
5.663189269746496390e-02
2.162033737229731092e-02
4.791929382093278872e-02
4.836065573770452486e-02
1.588114754098336398e-02
6.448087431693853844e-02
4.705525197328434828e-02
9.761549925484287737e-02
6.830601092896058935e-02
8.196721311475317628e-02
4.880774962742164685e-02
1.264637002341907346e-01
1.401639344262284592e-01
9.562841530054637385e-02
6.830601092896067261e-02
3.005464480874303276e-02
3.148148148148143810e-01
6.229508196721314506e-02
3.703703703703607741e-02
1.425732737208127154e-01
2.180327868852455497e-01
1.068609593199756624e-01
1.081016868614815066e-02
4.672131147540879714e-02
1.090163934426223863e-01
5.119355766465243790e-02
1.092896174863379616e-01
5.464480874316891834e-02
0.000000000000000000e+00
5.464480874316818282e-02
8.830601092896059323e-02
1.713114754098349624e-01
7.071681131468982029e-02
3.944672131147418381e-02
6.830601092896065873e-02
1.377049180327864775e-01
1.366120218579197805e-02
5.757220921155343368e-02
4.247391952309854946e-02
1.038251366120204883e-01
4.098360655737699060e-02
1.068609593199746771e-01
3.243050605844547546e-02
6.448087431693950988e-02
0.000000000000000000e+00
7.818411097099599305e-02
1.277847835224876771e-01
9.562841530054544403e-02
8.348512446873085358e-02
6.631892697466394704e-02
6.830601092896058935e-02
8.451730418943527445e-02
5.464480874316932080e-02
3.278688524590103737e-02
3.734061930783143940e-02
1.273744470465780765e-01
5.555555555555536512e-02
4.371584699453532480e-02
