1.798561151079130019e-02
1.339110529758009704e-01
7.194244604316533953e-02
5.395683453237400118e-02
8.633093525179839911e-02
1.342925659472418431e-01
1.118378024852843267e-01
0.000000000000000000e+00
1.472053126729385431e-01
1.273381294964026356e-01
6.272482014388480742e-02
4.244604316546735090e-02
7.434052757793750688e-02
8.567691301504196111e-02
7.194244604316500646e-02
1.798561151079099835e-02
8.567691301504196111e-02
1.248715313463512749e-01
2.460431654676255298e-01
1.079136690647480024e-01
1.798561151079134945e-01
1.438848920863300060e-02
1.706634692246203067e-01
8.201438848920812597e-02
1.219024780175855527e-01
2.949640287769784153e-01
1.025179856115104454e-01
3.517186250999179004e-02
0.000000000000000000e+00
8.201438848920812597e-02
1.435251798561150705e-01
3.369935630442992547e-02
1.079136690647480024e-01
9.592326139088667991e-02
6.308799114554500265e-02
7.194244604316500646e-02
1.162589928057550653e-01
1.435251798561150705e-01
1.303427845958527176e-01
1.038669064748199422e-01
7.194244604316500646e-02
1.007194244604313199e-01
3.597122302158199843e-03
7.579650565262049944e-02
3.727926749509460208e-02
9.112709832134237298e-02
3.597122302158250323e-02
5.275779376498792445e-02
7.116046293400038469e-02
2.122302158273338055e-02
2.122302158273338055e-02
5.146651909241805462e-02
8.411732152739295754e-02
1.079136690647480024e-01
4.396482813748973234e-02
4.365598430346624703e-02
1.798561151079099835e-02
8.345323741007179552e-02
1.079136690647480024e-01
2.877697841726600120e-02
2.458033573141437181e-02
4.573484069886941256e-02
2.925659472422043397e-02
0.000000000000000000e+00
1.798561151079130019e-02
1.785480706344012847e-01
8.424839076107505653e-02
6.166495375128430018e-02
1.151079136690643934e-01
1.970709146968137870e-01
7.455853499018945396e-02
2.846418517360007477e-02
1.455199476782209622e-01
2.077338129496398844e-01
1.435251798561150705e-01
6.690647482014368264e-02
1.438848920863304848e-01
1.798561151079134945e-01
8.776978417266169397e-02
1.438848920863304848e-01
3.895683453237411831e-01
2.877697841726615247e-01
1.798561151079130019e-02
1.564748201438846409e-01
1.538768984812149687e-01
2.731196860693264061e-01
1.423209258679983789e-02
1.435251798561150705e-01
1.372045220966082169e-01
1.822541966426853566e-01
1.435251798561150427e-01
2.417266187050356174e-01
1.798561151079134945e-01
5.591890124264216333e-02
7.374100719424447892e-02
8.992805755395649747e-02
2.642857142857142905e-01
3.178571428571427826e-01
2.571428571428571175e-01
1.607142857142856984e-01
7.168458781361999876e-02
2.867383512544799951e-01
2.016818307140886279e-01
1.871764237355633131e-01
3.042114695340502606e-01
8.960573476702500539e-02
3.709677419354834860e-01
1.397849462365590156e-01
2.903225806451610325e-01
3.947431302270012488e-01
5.376344086021499907e-02
1.577060931899640084e-01
1.123058542413379740e-01
2.016129032258063003e-01
1.319648093841640779e-01
2.150537634408599894e-02
1.798561151079130019e-02
1.339110529758009704e-01
7.194244604316533953e-02
5.395683453237400118e-02
8.633093525179839911e-02
1.342925659472418431e-01
1.118378024852843267e-01
0.000000000000000000e+00
1.472053126729385431e-01
1.273381294964026356e-01
6.272482014388480742e-02
4.244604316546735090e-02
7.434052757793750688e-02
8.567691301504196111e-02
7.194244604316500646e-02
1.798561151079099835e-02
8.567691301504196111e-02
1.248715313463512749e-01
2.460431654676255298e-01
1.079136690647480024e-01
1.798561151079134945e-01
1.438848920863300060e-02
1.706634692246203067e-01
8.201438848920812597e-02
1.219024780175855527e-01
2.949640287769784153e-01
1.025179856115104454e-01
3.517186250999179004e-02
0.000000000000000000e+00
8.201438848920812597e-02
1.435251798561150705e-01
3.369935630442992547e-02
1.079136690647480024e-01
9.592326139088667991e-02
6.308799114554500265e-02
7.194244604316500646e-02
1.162589928057550653e-01
1.435251798561150705e-01
1.303427845958527176e-01
1.038669064748199422e-01
7.194244604316500646e-02
1.007194244604313199e-01
3.597122302158199843e-03
7.579650565262049944e-02
3.727926749509460208e-02
9.112709832134237298e-02
3.597122302158250323e-02
5.275779376498792445e-02
7.116046293400038469e-02
2.122302158273338055e-02
2.122302158273338055e-02
5.146651909241805462e-02
8.411732152739295754e-02
1.079136690647480024e-01
4.396482813748973234e-02
4.365598430346624703e-02
1.798561151079099835e-02
8.345323741007179552e-02
1.079136690647480024e-01
2.877697841726600120e-02
2.458033573141437181e-02
4.573484069886941256e-02
2.925659472422043397e-02
0.000000000000000000e+00
7.168458781361999876e-02
2.867383512544799951e-01
2.016818307140886279e-01
1.871764237355633131e-01
3.042114695340502606e-01
8.960573476702500539e-02
3.709677419354834860e-01
1.397849462365590156e-01
2.903225806451610325e-01
3.947431302270012488e-01
5.376344086021499907e-02
1.577060931899640084e-01
1.123058542413379740e-01
2.016129032258063003e-01
1.319648093841640779e-01
2.150537634408599894e-02
8.633093525179849625e-02
2.867420349434735560e-01
2.877697841726615247e-01
5.886200130804437880e-02
2.082148234900451922e-01
8.992805755395680278e-02
4.042266187050358450e-01
1.956281128942998770e-01
1.798561151079134945e-01
3.662524525833875111e-01
4.676258992805749914e-02
1.910071942446043003e-01
1.351918465227817390e-01
1.438848920863307623e-01
1.410697528933374523e-01
2.517985611510789937e-02
8.303249097472920059e-02
1.599934361667211813e-01
1.782490974729240840e-01
2.215293731539216826e-01
2.510284610863906529e-01
1.155234657039710955e-01
3.671692503716285638e-01
1.247743682310467755e-01
2.296643367386125012e-01
5.139481457170986811e-01
7.220216606498190692e-02
9.576287288618634541e-02
2.239908106334097260e-01
1.624548736462091136e-01
1.299638989169673020e-01
2.527075812274360081e-02
5.797101449275360308e-02
2.868083003952568988e-01
1.739130434782608092e-01
2.075098814229248689e-01
2.987117552334943027e-01
7.971014492753619729e-02
3.156521739130433990e-01
1.739130434782608092e-01
4.275362318840577602e-01
3.299999999999999045e-01
7.246376811594200384e-02
4.558204768583448696e-02
1.134215500945179450e-01
1.552795031055899944e-01
1.378153515834674991e-01
3.260869565217389826e-02
6.909090909090899457e-02
2.836363636363634644e-01
2.947878787878784879e-01
1.436363636363636731e-01
3.656198347107437741e-01
8.000000000000000167e-02
3.939393939393940336e-01
1.549494949494947260e-01
1.636363636363634966e-01
2.499999999999998890e-01
6.181818181818179991e-02
1.736796536796536561e-01
1.745454545454543926e-01
1.822009569377989746e-01
1.697520661157022603e-01
1.090909090909089954e-02
6.569343065693429573e-02
2.570385818560998459e-01
3.540145985401458861e-01
1.689051094890508808e-01
3.463835434638354305e-01
1.131386861313868064e-01
2.889294403892941898e-01
1.830031282586025432e-01
2.427007299270073637e-01
4.795620437956201743e-01
5.839416058394159698e-02
1.728774490971955458e-01
1.654501216545010700e-01
1.672749391727491597e-01
9.842241582293372038e-02
2.189781021897809973e-02
1.798561151079126896e-02
1.339110529758007484e-01
7.194244604316496483e-02
5.395683453237354321e-02
8.633093525179792727e-02
1.342925659472413435e-01
1.118378024852837993e-01
0.000000000000000000e+00
1.472053126729369332e-01
1.273381294964021360e-01
6.272482014388355842e-02
4.244604316546667783e-02
7.434052757793693789e-02
8.567691301504223866e-02
7.194244604316524239e-02
1.798561151079134876e-02
8.567691301504139212e-02
1.248715313463507753e-01
2.460431654676246138e-01
1.079136690647471281e-01
1.798561151079124676e-01
1.438848920863308387e-02
1.706634692246199736e-01
8.201438848920748759e-02
1.219024780175852612e-01
2.949640287769783598e-01
1.025179856115106258e-01
3.517186250999076308e-02
0.000000000000000000e+00
8.201438848920748759e-02
1.435251798561142378e-01
3.369935630442972424e-02
1.079136690647474611e-01
9.592326139088667991e-02
6.308799114554380916e-02
7.194244604316524239e-02
1.162589928057546629e-01
1.435251798561148207e-01
1.303427845958518017e-01
1.038669064748192344e-01
7.194244604316504810e-02
1.007194244604314726e-01
3.597122302157981701e-03
7.579650565262058270e-02
3.727926749509397758e-02
9.112709832134155419e-02
3.597122302158126811e-02
5.275779376498734158e-02
7.116046293399991285e-02
2.122302158273263462e-02
2.122302158273333891e-02
5.146651909241835993e-02
8.411732152739326285e-02
1.079136690647471974e-01
4.396482813748849722e-02
4.365598430346632336e-02
1.798561151079094284e-02
8.345323741007118490e-02
1.079136690647471974e-01
2.877697841726582426e-02
2.458033573141485406e-02
4.573484069886944031e-02
2.925659472422028479e-02
0.000000000000000000e+00
