2.145026215273659331e-01
2.244392757286057805e-01
2.349005424954791477e-01
2.247347963397846038e-01
2.528801843317972642e-01
2.207457522651329884e-01
7.947879383792399999e-01
4.492479829160686000e-01
5.123959282932128989e-01
2.095822402594440526e-01
4.121228709245699506e-01
9.076652191808691761e-01
3.207716270682940962e-01
3.767418873546898306e-01
2.954135171893375045e-01
2.990763746549780500e-01
2.982548476539046423e-01
4.520176255817478506e-01
8.101981040557569846e-01
2.135417212111578866e-01
5.961068761461640886e-01
3.292252978245989725e-01
1.159146203969578792e-01
4.493671664947949118e-01
3.251839788786854424e-01
6.978823203990192070e-02
5.407105102098703764e-01
2.518105849582172873e-01
2.500000000000000000e-01
2.597254004576659003e-01
2.722419928825622337e-01
3.076923076923077649e-01
2.490301875825441380e-01
3.747066492829203010e-01
9.391244507966753918e-01
3.100233100233100170e-01
3.167054786125750865e-01
3.818614863607606713e-01
1.076872822299651256e-01
6.258023106546861669e-02
1.781191369606004438e-01
3.943733275475518330e-01
4.024844720496894013e-01
9.314823107926550882e-02
3.409090909090909394e-01
4.900662251655629742e-01
2.746987951807229322e-01
4.072008113590264156e-01
4.881402279780009401e-01
2.344827586206910119e-02
2.660912453760788665e-01
3.173333333333334116e-01
1.485054186018816003e-01
1.000000000000000000e+00
3.214285714285716189e-01
4.054054054054052614e-01
4.347826086956496638e-02
3.999999999999999112e-01
0.000000000000000000e+00
1.436666534276178631e-01
7.777777777777777901e-01
0.000000000000000000e+00
0.000000000000000000e+00
0.000000000000000000e+00
0.000000000000000000e+00
2.821917808219178148e-01
0.000000000000000000e+00
0.000000000000000000e+00
0.000000000000000000e+00
3.722222222222222321e-01
4.683544303797468333e-01
0.000000000000000000e+00
0.000000000000000000e+00
0.000000000000000000e+00
0.000000000000000000e+00
5.096153846153846922e-01
0.000000000000000000e+00
6.574074074074073293e-01
0.000000000000000000e+00
0.000000000000000000e+00
5.125628140703517577e-01
3.209107731049191115e-01
3.313867304454499729e-01
3.429771954568616166e-01
3.469541353785360327e-01
3.884280986046416695e-01
3.313545895786103035e-01
3.796745973843813626e-01
6.942704952992628797e-01
3.958583574839008579e-01
1.305340105801089390e-01
4.207924609927897741e-01
1.791386989430990284e-01
1.494825461241579001e-01
3.821120509756681383e-01
4.569512230081582693e-01
5.080451173072124682e-01
1.502268169810200282e-01
3.536055549004086807e-01
4.354512518768890450e-01
4.668740025363431467e-01
5.145695186323737680e-01
3.301333692667391961e-01
2.073248127784415029e-01
3.087852742005483542e-01
3.306337411275547256e-01
1.473187104064693775e-01
3.250216995866663794e-01
1.635827647204395052e-01
1.724343103653084297e-01
1.841678290584601307e-01
1.835468444118607267e-01
2.250981509625126220e-01
1.717290914648274547e-01
2.968490002247851089e-01
6.255953332882693285e-01
2.822007377153692431e-01
7.941607904738240409e-02
3.206146850999006537e-01
7.185371117612433800e-02
1.031090178121737977e-01
2.707602265261253027e-01
3.542272676245898366e-01
4.243515574112499689e-01
9.181939738902453185e-02
2.625972545224128929e-01
3.471173143932232974e-01
3.558701747562367790e-01
4.180186678207230000e-01
2.466314736988144962e-01
1.581915712496143600e-01
2.176983515016976400e-01
2.373632314603940363e-01
9.026699725396272744e-02
2.609743897414482094e-01
2.208271787296898769e-01
2.307404637247569834e-01
2.259036144578313032e-01
2.358276643990929733e-01
2.500000000000000000e-01
2.234441375433747767e-01
6.598504821512888308e-01
6.282412060301507672e-01
7.590040571546268211e-01
3.729180327868852896e-01
3.184894765075258483e-01
8.020445729270445634e-01
4.596428571428571308e-01
3.355126741187116068e-01
2.558437834634515462e-01
1.721949803416700231e-01
4.556253274945729626e-01
4.479382836191257988e-01
9.291572456927806867e-01
3.875554790963661178e-01
5.538775903173142057e-01
2.670231702099078452e-01
3.063364817597232781e-01
4.669503221980066954e-01
4.768857758620689280e-01
7.157894736842107530e-02
4.239713951783838364e-01
