4.673605438949084978e-01
4.599308240933089875e-01
4.746503302948666403e-01
4.182177851300858396e-01
4.713627386438447031e-01
4.603054847054668941e-01
4.768552197641211521e-01
5.524737547258508075e-01
7.103458580944590484e-01
3.672934540416639138e-01
4.613265965272866365e-01
4.400329058132288473e-01
4.216254265282006752e-01
8.271980399860464628e-01
2.410225579843373600e-01
4.317394747823750656e-01
2.071822913719043591e-01
5.800071038906131626e-01
5.452354863080292047e-01
4.002712901730596240e-01
2.757762092516461427e-01
4.611131126210447073e-01
2.405518983083674289e-01
3.318754262397902721e-01
7.625018696835914600e-01
2.233611100903265534e-01
3.533155190325898420e-01
7.158774373259053636e-01
6.870078740157480324e-01
6.899313501144165306e-01
6.067615658362989217e-01
4.230769230769230727e-01
6.878087011375803028e-01
8.881049160211662574e-02
2.941424049430492182e-01
2.053401144310235682e-01
4.287475111406086614e-01
1.676778732145264295e-01
4.033771106941838602e-02
1.962899050905954068e-01
5.388313609467455523e-01
3.943733275475518330e-01
2.221691352126136110e-01
1.914947797300738941e-01
4.952531645569621110e-01
2.860927152317881417e-01
2.960974332111052654e-01
3.235294117647058432e-01
1.413820782253356612e-01
6.181818181818188318e-02
2.213357722050285359e-01
7.577142857142857846e-01
1.036977491961413866e-01
5.194805194805187654e-01
6.250000000000000000e-01
6.936936936936937137e-01
4.782608695652172948e-01
4.499999999999999556e-01
0.000000000000000000e+00
5.649460633265652731e-01
0.000000000000000000e+00
0.000000000000000000e+00
0.000000000000000000e+00
0.000000000000000000e+00
0.000000000000000000e+00
0.000000000000000000e+00
0.000000000000000000e+00
0.000000000000000000e+00
0.000000000000000000e+00
4.379084967320261979e-01
8.043478260869565410e-01
0.000000000000000000e+00
0.000000000000000000e+00
0.000000000000000000e+00
0.000000000000000000e+00
0.000000000000000000e+00
0.000000000000000000e+00
0.000000000000000000e+00
0.000000000000000000e+00
0.000000000000000000e+00
2.825484764542936511e-01
7.136363251520047024e-01
7.012375761638117710e-01
6.940140372165519711e-01
6.552093336548904245e-01
6.207352287837087923e-01
6.975479164211174643e-01
1.529162901436458277e-01
2.632852781310706103e-01
4.784319272471713180e-01
4.212758900991254718e-01
1.960118613869115123e-01
1.679035015318842694e-01
3.390726984193140892e-01
7.188800404852945247e-01
3.566929121638173772e-01
5.097133659230534963e-01
2.142767611610961742e-01
4.664374305635607953e-01
6.030902472586746610e-01
2.418185487674029410e-01
2.186612821143572027e-01
4.574392485889233750e-01
3.165678403494560644e-01
3.190794568020416389e-01
6.760891063522093125e-01
2.130367547964739927e-01
4.102119696647474889e-01
5.661031183192396510e-01
5.509413094991602033e-01
5.443559525737873273e-01
4.922830113394322527e-01
4.588688845205830535e-01
5.455477604179308493e-01
1.073636501230878504e-01
2.005286566894410871e-01
3.598410944559550240e-01
3.114675890334877573e-01
1.312377858292426980e-01
6.597087701692072592e-02
2.573311353806294055e-01
6.235686106353425240e-01
2.617033544508651222e-01
4.260297264714688614e-01
1.372463520900067679e-01
3.673444118010407156e-01
5.170779250375563407e-01
1.600528470238882228e-01
1.526229279271751893e-01
3.637261355803644292e-01
2.518847030449179458e-01
2.263576793776295171e-01
5.837973619817798943e-01
1.368932197987603183e-01
3.395797250560088076e-01
3.840472673559823247e-01
3.934181002243829495e-01
4.156626506024096446e-01
3.809523809523809312e-01
3.750000000000000000e-01
3.876336574207203123e-01
6.147824805687552852e-01
8.034188034188034511e-01
8.726400590369594035e-01
3.085610200364299338e-01
5.935419853640386822e-01
5.063961246865483767e-01
5.033482142857140795e-01
6.928630758848446369e-01
1.925895789832658411e-01
3.625187251407613331e-01
2.953867848509268423e-01
5.673962058877543013e-01
4.645040601126588786e-01
5.746360932587740722e-01
3.156732891832229049e-01
5.205248990578732471e-01
4.063799137374556336e-01
3.614435959190096526e-01
8.030303030303030942e-01
2.907894736842104866e-01
2.640845070422535579e-01
