5.135748216576668801e-02
5.825653047366535775e-02
6.920096178685697375e-02
4.617004179721806434e-02
7.585962424672099136e-02
5.504413529580026720e-02
3.852562912236290327e-01
3.195536080082512775e-01
3.764139882092345513e-01
7.865460874379968104e-01
2.178924956324052031e-02
1.000000000000000000e+00
6.186669308528800482e-01
3.604193125163007716e-01
1.399456899536484222e-01
5.251864755200301715e-01
4.983197686814047067e-01
2.254997012271170442e-01
6.891328061970475316e-01
4.645571327738950984e-02
5.149015760770685457e-01
4.775689865506017595e-01
4.263809272059395639e-01
6.394463592261145912e-01
2.189510971308228360e-01
2.951521131274781329e-01
8.713210477497481676e-01
1.192200557103064162e-01
1.147356580427446593e-01
1.098398169336384234e-01
1.209964412811387890e-01
2.692307692307692180e-01
1.172944880647974197e-01
5.069100391134273575e-02
7.014794689878063316e-01
5.392842451665982306e-01
8.743718592964824232e-01
3.645963665482204741e-02
1.865178126999928743e-01
5.282507739938081537e-01
3.539663461538461453e-01
3.204174271140436403e-01
3.781512605042016695e-01
5.059288537549406772e-01
3.161764705882353921e-01
4.116148751910341241e-01
4.387550200803213007e-01
3.868286445012789621e-01
7.725401894558174831e-01
3.285393258426967389e-01
4.485658264437750731e-01
3.898666666666666392e-01
2.561944391904672491e-01
6.696428571428567622e-01
3.035714285714288252e-01
3.513513513513513153e-01
2.608695652173911306e-01
2.999999999999998224e-01
0.000000000000000000e+00
3.586241920982700115e-01
0.000000000000000000e+00
0.000000000000000000e+00
0.000000000000000000e+00
0.000000000000000000e+00
0.000000000000000000e+00
0.000000000000000000e+00
0.000000000000000000e+00
0.000000000000000000e+00
0.000000000000000000e+00
5.726495726495727245e-01
5.068493150684931781e-01
0.000000000000000000e+00
0.000000000000000000e+00
0.000000000000000000e+00
8.382352941176470784e-01
0.000000000000000000e+00
0.000000000000000000e+00
0.000000000000000000e+00
0.000000000000000000e+00
0.000000000000000000e+00
6.986301369863012756e-01
1.443056236287925120e-01
1.508077999134876113e-01
1.468959874359147544e-01
1.382131129210716070e-01
2.987293882480722695e-01
1.455962377037353928e-01
2.105931977198296501e-01
6.273897060277489057e-01
6.995427473280295683e-01
9.461658749734732643e-01
1.096869243183681286e-01
3.038464041883167654e-01
7.114982259593610747e-01
8.686065217523443183e-01
3.466465357815280424e-01
6.412189625875466259e-01
5.689158100237494686e-01
5.856221924671183299e-01
7.087728716410025553e-01
5.224560482684428298e-01
2.454992551921046928e-01
6.829859060914555968e-01
7.352751870048042093e-01
4.827933466703792087e-01
3.062688763320468022e-01
3.954457689288812805e-01
2.943717671613281794e-01
5.516065404428041608e-02
5.893502382712553778e-02
5.857938726778201544e-02
5.231080969550396670e-02
1.546933229308080637e-01
5.597174469913241551e-02
1.521305241798704966e-01
5.517541736443444256e-01
5.996539195593015847e-01
9.232243685957032264e-01
6.954789741372977008e-02
1.495204643177376336e-01
6.366263468691357730e-01
8.147803153029445911e-01
2.528907426397583591e-01
5.641817922666078067e-01
4.567068257888069471e-01
4.889996805498433297e-01
6.346033442307157380e-01
4.111877329093000522e-01
1.739022499370094232e-01
6.012319309507911935e-01
6.770818271907362851e-01
3.762290196197974335e-01
2.167267493797452038e-01
2.868666667335725284e-01
2.337301423830434044e-01
1.624815361890696863e-02
3.216155572176515598e-02
4.518072289156627175e-02
5.442176870748299811e-02
1.250000000000000000e-01
1.967218593543429428e-02
4.741103425567375629e-01
5.402298850574712707e-01
4.032473697467593432e-01
7.264637002341920446e-01
9.613696224758561115e-02
7.820830298616169296e-01
5.385944700460830736e-01
1.410751049946374347e-01
1.271121839664591247e-01
4.162715016271503199e-01
2.953867848509268423e-01
9.152371146037729943e-02
7.283831907316719034e-01
1.777661148857903051e-01
5.127884541923404260e-01
4.868320541268051915e-01
4.814082076291444912e-01
6.121501637351878244e-01
3.680555555555555247e-01
2.611664295874822628e-01
8.683098591549296419e-01
