1.189702328702590406e-01
1.232503257337512204e-01
1.281175037827065322e-01
9.969575327094154504e-02
1.603028308097432797e-01
1.185403657904092189e-01
4.028873100725418599e-01
3.873557269297226435e-01
3.427743145366402011e-01
5.870754521440908480e-01
9.982439737407261537e-02
5.838495497413582758e-01
6.527481993557715523e-01
3.889159465089077061e-01
3.229322118543120901e-01
9.999999999999995559e-01
5.815849009362319411e-01
1.473830723293360068e-01
5.419852867682050102e-01
4.331655618783003536e-01
4.382732950593591914e-01
2.892906716005628764e-01
5.271362093162805795e-01
4.003013821909620074e-01
3.305906747561202508e-01
6.324109052760689131e-01
7.103899611274462345e-01
1.710306406685236924e-01
1.673228346456692717e-01
1.395881006864988505e-01
1.939501779359430467e-01
1.538461538461538547e-01
1.663471558148882368e-01
1.854548923585713771e-01
6.362646405523966209e-01
1.173874669020300021e-01
2.690726359068066897e-01
0.000000000000000000e+00
8.090592334494772775e-02
2.915669856459329745e-01
1.470644421803362079e-01
5.515296159687567146e-01
5.177680480602790958e-01
5.310245310245309547e-01
5.499999999999993783e-02
2.649006622516556497e-01
2.150419861263235255e-01
2.022058823529412352e-01
1.818017398529470086e-01
4.533333333333333659e-01
1.486380450622126759e-01
4.079999999999999738e-01
5.858013200203079363e-01
1.190476190476186247e-01
9.285714285714288252e-01
9.459459459459456099e-01
8.260869565217388022e-01
5.000000000000000000e-01
0.000000000000000000e+00
8.096699442626844601e-01
0.000000000000000000e+00
0.000000000000000000e+00
0.000000000000000000e+00
0.000000000000000000e+00
0.000000000000000000e+00
0.000000000000000000e+00
0.000000000000000000e+00
0.000000000000000000e+00
0.000000000000000000e+00
8.933333333333334236e-01
8.314606741573034032e-01
0.000000000000000000e+00
0.000000000000000000e+00
0.000000000000000000e+00
0.000000000000000000e+00
0.000000000000000000e+00
0.000000000000000000e+00
0.000000000000000000e+00
0.000000000000000000e+00
0.000000000000000000e+00
6.257668711656442229e-01
1.981893017472761698e-01
2.072960699657588612e-01
2.002229979046540320e-01
1.885536121129292308e-01
2.487075175676778938e-01
1.962180120288372354e-01
3.742167575939503443e-01
6.441098564476488431e-01
3.573989802083502587e-01
3.802813452230786595e-01
6.001630279799874401e-02
1.518556194751613520e-01
5.159381089957150168e-01
2.637316456321889824e-01
9.229867443812480587e-01
5.880085105752101970e-01
6.773744227698190734e-01
7.746993753793263160e-02
6.251434619937369375e-01
4.899093187970304797e-01
3.222141317592066567e-01
5.345552501106796139e-01
7.999616706866934379e-01
2.216849963145590685e-01
3.688859761432757844e-01
7.252542150810726840e-01
1.603944659046359078e-01
8.346723522065099821e-02
8.941091500634461287e-02
8.736994920615884230e-02
7.820919467254056068e-02
1.202363662161227559e-01
8.258865522720559849e-02
2.918635291435156542e-01
5.699430573754469265e-01
2.482512557524273467e-01
2.741370683278241405e-01
3.682854323723364076e-02
5.788752601214043614e-02
4.248430284963759518e-01
1.721527806513764025e-01
8.935612345414618574e-01
5.068869418389266857e-01
5.773870582776489124e-01
4.901366297406481443e-02
5.409397221388587695e-01
3.784615206653709207e-01
2.377986508575777869e-01
4.406090320952537609e-01
7.521194567178847157e-01
1.480510340354642684e-01
2.707714439232611348e-01
6.347548884129470270e-01
1.210790026709482325e-01
6.129985228951256859e-02
7.329842931937174955e-02
7.981927710843372825e-02
8.843537414965990662e-02
2.500000000000000000e-01
7.056877221915591747e-02
2.920765854760092317e-01
6.445916114790287699e-01
3.524422120921668622e-01
6.234013043665080911e-01
1.820002328006632419e-01
4.675486251238759605e-01
5.959821428571429047e-01
3.804099490710523557e-01
1.168952752436521747e-01
8.485810657091703568e-01
2.532328748651564432e-01
1.412508441060772446e-01
4.938203696553146171e-01
5.195239859597878818e-01
5.046217645589700096e-01
3.363414903344061901e-01
3.633992244315608078e-01
3.781559380696846162e-01
4.496692551049755737e-01
6.955440261568499594e-01
7.516370150728934885e-01
