1.272252749963626584e-01
1.168409987251268767e-01
1.054320417536343535e-01
8.229106724273471674e-02
1.347416500142735174e-01
1.145109212418188860e-01
2.804809763671167744e-01
1.316701739693434403e-01
3.838838040302701149e-01
5.007655728780848747e-01
7.645054896876097850e-01
2.552446797405361067e-01
0.000000000000000000e+00
7.073315776413865441e-01
9.280141960254237876e-01
4.343777468789804530e-01
7.735549494370952406e-01
9.526900389584764817e-01
2.975276364649315219e-01
1.608391836927294261e-01
2.210338959737655484e-01
8.942212327025755858e-02
1.314760937057100065e-01
2.904405529098832428e-01
5.738507893043361952e-01
7.260067023654244167e-01
8.585165735322410896e-01
2.685236768802228280e-01
2.426884139482564651e-01
2.151029748283753151e-01
2.259786476868327343e-01
2.692307692307692180e-01
2.431347252079459897e-01
1.281229077839246555e-01
5.022119376573876970e-01
7.287560923924560896e-01
3.414039896451957490e-01
1.000000000000000000e+00
2.065166211507674932e-01
3.008166969147005876e-01
5.647773279352226172e-01
7.271748794983385888e-01
3.433895297249334178e-01
4.422244422244421269e-01
7.613636363636362425e-01
3.667855323484462415e-01
3.165854908997692840e-01
3.235294117647058432e-01
5.806090679120450293e-01
9.520000000000001794e-01
2.660912453760788665e-01
5.306666666666666199e-01
6.715663757464399586e-01
8.294930875576032037e-01
3.392857142857144126e-01
4.324324324324324564e-01
3.478260869565215074e-01
2.500000000000000000e-01
0.000000000000000000e+00
3.937648571380756302e-01
0.000000000000000000e+00
0.000000000000000000e+00
0.000000000000000000e+00
0.000000000000000000e+00
0.000000000000000000e+00
0.000000000000000000e+00
0.000000000000000000e+00
0.000000000000000000e+00
0.000000000000000000e+00
0.000000000000000000e+00
4.654088050314465486e-01
0.000000000000000000e+00
0.000000000000000000e+00
0.000000000000000000e+00
0.000000000000000000e+00
0.000000000000000000e+00
0.000000000000000000e+00
0.000000000000000000e+00
0.000000000000000000e+00
0.000000000000000000e+00
5.312500000000000000e-01
3.214607286252998408e-01
3.060818786064984920e-01
2.779648531942157108e-01
2.663448078118805240e-01
3.300626676269052817e-01
3.025346532625504681e-01
2.496023539266212232e-01
3.482848044714896840e-01
5.666407800199859679e-01
2.092422721134160613e-01
7.980009863324526442e-01
1.965582014358446261e-01
4.276057124284208255e-01
6.757509802175666325e-01
8.814986103296773567e-01
6.080080972055255106e-01
4.247153826915961439e-01
6.753243280140839300e-01
5.248010761806162217e-01
4.431031190903034211e-01
2.980516275637177248e-01
4.964977617135728494e-01
9.011939831954083324e-01
3.993150870737508518e-01
6.225284019289617499e-01
6.829995109353393934e-01
4.663076322442885058e-01
1.639907312762564073e-01
1.537106792254182841e-01
1.365227684982595890e-01
1.254185535930013029e-01
1.780295345974835519e-01
1.505109984582308491e-01
1.837344856455055409e-01
2.748459312820439315e-01
4.499394423927788322e-01
1.347193520154384982e-01
7.317454908579920092e-01
8.133887019154824316e-02
3.383296118916767070e-01
5.724124610803167368e-01
8.382563760984946821e-01
5.281992674220978845e-01
3.129265850463840426e-01
5.880218738178623061e-01
4.351910172813736044e-01
3.330536389857651769e-01
2.171827017262407122e-01
4.021053099436949219e-01
8.745726042858524840e-01
2.969506952337264138e-01
5.234961141576759402e-01
5.846653598072923952e-01
3.936531786867351612e-01
4.283604135893648301e-02
4.637247569184743679e-02
3.915662650602408368e-02
4.535147392290250767e-02
1.250000000000000000e-01
3.500978537477716923e-02
2.412737003299496585e-01
3.333333333333333703e-01
3.568128241395567279e-01
6.190030110404816099e-01
7.205743434725111474e-01
2.106700655498906505e-01
0.000000000000000000e+00
6.078418168878942929e-01
8.283697867550878779e-01
4.162715016271503199e-01
6.714778047511704706e-01
8.783463553944691471e-01
2.713096695873875586e-01
2.270160627158599453e-01
3.156732891832229049e-01
9.584695250913277675e-02
2.731857455408462920e-01
3.328344380300762850e-01
6.708860759493671111e-01
6.295693779904305565e-01
8.450704225352112520e-01
