3.085946105328801203e-01
3.063414736247231929e-01
3.042624644794626465e-01
2.947375727357912090e-01
4.219881500987492373e-01
3.066584015016520781e-01
6.411539981449261294e-01
5.207291681630367153e-01
1.039723820720410696e-01
6.354453021749504327e-01
3.314741410113060671e-01
6.949624771066140738e-01
4.217054313487529349e-01
4.229728786958627529e-01
5.283480029274436607e-01
3.641307101251554101e-01
6.733369676530382986e-01
2.082515011467289678e-01
5.195668596089227931e-01
4.968848862395576216e-01
5.006368866786277128e-01
1.930726200392886005e-01
4.380236456062469586e-02
2.047173374670752111e-01
5.861375018153284211e-01
5.603774679204467368e-01
6.159892743949544336e-01
3.610027855153203902e-01
3.309898762654668314e-01
2.814645308924484945e-01
3.113879003558718273e-01
3.846153846153846367e-01
3.322763430681452412e-01
1.676289811883030501e-01
6.362646405523966209e-01
1.075591075591075252e-01
4.137353433835845862e-01
6.286486050636994616e-01
1.872822299651567823e-01
3.504492939666239426e-01
1.475019825535289764e-01
4.274588619520158783e-01
2.583286278938452529e-01
3.211334120425030081e-01
2.857142857142858094e-02
2.194891201513717860e-01
3.854900119960360527e-01
3.981900452488689179e-01
3.296222166624966921e-01
9.714285714285719742e-02
2.768354050721498760e-01
2.719999999999999640e-01
6.128443556096289102e-01
2.448979591836728531e-01
4.821428571428572063e-01
6.396396396396393236e-01
7.391304347826084253e-01
3.499999999999998668e-01
0.000000000000000000e+00
5.133220120800778830e-01
6.730769230769231282e-01
0.000000000000000000e+00
0.000000000000000000e+00
8.615384615384615863e-01
0.000000000000000000e+00
0.000000000000000000e+00
0.000000000000000000e+00
0.000000000000000000e+00
0.000000000000000000e+00
0.000000000000000000e+00
7.115384615384615641e-01
0.000000000000000000e+00
0.000000000000000000e+00
0.000000000000000000e+00
0.000000000000000000e+00
0.000000000000000000e+00
0.000000000000000000e+00
0.000000000000000000e+00
0.000000000000000000e+00
0.000000000000000000e+00
4.722222222222222099e-01
5.965561310394463801e-01
5.887234551245714709e-01
5.639447313403838091e-01
5.729744899797354352e-01
6.716789371298912403e-01
5.867642202396214923e-01
2.129484086851736180e-01
7.830504180283230919e-01
3.205741116385117939e-01
4.470876795682797722e-01
6.292664919082187058e-01
3.320865243618856266e-01
6.710467157623870582e-01
2.726285076256250717e-01
8.159707980681105699e-01
6.886088490445014809e-01
6.269889452572132704e-01
1.639925660039672772e-01
5.819535990914498358e-01
5.779928065343051813e-01
6.604354969575030321e-01
4.396031518622032230e-01
4.307835460256417281e-01
2.684051147274653104e-01
3.340987972149592755e-01
5.570114025425118021e-01
6.382668976902947655e-01
4.228043196830491568e-01
4.150224546375868573e-01
3.906407633793206879e-01
3.965150953443533077e-01
5.200548723839183429e-01
4.120714433758644879e-01
1.540082814593264349e-01
7.280859316461941733e-01
2.170621581340316242e-01
3.357490269704620500e-01
5.333781792903565799e-01
1.702594370918394939e-01
5.905304906872343995e-01
1.791042176784715112e-01
7.538088796799906621e-01
6.168057233983038623e-01
5.199851653699975040e-01
1.094043866225998529e-01
4.945358852396328220e-01
4.692123968938271550e-01
5.737517457033685098e-01
3.465834276075855924e-01
3.574731739131855601e-01
1.846043628334600450e-01
2.403386947313325972e-01
4.449436451130657222e-01
5.708623344162138125e-01
9.601181683899556729e-02
1.047120418848167533e-01
8.885542168674698260e-02
1.133786848072562692e-01
2.500000000000000000e-01
9.833414597900175247e-02
6.667793876864275271e-01
7.247054747054747503e-01
3.759252307487235267e-01
7.937519289615619922e-01
3.113975576662145195e-01
4.960650793142032944e-01
6.026785714285715079e-01
3.801022259140883208e-01
4.384449244060474871e-01
2.760053807366331657e-01
2.807544957676675335e-01
2.569582160824170902e-01
5.909710092340570986e-01
6.333281323139335894e-01
5.326525823344929744e-01
1.984774562584118440e-01
0.000000000000000000e+00
2.781231103146419859e-01
7.043889085128930416e-01
5.719198564593299672e-01
7.232336325646184783e-01
