1.067183628925936212e-01
1.108488961681151630e-01
1.219175554489426716e-01
9.772913943292110828e-02
7.307439104674129382e-02
1.083559393498833012e-01
3.661079587130366964e-01
1.708272633358736137e-01
3.658586855784620173e-01
6.513809380353547951e-01
3.421124566322655824e-01
7.256356550031843877e-01
3.749232149534347247e-01
8.351626472112005928e-02
1.007132845931025811e-01
5.954158720419733264e-01
3.480685008434554195e-01
2.974286570769639759e-01
6.970969830193568528e-01
1.247692279632888201e-01
5.586284343172702727e-01
4.769910973356664696e-01
9.046676704072247333e-01
9.723008596815490012e-01
3.620016810418344999e-01
2.038514089456324729e-01
6.760342858775243435e-01
2.061281337047353723e-01
1.903824521934758263e-01
1.910755148741418719e-01
1.975088967971529996e-01
1.538461538461538547e-01
2.006676415772682409e-01
1.389677122478717441e-01
5.290224782363894818e-01
1.199044857581443302e-01
9.645664218528540168e-01
3.644412191582003802e-01
1.076872822299651256e-01
3.102815177478580599e-01
1.811840120663650300e-01
8.626428840597910597e-02
4.047449343244069464e-01
4.998244998244998349e-01
5.882352941176469674e-01
6.033848417954377208e-01
3.133002598629813784e-01
3.868286445012789621e-01
7.929825574308937419e-01
6.256000000000001560e-01
5.752842855185641424e-01
4.895999999999999797e-01
1.382636655948552562e-01
6.696428571428567622e-01
3.392857142857144126e-01
4.684684684684681244e-01
7.391304347826084253e-01
6.000000000000000888e-01
0.000000000000000000e+00
4.369552867744848079e-01
4.666666666666666741e-01
0.000000000000000000e+00
0.000000000000000000e+00
0.000000000000000000e+00
0.000000000000000000e+00
0.000000000000000000e+00
0.000000000000000000e+00
0.000000000000000000e+00
0.000000000000000000e+00
6.568627450980393245e-01
4.713375796178344013e-01
0.000000000000000000e+00
0.000000000000000000e+00
0.000000000000000000e+00
0.000000000000000000e+00
0.000000000000000000e+00
0.000000000000000000e+00
0.000000000000000000e+00
0.000000000000000000e+00
0.000000000000000000e+00
0.000000000000000000e+00
1.780768476730610339e-01
1.766523502277407565e-01
1.719711401977614962e-01
1.784406941258248891e-01
2.056978578161877680e-01
1.769031061793730764e-01
1.248937011818795906e-01
5.964748654398224215e-01
2.364188534319777713e-01
7.747238098904895010e-01
3.945992406899581084e-01
2.244688066978091645e-01
4.653165308311747461e-01
4.158673938502892575e-01
2.659206858059701695e-01
5.799705301028104110e-01
5.290659375475548210e-01
5.054254380131306679e-01
8.003064287414843880e-01
4.667906208579666316e-01
3.309864437788265779e-01
8.230333902100999133e-01
9.129274303648946542e-01
6.238238339291483081e-01
5.078459442091874942e-01
3.317499373420117470e-01
2.363520103941494366e-01
7.241125811438818560e-02
7.231021764795714235e-02
7.161788392922077695e-02
7.271306306355609927e-02
9.336076952529255568e-02
7.199722681892659071e-02
8.645799946431981242e-02
5.186001685048177157e-01
1.506247836062091228e-01
6.961171780375504659e-01
2.964089748949149117e-01
9.745965155027290494e-02
3.745675696927737719e-01
3.012994292821968845e-01
1.851119787923072302e-01
4.983968280323237687e-01
4.150705083132787410e-01
4.058956267544869823e-01
7.428806376414480717e-01
3.557892598227342940e-01
2.453950437784745420e-01
7.680378652447992227e-01
8.891619558965960790e-01
5.236764275061589480e-01
4.025124675737845603e-01
2.310628203366793809e-01
1.836592150568644999e-01
8.419497784342688806e-02
1.264023934181002229e-01
1.099397590361445576e-01
1.111111111111111605e-01
1.250000000000000000e-01
9.081274020927854185e-02
3.953787215473589800e-01
1.135265700483091833e-01
5.008206142743125699e-01
6.328072497708991939e-01
4.011610736128276566e-01
5.807234765719834213e-01
4.663992408557625646e-01
2.539868051796345672e-03
1.131421251005801376e-01
4.101091942444021754e-01
1.445906817887712137e-01
2.425779814340754958e-01
6.440022334405920423e-01
1.737660581473968735e-01
6.224950844915325687e-01
4.332604306864062949e-01
8.272571600703243488e-01
9.324232434499435396e-01
4.862794612794612559e-01
1.811842105263158365e-01
6.318140657469408783e-01
