2.397405600774855094e-01
2.283815053756590441e-01
2.253142093381105826e-01
1.895664848764377353e-01
2.772991384492086153e-01
2.276962597273505806e-01
4.014416906438145194e-01
9.420959914400994784e-02
2.748171476194443130e-01
3.270791812565589929e-01
4.484995769533571264e-01
4.412585708548015795e-01
4.042270835588541722e-01
4.519005078282514187e-01
4.798072159697095440e-01
5.938478213953439777e-01
7.630436306186700879e-01
6.161322724483468960e-01
5.686953554498822561e-01
6.177764445816373851e-01
1.620544205960557926e-01
3.632251776464526793e-01
2.446951877194147862e-01
5.644414553602994378e-01
5.232485729107875239e-01
6.739863921416351378e-01
7.835002246677083004e-01
4.885793871866295213e-01
4.389763779527559029e-01
4.290617848970251780e-01
3.985765124555159522e-01
5.000000000000000000e-01
4.539382086231907865e-01
4.900682567681567958e-01
1.028465936160076755e-01
2.827685135377442927e-01
1.636755204594400603e-01
3.818614863607606713e-01
6.146698829625654725e-02
3.720394736842105310e-01
3.539663461538461453e-01
2.090943348825523573e-01
6.283864146953879182e-01
4.155844155844157228e-01
5.090909090909090384e-01
2.649006622516556497e-01
7.668674698795180378e-01
2.296015180265654765e-01
4.454623018545962321e-01
2.895049504950495400e-01
6.942046855733662314e-01
3.988314606741572566e-01
4.147909967845658796e-01
8.294930875576032037e-01
4.107142857142860315e-01
4.504504504504502904e-01
3.478260869565215074e-01
5.000000000000000000e-01
0.000000000000000000e+00
4.351530695448007080e-01
0.000000000000000000e+00
0.000000000000000000e+00
0.000000000000000000e+00
0.000000000000000000e+00
0.000000000000000000e+00
0.000000000000000000e+00
0.000000000000000000e+00
0.000000000000000000e+00
0.000000000000000000e+00
5.317460317460317443e-01
6.851851851851851194e-01
0.000000000000000000e+00
0.000000000000000000e+00
0.000000000000000000e+00
0.000000000000000000e+00
0.000000000000000000e+00
0.000000000000000000e+00
0.000000000000000000e+00
0.000000000000000000e+00
0.000000000000000000e+00
3.820224719101123489e-01
6.568489298843885882e-01
6.269109920423443505e-01
5.914776650707569416e-01
5.698739119617334259e-01
7.128336417236031952e-01
6.277809044367743674e-01
7.028303293926883022e-01
2.562361066681311250e-01
4.181644674699837028e-01
2.039631885842481118e-01
5.880201833260989552e-01
1.167588688981308076e-01
4.050229621825108817e-01
5.732056555372270212e-01
4.443524306317703232e-01
9.376965364485339016e-01
3.801082101423247650e-01
6.137131611743156245e-01
6.460280468515330332e-01
8.941307765680666098e-01
3.164984896315226059e-01
7.343033930671687415e-01
3.922797458544162730e-01
6.436393848228033621e-01
6.394532226512937845e-01
5.000900389452177519e-01
6.737622201542248224e-01
4.941271216716296433e-01
4.591173976397342482e-01
4.211894552929275060e-01
3.930950887777230340e-01
5.720897975751120246e-01
4.594281764530226964e-01
6.293808966734335542e-01
1.945753217427793613e-01
3.025353174184138294e-01
1.308354849397644348e-01
4.884481439361664235e-01
4.151884530496209591e-02
3.171255125501814542e-01
4.578268602288591005e-01
3.421432213239134490e-01
9.181333773849145174e-01
2.723027724058066923e-01
5.193201897080255147e-01
5.638592699244655559e-01
8.519145731416524203e-01
2.328811923734825373e-01
6.606351844123430350e-01
3.210061832299742068e-01
5.457537913415384523e-01
5.422895861910104198e-01
3.865460773878891532e-01
6.095910981277279372e-01
4.431314623338289405e-03
2.131637995512342121e-02
1.355421686746988152e-02
1.133786848072565467e-02
1.250000000000000000e-01
0.000000000000000000e+00
3.023590013296503232e-01
1.865079365079365115e-01
2.980365915917235764e-01
4.620487942552391480e-01
3.895905089934941778e-01
3.818142353400956202e-01
5.956269671271200439e-01
3.095028924771640599e-01
4.679502269031960426e-01
3.769647838214784663e-01
7.936846816838070140e-01
4.647767673431613122e-01
4.471802274887314299e-01
4.191245329551888110e-01
2.026979781359090627e-01
2.835507541230792850e-01
3.295441595875764351e-01
5.405171413754041865e-01
5.699583718778908903e-01
7.205698722801772149e-01
9.439616421935870250e-01
