1.338870651754531793e-01
1.404768284948111901e-01
1.491413887340413136e-01
1.385835631267819945e-01
1.132670385641523780e-01
1.375382884339912959e-01
8.203959948645422884e-01
3.970336800479088435e-01
2.676249975284705762e-01
3.668995495927265260e-01
4.275794295601461070e-01
8.902891817331384239e-01
3.911251327293756574e-01
3.146554023059651151e-01
7.450002197575367191e-02
1.967880804286488150e-01
1.497664679763672790e-01
4.426982862632249383e-01
7.427550055317660993e-01
2.159482881793239883e-01
6.807046111003587363e-01
2.631999713183791334e-01
5.112688778596470307e-01
7.724723826173154340e-01
5.514519911202714342e-02
2.993223365892920818e-01
5.793439021979966963e-01
6.908077994428968305e-02
6.692913385826770867e-02
5.949656750572085429e-02
7.829181494661918705e-02
2.307692307692307820e-01
6.866724139555191453e-02
4.164331881605590757e-01
5.022119376573876970e-01
2.827685135377442927e-01
1.341844356919734138e-01
2.359078962852547701e-01
1.315543469023540413e-01
3.504492939666239426e-01
2.346563011456628267e-01
7.534606205250593547e-02
2.795031055900620842e-01
1.519674355495250762e-01
1.902985074626865059e-01
5.909322465613855435e-01
4.020260145057843459e-01
3.784683684794671876e-01
6.179900883109139542e-01
3.843478260869566121e-01
5.030826140567200566e-01
2.153333333333334321e-01
2.102365326168347259e-01
0.000000000000000000e+00
9.285714285714288252e-01
1.000000000000000000e+00
9.565217391304345895e-01
7.999999999999998224e-01
0.000000000000000000e+00
8.759247994594430153e-01
0.000000000000000000e+00
0.000000000000000000e+00
0.000000000000000000e+00
0.000000000000000000e+00
0.000000000000000000e+00
2.821917808219178148e-01
0.000000000000000000e+00
0.000000000000000000e+00
0.000000000000000000e+00
6.036036036036036556e-01
6.851851851851851194e-01
0.000000000000000000e+00
0.000000000000000000e+00
0.000000000000000000e+00
6.063829787234041868e-01
6.022727272727272929e-01
0.000000000000000000e+00
0.000000000000000000e+00
0.000000000000000000e+00
0.000000000000000000e+00
8.031496062992126150e-01
1.129640867673330495e-01
1.076371192335294491e-01
9.747289454869711989e-02
1.178257427833038495e-01
2.400154577498242459e-01
1.104908303828714689e-01
5.945917020043367529e-01
6.251358121897938602e-01
3.480337337587687818e-01
1.334067716812596949e-01
3.887029375812935950e-01
2.520682032916620186e-01
3.434250506213559762e-01
4.878091519334083470e-01
8.428504215035059755e-02
5.338806788186623020e-01
2.414764698765959894e-01
3.443480336291004917e-01
7.983837850039826600e-01
4.722441407701649663e-01
2.175098441035385743e-01
5.343152092910479212e-01
7.496383947114220181e-01
6.219469168676626802e-01
2.245507737751107902e-01
1.831990268866915406e-01
0.000000000000000000e+00
4.062441957255281955e-02
3.873055411733121456e-02
3.547534255751977339e-02
4.286217552447012941e-02
1.145998370448265274e-01
3.968156739700238328e-02
5.098211626704847177e-01
5.493161295372662734e-01
2.401970726927792898e-01
8.133646235799923963e-02
2.910378462200184924e-01
1.145184482753553862e-01
2.611794449582866551e-01
3.699729772299953368e-01
5.233482117589788318e-02
4.505498324116538056e-01
1.576731143022842285e-01
2.544530858014960595e-01
7.405443871953720780e-01
3.610945048546678193e-01
1.517224316418599450e-01
4.403627490904575281e-01
6.935273414256392099e-01
5.216026485114813038e-01
1.511667899491768441e-01
1.152374484361467777e-01
0.000000000000000000e+00
1.883308714918759397e-01
2.146596858638744054e-01
1.912650602409638467e-01
1.927437641723356299e-01
1.250000000000000000e-01
1.965010829050989338e-01
7.223442466082002911e-01
4.484427179172630340e-01
3.294763577740260629e-01
5.165631976559517113e-01
4.646734058629805042e-01
7.364478202060137368e-01
5.508540372670805985e-01
3.027864732651373569e-01
5.736268371257569054e-02
4.417799988908122089e-02
1.023048437807878575e-01
4.807256707949836283e-01
7.738668346389113717e-01
4.805309339218853948e-01
6.735307662087509639e-01
2.092720654024330385e-01
4.884473849490583719e-01
7.238950132016650496e-01
0.000000000000000000e+00
4.887860780984718545e-01
4.738017143959648014e-01
