9.029821356551448464e-02
7.932896230907288126e-02
6.894342547145443367e-02
3.982832618025750060e-02
9.769585253456219975e-02
7.699460497020815808e-02
1.530076449111139603e-01
1.021816390342145109e-02
4.795405828149499339e-01
7.393680653152612248e-01
7.939551289148312208e-01
2.001644863662288554e-01
3.224931987091805841e-02
9.390734470600180517e-01
9.679223849431348725e-01
5.323606884241307569e-01
9.382314684231267687e-01
9.050759944572552840e-01
3.344428282538403074e-02
2.844280426659706595e-01
7.124478725749372465e-02
1.688576687127899545e-01
1.736987598259420729e-01
1.045394187794810303e-01
5.582787430797788719e-01
6.443882645118423902e-01
9.506261140832674705e-01
3.688022284122562944e-01
3.416760404949381602e-01
3.066361556064073346e-01
2.793594306049821396e-01
3.461538461538462008e-01
3.391801805040336459e-01
2.894393741851367663e-01
1.745275528029219814e-01
3.006993006993006756e-01
5.973457028733411001e-01
5.909046927914852754e-01
9.135718534885695075e-02
2.736842105263158631e-01
6.360373781148429551e-01
6.123643082608358768e-01
5.403726708074534368e-01
5.640074211502783541e-01
6.562500000000000000e-01
1.426388181355069396e-01
6.546184738955823645e-01
3.009575923392613372e-01
6.569963704662555859e-01
8.993548387096774732e-01
4.125511064962035235e-01
4.952452830188678878e-01
4.460959776739671367e-01
1.000000000000000000e+00
1.964285714285716189e-01
2.162162162162162282e-01
4.347826086956496638e-02
1.499999999999999112e-01
0.000000000000000000e+00
1.343612545275485459e-01
0.000000000000000000e+00
0.000000000000000000e+00
0.000000000000000000e+00
0.000000000000000000e+00
0.000000000000000000e+00
0.000000000000000000e+00
0.000000000000000000e+00
0.000000000000000000e+00
0.000000000000000000e+00
0.000000000000000000e+00
6.788990825688073771e-01
0.000000000000000000e+00
0.000000000000000000e+00
0.000000000000000000e+00
0.000000000000000000e+00
0.000000000000000000e+00
0.000000000000000000e+00
0.000000000000000000e+00
0.000000000000000000e+00
0.000000000000000000e+00
4.636363636363636243e-01
3.086018606973057743e-01
2.884235072559381274e-01
2.504386847267995875e-01
2.447329899122361041e-01
3.201088878965224760e-01
2.847217805478012842e-01
3.391667102355409025e-01
1.549255060032104225e-01
4.651849556225713389e-01
5.162809533145543694e-01
8.242098023504336179e-01
1.165454739754387958e-01
3.554679228168259320e-01
9.004218462766490072e-01
8.498430064218647217e-01
8.798846963125690479e-01
6.074444504307803250e-01
5.798770836080584523e-01
2.319035254759452824e-01
5.204077348994429197e-01
2.584662531438899347e-01
6.146149100764315421e-01
9.747650114209429617e-01
3.521098038401192509e-01
7.323409623947968461e-01
6.199986959091291494e-01
4.098993230775047625e-01
1.545660658126495057e-01
1.411891092677670378e-01
1.181450333397132124e-01
1.114272930657489169e-01
1.704699018272017308e-01
1.379950978258800975e-01
2.603463164634868265e-01
1.125659355039406728e-01
3.469490879305757725e-01
4.038007006173968128e-01
7.646570745800828073e-01
4.142481808724922387e-02
2.718996596778139874e-01
8.581348370301753459e-01
7.970170560868055087e-01
8.444940420416251481e-01
4.983443318017967139e-01
4.828759908164216297e-01
1.678991417717915491e-01
4.091002638124319746e-01
1.843830463909025830e-01
5.251780453677847849e-01
9.674108710324470506e-01
2.547530706087123287e-01
6.497317273967685436e-01
5.129947209195672153e-01
3.392834978322852302e-01
1.329394387001481270e-02
2.692595362752431276e-02
1.807228915662650870e-02
1.814058956916103638e-02
1.250000000000000000e-01
7.049399169279879640e-03
1.785869120381222697e-01
0.000000000000000000e+00
8.322006416669540663e-01
7.660544804634534799e-01
8.941956882255392980e-01
2.995525959837685992e-01
1.391369047619046562e-01
8.492728747637168230e-01
8.753621661486592487e-01
4.020428254984005356e-01
8.926664457210193859e-01
9.487752354109472153e-01
5.470202563851644939e-02
4.128948980745094088e-01
1.074189379450891657e-01
1.944818304172274415e-01
2.253333784770757964e-01
1.588344777547607833e-01
6.625000000000000888e-01
5.100000000000000089e-01
9.713717085119411010e-01
