1.255798217952872053e-01
1.127240559706528811e-01
1.030932504786203907e-01
7.324867966681347653e-02
9.746859415440944918e-02
1.114546985756933450e-01
7.886116950893329314e-02
2.455559020424857852e-02
7.160433174792395494e-01
7.004392401171237736e-01
8.185183900864172468e-01
0.000000000000000000e+00
8.300885069092345248e-02
9.474579313607854880e-01
9.150419100434452613e-01
4.752749449296738149e-01
7.921919773753460792e-01
1.000000000000000000e+00
1.276638774215465011e-01
1.715134892387666365e-01
1.162586235092761822e-01
2.173444860850258786e-01
6.626327618673455433e-02
2.397022808599629240e-01
5.927322162896585533e-01
7.344509665371996565e-01
9.173669175594512115e-01
3.966573816155989363e-01
3.650168728908886884e-01
2.814645308924484945e-01
2.953736654804269834e-01
3.076923076923077649e-01
3.497257277008629650e-01
4.599739243807038358e-01
1.141646398034150689e-01
5.804195804195804165e-01
4.331413163377865749e-01
7.942596487070880951e-01
9.135718534885695075e-02
3.102815177478580599e-01
9.547776442307691624e-01
5.897568212604010762e-01
5.086742343114158960e-01
5.310245310245309547e-01
8.214285714285713969e-01
5.298013245033112995e-01
9.999999999999998890e-01
2.022058823529412352e-01
5.239346176298891322e-01
5.440000000000000391e-01
5.804203825308978937e-01
6.178285714285716157e-01
9.999999999999998890e-01
1.000000000000000000e+00
1.785714285714288252e-01
1.981981981981979501e-01
2.173913043478261642e-01
1.499999999999999112e-01
0.000000000000000000e+00
1.407399271413161124e-01
0.000000000000000000e+00
0.000000000000000000e+00
0.000000000000000000e+00
0.000000000000000000e+00
0.000000000000000000e+00
0.000000000000000000e+00
0.000000000000000000e+00
1.000000000000000000e+00
0.000000000000000000e+00
0.000000000000000000e+00
4.805194805194805685e-01
0.000000000000000000e+00
0.000000000000000000e+00
0.000000000000000000e+00
0.000000000000000000e+00
0.000000000000000000e+00
0.000000000000000000e+00
0.000000000000000000e+00
0.000000000000000000e+00
0.000000000000000000e+00
4.722222222222222099e-01
3.783621424609703299e-01
3.594840604752179702e-01
3.203143981066972068e-01
3.150344298068157300e-01
2.965935267131468711e-01
3.532310272033528653e-01
3.506289239414153158e-01
1.772835087853530389e-01
6.181377932328635527e-01
4.546376983727803411e-01
8.110565687207447194e-01
1.236340309410099980e-01
3.277345119176012789e-01
7.237789798074169001e-01
7.306561116523575539e-01
7.233020440570299137e-01
5.864084692589253134e-01
7.534732977191267445e-01
3.374859908224882021e-01
5.569860690000763004e-01
1.955681341052294409e-01
4.548720281399296628e-01
6.898596482787457962e-01
5.101851417943180644e-01
7.443239258301700412e-01
5.802663962960800115e-01
5.035258012576682152e-01
2.085612227249072637e-01
1.943005775103284483e-01
1.668827481552188907e-01
1.594083275423221757e-01
1.531517390056341688e-01
1.886342115593559465e-01
2.705581275472724867e-01
1.300932703079945574e-01
5.059586957078456848e-01
3.429648611944750014e-01
7.480693875423963801e-01
4.458377277935787752e-02
2.473709057172320258e-01
6.294902970565816602e-01
6.491888354252191018e-01
6.562842502377055354e-01
4.754426040568686673e-01
6.795134272909122419e-01
2.571449574861138232e-01
4.469411186428506322e-01
1.347585037363654425e-01
3.612439164135045622e-01
6.258938404020374380e-01
4.035387347006715308e-01
6.641218829817662206e-01
4.696485473211022832e-01
4.305435698434681435e-01
1.772525849335304660e-02
2.729992520568436110e-02
1.506024096385538691e-02
2.721088435374152681e-02
1.250000000000000000e-01
1.694603355418400348e-02
5.055157936624421477e-02
0.000000000000000000e+00
7.805280528052804812e-01
8.518345042935204781e-01
9.016500829187397148e-01
0.000000000000000000e+00
3.149630541871920597e-01
7.967268350311829117e-01
7.900549774199883135e-01
4.937995446363649954e-01
6.153867587766137515e-01
9.135607954027081812e-01
1.482998332433895783e-01
2.536931177904807599e-01
1.615650692670039801e-01
2.088660834454911797e-01
1.532557973107985250e-01
1.645637447394359132e-01
6.812384351044145081e-01
6.790609483614695741e-01
9.439616421935870250e-01
