6.825527050311366306e-01
6.710342836066143235e-01
6.681669900812841068e-01
6.451365047918389273e-01
8.502839995713215027e-01
6.745199833929957922e-01
1.512634841824632703e-01
9.513378054773878878e-01
3.076105958557728837e-01
4.710780580458262534e-02
5.679561460177275922e-01
4.135400631851924302e-01
5.551215069813606462e-01
3.932244103415352132e-01
3.577817992286171922e-01
4.135997078698046003e-01
1.289696926262966503e-01
7.012160274721979114e-01
4.440165122498554995e-01
1.719743067102657008e-01
5.193187114262840520e-01
2.883254382604060195e-01
7.913991169781784407e-01
7.118957878629932345e-01
1.000000000000000000e+00
3.909033030561275268e-01
9.574853596692345370e-02
4.211699164345403812e-01
4.052305961754780750e-01
3.810068649885584025e-01
3.612099644128113907e-01
4.615384615384615086e-01
3.999203826690559405e-01
0.000000000000000000e+00
1.000000000000000000e+00
3.606393606393606954e-01
9.547738693467339166e-02
5.072430273728195660e-01
1.175104188016667939e-02
2.607851596203625277e-01
1.328532892446919744e-01
3.943733275475518330e-01
1.190476190476190688e-01
8.608534322820036166e-01
4.460227272727272929e-01
1.299512682743970693e-01
6.589996349032489764e-02
1.648168701442841444e-01
2.705664869567210307e-01
1.677922077922079369e-01
1.784990281928566791e-01
7.691803278688524870e-01
2.926045016077170047e-01
5.194805194805187654e-01
6.428571428571427937e-01
6.576576576576576016e-01
7.391304347826084253e-01
5.000000000000000000e-01
0.000000000000000000e+00
7.523163043508298564e-01
0.000000000000000000e+00
0.000000000000000000e+00
0.000000000000000000e+00
3.566878980891720063e-01
0.000000000000000000e+00
3.377049180327869049e-01
0.000000000000000000e+00
0.000000000000000000e+00
0.000000000000000000e+00
7.322404371584700922e-01
3.507109004739336622e-01
0.000000000000000000e+00
0.000000000000000000e+00
0.000000000000000000e+00
5.588235294117647189e-01
0.000000000000000000e+00
1.000000000000000000e+00
0.000000000000000000e+00
0.000000000000000000e+00
1.000000000000000000e+00
4.063745019920318446e-01
5.354777728010230442e-01
5.270344264024713343e-01
4.964159827080291687e-01
5.051580349860708141e-01
7.182029049944207433e-01
5.220771303860943791e-01
8.295336241440542935e-02
7.591638336366433037e-01
3.231084737814232666e-01
0.000000000000000000e+00
5.314864533219565423e-01
8.230783401984825831e-03
2.771136579539522637e-01
1.915379188797271537e-01
3.516740936383371263e-01
9.492221481963447616e-02
6.129104096182478312e-01
3.803263378595735933e-01
0.000000000000000000e+00
0.000000000000000000e+00
0.000000000000000000e+00
2.817962699067353416e-01
4.725073595525652870e-02
5.546870780478363461e-02
5.848343415990825411e-01
2.193060970742407578e-01
1.370306332792845527e-01
3.559040214299851179e-01
3.482105298906164603e-01
3.202394257330786753e-01
3.248772392747258930e-01
5.790503036556601257e-01
3.423118197984954536e-01
5.620120041023879409e-02
7.000089170415330075e-01
2.191673539021825601e-01
0.000000000000000000e+00
4.291374586037909333e-01
2.275100645417981599e-03
2.040461368116440188e-01
1.185062378771879477e-01
2.572904362689166224e-01
6.615364632416953494e-02
5.043613607126807841e-01
2.864872562407293488e-01
0.000000000000000000e+00
0.000000000000000000e+00
0.000000000000000000e+00
2.053772501338197443e-01
3.379163437721549590e-02
3.310978551315710283e-02
4.825079520501931452e-01
1.415462242371009205e-01
1.025073756420648574e-01
9.276218611521418467e-01
8.937920718025429423e-01
8.433734939759036653e-01
8.253968253968253510e-01
1.000000000000000000e+00
9.248116931158908427e-01
2.965230730617299804e-01
1.000000000000000000e+00
4.052374217013539059e-01
7.648302676155616098e-02
6.163500678426052648e-01
4.722323379461034198e-01
7.418419144307467628e-01
3.206325519336548635e-01
3.054391505253284955e-01
4.087125174337520317e-01
6.963691980316544239e-02
6.507832735970405791e-01
4.343354226646957139e-01
4.711789396700180044e-01
5.950328113421062826e-01
2.892486738975534877e-01
7.603385315507055209e-01
7.925227622997688126e-01
1.000000000000000000e+00
3.031046717918390865e-01
2.763675073698002027e-02
