4.751204004649948742e-01
4.687593861030729947e-01
4.803719969000257994e-01
4.447323669932788381e-01
6.617511520737328068e-01
4.730880229069169274e-01
5.981909247903978155e-01
9.999999999999998890e-01
2.892079946487020603e-01
5.453693860678032745e-01
3.170900190166823784e-01
4.689007060444136954e-01
5.466468664801427124e-01
4.268840567932165042e-01
4.637044949123485527e-01
3.613070929764461425e-01
3.321542470329332808e-01
5.000969791985490076e-01
5.054990771223332180e-01
4.224231119859918060e-01
3.632123102663884495e-01
3.792274762784503261e-01
1.642301267405703591e-01
2.794301131937415583e-01
6.539012303546252181e-01
5.114087524251633710e-01
3.547937495457570423e-01
5.192200557103063829e-01
4.983127109111361586e-01
4.702517162471395729e-01
4.982206405693949680e-01
5.000000000000000000e-01
5.013386397373823522e-01
2.739362332582669923e-01
6.362646405523966209e-01
4.586059102188135284e-01
2.690726359068066897e-01
2.512094823415578215e-01
2.365670273244083188e-02
3.504492939666239426e-01
4.368368700265251592e-01
5.515296159687567146e-01
0.000000000000000000e+00
3.567753001715266992e-01
1.250000000000000000e-01
7.307604475907736319e-02
3.343556042351223390e-01
1.368778280542987114e-01
2.292274761626775792e-01
2.344827586206910119e-02
1.962542073516180263e-01
4.660674157303371090e-01
3.211285136396638817e-01
8.294930875576032037e-01
3.928571428571427937e-01
2.162162162162162282e-01
7.391304347826084253e-01
4.999999999999982236e-02
0.000000000000000000e+00
3.557657823561406474e-01
6.034482758620689502e-01
0.000000000000000000e+00
5.379310344827585855e-01
0.000000000000000000e+00
0.000000000000000000e+00
0.000000000000000000e+00
0.000000000000000000e+00
0.000000000000000000e+00
0.000000000000000000e+00
4.294871794871795712e-01
4.484848484848484862e-01
0.000000000000000000e+00
0.000000000000000000e+00
0.000000000000000000e+00
0.000000000000000000e+00
6.973684210526315264e-01
4.729729729729730270e-01
0.000000000000000000e+00
0.000000000000000000e+00
0.000000000000000000e+00
3.541666666666666297e-01
6.958151710533201362e-01
6.780708279103810909e-01
6.467145852624534008e-01
6.563083348570182274e-01
8.396737556868324459e-01
6.766500978732113980e-01
2.991058502861281276e-01
7.309342031335839263e-01
5.913736413713757134e-01
2.382036701713238225e-01
2.049290719112393244e-01
1.423993441841461260e-01
7.359764505382390132e-01
4.458324601659350295e-01
9.009874400355608604e-01
2.122437584896301743e-01
5.563673136467779390e-01
1.595072869188149944e-01
3.004899919158318111e-01
4.409080399617595347e-01
8.987796270174874813e-02
3.643487224542991676e-01
5.104734367581231780e-02
2.588763723318131538e-01
7.081982923222626125e-01
4.290236957614165236e-01
4.627646037051067474e-01
5.430141167045992034e-01
5.214705847777336700e-01
4.856986761976941902e-01
4.936289213192424641e-01
7.471138594836315150e-01
5.190159548811829060e-01
2.253815242325301060e-01
6.673029597184109152e-01
4.765296422160754108e-01
1.564731399419510005e-01
1.379593221748893483e-01
5.330033955350167718e-02
6.650998291834024911e-01
3.293099997181967997e-01
8.640580549922327602e-01
1.562562341465972837e-01
4.434390431004540112e-01
1.061272598117645460e-01
2.249615471866956429e-01
3.309721066290519098e-01
5.825971079217800996e-02
2.768997438261340815e-01
3.656474269695419999e-02
1.769979359221803827e-01
6.211067330325902303e-01
3.177677030820962312e-01
3.901835152696609410e-01
4.800590841949779475e-01
4.801795063575168276e-01
5.180722891566265087e-01
4.761904761904762751e-01
5.000000000000000000e-01
4.926748510470452258e-01
6.065863631340479012e-01
9.791666666666667407e-01
3.616346190603625388e-02
5.462431693989071579e-01
3.404406538734897070e-01
7.512904145159756686e-01
4.192994505494506141e-01
3.968131885223605271e-01
2.818574514038876822e-01
5.220972803347283531e-01
1.594087959625090090e-01
4.131749623824078066e-01
5.307137328861567527e-01
3.770744975106029573e-01
3.707119391533011399e-01
3.618622292915696370e-01
2.253333784770757964e-01
3.052656131552859975e-01
6.973684210526315264e-01
5.100000000000000089e-01
1.984078383343539920e-01
