2.377611172323080280e-01
2.215927957962267048e-01
2.217955287531073183e-01
1.783963392535931614e-01
3.269623026365490182e-01
2.252976071510743306e-01
1.186691475228133230e-01
4.016487385779186070e-01
4.942909341799224254e-01
4.941152839605014169e-01
7.247971776750166129e-01
2.657059779205552807e-01
4.172169332758215443e-01
4.885751352828887617e-01
7.968585782957662289e-01
6.725788217072272701e-01
8.634587152693400380e-01
7.084374569980531611e-01
1.617718253646169835e-01
4.163972795930499515e-01
5.343772524297174531e-02
2.247494210289554539e-01
5.049107705199333829e-01
3.745530050923162602e-01
5.502470941277868288e-01
8.339609171516599861e-01
7.376883445469319955e-01
4.122562674094707447e-01
3.638920134983126831e-01
3.569794050343249037e-01
2.918149466192170305e-01
4.230769230769230727e-01
3.759081372628066964e-01
2.361473272490220987e-01
3.887827275154573936e-01
1.437134294277152002e-01
2.066496867901149170e-01
6.361973875181423654e-01
7.491289198606268518e-02
6.383183568677793795e-01
5.542367788461537437e-01
3.865155131264915722e-01
4.541925465838509979e-01
7.436773752563226036e-01
5.277777777777776791e-01
3.667855323484462415e-01
3.144700012169892034e-01
1.078431372549020217e-01
4.957928216277152078e-01
2.472727272727273107e-01
2.488071623867473825e-01
7.888000000000001677e-01
5.069667738478027541e-01
8.294930875576032037e-01
1.607142857142860315e-01
2.972972972972969252e-01
4.347826086956518843e-01
2.999999999999998224e-01
0.000000000000000000e+00
1.526922355895914407e-01
0.000000000000000000e+00
0.000000000000000000e+00
0.000000000000000000e+00
0.000000000000000000e+00
0.000000000000000000e+00
0.000000000000000000e+00
0.000000000000000000e+00
0.000000000000000000e+00
0.000000000000000000e+00
6.767676767676769067e-01
5.103448275862069172e-01
0.000000000000000000e+00
0.000000000000000000e+00
0.000000000000000000e+00
0.000000000000000000e+00
0.000000000000000000e+00
0.000000000000000000e+00
0.000000000000000000e+00
0.000000000000000000e+00
0.000000000000000000e+00
4.303797468354430000e-01
5.264340166179721781e-01
4.972817478715150230e-01
4.770389032193406709e-01
4.547777937148670402e-01
5.984905085367694388e-01
5.041060548760795124e-01
4.314180356708845476e-01
5.068712432630029241e-01
3.226273461263498010e-01
2.311324471222390153e-01
7.836074934849266427e-01
1.365238687788937755e-01
7.554800334944525853e-01
5.362087615584983924e-01
7.377575722929037294e-01
5.125787744794620959e-01
7.641030761576990127e-01
5.748471854167047645e-01
3.350448991494866524e-01
3.656748374010770908e-01
1.827119502498446568e-01
4.617573877601541810e-01
5.268974945068161109e-01
4.069182438009227853e-01
8.281393619579530130e-01
5.864292069637359051e-01
6.363847306754726318e-01
3.464560458877933846e-01
3.179388382162738336e-01
3.012248423468122938e-01
2.759526986849935581e-01
4.332712214463642630e-01
3.240017362823252034e-01
3.451549785606174980e-01
4.260004668797923166e-01
2.187672304457350947e-01
1.510920116657036849e-01
7.139111447237060926e-01
5.051590173659452343e-02
6.880996091292079786e-01
4.189208310130072555e-01
6.576673162548842821e-01
4.289165246349607719e-01
6.816338805754403873e-01
4.775362209044462514e-01
2.549911032390527743e-01
2.622284284773953034e-01
1.249918459168560814e-01
3.679125265664967004e-01
4.523710756444204728e-01
3.039251287642525945e-01
7.681584300347915617e-01
4.762779389557609822e-01
5.688292500894420733e-01
4.283604135893648301e-02
4.936424831712793448e-02
3.313253012048189561e-02
5.895691609977327108e-02
2.500000000000000000e-01
3.383745721028952325e-02
1.479987804017484088e-01
6.329966329966331129e-01
6.690240452616689204e-01
6.190030110404816099e-01
7.141650239369192743e-01
2.328433194107940585e-01
4.458411654135338020e-01
3.855719540815814583e-01
6.570368330265123902e-01
5.220972803347283531e-01
7.147994129158512511e-01
5.775144250383698052e-01
1.243931806481531899e-01
4.128948980745094088e-01
1.322111226162955289e-01
2.088660834454911797e-01
5.303363162106403683e-01
4.651277922950094457e-01
5.638297872340425343e-01
8.737961926091823983e-01
8.683098591549296419e-01
