1.000000000000000000e+00
9.999999999999997780e-01
1.000000000000000000e+00
1.000000000000000000e+00
1.000000000000000000e+00
1.000000000000000000e+00
5.608930416850803624e-01
6.299231718632479771e-01
8.192510701492849989e-02
2.194618062393554059e-01
5.461519800991398998e-01
3.544098392390706564e-01
7.494268437839195496e-01
5.381349233744104898e-01
5.323207958313223020e-01
3.588413088182575983e-01
3.844108808841695257e-02
5.189889347912046702e-01
4.856924027236587671e-01
4.428860348516137080e-01
6.644383507152895607e-01
4.460367257043492684e-01
3.656408219707318885e-01
1.428717075368943767e-01
8.180733211524289228e-01
1.269981317889583572e-01
0.000000000000000000e+00
1.000000000000000000e+00
1.000000000000000000e+00
1.000000000000000000e+00
1.000000000000000000e+00
1.000000000000000000e+00
9.999999999999998890e-01
2.445618609757769235e-01
0.000000000000000000e+00
1.940755873340144211e-02
2.864321608040201750e-01
2.845129343464527505e-01
3.484320557491260573e-03
3.557474975783017079e-01
4.684065934065932968e-01
1.377916321659928833e-01
3.244032028736061335e-01
5.847176079734219822e-01
3.093749999999999556e-01
2.303484019579613573e-01
5.559380378657486910e-01
3.343137254901960009e-01
3.503935422831492286e-01
1.600000000000000311e-01
3.479364618843838741e-01
5.596255319148937257e-01
4.147909967845658796e-02
3.781512605042012254e-01
5.000000000000000000e-01
6.576576576576576016e-01
7.826086956521738358e-01
6.000000000000000888e-01
0.000000000000000000e+00
5.740548911336325055e-01
1.000000000000000000e+00
0.000000000000000000e+00
0.000000000000000000e+00
0.000000000000000000e+00
0.000000000000000000e+00
2.314606741573033699e-01
0.000000000000000000e+00
9.464285714285713969e-01
5.404411764705883137e-01
0.000000000000000000e+00
6.406926406926406470e-01
0.000000000000000000e+00
0.000000000000000000e+00
0.000000000000000000e+00
5.700000000000000622e-01
5.300000000000000266e-01
0.000000000000000000e+00
0.000000000000000000e+00
0.000000000000000000e+00
0.000000000000000000e+00
2.124999999999999944e-01
9.999999999999998890e-01
1.000000000000000000e+00
1.000000000000000000e+00
9.999999999999998890e-01
1.000000000000000000e+00
1.000000000000000000e+00
4.688102512574676695e-02
0.000000000000000000e+00
0.000000000000000000e+00
2.370384672754679567e-01
2.775272970144105900e-01
0.000000000000000000e+00
2.149483983330301440e-01
4.101593183452210134e-01
1.621108803693680489e-01
3.620028390203251512e-01
3.910303749843234700e-01
9.391816829430021940e-02
2.534935167413242540e-01
3.139196196008400275e-01
1.296410006751999022e-01
8.951598013587991343e-02
6.005422313973740600e-02
0.000000000000000000e+00
4.087171190216910555e-01
0.000000000000000000e+00
1.817902058116978026e-01
1.000000000000000000e+00
1.000000000000000000e+00
1.000000000000000222e+00
1.000000000000000000e+00
1.000000000000000000e+00
9.999999999999998890e-01
3.116735311748741744e-02
0.000000000000000000e+00
0.000000000000000000e+00
1.555833329658421471e-01
1.951141728658525587e-01
0.000000000000000000e+00
1.533982873046332296e-01
2.960597023031059094e-01
1.058816984734060607e-01
2.846644348503619693e-01
2.820812722277955542e-01
6.003520811207649355e-02
1.854969417534341747e-01
2.178686259168337580e-01
8.602701222760100741e-02
5.874144756501514797e-02
4.317800128960491701e-02
0.000000000000000000e+00
3.068693557586004150e-01
0.000000000000000000e+00
1.383658004565581634e-01
1.000000000000000222e+00
1.000000000000000000e+00
1.000000000000000000e+00
1.000000000000000000e+00
1.000000000000000000e+00
9.999999999999998890e-01
5.339571039982206058e-01
7.949579831932773732e-01
3.429205215603527979e-01
3.051973515292505379e-01
5.005789730231655632e-01
4.246687445997113786e-01
7.399110918252650437e-01
4.144265345385584332e-01
5.771042664412933121e-01
2.396116132741386018e-01
0.000000000000000000e+00
4.800788837022772482e-01
5.011344577019094526e-01
6.075946449370589475e-01
7.245711943426528245e-01
4.302888001189395517e-01
3.879386893484227938e-01
1.337145966134654085e-01
8.908192090395480323e-01
1.654522015578709926e-01
0.000000000000000000e+00
