2.102392970550994167e-01
2.243960766321962952e-01
2.276957296542302944e-01
2.475682515979473197e-01
2.266656252440834018e-01
2.203136953298900358e-01
9.908249506522979200e-01
4.058453161828137201e-01
6.009187360321359694e-01
1.190116462272885478e-01
2.279448377056723651e-01
9.640241897967094520e-01
6.389849107944531870e-01
2.697145519621070298e-01
1.835367423785919661e-01
5.321053139110665242e-02
1.860982821066210491e-01
1.336268338862761640e-01
9.999999999999998890e-01
2.587117894095130044e-01
9.208893519141823081e-01
1.701579083539511705e-01
1.958397627930186236e-01
4.307212512430553808e-01
2.122302555736472196e-01
1.734533904672036497e-01
5.283907004833021670e-01
2.902506963788300531e-01
2.843082114735657751e-01
2.734553775743706616e-01
3.220640569395017971e-01
4.230769230769230727e-01
2.978799497689752496e-01
2.894393741851367663e-01
1.270230118033102151e-01
1.328671328671329754e-01
9.547738693467339166e-02
2.121640558530604181e-01
1.657646971606493713e-01
2.179785747554727759e-01
1.937500000000000888e-01
6.107542727170794938e-02
3.710362863680940482e-01
2.608455374412821381e-01
1.306818181818181213e-01
5.861631675355782889e-01
2.017849174475681018e-01
5.620638085742772905e-01
1.000000000000000222e+00
2.142465753424658281e-01
4.327990135635018110e-01
3.400000000000000244e-01
2.017902146519510165e-01
1.000000000000000000e+00
3.928571428571427937e-01
4.144144144144141784e-01
3.043478260869565410e-01
3.499999999999998668e-01
0.000000000000000000e+00
2.713757448052227517e-01
7.608695652173912416e-01
0.000000000000000000e+00
0.000000000000000000e+00
0.000000000000000000e+00
0.000000000000000000e+00
0.000000000000000000e+00
0.000000000000000000e+00
0.000000000000000000e+00
0.000000000000000000e+00
0.000000000000000000e+00
4.378698224852071164e-01
0.000000000000000000e+00
0.000000000000000000e+00
0.000000000000000000e+00
0.000000000000000000e+00
0.000000000000000000e+00
0.000000000000000000e+00
0.000000000000000000e+00
0.000000000000000000e+00
0.000000000000000000e+00
4.903846153846154188e-01
2.769996964778405624e-01
2.910168707239313424e-01
2.824294603950812665e-01
3.213612129816018070e-01
3.710723253868200011e-01
2.882859863982039084e-01
1.685948764164597602e-01
2.543950056609602939e-01
2.464408569766731727e-01
1.686711011649132397e-01
2.143112574501013778e-01
1.898612252186019367e-01
4.475482057485792309e-01
3.625023964050109182e-01
1.048416913050013166e-01
5.332868887329273999e-01
3.240041473777618419e-01
1.374714788234032703e-01
6.120436526277349687e-01
2.048652817707267149e-01
4.727920169104187220e-01
5.414631046463904696e-01
3.953842137544121282e-01
5.058340881265909195e-01
2.943644710116535279e-01
1.271590695289751549e-01
3.811072908068684484e-01
1.324182117949777304e-01
1.430000382183858054e-01
1.396042011746158606e-01
1.640760292648698881e-01
2.106122723118496465e-01
1.404628351719754142e-01
1.193012763221904526e-01
1.930257268047864683e-01
1.581836823385066038e-01
1.055156924898423276e-01
1.451019116448459545e-01
7.763988353500349271e-02
3.573639694138306955e-01
2.535124808750266467e-01
6.599116424330569997e-02
4.499426869214055991e-01
2.237939001561881358e-01
9.025969839633299352e-02
5.267234540659113673e-01
1.322183152241201420e-01
3.764452561255216545e-01
4.477151672271055260e-01
3.239135723978376902e-01
3.991579354460539908e-01
2.068259525590768477e-01
7.675025396779217024e-02
3.122481897768158432e-01
2.171344165435746265e-01
2.505609573672401558e-01
2.680722891566265642e-01
2.721088435374150460e-01
2.500000000000000000e-01
2.407729718039833822e-01
9.999999999999998890e-01
6.527777777777777901e-01
9.217664623605217322e-01
1.387880562060890277e-01
2.912907987534854581e-01
8.479649045546163721e-01
6.303986710963455087e-01
1.487844651009825880e-01
2.138228941684665041e-01
0.000000000000000000e+00
2.069079564646274516e-01
1.597260970867996344e-01
1.000000000000000000e+00
4.511033253426762757e-01
9.999999999999998890e-01
1.538674689256590566e-01
3.255954808964042213e-01
3.434378322126878658e-01
3.045977011494253039e-01
1.873882820258193638e-01
3.885814889336016154e-01
