1.787599129536450726e-01
1.894436101241712134e-01
1.827998403043610831e-01
1.941563174051635365e-01
1.971093422706325926e-01
1.818634070151349813e-01
7.224719192322623940e-01
3.444377263048804538e-01
1.225451038598937004e-01
5.558180155095016062e-02
4.554645437680658326e-01
7.419790110922364068e-01
3.370366785667897602e-01
3.166493942716562815e-01
1.012023514170228289e-01
5.321461092988331032e-01
4.085350809466696820e-01
4.242291415532555288e-01
6.407464708874345272e-01
2.667251239960197751e-01
8.920384486362231691e-01
1.864562066713134625e-01
5.768097681787494047e-01
6.100803791801556741e-01
9.251941357357224005e-02
2.771483542139243639e-01
6.390582234529891270e-01
3.537604456824512411e-01
3.509561304836895657e-01
3.340961098398169682e-01
3.345195729537366880e-01
3.076923076923077649e-01
3.410066430924905134e-01
3.791944006038562298e-01
2.165603665669764144e-01
2.521763950335378923e-01
1.636755204594400603e-01
4.554935436086963163e-01
9.738675958188150461e-02
4.703947368421053099e-01
2.649572649572649041e-01
1.072608775472737030e-01
5.757286192068800101e-01
3.430987617034129133e-01
2.928571428571428159e-01
4.415011037527593052e-01
2.746987951807229322e-01
6.726618705035971590e-01
7.562998637867288654e-01
4.327272727272726272e-01
4.648581997533908217e-01
9.066666666666667318e-02
4.301536262951053402e-01
2.448979591836728531e-01
6.785714285714288252e-01
7.657657657657654937e-01
7.391304347826084253e-01
7.999999999999998224e-01
0.000000000000000000e+00
7.341765952681758023e-01
0.000000000000000000e+00
0.000000000000000000e+00
0.000000000000000000e+00
0.000000000000000000e+00
0.000000000000000000e+00
0.000000000000000000e+00
0.000000000000000000e+00
0.000000000000000000e+00
0.000000000000000000e+00
6.203703703703703498e-01
7.748691099476440192e-01
0.000000000000000000e+00
0.000000000000000000e+00
0.000000000000000000e+00
4.830508474576271083e-01
0.000000000000000000e+00
0.000000000000000000e+00
0.000000000000000000e+00
0.000000000000000000e+00
0.000000000000000000e+00
4.285714285714285476e-01
3.685031593684896523e-01
3.759921782175809080e-01
3.673408414830549584e-01
3.766667408128997474e-01
3.706340969316346268e-01
3.680310289189533401e-01
5.337998698252768293e-01
3.676956285815697889e-01
4.126898711688377075e-01
2.585527121179613808e-01
5.603652118611361921e-01
1.454696950250625731e-01
4.782538640213890302e-01
4.307820652285203611e-01
1.997275642919619232e-01
4.778383658981173454e-01
4.696511169471411229e-01
4.620227439563102667e-01
7.080319561605769030e-01
5.507262236124323973e-01
6.451157309285453501e-01
5.566533898849490569e-01
6.310034417304590804e-01
5.221778024975326504e-01
7.605728738227668373e-02
4.576697248022189024e-01
2.652720932667844700e-01
2.005039239936585171e-01
2.076759917983661274e-01
2.035576081719716046e-01
2.073369964802400101e-01
2.102518693427783414e-01
2.004620595711900100e-01
4.462845019756963572e-01
2.924730387437469714e-01
2.975008024311698307e-01
1.722098639727193681e-01
4.591064889518248204e-01
5.477544451905827505e-02
3.872386169664116529e-01
3.151354125830798658e-01
1.335609498212943502e-01
3.942875954303378672e-01
3.556905632200711986e-01
3.630554763725494238e-01
6.337514632419640748e-01
4.403805705888561017e-01
5.566226355630872202e-01
4.634682167388881058e-01
5.613916335093313004e-01
4.156970296135136800e-01
4.644177585099251715e-02
3.449395755777616701e-01
2.083714960064141919e-01
8.419497784342688806e-02
9.910246821241586179e-02
1.054216867469879304e-01
1.247165532879818683e-01
1.875000000000000000e-01
8.367523690735489961e-02
7.344362183473017724e-01
5.772302591922845449e-01
3.429205215603527979e-01
1.340624170066877507e-01
4.273151784934974828e-01
7.284998275002873003e-01
2.996368038740919726e-01
2.855650622757308077e-01
6.722603552972306051e-02
5.955822176202025808e-01
3.394386402373588130e-01
4.083441551094860733e-01
5.990744884984601226e-01
2.252701821481490896e-01
8.830630442717840589e-01
2.442719236483004153e-01
5.616313675605456579e-01
5.773965941774090727e-01
2.561881188118811936e-01
2.236416242891856587e-01
6.626789425075041429e-01
