9.987684968112481299e-02
8.722735208944504270e-02
7.585073154693405817e-02
4.235896907368280617e-02
7.875994972769168045e-02
8.431133613368246849e-02
1.554815135372403789e-01
3.171366300023026330e-02
4.799889534915100509e-01
7.896200842687823851e-01
8.551223675906638455e-01
7.320523862644146007e-02
5.521770144490256715e-02
9.346083478767809316e-01
9.485720332030280755e-01
6.036402619023228944e-01
7.942035023069713429e-01
8.878545072585428688e-01
1.597420822258610595e-01
2.726118177533243259e-01
0.000000000000000000e+00
4.400355605684802551e-02
9.796714286303487285e-02
3.775257808326037967e-01
6.011694439581459770e-01
6.551736966082566394e-01
9.493888770932372712e-01
3.520891364902507537e-01
3.172103487064117378e-01
2.734553775743706616e-01
2.526690391459074370e-01
3.076923076923077649e-01
3.110004711006704170e-01
4.599739243807038358e-01
2.072959912883685085e-01
3.100233100233100170e-01
5.495771540629978968e-01
7.465983309143686686e-01
5.618466898954702082e-02
5.847613219094248693e-01
6.209935897435896468e-01
6.458233890214795103e-01
7.648418315759064612e-01
9.750249750249750935e-01
9.919354838709677491e-01
5.298013245033112995e-01
9.999999999999998890e-01
1.522491349480968870e-01
5.239346176298891322e-01
7.600000000000002309e-01
5.804203825308978937e-01
5.893333333333332646e-01
7.551323274795943563e-01
1.000000000000000000e+00
1.964285714285716189e-01
2.432432432432429792e-01
1.304347826086953432e-01
1.499999999999999112e-01
0.000000000000000000e+00
1.416550646606151709e-01
0.000000000000000000e+00
0.000000000000000000e+00
0.000000000000000000e+00
0.000000000000000000e+00
0.000000000000000000e+00
0.000000000000000000e+00
0.000000000000000000e+00
0.000000000000000000e+00
0.000000000000000000e+00
0.000000000000000000e+00
4.933333333333333459e-01
0.000000000000000000e+00
0.000000000000000000e+00
0.000000000000000000e+00
0.000000000000000000e+00
0.000000000000000000e+00
0.000000000000000000e+00
0.000000000000000000e+00
0.000000000000000000e+00
0.000000000000000000e+00
4.766355140186915307e-01
3.225275780554088811e-01
3.065340193909528166e-01
2.737354155160662272e-01
2.611036349292129577e-01
2.708010483746235431e-01
3.010363603738359650e-01
4.705448994185918998e-01
2.362777591149631817e-01
4.210405154895277002e-01
4.788524616588482052e-01
8.712728904386162210e-01
9.146475398363951292e-02
5.011841507210007540e-01
8.532367157406636204e-01
7.615109731151545880e-01
8.839733387145920496e-01
6.056492085513940360e-01
9.044104116717575081e-01
4.274861503907571025e-01
6.002865129931034271e-01
1.392104858468489192e-01
4.029559162402209793e-01
7.422178165445587616e-01
6.628317716828554529e-01
7.321209835454282056e-01
6.971624081093391601e-01
4.306383304170480208e-01
1.647833839584113280e-01
1.540371671100090600e-01
1.336295617894399657e-01
1.219635941893096875e-01
1.350309798252173343e-01
1.494406383222885715e-01
3.829328831306882952e-01
1.778940190946479705e-01
3.051915851766533461e-01
3.664542485803501393e-01
8.251736841481990270e-01
3.083646536018593010e-02
4.099969264352406051e-01
7.941780223175262110e-01
6.863300564219361188e-01
8.496285028071874912e-01
4.963740605118447391e-01
8.699880666002881568e-01
3.395444935422026744e-01
4.932786254122591418e-01
9.289204600450801097e-02
3.121147916799492106e-01
6.850155622069843409e-01
5.674563593492898406e-01
6.494686894992348636e-01
6.012736280035136938e-01
3.590570217062026281e-01
5.908419497784367369e-03
1.757666417352282684e-02
7.530120481927693454e-03
6.802721088435381702e-03
1.250000000000000000e-01
2.712791282848014962e-03
1.610952759502413123e-01
0.000000000000000000e+00
8.256041409612082660e-01
8.747897219381863820e-01
8.475207548881731334e-01
7.385287691187181203e-02
1.546726789307272254e-01
8.944179605146660439e-01
7.797627148732211300e-01
5.285152857819532812e-01
7.604315068493150420e-01
7.847079580998334025e-01
1.742240286561511642e-01
3.353893366553649669e-01
0.000000000000000000e+00
8.034418302294832337e-02
2.253333784770757964e-01
3.399198836754664388e-01
7.162162162162162282e-01
6.295693779904305565e-01
9.856858542559705505e-01
