2.330285662682782255e-01
2.218186501498822238e-01
2.152382063482804475e-01
1.825510228071229313e-01
2.932956741489519681e-01
2.214176050536623142e-01
6.810099727821639082e-02
4.150877395345722309e-01
6.432081996898866283e-01
4.793623169350011981e-01
6.687134633212932222e-01
1.431769810671729148e-01
7.062153591512161377e-01
5.756911995515602287e-01
9.291795766652233279e-01
7.921955512728771076e-01
5.372476634016540853e-01
7.302573794599587220e-01
1.032275252388495934e-01
5.051796400200112558e-01
1.047927297256220358e-01
2.520351528887324610e-01
3.020353528057408976e-01
2.919683698296535734e-01
5.086589875052887066e-01
7.253073281669446537e-01
7.459510609612418630e-01
5.481894150417827571e-01
4.735658042744657070e-01
4.118993135011441709e-01
3.665480427046262646e-01
4.615384615384615086e-01
4.722170139969091851e-01
1.189048239895696968e-01
5.118497136825190807e-01
4.871794871794871695e-01
2.720451572933158535e-01
5.560641583863644710e-01
7.491289198606268518e-02
7.292243767313019154e-01
5.388313609467455523e-01
4.729514717581542183e-01
5.809280233832663232e-01
4.702665755297332772e-01
5.054347826086955653e-01
1.098368599580035188e-01
3.684452094090647778e-01
3.235294117647058432e-01
4.230931819554319961e-01
3.400000000000000799e-01
2.992190711056309516e-01
5.644000000000000128e-01
4.798562511821448107e-01
1.000000000000000000e+00
1.785714285714288252e-01
2.342342342342340622e-01
3.913043478260869179e-01
1.499999999999999112e-01
0.000000000000000000e+00
1.389230796501905729e-01
0.000000000000000000e+00
0.000000000000000000e+00
0.000000000000000000e+00
0.000000000000000000e+00
0.000000000000000000e+00
0.000000000000000000e+00
0.000000000000000000e+00
0.000000000000000000e+00
1.000000000000000000e+00
6.380952380952381597e-01
2.761194029850746468e-01
0.000000000000000000e+00
0.000000000000000000e+00
0.000000000000000000e+00
0.000000000000000000e+00
0.000000000000000000e+00
0.000000000000000000e+00
0.000000000000000000e+00
0.000000000000000000e+00
0.000000000000000000e+00
3.805970149253731227e-01
5.263418714793512976e-01
5.023536658816913913e-01
4.647135807376188699e-01
4.500938722706038231e-01
6.468224533267803444e-01
4.999355159494023315e-01
3.473338219383517167e-01
6.831140992218285302e-01
6.304144912167348735e-01
2.304042554381540153e-01
7.008493992324626998e-01
1.337269275999872220e-01
6.963830438744772477e-01
6.799565307109399770e-01
6.227025353331410162e-01
6.696625023401363563e-01
4.347539547596537268e-01
4.390363637630785298e-01
1.769662358324411988e-01
5.120579078268292506e-01
3.790875870380423507e-01
4.633569982984699909e-01
6.572271122381694308e-01
2.917892594698411335e-01
7.198668104319455585e-01
5.119527894318266492e-01
6.682982183205365967e-01
3.463603899750765103e-01
3.230094296583642666e-01
2.894054681467697621e-01
2.715901249230676662e-01
4.897551335032773179e-01
3.198190535228171427e-01
2.676130213541229041e-01
6.130767345555070413e-01
5.196855649639590125e-01
1.505404232810663157e-01
6.146738988503687162e-01
4.920810464499911219e-02
6.192624023936947886e-01
5.773235371542132510e-01
5.254440346276367801e-01
5.955863630326346803e-01
3.223197101424863931e-01
3.409746425985789031e-01
1.246309424853389580e-01
4.006295413085420587e-01
2.881057060110183143e-01
3.694669066226416443e-01
5.898750642802593758e-01
2.035994756678253803e-01
6.348802840556457827e-01
3.984737119231405167e-01
6.035814484929247214e-01
5.834564254062041266e-02
6.282722513089006311e-02
4.518072289156627175e-02
6.575963718820865278e-02
1.250000000000000000e-01
5.130562266664556725e-02
4.670958116919010639e-02
5.890556045895851689e-01
8.358414648246914602e-01
6.190030110404816099e-01
5.724797067295106512e-01
9.032334558512167266e-02
7.386847527472527597e-01
4.713603221822635914e-01
8.106290641133735431e-01
7.463208772182947648e-01
5.382618428101324515e-01
6.573396771619807177e-01
1.022733710683401132e-01
5.991609810068226905e-01
1.154312355304616400e-01
2.768007016801001807e-01
3.111488115103645535e-01
3.252530111895088893e-01
5.771780303030303871e-01
7.998221906116640412e-01
8.028169014084505228e-01
