1.330053306518871326e-01
1.392622980843192249e-01
1.508733581066312168e-01
1.326921519649675862e-01
1.591634172279333681e-01
1.377219853650822334e-01
3.395214293131905148e-01
2.911070743815575845e-01
6.773749295745765675e-01
2.944546186399874532e-01
0.000000000000000000e+00
8.551903346311364729e-01
4.154577079881653923e-01
2.510959803261340051e-01
6.468739021633551634e-02
4.834957739634666574e-01
5.265725631131941142e-01
1.387638444463784593e-01
5.845234650374530050e-01
3.202592949778590992e-01
6.023546247760818151e-01
5.787094732855279089e-01
1.000000000000000000e+00
7.158485186799798949e-01
3.971920238274591064e-01
3.248138975078223023e-01
6.202549259561704886e-01
1.738161559888579677e-01
1.619797525309336073e-01
1.006864988558352492e-01
1.565836298932384296e-01
7.692307692307692735e-02
1.505766120773018857e-01
5.069100391134273575e-02
3.595106732852817455e-01
3.606393606393606954e-01
1.909547738693467278e-01
8.570046305895306915e-03
1.248548199767711420e-01
2.736842105263158631e-01
1.937500000000000888e-01
1.534933782582242889e-02
1.883176952557155115e-01
6.134817563388992312e-01
1.032608695652174058e-01
2.796173657100808896e-01
1.288710397144132713e-01
4.519896193771626436e-01
7.655467477801332077e-01
4.533333333333333659e-01
3.544321139882175009e-01
7.139999999999999680e-01
1.816405018599078769e-01
5.194805194805187654e-01
5.000000000000000000e-01
6.576576576576576016e-01
6.956521739130434590e-01
5.499999999999998224e-01
0.000000000000000000e+00
5.575378537624753328e-01
0.000000000000000000e+00
0.000000000000000000e+00
5.098039215686274161e-01
0.000000000000000000e+00
0.000000000000000000e+00
4.120000000000000329e-01
0.000000000000000000e+00
0.000000000000000000e+00
0.000000000000000000e+00
5.317460317460317443e-01
6.434782608695652772e-01
0.000000000000000000e+00
0.000000000000000000e+00
0.000000000000000000e+00
0.000000000000000000e+00
7.794117647058823595e-01
0.000000000000000000e+00
5.220588235294117974e-01
0.000000000000000000e+00
0.000000000000000000e+00
6.666666666666667407e-01
1.649880376998598686e-01
1.590777086932022300e-01
1.254800628563570997e-01
1.624092128085367903e-01
1.851042391841514201e-01
1.539803433816087364e-01
3.710050440393428683e-01
4.125799583256244407e-01
7.144011137010999324e-01
2.851780166130010175e-01
3.717484101023171839e-02
1.777616676870007462e-01
3.141292041126994006e-01
3.682908714117886229e-01
2.199227305054665127e-01
2.620571618978426720e-01
5.731128820317221706e-01
2.498577766387266585e-01
5.300524930413655911e-01
2.613998761512238422e-01
5.736402467019354745e-01
5.016292963490067702e-01
7.295473552807083539e-01
3.475401684554805248e-01
5.405182926902326601e-01
3.365485472200261396e-01
1.497134596056231004e-01
6.552995983505371935e-02
6.311063973757394252e-02
4.814528060638642581e-02
6.430261136008183498e-02
8.139293781824392948e-02
6.012496938598036605e-02
2.889395769873803754e-01
3.341665162889907448e-01
6.174353105667939046e-01
1.933635879322068152e-01
2.246304213882599488e-02
7.112278301106401968e-02
2.355428667169636170e-01
2.585660242225095717e-01
1.489043455335795629e-01
1.973006810580408832e-01
4.611766322732177015e-01
1.752299503833117111e-01
4.405459407278589645e-01
1.752959100655162583e-01
4.791034632712722341e-01
4.072332155525840158e-01
6.705580078639291619e-01
2.507691628287159191e-01
4.358507605821316799e-01
2.351385156952092992e-01
1.125492521601043072e-01
1.838995568685377058e-01
1.985789080029918274e-01
2.228915662650602925e-01
2.403628117913832463e-01
1.875000000000000000e-01
1.975958840345789502e-01
3.770950749622425935e-01
5.737458193979932952e-01
4.998854987539571582e-01
5.069044724090634446e-01
0.000000000000000000e+00
7.224223376294373056e-01
5.447242536565818360e-01
2.395711618460623638e-01
6.292343980902581624e-02
3.411440257327993386e-01
4.290984739245375934e-01
1.677959098937814586e-01
6.335257853018884111e-01
6.510773018241208243e-01
5.955013727153050107e-01
5.280347500364848123e-01
8.043470199486973948e-01
8.492467382738124737e-01
5.354081632653061584e-01
4.409137038073907000e-01
4.527162977867203453e-01
