1.497117506108989193e-01
1.620636606717702488e-01
1.611211573236889794e-01
1.705806138148838191e-01
1.509216589861751556e-01
1.558857921661014889e-01
8.984977317031976884e-01
2.651017533465804821e-01
3.309333675683978626e-01
3.814565149060606952e-01
3.685309117696126679e-01
7.053791594081555427e-01
4.205358698743453250e-01
2.093326723555417601e-01
2.983316689311121817e-01
3.023124129012777495e-01
4.090264251168604925e-01
4.598089090714594374e-01
6.915955135419628030e-01
7.507252073890713362e-02
9.184328528496445987e-01
0.000000000000000000e+00
3.901373144073876365e-01
6.977470553677256326e-01
4.203580709225307466e-02
2.312142161817316577e-01
6.753782987746093092e-01
3.331476323119777483e-01
3.405511811023621549e-01
3.066361556064073346e-01
3.113879003558718273e-01
1.923076923076923461e-01
3.210495854483964573e-01
4.599739243807038358e-01
1.237799710776728013e-01
4.871794871794871695e-01
7.274467575975113176e-02
2.810073078196215768e-01
9.135718534885695075e-02
2.094522019334049689e-01
1.937500000000000888e-01
4.976474599386292441e-01
5.403726708074534368e-01
4.702665755297332772e-01
6.280487804878047697e-01
3.481882067150582349e-01
3.317618299284093020e-01
9.620743034055727616e-01
1.940893169877409008e-01
4.586046511627908107e-01
3.030711438648810985e-01
1.758048780487804774e-01
3.856828566593331065e-01
2.448979591836728531e-01
6.250000000000000000e-01
6.756756756756754356e-01
7.391304347826084253e-01
3.999999999999999112e-01
0.000000000000000000e+00
5.262689750955393819e-01
0.000000000000000000e+00
0.000000000000000000e+00
0.000000000000000000e+00
0.000000000000000000e+00
0.000000000000000000e+00
0.000000000000000000e+00
0.000000000000000000e+00
0.000000000000000000e+00
0.000000000000000000e+00
0.000000000000000000e+00
5.103448275862069172e-01
0.000000000000000000e+00
0.000000000000000000e+00
0.000000000000000000e+00
8.142857142857142794e-01
0.000000000000000000e+00
0.000000000000000000e+00
0.000000000000000000e+00
0.000000000000000000e+00
0.000000000000000000e+00
4.454148471615720362e-01
3.281810411361170132e-01
3.349619749815669900e-01
3.327444569707273536e-01
3.294908769466805554e-01
2.671628717824764410e-01
3.293595407838831868e-01
6.723169114077569564e-01
3.006155131271155412e-01
4.802983212954099468e-01
1.249034735852492251e-01
2.550430048558908203e-01
1.475446897569967497e-01
4.620979408829660739e-01
4.375180754596414978e-01
5.915078762124881262e-01
5.687351546011680803e-01
5.097383642019790440e-01
5.669465655713623597e-01
6.720027437755237143e-01
3.407277743544531168e-01
5.052423920081177133e-01
5.158668450742618372e-01
7.391283844410718729e-01
4.469128415948723232e-01
8.421208437456761953e-02
3.371670106800719324e-01
2.299681617111397625e-01
1.690112481878109640e-01
1.751537877646306973e-01
1.762736060628737889e-01
1.701585995396538986e-01
1.325485623449672579e-01
1.702217201510959343e-01
5.948419207343217385e-01
2.325916935776183303e-01
3.616708822609937535e-01
7.567374197916687528e-02
1.769496917543426917e-01
5.578013479232429850e-02
3.714341939729834396e-01
3.214530293163311847e-01
4.914831736445460231e-01
4.866019788685024272e-01
3.953997922900941431e-01
4.691895520632000105e-01
5.928022563438857251e-01
2.405478455184799080e-01
4.086201147180073545e-01
4.215648223493476121e-01
6.814815345905910204e-01
3.414248858432648581e-01
5.171063807847833815e-02
2.356653287351130610e-01
1.782699976163934497e-01
5.612998522895129572e-02
7.516828721017204673e-02
5.873493975903615327e-02
1.020408163265306145e-01
1.250000000000000000e-01
6.294119163685413243e-02
7.243134848777236234e-01
5.898333111869011880e-01
5.813456803555814290e-01
7.095651964777998089e-01
4.695823648982435095e-01
6.800039389390132305e-01
4.977160806332842080e-01
1.560880694122567802e-01
2.139982235854672177e-01
1.962903797428179331e-01
3.245249253270161560e-01
5.202813988779445564e-01
6.721140359461136304e-01
2.480528261461324435e-01
9.515497293048184035e-01
0.000000000000000000e+00
3.539048738256699300e-01
7.403317167452454495e-01
0.000000000000000000e+00
1.775140880311569802e-01
7.416604892512972391e-01
