2.336051886714978765e-01
2.429215047067871946e-01
2.492379230173082383e-01
2.649981001264505864e-01
1.644806806097128815e-01
2.411948760309334250e-01
9.078168697159434419e-01
1.114028556548163351e-01
8.160820671196244991e-01
2.164397536603470673e-01
3.506763047307728809e-01
8.237128229107346655e-01
7.908327567552775328e-01
2.629037289856912540e-01
2.778524508480780808e-01
0.000000000000000000e+00
1.837305291354072168e-01
2.689199972571526542e-01
8.306091306079598224e-01
1.792239892501865661e-01
8.739901847718505312e-01
9.909615249600001174e-02
6.927934157784862990e-01
3.003648454281258040e-01
1.966637453603523600e-01
2.989090802634728483e-01
5.079770639071621297e-01
4.818941504178273494e-01
4.817210348706412182e-01
4.279176201372997257e-01
4.928825622775800941e-01
5.000000000000000000e-01
4.714612187416720168e-01
5.429366785298986864e-01
2.419919849788414457e-01
5.314685314685314577e-01
5.212549232649736908e-01
5.135757017947538694e-01
1.619738205104059026e-01
5.131578947368421462e-01
2.494774247491639008e-01
3.865155131264915722e-01
2.500817260542660403e-01
5.059288537549406772e-01
3.809523809523809312e-01
3.700818075574600075e-01
2.746987951807229322e-01
7.117647058823530770e-01
1.327697843099100439e-01
2.266666666666666829e-01
3.030711438648810985e-01
4.738526315789473586e-01
1.855643932983583877e-01
1.000000000000000000e+00
2.678571428571427937e-01
3.693693693693691493e-01
3.043478260869565410e-01
3.999999999999999112e-01
0.000000000000000000e+00
3.201265841005001000e-01
0.000000000000000000e+00
0.000000000000000000e+00
0.000000000000000000e+00
0.000000000000000000e+00
0.000000000000000000e+00
0.000000000000000000e+00
0.000000000000000000e+00
0.000000000000000000e+00
0.000000000000000000e+00
0.000000000000000000e+00
7.628865979381442841e-01
0.000000000000000000e+00
0.000000000000000000e+00
0.000000000000000000e+00
0.000000000000000000e+00
0.000000000000000000e+00
0.000000000000000000e+00
4.329268292682926789e-01
0.000000000000000000e+00
0.000000000000000000e+00
0.000000000000000000e+00
3.959933279999117151e-01
4.097132506431471199e-01
3.841113707538596489e-01
4.409844708502336230e-01
4.488397098808547536e-01
4.016762454203786081e-01
8.068592690012976743e-01
1.454877947802251104e-01
6.964791517680037902e-01
3.805612815682808403e-01
5.316528598703480490e-01
2.145296801398181019e-01
6.384049323532351439e-01
4.117789272007849055e-01
5.654644890697648751e-01
5.397465185949661404e-01
3.979074190079250339e-01
3.524570158725659486e-01
4.931664798394420623e-01
3.858029066297623544e-01
5.001634733425990298e-01
3.093131608227879248e-01
3.795833833381383471e-01
1.873342579355005144e-01
3.001691649676028195e-01
2.461370044748344421e-01
4.405206810028152731e-01
2.233202971859189201e-01
2.362130094008314529e-01
2.173905750778134249e-01
2.631963060794437759e-01
2.787504648783502015e-01
2.285249274586634016e-01
7.520561682104411894e-01
1.052644240272813669e-01
5.960137293605142217e-01
2.743868510115629045e-01
4.293081837175248827e-01
9.158862866440785344e-02
5.542043384256503114e-01
2.975432990203614736e-01
4.637474617018779166e-01
4.565602937172016373e-01
2.882942218633200993e-01
2.615831358248467131e-01
4.033521823038146992e-01
2.801256197744906307e-01
4.035305834600149688e-01
2.286457447452494018e-01
3.091757923472655545e-01
1.223638454483252924e-01
2.116387473569864286e-01
1.618630477503459064e-01
3.685676547726787766e-01
2.171344165435746265e-01
2.427075542258788632e-01
2.515060240963855054e-01
2.403628117913832463e-01
1.250000000000000000e-01
2.347273136673694305e-01
8.962713592951675468e-01
3.798119306494270320e-01
9.041116611661164093e-01
1.999063231850116695e-01
3.219946777739211563e-01
7.378186453022576030e-01
8.187355212355212908e-01
2.005980506395619867e-01
2.131677465802735427e-01
1.462575546257571801e-02
1.518544632464859934e-01
2.122127711753026835e-01
8.765045503473921640e-01
3.829188786552403245e-01
8.429300032878247473e-01
4.155450874831756458e-02
6.184734137656991981e-01
2.576327675022980213e-01
3.231707317073170826e-01
4.192485305046955713e-01
4.014348358738975553e-01
