1.689082625302613105e-01
1.569396247629087915e-01
1.557669628115418425e-01
1.217560302365620073e-01
1.811260268483270153e-01
1.584477954968736557e-01
7.501165566922363137e-02
1.928682336119711405e-01
3.900420037037330978e-01
7.105220065284292286e-01
7.298635786433427253e-01
1.597464927358002162e-01
2.871928575235802583e-01
4.588886156524762949e-01
7.877567396558251556e-01
4.859983960225928712e-01
8.373816329518477541e-01
6.928783016688992991e-01
3.484743400622911658e-01
8.759812993938052017e-01
1.099111783138793097e-01
2.016912151614472792e-01
5.568240385983767027e-01
3.490759021670566398e-01
3.778382133926380115e-01
8.336164814746584995e-01
8.783617494930158198e-01
4.050139275766017066e-01
3.816085489313836288e-01
3.340961098398169682e-01
3.220640569395017971e-01
3.846153846153846367e-01
3.697774307373897784e-01
4.599739243807038358e-01
5.516944789944717709e-01
1.000000000000000000e+00
5.728643216080402389e-01
4.843336463758217691e-01
6.283016747218161946e-02
3.504492939666239426e-01
3.539663461538461453e-01
3.629420698633107900e-01
6.301223859752289602e-01
3.728873865860167225e-01
5.277777777777776791e-01
4.986365407089987656e-01
9.919678714859437862e-01
9.750201450443196638e-02
5.178623550996581670e-01
4.652631578947368229e-01
3.591310963612036611e-01
6.292266666666668229e-01
5.559964424984605857e-01
1.000000000000000000e+00
1.964285714285716189e-01
2.522522522522518962e-01
1.739130434782607537e-01
2.500000000000000000e-01
0.000000000000000000e+00
1.186694793916682755e-01
0.000000000000000000e+00
0.000000000000000000e+00
0.000000000000000000e+00
0.000000000000000000e+00
0.000000000000000000e+00
0.000000000000000000e+00
0.000000000000000000e+00
0.000000000000000000e+00
8.596491228070176627e-01
5.317460317460317443e-01
6.166666666666666963e-01
0.000000000000000000e+00
0.000000000000000000e+00
0.000000000000000000e+00
0.000000000000000000e+00
0.000000000000000000e+00
0.000000000000000000e+00
0.000000000000000000e+00
0.000000000000000000e+00
0.000000000000000000e+00
4.303797468354430000e-01
4.790385556050424931e-01
4.595126141206640202e-01
4.255197698045581345e-01
4.166933117269469022e-01
4.400960494217723840e-01
4.551476366716850075e-01
4.780999576334170609e-01
4.399785306141932306e-01
8.627016166167087441e-01
4.055261232181127662e-01
5.226121741428200185e-01
8.422246035210168014e-02
5.020268764024350405e-01
4.546036441321398280e-01
5.669403928235277057e-01
5.863343331331356545e-01
6.433908910675969484e-01
6.941514102179024981e-01
6.171573397947146544e-01
9.986864721212476148e-01
1.999445955967850130e-01
5.329338345303789026e-01
7.036142795787576620e-01
5.109302684564015484e-01
6.607905520242690622e-01
5.843099983800937869e-01
6.319881041978263614e-01
2.988733342993870612e-01
2.813403744561885911e-01
2.532435813181163065e-01
2.413984589072654952e-01
2.706744949185247440e-01
2.764805572765127728e-01
3.903514970993919864e-01
3.602580712760765635e-01
8.064097043693227995e-01
2.969464319126391971e-01
4.200658514932974485e-01
2.794977107227417101e-02
4.108406391382052880e-01
3.376693167012075336e-01
4.653042610900299247e-01
5.051150249008636850e-01
5.384161352840298731e-01
6.096186593553061250e-01
5.322582916618967541e-01
9.981014438353996709e-01
1.381123899791746878e-01
4.389462978342739130e-01
6.412665285866959719e-01
4.042905759001141353e-01
5.663268140449747579e-01
4.739943950167526676e-01
5.640881492932776631e-01
2.067946824224520252e-02
2.468212415856396724e-02
2.108433734939757498e-02
2.267573696145125384e-02
1.250000000000000000e-01
1.935097255926404580e-02
5.745064494153495627e-02
4.380482456140350478e-01
3.294763577740260629e-01
8.370179547228724370e-01
7.972885572139305488e-01
6.242980992881130842e-02
4.424583978328172629e-01
4.713603221822635914e-01
7.042688180690224176e-01
4.091571635627753167e-01
7.171760844748860109e-01
6.979683768012293621e-01
3.095810926842361699e-01
7.999838650193616951e-01
1.727176378135724111e-01
1.645237405659573104e-01
5.177645105334504061e-01
3.025087306678071464e-01
4.718142434488588055e-01
8.936184210526314509e-01
9.308276520827090117e-01
