1.026051360800240286e-01
9.242751680757615995e-02
9.163241821469669812e-02
5.756078887506527186e-02
1.122748219522413105e-01
9.296163317401162640e-02
1.679140965445276024e-01
2.084944553983399951e-01
6.611641983206142381e-01
7.849585718409208823e-01
6.642271884664903148e-01
2.306280056677678658e-01
1.372424816875652542e-01
5.765112444420116278e-01
8.060715085350897979e-01
5.091734371938381187e-01
6.871301363797226447e-01
6.860111276628542143e-01
3.573120040060421276e-01
6.308668128771961481e-01
7.526965913376781891e-02
6.125595155060492569e-02
5.103490524252076721e-01
3.299526859733548090e-01
3.661350569611542261e-01
8.312167760193065469e-01
9.437778090499902017e-01
2.612813370473537899e-01
2.187851518560179898e-01
1.864988558352402848e-01
1.868327402135231408e-01
3.846153846153846367e-01
2.284158951107586044e-01
4.599739243807038358e-01
5.516944789944717709e-01
1.000000000000000000e+00
2.546063651591289889e-01
4.843336463758217691e-01
6.283016747218161946e-02
3.504492939666239426e-01
3.344277673545965612e-01
3.629420698633107900e-01
6.301223859752289602e-01
3.728873865860167225e-01
5.277777777777776791e-01
4.986365407089987656e-01
9.919678714859437862e-01
9.750201450443196638e-02
5.178623550996581670e-01
4.652631578947368229e-01
3.591310963612036611e-01
4.895999999999999797e-01
5.559964424984605857e-01
1.000000000000000000e+00
1.964285714285716189e-01
2.522522522522518962e-01
1.739130434782607537e-01
1.999999999999999556e-01
0.000000000000000000e+00
1.186694793916682755e-01
0.000000000000000000e+00
0.000000000000000000e+00
0.000000000000000000e+00
0.000000000000000000e+00
0.000000000000000000e+00
0.000000000000000000e+00
0.000000000000000000e+00
0.000000000000000000e+00
8.596491228070176627e-01
5.317460317460317443e-01
6.166666666666666963e-01
0.000000000000000000e+00
0.000000000000000000e+00
0.000000000000000000e+00
0.000000000000000000e+00
0.000000000000000000e+00
0.000000000000000000e+00
0.000000000000000000e+00
0.000000000000000000e+00
0.000000000000000000e+00
5.666666666666666519e-01
3.397568236404675535e-01
3.221408432349411877e-01
2.882850134274420051e-01
2.918840722466921056e-01
4.019937301063607471e-01
3.206331851234942576e-01
5.520339088665475735e-01
4.115258256958798100e-01
9.180129482950039055e-01
2.872314097625895402e-01
6.030124726954491088e-01
1.064065754118080354e-01
5.096811410875846660e-01
4.348331939365693843e-01
4.777256860722374210e-01
6.747399640072848648e-01
5.503536296598003918e-01
7.974199797283858526e-01
5.905204101371052117e-01
1.000000000000000000e+00
2.177496668175713523e-01
5.199366888902778872e-01
7.280753058845590431e-01
5.312186014225531716e-01
4.878241295696236213e-01
4.935451510441647427e-01
4.994639483451153161e-01
1.778120202492661783e-01
1.654865516484816113e-01
1.436882402054510122e-01
1.428208729571441016e-01
2.367090212084542178e-01
1.636958746958235844e-01
4.650689361450067727e-01
3.331723738780495436e-01
8.822433516779577545e-01
1.950215259433268900e-01
5.046176185209875209e-01
3.703394065669358276e-02
4.185275914404495423e-01
3.189297839456963768e-01
3.744399593425838391e-01
6.012493927732738275e-01
4.371317241335332948e-01
7.330996840030382655e-01
5.036336167235213601e-01
1.000000000000000000e+00
1.519099034447806695e-01
4.256896863704419665e-01
6.688845587872448428e-01
4.249438465956464905e-01
3.825271886226181417e-01
3.800201090761566869e-01
4.264781715921898697e-01
1.107828655834564024e-02
1.869857890800302735e-02
1.506024096385538691e-02
1.133786848072565467e-02
1.250000000000000000e-01
9.466174636709900891e-03
1.469934376197675752e-01
4.544286680189317251e-01
4.176584723209337824e-01
8.370179547228724370e-01
7.145844740793076966e-01
2.898379590171131781e-01
6.629464285714281591e-02
5.214035369076615023e-01
7.398924681770140399e-01
4.091571635627753167e-01
5.110655189043677993e-01
7.703688539944103519e-01
3.771062683586198228e-01
5.636797084955921244e-01
1.423015417774765590e-01
9.928741311602340414e-02
4.658845580056975022e-01
3.328344380300762850e-01
5.059090909090908639e-01
1.000000000000000000e+00
9.439616421935870250e-01
