2.351202041265433862e-01
2.415826627545536454e-01
2.511620449139935762e-01
2.206963568179470259e-01
2.323216272048307385e-01
2.362904038319025291e-01
4.626445611256631008e-01
4.427678663056957564e-01
3.174663362955532087e-02
1.159549490015381323e-01
5.641642635705261810e-01
4.809725199039889265e-01
6.577702763238395534e-01
1.414225956245743765e-01
2.567093266312706623e-01
8.970895326562784433e-01
1.811264260829228423e-01
3.729298633159782161e-01
6.330049928330409026e-01
6.535921298967228843e-02
4.715390068856679662e-01
9.999999999999998890e-01
6.799339135673130308e-01
5.907217491427130263e-01
1.680432275261792840e-01
2.203832733000150590e-01
4.610999192920963718e-01
2.139275766016713320e-01
2.050056242969628961e-01
1.762013729977116583e-01
2.224199288256227813e-01
1.923076923076923461e-01
2.052534501559239999e-01
1.809173876970485706e-01
2.915576902509455781e-01
1.667906561523582742e-01
5.212549232649736908e-01
2.076588143351568716e-01
9.738675958188150461e-02
4.438122332859176788e-01
2.410916289592762718e-02
8.006075070514212522e-02
4.592619656558274421e-01
5.420666290231501705e-02
2.581967213114753079e-01
3.027436140018920918e-01
6.589996349032489764e-02
5.305882352941178048e-01
8.422762107041272817e-01
2.914285714285714812e-01
2.720245872977896662e-01
2.389189189189189766e-01
1.382636655948552562e-01
0.000000000000000000e+00
1.000000000000000000e+00
9.729729729729728049e-01
1.000000000000000000e+00
6.499999999999999112e-01
0.000000000000000000e+00
1.000000000000000000e+00
0.000000000000000000e+00
0.000000000000000000e+00
0.000000000000000000e+00
0.000000000000000000e+00
0.000000000000000000e+00
1.514705882352941346e-01
0.000000000000000000e+00
0.000000000000000000e+00
0.000000000000000000e+00
6.767676767676769067e-01
6.271186440677966045e-01
0.000000000000000000e+00
0.000000000000000000e+00
0.000000000000000000e+00
5.377358490566037652e-01
6.022727272727272929e-01
0.000000000000000000e+00
7.553191489361702482e-01
0.000000000000000000e+00
0.000000000000000000e+00
5.930232558139534316e-01
2.808937397816466675e-01
2.757336611895429002e-01
2.600285279612633005e-01
2.660598422947036967e-01
2.543125955238220159e-01
2.740602865269435862e-01
3.450988668210441812e-01
1.087713135079186877e-01
3.590455235502187925e-01
4.297546851963195413e-01
4.385200136663527370e-01
1.939881356256371037e-01
5.082826636561393885e-01
1.389801825783585354e-01
2.549463610116952106e-01
6.985537356594191394e-01
1.202559392736540778e-01
4.393256910241805091e-01
4.912949328984553832e-01
1.483176290656545993e-01
4.816665078209398931e-01
1.000000000000000000e+00
4.556463897736984237e-01
3.855237045621852099e-01
2.543694482761018616e-01
2.000154282990999066e-01
8.113397746719774872e-02
1.350693938514643533e-01
1.324670040637261070e-01
1.244264331142772573e-01
1.252296869217873476e-01
1.239261824440179155e-01
1.307227057328615993e-01
2.656198028597031024e-01
7.740690074493078443e-02
2.496759124289718579e-01
3.193774941665756817e-01
3.373171203758950076e-01
7.991158981085347279e-02
4.171199507447447830e-01
8.254331477670878714e-02
1.763143455922702718e-01
6.280399210497680240e-01
7.185203303409545827e-02
3.412499571301229606e-01
4.014910849432504203e-01
9.198255951160277943e-02
3.851635274260089559e-01
1.000000000000000000e+00
3.814918211685186522e-01
2.844256758181081812e-01
1.744372044386491571e-01
1.273430863574163407e-01
5.936922738543737310e-02
2.082717872968981587e-01
2.408376963350785660e-01
2.409638554216868012e-01
2.312925170068027558e-01
2.500000000000000000e-01
2.168348845385116297e-01
3.705381810144767751e-01
5.696969696969697017e-01
3.855392803202837282e-01
1.683614111958903203e-01
6.376258243665395842e-01
4.552075746540421575e-01
5.148496240601502238e-01
1.317227665049729990e-01
1.212642523481842205e-01
8.560669456066944960e-01
1.906469825990375622e-01
2.458764789307015253e-01
7.832913734665373218e-01
1.549880140143832241e-01
4.596205275665045109e-01
1.000000000000000000e+00
6.400538930297524631e-01
5.965362411802437315e-01
2.912087912087912289e-01
2.469473684210528042e-01
4.428494041170097373e-01
