8.715168323188829946e-01
8.709888494496433875e-01
8.714165615180469171e-01
8.664111556702827066e-01
8.537068017410971432e-01
8.702289101271469818e-01
9.386374402643371528e-01
3.655881745536792016e-01
8.381260903555356467e-01
3.675554296492515860e-01
3.545069716589683839e-01
5.215883877261013879e-01
3.585222130420118170e-02
5.651978876621931436e-01
6.153162951192050478e-01
7.731888776548414555e-01
0.000000000000000000e+00
4.313631447900954097e-01
2.520000562829620705e-01
9.147696910091325240e-01
2.031929204353603025e-01
3.523671782533195351e-01
3.967831693447791963e-01
7.429274702767050265e-01
4.881854220661865362e-01
7.595792628917188427e-01
1.392381327326585039e-01
3.179683096386296537e-01
3.175765440108752613e-01
3.139207874384813968e-01
3.186860996301936200e-01
4.247787610619468968e-01
3.183904627958784039e-01
7.468123861566486887e-01
1.655920672328693999e-01
2.182618261826181350e-01
1.811514484781812095e-01
1.662658329324995243e-01
7.366626341048365667e-02
2.687404385517594418e-01
3.604684466791840958e-01
1.843662410464030899e-01
2.207792207792207417e-01
0.000000000000000000e+00
2.442260442260442144e-01
7.040070958989878003e-01
3.366533864541833010e-01
3.363363363363361946e-01
3.842373610172613585e-01
1.844929041190724872e-01
1.690767519466072066e-01
6.103448275862067840e-01
1.426654740608229721e-01
4.238329238329240356e-01
6.230769230769230838e-01
5.116279069767442067e-01
6.396396396396396566e-01
4.333333333333332926e-01
5.000000000000000000e-01
5.910902309932399845e-01
2.945945945945945832e-01
0.000000000000000000e+00
0.000000000000000000e+00
0.000000000000000000e+00
0.000000000000000000e+00
3.697478991596638842e-01
0.000000000000000000e+00
4.977168949771688666e-01
0.000000000000000000e+00
8.955223880597015240e-01
5.422077922077922496e-01
0.000000000000000000e+00
0.000000000000000000e+00
0.000000000000000000e+00
3.201058201058201158e-01
3.826086956521739246e-01
4.651162790697674354e-01
4.090909090909091161e-01
0.000000000000000000e+00
0.000000000000000000e+00
1.305758313057583109e-01
5.843481737503106732e-01
5.738062901296085982e-01
5.526913050656904192e-01
5.733816554122348474e-01
8.053323652894757156e-01
5.773314914136261633e-01
8.539120362463701319e-01
2.132827116790431132e-01
4.879340615615823662e-01
3.338479552033657427e-01
2.651375168933931548e-01
2.496257182288945664e-01
3.468391534167268864e-01
3.901228390429594128e-01
1.902331998087445353e-01
2.071613770870348592e-01
0.000000000000000000e+00
3.658594127949428287e-01
7.604093319854958732e-01
8.467142088536426803e-01
4.306331028534773342e-01
4.297161088002163787e-01
5.128385811239788428e-01
9.784939669599435064e-02
6.100483625165546986e-01
4.365668803438293999e-01
4.853361454283444676e-01
3.734009472697615850e-01
3.601253363291846976e-01
3.344787282964064579e-01
3.628975536684336811e-01
6.854448423002796886e-01
3.647328631336889115e-01
8.100143360323162067e-01
1.517785761125190480e-01
4.120065016318550932e-01
2.685004469897489532e-01
2.038870258183750894e-01
2.088354478516037949e-01
2.698853577220406974e-01
3.103247012146855832e-01
1.497694332478102242e-01
1.519099749772394592e-01
0.000000000000000000e+00
3.193172205559846599e-01
7.097758890730027082e-01
8.006754736988284105e-01
3.644652815899847020e-01
3.459094417496845209e-01
4.554090166207710455e-01
7.188599785445437540e-02
5.413046707187718631e-01
3.696669740045054331e-01
4.087459465122329494e-01
8.234693877551022556e-01
8.938373899533920142e-01
8.350100603621730677e-01
9.285714285714283811e-01
5.000000000000000000e-01
8.940955834827171156e-01
8.057083643632656500e-01
8.124257053576464660e-01
7.494961953412202504e-01
5.207102057195167610e-01
3.607813368811151333e-01
6.084262968227305279e-01
2.101400465886447133e-01
5.222446741854636088e-01
6.665210445042692999e-01
9.152812457992720585e-01
1.517637589850373558e-01
4.132629044839550847e-01
2.554860317662692726e-01
9.534657330918561158e-01
1.859716513902971435e-01
4.412948772995475277e-01
4.636805654324325232e-01
5.794248463596098908e-01
6.269574625590796924e-01
8.159398856820274659e-01
6.212899210651212645e-02
