9.093821161669367603e-01
9.088476501853914868e-01
8.991399723277608835e-01
9.070252375377827470e-01
8.845723875434348127e-01
9.058701909111912531e-01
5.722601844706638463e-01
3.332622917054625100e-01
5.976019262535017251e-01
6.115971308889296409e-01
5.654747331728116055e-01
7.007790907127136038e-01
4.993342209529376685e-01
6.055043482485719109e-01
8.898639372959558091e-01
4.405697867344020580e-01
2.579686218014367594e-01
6.225555700623222055e-01
2.275084794572939106e-01
2.083898710312825919e-01
1.964783333920857578e-01
3.746793947370059552e-01
5.069616155681853087e-01
6.959145451145669625e-01
5.753527119202890283e-01
5.775498692078446794e-01
2.118076720102850530e-01
3.316214692803907682e-01
3.346309512775357820e-01
3.286852589641434674e-01
3.352186208396780720e-01
3.274336283185840246e-01
3.321575071724324757e-01
3.559104801340826629e-01
2.395741822128055754e-01
9.999999999999998890e-01
7.189280626780626404e-01
3.080808080808080662e-01
3.648983475977606306e-01
2.088948787061994938e-01
3.656428283293955417e-01
6.246276067527307685e-01
2.123552123552123749e-01
2.712537725024345980e-01
3.818181818181818343e-01
3.490217161103238430e-01
2.603191883628277470e-01
6.306306306306297405e-02
5.678381478777763114e-01
3.056809828835450604e-01
3.801220575414123726e-01
7.525998905309249087e-01
4.461538461538462341e-01
8.868243243243244534e-01
4.384615384615385136e-01
3.023255813953487636e-01
4.684684684684684575e-01
3.166666666666665964e-01
5.000000000000000000e-01
4.376098653729932897e-01
0.000000000000000000e+00
0.000000000000000000e+00
5.307017543859648967e-01
0.000000000000000000e+00
0.000000000000000000e+00
0.000000000000000000e+00
0.000000000000000000e+00
8.650793650793648926e-01
6.250000000000000000e-01
0.000000000000000000e+00
6.231343283582089221e-01
9.864864864864865135e-01
0.000000000000000000e+00
0.000000000000000000e+00
0.000000000000000000e+00
0.000000000000000000e+00
0.000000000000000000e+00
0.000000000000000000e+00
0.000000000000000000e+00
0.000000000000000000e+00
1.257812500000000111e-01
6.419582420722964589e-01
6.340703716079543195e-01
6.028300907922291563e-01
6.309419302487077053e-01
7.539477487113785958e-01
6.326722190962105197e-01
5.505334034863578196e-01
3.300805865346597701e-01
8.856916975588380314e-01
5.607699589694956632e-01
4.976263733852084314e-01
7.374971067515505574e-01
5.328331793901585067e-01
3.321031098378754987e-01
6.877330804029742062e-01
2.712144492330992307e-01
2.668668756627086136e-01
4.323289612036680385e-01
2.832330327593008956e-01
4.397299816322065569e-01
1.315291882574067817e-01
4.865829731808171132e-01
7.758460032776304249e-01
4.585052817420756099e-01
4.610317709681803766e-01
5.113328435277033623e-01
7.989009842672067929e-01
4.423341768491982351e-01
4.313354758988432458e-01
3.915001335548926042e-01
4.305777545398352113e-01
6.120832676347823798e-01
4.301988734067455633e-01
4.634580404926429975e-01
2.490269477133825182e-01
8.549255748823720857e-01
4.883957679996668855e-01
4.190372335253787495e-01
6.953387444988943233e-01
4.482770613977907770e-01
2.577102294214846934e-01
6.313218048098856450e-01
2.047235368165624680e-01
1.803829025813152298e-01
3.830957549351214908e-01
2.268118731871554550e-01
3.523387024306426363e-01
1.007026628262647217e-01
4.011485275325604727e-01
7.358695776470459693e-01
3.854817360569524065e-01
3.892272386794203287e-01
4.433734973252483336e-01
7.496392390512395254e-01
7.693877551020409378e-01
7.850854479544278064e-01
6.841046277665996378e-01
8.721804511278195005e-01
7.500000000000000000e-01
7.757315409620140212e-01
4.343077956989247479e-01
5.415130132395460372e-01
7.421701513584038068e-01
7.522847522847520008e-01
6.203007518796991304e-01
7.095839915745125737e-01
6.598507181835286950e-01
6.181896551724137545e-01
8.496645611846651569e-01
5.072116763746270518e-01
4.552490601343959220e-01
5.485866021310208396e-01
2.811867630755509051e-01
3.344280240831964957e-01
2.468888923151247861e-01
3.568523620938737206e-01
4.573669471508776674e-01
6.955508384852508996e-01
7.284607938044529440e-01
5.423006695069993999e-01
1.327704390738452256e-01
