8.622080449587653517e-01
8.604840271055180789e-01
8.585816713070721917e-01
8.545486463231002361e-01
7.343510386170362114e-01
8.592988065667319653e-01
4.060788472468002119e-01
4.186170273048028800e-02
5.627535110394623619e-01
8.691692348130852785e-01
5.416296754746035003e-01
7.667176766836818480e-01
3.447319587513602013e-01
5.272871585428603458e-01
9.009822072953119765e-01
7.547671515679557075e-01
2.428800087621920678e-01
4.185631292108695778e-01
1.959940859549575976e-01
3.645532743229960015e-01
2.333413057897589793e-01
3.650828222022040048e-01
5.675275752732851231e-01
5.284430273460416494e-01
5.943114042411536957e-01
6.039532307801158684e-01
2.575550963399776405e-01
3.443978205047911190e-01
3.433126332375567857e-01
3.397000234356691295e-01
3.389166847944311556e-01
2.654867256637167827e-01
3.416716306625535160e-01
9.040717736369909829e-01
1.297459710461622562e-01
1.653746770025832369e-02
8.378545769850117564e-01
4.294459749005204996e-01
1.995795890932908767e-01
5.610319599537927360e-01
3.656428283293955417e-01
5.221515326778483068e-01
9.999999999999998890e-01
2.756230569288006804e-01
2.265023112480738510e-01
5.374099968694564522e-01
1.324397840111634639e-01
3.611793611793611136e-01
5.678381478777763114e-01
6.082183652277112218e-01
1.870967741935485318e-01
2.977145148356054039e-01
4.666405023547882669e-01
6.574141709276847267e-01
4.384615384615385136e-01
4.515503875968991943e-01
4.144144144144144004e-01
2.499999999999999445e-01
5.000000000000000000e-01
4.181719431967858558e-01
4.739130434782607981e-01
0.000000000000000000e+00
0.000000000000000000e+00
0.000000000000000000e+00
0.000000000000000000e+00
0.000000000000000000e+00
0.000000000000000000e+00
0.000000000000000000e+00
0.000000000000000000e+00
5.084745762711864181e-01
0.000000000000000000e+00
0.000000000000000000e+00
0.000000000000000000e+00
0.000000000000000000e+00
0.000000000000000000e+00
0.000000000000000000e+00
0.000000000000000000e+00
6.666666666666666297e-01
0.000000000000000000e+00
0.000000000000000000e+00
0.000000000000000000e+00
6.338317711213983241e-01
6.234070355872907143e-01
5.979536462592633939e-01
6.181963573625220976e-01
6.154847987039995250e-01
6.232014278848847511e-01
5.960163740490769246e-01
2.583743924959455152e-01
3.560654317251448209e-01
9.999999999999997780e-01
7.672351537105510655e-01
4.816047499328175441e-01
5.234041703084587605e-01
4.468370147685021276e-01
8.376131401709874247e-01
8.769006273445483224e-01
5.283679700404565471e-01
3.978373471092593316e-01
1.329009455807583784e-01
3.741736317929459377e-01
4.436181095380995476e-01
6.024698627095057546e-01
6.322781707252869143e-01
3.861235823236237596e-01
4.026716040980349298e-01
5.678516431397124808e-01
8.868456911220869987e-01
4.322612123953420982e-01
4.182731650279798985e-01
3.857594743660213155e-01
4.150998348968831242e-01
4.345025721285294407e-01
4.186167958404266587e-01
5.112865798886327973e-01
1.881376830698386349e-01
2.863893096942550787e-01
1.000000000000000000e+00
7.110944051960237378e-01
4.272370336219935005e-01
4.386679278590469577e-01
3.639376382652638187e-01
8.018846723828911838e-01
8.405881452009311694e-01
4.182145732946265793e-01
3.497792668010750727e-01
1.008738979149114146e-01
2.911098552236865422e-01
3.770096388636388074e-01
5.205647114943666720e-01
5.788328673822341619e-01
3.164077164696865174e-01
3.331656509661810039e-01
5.011095065890173172e-01
8.560757936474273633e-01
5.326530612244899654e-01
5.867426204039358772e-01
5.694164989939638488e-01
6.541353383458645698e-01
5.000000000000000000e-01
5.780098257949246587e-01
2.753742991979946098e-01
2.565055491186241099e-03
7.398752262350458686e-01
9.155079775234811201e-01
5.727158685928243065e-01
7.432189542483658151e-01
6.112194729237490076e-01
5.389132462686567759e-01
9.191248980014146142e-01
6.195430710360387838e-01
3.272285083978245801e-01
3.868892367369456409e-01
3.786746711523374387e-01
6.297231925251542961e-01
2.037355046813615900e-01
3.837770623074976406e-01
4.918147359177091893e-01
4.872441018590696338e-01
8.905110983514763490e-01
4.900704935219666325e-01
1.360829432767090008e-01
