5.798960022759128696e-01
5.722241964537355674e-01
5.696820824175740094e-01
5.603276188286714365e-01
6.335696273119839628e-01
5.749228178658672972e-01
3.390192944150955956e-01
7.419583312656440333e-01
7.182528288567702202e-01
6.769227747613593138e-01
9.635837662942514648e-01
8.768695556438985683e-01
5.980033600651135650e-01
8.623214046055752702e-01
8.313882474342986217e-01
6.413705513198797448e-02
5.350302501426094093e-01
7.240251462498887847e-01
1.444076661110882398e-02
3.617218506622887908e-02
1.764829462710275632e-01
2.551884199362253192e-01
2.275175506892304078e-01
6.620325206210191382e-01
5.547906912753659547e-01
6.847319452282225605e-01
2.376009700484517095e-01
3.267990229849063177e-01
3.183798313096672938e-01
3.235294117647058987e-01
3.073743745921252990e-01
2.300884955752212080e-01
3.226461672621306342e-01
1.887688140515484392e-01
5.676386233269599124e-01
4.063492063492061268e-01
3.974178657722960972e-01
7.922077922077922496e-01
2.267847426167973746e-01
5.849056603773585827e-01
3.674484719260838750e-01
3.744939271255061097e-01
1.020408163265306145e-01
4.444187949885625710e-01
6.363636363636362425e-01
1.715497009614656010e-01
9.673319708180266874e-02
4.056743310474651976e-01
3.251121076233181029e-01
6.098459918388837719e-01
5.756823821339951408e-01
5.825123152709358321e-01
2.788461538461538547e-01
6.981981981981982832e-01
4.384615384615385136e-01
4.166666666666666852e-01
4.684684684684684575e-01
4.666666666666666186e-01
5.000000000000000000e-01
4.858862280856089955e-01
6.055555555555554026e-01
0.000000000000000000e+00
0.000000000000000000e+00
4.186046511627906641e-01
0.000000000000000000e+00
7.857142857142858094e-01
0.000000000000000000e+00
0.000000000000000000e+00
7.843137254901960675e-01
2.608695652173912971e-01
6.626984126984126755e-01
7.849462365591398649e-01
0.000000000000000000e+00
0.000000000000000000e+00
0.000000000000000000e+00
0.000000000000000000e+00
0.000000000000000000e+00
9.350649350649351543e-01
0.000000000000000000e+00
0.000000000000000000e+00
0.000000000000000000e+00
4.498553140651381788e-01
4.442621292593896265e-01
4.335327612885407356e-01
4.326789546034656153e-01
4.170444979765809967e-01
4.442712243905470593e-01
1.334301859842974558e-01
5.083328057978452330e-01
5.634799456268730911e-01
4.280374092498322458e-01
8.178167015195347833e-01
2.640174000095636409e-01
5.461337273108876067e-01
5.979192947206437569e-01
2.906254953111631067e-01
1.236212690087603594e-01
4.214534443086582760e-01
8.688405600525916928e-01
1.217394534743032608e-01
1.332967101590062375e-01
2.580525687733623563e-01
3.392508023619320578e-01
3.659420085173208381e-01
2.995581699291778310e-01
4.291140274552203149e-01
2.030689848973210587e-01
4.649491837964256913e-01
2.349128550836854512e-01
2.285359957382015750e-01
2.167690765861733648e-01
2.214610916465351853e-01
2.311258794899190561e-01
2.291682631920434754e-01
9.274167043998926552e-02
4.167214435653231464e-01
4.887327190530006971e-01
3.560997507970494746e-01
7.709788623747357850e-01
2.217028805967731220e-01
4.619343859851677836e-01
5.172877811837639506e-01
2.364716484513049721e-01
8.717653858133111999e-02
3.136714936148682353e-01
8.459800091151643553e-01
9.202451440808534500e-02
9.231646879317784160e-02
2.063837501258379836e-01
2.625917654897763631e-01
3.126056705074823361e-01
2.378450374114164378e-01
3.583227220168616611e-01
1.590543930121989247e-01
3.886697583709337600e-01
5.346938775510206021e-01
5.023303987571205997e-01
5.392354124748490740e-01
5.187969924812028122e-01
7.500000000000000000e-01
5.328214937367774517e-01
4.572875135918812450e-01
8.505145968099585563e-01
8.308481381689549750e-01
7.468987772744766218e-01
8.185936151855045528e-01
8.021806853582553742e-01
5.590007860948553731e-01
8.313076923076923030e-01
8.842535966592122154e-01
8.746340198392932308e-03
7.051594913744470006e-01
7.683169927993165338e-01
9.525323219756565152e-02
2.177045805455481986e-01
2.050603476912856715e-01
3.398463334775827516e-01
2.320412374817979462e-01
4.123814792419819852e-01
7.156970653370287039e-01
8.202009518773134555e-01
1.801851064260687751e-01
