8.592965678286256237e-01
8.597377453137373671e-01
8.620941507515735847e-01
8.584866364390657534e-01
8.951940990836850798e-01
8.602295764193943484e-01
9.135461206630572928e-01
2.432298695828690738e-01
6.682558739313100293e-01
4.088127183192684644e-01
2.663713793260994445e-01
6.165503875194446870e-01
2.228949179333710173e-01
4.821296510530103108e-01
6.034682417494436901e-01
8.170676212707252972e-01
2.689838921484328793e-01
4.554518195232282185e-01
1.967180251372089295e-01
9.319666337649119559e-01
2.394251135062717140e-01
3.813377414989049807e-01
4.673639893013570301e-01
5.886111808201492934e-01
6.281497918322958007e-01
6.660888137781342255e-01
1.685155041480451699e-01
2.605999874741654621e-01
2.618407637408471933e-01
2.602531052261542466e-01
2.677833369588862311e-01
3.097345132743362650e-01
2.628503725984523420e-01
6.367308149204087275e-01
3.812043269860394545e-01
3.803617571059431102e-01
2.455701480091724287e-01
1.478787878787879428e-02
2.097942264374218491e-01
2.172506738544474070e-01
9.096276857470897426e-02
2.315053367684947183e-01
2.527472527472528485e-01
3.955669616654965970e-01
3.489736070381230792e-01
5.350129163078803929e-01
2.524900398406375590e-01
4.551508029768899233e-01
4.324151185137730113e-01
5.037507788161993405e-01
9.886887306242120310e-02
4.343715239154616325e-01
1.934850863422292733e-01
9.415867480383609545e-01
3.576923076923076983e-01
3.042635658914727981e-01
3.873873873873874274e-01
3.500000000000000333e-01
5.000000000000000000e-01
3.742600438696452869e-01
6.606060606060605300e-01
0.000000000000000000e+00
0.000000000000000000e+00
0.000000000000000000e+00
0.000000000000000000e+00
3.697478991596638842e-01
0.000000000000000000e+00
0.000000000000000000e+00
4.878048780487804770e-01
9.836065573770492731e-01
6.231343283582089221e-01
0.000000000000000000e+00
0.000000000000000000e+00
0.000000000000000000e+00
6.205128205128205288e-01
0.000000000000000000e+00
0.000000000000000000e+00
0.000000000000000000e+00
0.000000000000000000e+00
0.000000000000000000e+00
0.000000000000000000e+00
5.609880267271438736e-01
5.507959579500079084e-01
5.341592785531708021e-01
5.510476254153485742e-01
7.500805872660942786e-01
5.555656553579597645e-01
7.048209411199097829e-01
2.589873720268754953e-01
6.437308135389743224e-01
4.362216854868850024e-01
3.013301740314067168e-02
2.629241798181318757e-01
3.822796589054785477e-01
2.981018326576225785e-01
2.621857846074144849e-01
2.408811076719172828e-01
3.352394168161483279e-01
5.225322686929205762e-01
5.365839257791877870e-01
7.942592074374591471e-01
3.977598488563685031e-01
4.819354006243901090e-01
6.761411147818019440e-01
7.333990897726949676e-02
5.749634224162725182e-01
3.975119192931722001e-01
6.790177278517424142e-01
3.470921598599918112e-01
3.346098050940776170e-01
3.145260571370667169e-01
3.381722699214428363e-01
6.067255363202737062e-01
3.404468774318638036e-01
6.316095700497434962e-01
1.886422205634403215e-01
5.740368797112984645e-01
3.639575910949135462e-01
2.094573403754557139e-02
2.207222794236686214e-01
3.020647900828496990e-01
2.279259691626909223e-01
2.113726267019152560e-01
1.793687667039120526e-01
2.367298393635388076e-01
4.724822558286523311e-01
4.674758381978203481e-01
7.362940122512884322e-01
3.331144144518287664e-01
3.965509917346127233e-01
6.258055311822866562e-01
5.335118021998858096e-02
5.043439675965719626e-01
3.323744371328470892e-01
6.121880984914961354e-01
7.530612244897960661e-01
8.358363542206110886e-01
7.605633802816902378e-01
8.646616541353382424e-01
7.500000000000000000e-01
8.036990726656791928e-01
6.721211552888222140e-01
6.005894214363269867e-01
6.784947887603505201e-01
5.183314627759070259e-01
3.098163421477763135e-01
8.099141295862608558e-01
3.223345412931526432e-01
4.911009174311926628e-01
6.030255877940464693e-01
9.072340151242068718e-01
3.375159016876105866e-01
3.985749165379439685e-01
6.957453795305545974e-02
1.000000000000000000e+00
1.878325533688057769e-01
4.421564117987000220e-01
5.414295541241953558e-01
6.021970753591099346e-01
6.971939421896216071e-01
7.603686635944699734e-01
9.569620449524485206e-02
