5.191808280143507259e-01
5.078983580168612288e-01
5.003894107007648140e-01
4.833017610203738657e-01
5.019341367933070064e-01
5.093999081483304714e-01
1.493239950515645731e-02
6.517870554262547023e-01
9.487189166396563511e-01
8.344048284645135816e-01
8.020283164579584678e-01
3.163640180281621639e-01
4.269590098876094864e-01
7.888629135660293334e-01
9.093845349334308548e-01
4.917316934927797867e-01
3.669717711186648579e-01
6.953878193156979304e-01
1.424122978015840424e-01
1.000301716347193892e-01
1.550256100492194422e-01
2.495731366834093023e-01
4.177418101280543361e-01
6.067153844651853589e-01
8.516357721745206888e-01
9.360557896024770397e-01
2.305312005553775689e-01
1.945262103087617989e-01
1.937158216702196678e-01
1.972111553784860472e-01
1.949097237328692722e-01
3.008849557522123574e-01
1.903648137336205193e-01
4.098960620699751978e-01
5.382813131177121013e-01
8.126984126984125867e-01
3.518518518518517491e-01
8.383838383838385644e-01
4.885261429653952048e-01
5.494568324757005406e-01
6.047349459598559962e-01
7.288227966365616872e-01
4.598825831702543221e-01
6.752064836193027997e-01
1.000000000000000000e+00
6.026748397882418784e-01
1.683266932270917060e-01
6.096096096096094152e-01
9.162929745889385469e-01
6.273145568310275477e-01
7.649769585253454185e-01
7.260237068965517127e-01
6.715070643642072623e-01
5.472972972972974803e-01
4.730769230769231171e-01
3.817829457364340651e-01
6.216216216216216006e-01
3.166666666666665964e-01
5.000000000000000000e-01
4.827344419790339236e-01
0.000000000000000000e+00
0.000000000000000000e+00
0.000000000000000000e+00
0.000000000000000000e+00
0.000000000000000000e+00
0.000000000000000000e+00
0.000000000000000000e+00
0.000000000000000000e+00
0.000000000000000000e+00
0.000000000000000000e+00
4.267461669505961952e-01
0.000000000000000000e+00
0.000000000000000000e+00
0.000000000000000000e+00
0.000000000000000000e+00
0.000000000000000000e+00
0.000000000000000000e+00
0.000000000000000000e+00
0.000000000000000000e+00
0.000000000000000000e+00
0.000000000000000000e+00
3.011995446577835911e-01
2.964260822701956233e-01
2.846335618595276507e-01
2.811124123324520996e-01
3.261234046230320760e-01
2.945172968289936910e-01
1.717510512667013156e-01
7.058986082710293486e-01
6.956506574050584923e-01
4.166648485174393457e-01
7.439783476479508995e-01
3.774504944543739526e-01
4.520981515679475260e-01
5.447746560709421093e-01
8.936269903001514692e-01
3.710629902171376227e-01
4.057649386951484027e-01
7.500516995224499883e-01
3.067057246476945220e-01
2.760206670265908935e-01
3.725096167023509430e-01
4.886293099211034274e-01
6.309221210299515992e-01
3.434584662937474331e-01
5.721179857893456955e-01
8.304133772266868441e-01
3.349596092146107651e-01
1.183979727645384505e-01
1.141961899343616471e-01
1.049102248310599256e-01
1.072214603146430939e-01
1.580622191652126807e-01
1.134948231295969112e-01
1.216929359142369660e-01
6.298012857379957641e-01
6.313114085317812485e-01
3.452461458439073372e-01
6.841000690159075859e-01
3.262795765912505086e-01
3.679552891104327372e-01
4.615997462540891716e-01
8.686576107427352866e-01
2.925566906274727486e-01
2.991812098410419063e-01
7.124429892929153851e-01
2.476095160602241885e-01
2.051359833137266775e-01
3.094296038479904531e-01
4.031775174693134067e-01
5.773947742362185442e-01
2.771359828015650950e-01
5.013775924817152063e-01
7.921116569235560068e-01
2.666554175034917540e-01
6.306122448979591955e-01
5.862247540134644108e-01
6.197183098591549921e-01
5.714285714285713969e-01
7.500000000000000000e-01
6.321350103043672508e-01
0.000000000000000000e+00
6.338815179682741885e-01
8.456573098946864597e-01
9.104503564597461462e-01
7.292725055882948171e-01
3.642455685257242060e-01
5.233644859813082473e-01
7.723529411764704644e-01
9.454617116514691944e-01
4.189992030890474783e-01
4.878904225820757112e-01
6.854764107308048970e-01
1.890480417011970449e-01
1.389162561576353649e-01
1.581240562573276165e-01
3.155226422657240182e-01
5.197723719592275415e-01
5.380102664385240097e-01
8.449298160696998572e-01
9.392789373814041110e-01
2.340288812158821674e-01
