8.306377936482367552e-02
8.120266499629863466e-02
6.907443499113552488e-02
9.801769306413449234e-02
1.173354327092610006e-01
8.220652882950135742e-02
2.547725730491232632e-01
6.181789496026918185e-01
0.000000000000000000e+00
3.133984019511304453e-02
6.259677571330120038e-01
2.553389207331688837e-01
9.847410514359007383e-01
3.875934933461118170e-01
1.469628737967818011e-01
5.639804599290907383e-01
4.786667038571847943e-01
4.816253000085144453e-01
1.000000000000000000e+00
1.397598890205982158e-01
8.005868670309508328e-01
7.497695435455591362e-01
2.211945917216340263e-02
2.958646387419143764e-01
0.000000000000000000e+00
3.801833324110408530e-01
7.579684956405060570e-01
1.728565165654161878e-02
1.952606049371272828e-02
1.300679634403562046e-02
2.392864911899065389e-02
8.849557522123893682e-03
1.742403751466020667e-02
7.351396765385542764e-03
2.060168937725391225e-01
3.459459459459458541e-01
3.701865637349507354e-01
4.575457545754576527e-01
2.943262500031259554e-01
1.000000000000000222e+00
1.139410579197943640e-01
4.665825977301385485e-02
3.333333333333333703e-01
4.628124002478546939e-01
1.847507331378298590e-01
5.302445302445303321e-01
2.641296516063406097e-01
9.999999999999998890e-01
6.390134529147981635e-01
6.465135956309375764e-02
1.830457614403599997e-01
3.248548992830316839e-01
4.137717121588090352e-01
9.415867480383609545e-01
3.269230769230769273e-01
2.286821705426356766e-01
4.144144144144144004e-01
1.333333333333333592e-01
5.000000000000000000e-01
3.199825346220397382e-01
3.573770491803278659e-01
0.000000000000000000e+00
0.000000000000000000e+00
0.000000000000000000e+00
0.000000000000000000e+00
4.190476190476191132e-01
0.000000000000000000e+00
0.000000000000000000e+00
0.000000000000000000e+00
0.000000000000000000e+00
4.613259668508287170e-01
0.000000000000000000e+00
0.000000000000000000e+00
0.000000000000000000e+00
0.000000000000000000e+00
0.000000000000000000e+00
0.000000000000000000e+00
4.390243902439024404e-01
0.000000000000000000e+00
0.000000000000000000e+00
7.488372093023255571e-01
2.457988272096467419e-02
2.725211627513157708e-02
2.252304711910099733e-02
3.295139841732716568e-02
3.317353190331681634e-02
2.568301060009610393e-02
6.263863216778597920e-02
3.946470086539072275e-01
6.145632736081483305e-01
3.639840515381589370e-01
7.588642142785568812e-01
4.960480083090303971e-01
1.000000000000000000e+00
2.980005986761697923e-01
2.161402048765743711e-01
4.435028077110936273e-01
4.559766577728633363e-01
3.716042613297709796e-01
5.953698361363781721e-01
4.638073273580322065e-01
9.999999999999997780e-01
8.430643523205558765e-01
1.150313115055325852e-01
4.809565858319397869e-01
3.729231018181240476e-01
7.137426183632245014e-01
7.073919745321146646e-01
3.756851498486728745e-03
4.089159272341589581e-03
3.090779768761129503e-03
5.531986906497678158e-03
8.646481389205248891e-03
3.881754039683525843e-03
4.197705290749537133e-02
3.070785956116022231e-01
5.425799133930548912e-01
2.959608126217903035e-01
7.013390252685902659e-01
4.416100044452573314e-01
1.000000000000000000e+00
2.278384486261818553e-01
1.716367246241599087e-01
3.604777728086801525e-01
3.463242266971256478e-01
3.247595066338808678e-01
5.284175817104996842e-01
3.755921896730633480e-01
9.999999999999998890e-01
7.978175219988694611e-01
9.163076917918999698e-02
4.075332841937055472e-01
3.053462544633015474e-01
6.581738620920174476e-01
6.439242023179051477e-01
1.653061224489796865e-01
1.724495080269290437e-01
1.549295774647887480e-01
2.481203007518796300e-01
2.500000000000000000e-01
1.832250873222063259e-01
3.298632415236428805e-01
9.792601710222808009e-01
0.000000000000000000e+00
1.007156715007904157e-01
5.035774921173900021e-01
3.975549270372189525e-01
9.167779261237203325e-01
4.290864939870490113e-01
1.390563019132569078e-01
5.717544817003752389e-01
6.667533428505429960e-01
4.044231992648616991e-01
1.000000000000000222e+00
2.550807156718486457e-01
7.303660519697479092e-01
6.838935369234020456e-01
4.241074220320362187e-02
0.000000000000000000e+00
0.000000000000000000e+00
2.983067957601064357e-01
6.370430984981447775e-01
