6.329899275965304994e-01
6.262395018445356953e-01
6.217625586650443736e-01
6.153045388894011758e-01
6.865328314512755270e-01
6.279516161833545995e-01
3.599507458197608312e-01
6.057074434769659232e-01
6.872990011612947203e-01
6.598486575426276701e-01
9.548265756677831728e-01
9.194952299624814529e-01
5.993996730337907142e-01
8.860622174699049891e-01
8.763340967214239274e-01
1.238226226637715310e-01
5.363154475964060364e-01
6.613739463292542808e-01
3.447443769976499262e-02
1.440824585515354528e-02
2.173928340449408081e-01
2.427165922431893108e-01
1.326511456663097555e-01
6.730654337381296592e-01
4.452065844496500002e-01
6.268701997719419161e-01
1.935205108786270944e-01
3.350034446044967140e-01
3.272468872617171898e-01
3.327865010546051105e-01
3.158581683706765397e-01
2.389380530973451155e-01
3.311143916132847642e-01
1.111390354918879719e-01
5.676386233269599124e-01
1.312820512820512819e-01
5.101666471529483493e-01
6.161616161616162435e-01
2.267847426167973746e-01
9.748427672955974899e-01
5.116148580406240098e-01
4.065934065934064812e-01
1.785714285714286031e-01
3.279259616797129406e-01
3.674775928297053795e-01
1.652710224138794759e-01
1.300706265845708587e-01
4.056743310474651976e-01
2.643213541337710026e-01
0.000000000000000000e+00
5.756823821339951408e-01
2.423371647509579008e-01
7.765335929892902556e-02
6.981981981981982832e-01
4.807692307692307820e-01
4.186046511627907196e-01
4.594594594594594295e-01
6.000000000000000888e-01
1.000000000000000000e+00
4.946599059023534251e-01
6.055555555555554026e-01
0.000000000000000000e+00
0.000000000000000000e+00
0.000000000000000000e+00
0.000000000000000000e+00
6.285714285714286698e-01
0.000000000000000000e+00
0.000000000000000000e+00
1.000000000000000000e+00
2.608695652173912971e-01
6.626984126984126755e-01
0.000000000000000000e+00
0.000000000000000000e+00
0.000000000000000000e+00
0.000000000000000000e+00
0.000000000000000000e+00
0.000000000000000000e+00
9.350649350649351543e-01
0.000000000000000000e+00
0.000000000000000000e+00
1.269716088328075587e-01
4.747432700472346556e-01
4.679205347692803607e-01
4.591860131789267663e-01
4.538732459324830160e-01
4.552578448847863224e-01
4.688898903984614619e-01
8.097008564620544746e-02
4.632557609437032431e-01
4.816744880377494820e-01
4.389306096508824862e-01
6.749685805077840772e-01
2.734988839049257159e-01
7.641886832541672225e-01
6.309340889502488281e-01
4.141458958884756125e-01
2.715223991895712174e-01
3.966959484225737187e-01
3.260228917094838419e-01
1.586850778370143544e-01
1.800795679406804739e-01
2.103257218296319397e-01
2.914745704865808751e-01
6.796331138555289364e-02
3.581070756678252920e-01
1.378148059836599160e-01
1.129056072865268767e-01
3.288485401288459009e-01
2.581709853470582905e-01
2.503790561254067848e-01
2.399931693960618562e-01
2.405864284080166948e-01
2.656075576250648274e-01
2.519243528881581207e-01
5.478412903473817153e-02
3.721138370453896949e-01
4.058047388562460722e-01
3.665671386080662231e-01
6.060015993995109262e-01
2.302294553007863120e-01
7.029752088045584379e-01
5.528366240349090743e-01
3.504131155367181671e-01
2.049841175710817587e-01
2.909041192252369012e-01
2.819430229015005285e-01
1.215815842537107949e-01
1.277049600004428465e-01
1.655040976297628141e-01
2.208490041029050888e-01
5.340236893351901770e-02
2.904988031541780313e-01
1.034784442005958205e-01
8.566494278187475331e-02
2.611743059423965452e-01
7.418367346938776752e-01
7.369238736406007462e-01
6.981891348088531402e-01
7.443609022556390009e-01
7.500000000000000000e-01
7.460141777970172861e-01
4.687074134177666718e-01
8.098731550706108617e-01
8.022575001691483187e-01
7.194912997382130193e-01
7.722754526434078004e-01
8.599010942760942910e-01
4.358844140060069705e-01
8.416691250924950296e-01
8.505918659186044728e-01
2.690456489092629688e-02
7.596259971931202948e-01
6.783526756931013146e-01
1.873675809824233429e-01
1.846399360182469085e-01
2.460564296798092299e-01
2.642126957878720983e-01
1.474096325200626723e-01
4.048625080644843166e-01
6.868391324592704184e-01
6.039777637332164328e-01
1.564777727499570004e-01
