6.255917464576896680e-01
6.191099133983934966e-01
6.149588020451383086e-01
6.078696874711901899e-01
7.138575212602817910e-01
6.212000734649522071e-01
3.413459014393847024e-01
8.170222801480314656e-01
7.725970722808390700e-01
6.464212520869665468e-01
8.335987885959306176e-01
8.734248701128062287e-01
5.885189611278125454e-01
8.541364773825886880e-01
8.422541972653421194e-01
7.689601440401161447e-02
5.365798709462683558e-01
6.937747207169713271e-01
2.863436105246508490e-02
6.758184173277825835e-02
1.898797115406458680e-01
2.375955781276382073e-01
2.885583645624136828e-01
6.118930238568722757e-01
6.801611221356351766e-01
6.816896206168174821e-01
1.520803459958718351e-01
3.283021231289534048e-01
3.190904316124447693e-01
3.244668385282399869e-01
3.075919077659343137e-01
2.477876106194690231e-01
3.241038461078901700e-01
1.046698872785829515e-01
5.676386233269599124e-01
1.474254742547425057e-01
3.974178657722960972e-01
2.938616938616939178e-01
1.903051049375501513e-01
9.748427672955974899e-01
4.151690526957051430e-01
3.744939271255061097e-01
2.678571428571429047e-01
1.988619593087569970e-01
3.674775928297053795e-01
1.715497009614656010e-01
1.270595039198046394e-01
4.056743310474651976e-01
1.847407313838185239e-01
7.060621891991258892e-02
5.756823821339951408e-01
4.997670083876980529e-01
7.765335929892902556e-02
6.981981981981982832e-01
4.807692307692307820e-01
4.186046511627907196e-01
4.684684684684684575e-01
6.000000000000000888e-01
1.000000000000000000e+00
5.026935466152506748e-01
5.625806451612902492e-01
0.000000000000000000e+00
0.000000000000000000e+00
0.000000000000000000e+00
0.000000000000000000e+00
8.730158730158730229e-01
0.000000000000000000e+00
0.000000000000000000e+00
7.843137254901960675e-01
2.608695652173912971e-01
6.626984126984126755e-01
0.000000000000000000e+00
0.000000000000000000e+00
0.000000000000000000e+00
0.000000000000000000e+00
5.641025641025640969e-01
0.000000000000000000e+00
5.000000000000000000e-01
0.000000000000000000e+00
0.000000000000000000e+00
0.000000000000000000e+00
4.459780151807440363e-01
4.409984309758940291e-01
4.287142000953474974e-01
4.279201414459486985e-01
4.224514450720166514e-01
4.402049850550046606e-01
1.007404401977787245e-01
4.215352629959266961e-01
4.035145354256695072e-01
3.697148172362429985e-01
3.603804445847864635e-01
1.011752644848160632e-01
7.827120352199860021e-01
5.098641724689625399e-01
2.612244589750412072e-01
2.398523329411212934e-01
3.444667615810547145e-01
4.466095702490682218e-01
1.639784679157321179e-01
2.317360002775684658e-01
1.789821099439214969e-01
2.933290464048881052e-01
0.000000000000000000e+00
3.250646320446766158e-01
3.938678202428740338e-01
4.807917717875165309e-02
3.044969054148336518e-01
2.313863327068434450e-01
2.255994996442619582e-01
2.125363949861654167e-01
2.172730998565359228e-01
2.358691702929271439e-01
2.255112842212868562e-01
6.886155651962266866e-02
3.321551762797806395e-01
3.303717547161694745e-01
3.012431504356425371e-01
2.879176190669490709e-01
8.137191372107410725e-02
7.249397603251952482e-01
4.260495186023551817e-01
2.105316480650210043e-01
1.785196970551942708e-01
2.446507622991869746e-01
3.970295475054603784e-01
1.258785175406792467e-01
1.685837797207377364e-01
1.393260599085995866e-01
2.224401619954271547e-01
0.000000000000000000e+00
2.605354359157408539e-01
3.248794828555965353e-01
3.563144585292210564e-02
2.395604105711168774e-01
7.346938775510205577e-01
7.814603832211288736e-01
7.122736418511066425e-01
7.631578947368420351e-01
1.000000000000000000e+00
7.707181564362559634e-01
4.773925663002811515e-01
9.606713143789211706e-01
8.271245676919392054e-01
7.342496434491654345e-01
7.956525164525302118e-01
8.663380860177203324e-01
5.135515917471431546e-01
8.772747112405883119e-01
8.600194640469878138e-01
2.690456489092629688e-02
7.558596472790601872e-01
6.656395099483469746e-01
1.706110573242216599e-01
1.846399360182469085e-01
2.150360609751597041e-01
3.138801392462566842e-01
3.779439367480033063e-01
5.361207846174851355e-01
7.483331742633925199e-01
6.912442396313360771e-01
1.138480890859054906e-01
