8.524383420022713098e-01
8.501649855832786873e-01
8.437953388159538104e-01
8.189903233736894883e-01
8.213199438155927012e-01
8.456404046400147756e-01
1.662030499889326496e-01
4.077559233489645996e-01
3.304629048614400322e-01
6.383510923332154086e-01
6.596338288008496420e-01
6.835955862789733217e-02
4.129890656250796432e-01
8.515177662765843758e-01
8.794030902272269579e-01
6.419834850028571793e-01
4.387354901449376232e-01
1.000000000000000000e+00
2.874737337543085136e-01
4.210459985517613912e-01
5.156956822114489025e-02
4.476017933289815343e-01
5.540161552139899470e-01
5.771267568060380881e-01
3.702872338486631332e-01
1.000000000000000000e+00
1.800042051912789098e-01
9.735704891338384792e-01
9.773225816417955292e-01
9.681274900398405547e-01
9.530128344572548205e-01
9.823008849557520739e-01
9.707197574512553828e-01
0.000000000000000000e+00
6.586072904459384647e-01
8.707482993197279697e-02
6.928774928774928954e-01
4.215842636895269502e-01
1.629453766781147062e-01
3.635900050994391730e-01
4.452095494424831434e-01
3.441295546558704732e-01
2.073732718894009119e-01
3.002835944538841395e-01
6.707616707616705920e-01
2.730759330759330306e-01
2.183697641864973393e-01
9.133271202236714625e-02
4.835434469921311429e-01
7.237798546209760486e-01
1.137521222410864397e-01
1.947126436781611014e-01
5.942622950819672623e-01
6.187766714082504338e-01
5.076923076923076650e-01
4.341085271317828842e-01
4.774774774774774855e-01
2.000000000000000111e-01
5.000000000000000000e-01
4.493727230212881674e-01
2.056603773584905204e-01
0.000000000000000000e+00
0.000000000000000000e+00
0.000000000000000000e+00
0.000000000000000000e+00
3.880070546737213188e-01
0.000000000000000000e+00
5.860215053763440096e-01
0.000000000000000000e+00
8.108108108108108558e-01
5.566666666666667540e-01
7.849462365591398649e-01
0.000000000000000000e+00
0.000000000000000000e+00
0.000000000000000000e+00
6.197183098591549921e-01
0.000000000000000000e+00
5.806451612903225090e-01
0.000000000000000000e+00
0.000000000000000000e+00
4.674796747967479432e-02
9.106751389409633024e-01
9.123133959669742499e-01
8.784708201198866417e-01
8.900138999555167185e-01
9.742842418014627803e-01
9.028545289110122551e-01
2.822999487040083189e-01
4.339434645824727932e-01
3.479663971887563267e-01
4.055448695090302369e-01
4.724508500823207946e-01
1.501887211730894567e-01
3.967013326803096041e-01
5.231196040949537274e-01
3.296570310053947850e-01
7.722872762891719312e-02
3.425615089014356629e-01
8.886070026625001450e-01
2.307348558744639622e-01
5.084889337435328782e-01
2.316800374808705154e-01
2.985387789456581675e-01
5.642320425908515791e-01
4.821737863008990210e-02
1.514426993238251473e-01
9.375465687110398072e-01
3.875954952400482156e-01
8.400257734733105330e-01
8.424144260301137388e-01
7.842389711788614326e-01
8.057831688654204516e-01
9.551244805172370844e-01
8.264400494887836901e-01
2.110034875453842829e-01
3.439060673383795841e-01
2.790187099458298348e-01
3.347070903181054158e-01
3.940985271325815886e-01
1.223948445013326447e-01
3.154037166341626675e-01
4.394515871262217876e-01
2.716100779708835455e-01
5.325571240871901368e-02
2.430090916569174753e-01
8.687499552124458013e-01
1.814050526195181146e-01
4.198347078244259456e-01
1.836428091030973819e-01
2.269227477452923081e-01
5.077129754444490439e-01
3.471949388750023013e-02
1.143073636599676313e-01
9.216214930186055199e-01
3.148134944824776404e-01
6.244897959183675074e-01
6.131538063179700071e-01
5.875251509054326693e-01
6.090225563909774653e-01
7.500000000000000000e-01
6.268081932299924830e-01
2.025862068965520457e-01
5.474896702171800911e-01
4.407393947727697991e-01
7.385899255817953701e-01
5.519625334522745286e-01
0.000000000000000000e+00
5.713278081467112468e-01
8.445197740112992957e-01
9.110585297765108059e-01
6.451111150888693135e-01
7.453945041137748362e-01
1.000000000000000000e+00
4.555163145228346977e-01
5.986331158744953029e-01
8.307472329608656114e-02
5.484123333608523776e-01
5.666123240834601837e-01
4.470789538010269126e-01
5.859575195034449901e-01
9.471678943357886293e-01
2.269024992584067757e-01
