5.065310494971253519e-01
4.997848768419920762e-01
4.960871875859373947e-01
4.893721681024622572e-01
4.792573488028668005e-01
5.012441466107165899e-01
1.671582833780320687e-01
8.962745570874607326e-01
5.532583032364899456e-01
6.438513028828833917e-01
6.248759283012674803e-01
3.443401640778369632e-01
4.358975595484688714e-01
7.183262476833883747e-01
7.551562267086591174e-01
4.606022033297980656e-01
2.991637762768382114e-01
8.974103944295952484e-01
4.627997779911328102e-01
6.198484931448640101e-01
2.346532559347295210e-01
1.119603101123471944e-01
6.300518946698479006e-01
5.553072584560743152e-01
8.768141385203871430e-01
7.066580009380409866e-01
2.920959118086726702e-01
2.333562973633118154e-01
2.405845459881978676e-01
2.465432388094680183e-01
2.408092234065695170e-01
2.389380530973451155e-01
2.376478239816233740e-01
3.680022733731174167e-01
7.418738049713193838e-01
3.265306122448979886e-01
6.134852801519466992e-01
5.041322314049586639e-01
1.152156317583700185e-01
7.648766328011613602e-01
4.491036879096580448e-01
4.720036666412037452e-01
1.020408163265306145e-01
3.624423567341868435e-01
7.084048027444251883e-01
6.989586989586989985e-01
4.902938581245488425e-01
3.909909909909911052e-01
2.412937696784656083e-01
3.642552209530401930e-01
1.736972704714641047e-01
5.129310344827585633e-01
3.548951048951050069e-01
4.238329238329240356e-01
6.423076923076924682e-01
5.503875968992246737e-01
5.675675675675675436e-01
4.333333333333332926e-01
5.000000000000000000e-01
5.867443528043929657e-01
1.816666666666666430e-01
0.000000000000000000e+00
0.000000000000000000e+00
0.000000000000000000e+00
0.000000000000000000e+00
4.761904761904762196e-01
0.000000000000000000e+00
0.000000000000000000e+00
0.000000000000000000e+00
4.545454545454545858e-01
6.139705882352941568e-01
0.000000000000000000e+00
0.000000000000000000e+00
0.000000000000000000e+00
0.000000000000000000e+00
0.000000000000000000e+00
6.349206349206348854e-01
0.000000000000000000e+00
0.000000000000000000e+00
0.000000000000000000e+00
0.000000000000000000e+00
3.664156378958652871e-01
3.621754628521324237e-01
3.527090208106561930e-01
3.528353025955444089e-01
3.426239057386410436e-01
3.612009675265226427e-01
3.582709943018480558e-01
9.999999999999998890e-01
5.609541896677925354e-01
5.022847557450043077e-01
6.344091887261897877e-01
1.085839871424842951e-01
6.916562214968947631e-01
7.195013923088620089e-01
5.895928396341383326e-01
1.372271461640859336e-01
4.056804873588991667e-01
1.000000000000000222e+00
5.987773642402103302e-01
6.378827596052919491e-01
5.945503693177538462e-01
2.796193359307714843e-01
4.045516902236097057e-01
3.053359354049296481e-01
4.739388978348528791e-01
5.613005286686345574e-01
3.880029003408602684e-01
1.647876178542865000e-01
1.603324503103931153e-01
1.511946944786512759e-01
1.563532763488227617e-01
1.703828613075795695e-01
1.601767066883040824e-01
2.773655930769166056e-01
1.000000000000000000e+00
4.861114543047957981e-01
4.288269609871130372e-01
5.614975178654433297e-01
8.750568954867832261e-02
6.192114139493679614e-01
6.518134426046593433e-01
5.260323613853452596e-01
9.739935516501913026e-02
2.991037973549035556e-01
1.000000000000000000e+00
5.320089712730301512e-01
5.559467701728049160e-01
5.294965540316040054e-01
2.107326839234388016e-01
3.491784377989882726e-01
2.429513774861054576e-01
4.018918181012144375e-01
4.943282748262177728e-01
3.151928672458478298e-01
4.948979591836735192e-01
4.867944070429828241e-01
4.929577464788732488e-01
4.924812030075187419e-01
5.000000000000000000e-01
5.085878492053947930e-01
1.177895385304659204e-01
7.841351246992664947e-01
5.768903485673342324e-01
6.879098632682860703e-01
6.329645003070368814e-01
2.885367762128328017e-01
3.717373592139947558e-01
7.047586902545002197e-01
7.851882616594014763e-01
4.385345888207707876e-01
3.725830052377214763e-01
9.276672694394214602e-01
5.187157685722556533e-01
7.480106100795755886e-01
2.453468821069308969e-01
2.721814341685910854e-01
7.962199325355809876e-01
5.907558202849596540e-01
8.532490319457888273e-01
6.306755934266585761e-01
3.212922001853789622e-01
