5.495349929365681563e-01
5.464252827426629988e-01
5.508879427317934230e-01
5.354940830741856672e-01
6.064331690995705682e-01
5.489376334332422003e-01
3.996815054866718064e-01
7.962733186741949298e-01
7.834427555949263766e-01
7.641630043215514867e-01
4.413691653493865275e-01
4.093900557920937544e-01
5.395982257966058793e-01
8.309829720337241765e-01
8.409035699296918409e-01
3.405685387417198839e-01
7.173361779479436873e-01
7.047324076019469974e-01
5.394664369505286494e-02
2.866281485588870748e-01
2.363380700629131859e-01
3.324198515427434497e-01
8.935822450176811316e-02
4.696502239356288300e-01
5.778450113142548084e-01
7.690226409427098897e-01
3.196991571873036841e-01
3.238554518694807816e-01
3.089875490468687591e-01
3.248183735645652770e-01
2.982379812921470696e-01
2.743362831858406903e-01
3.180740377456326984e-01
2.186209925340358851e-01
4.359464627151051763e-01
2.329501915708812598e-01
5.539411206077872185e-01
5.861049519586104539e-01
3.255837613314248591e-01
4.745461018155927579e-01
7.366550705121009956e-01
7.591436217662801411e-01
3.015873015873017371e-01
1.000000000000000000e+00
3.034965034965034780e-01
3.004719004719004216e-01
2.200415206643306920e-01
5.549549549549549488e-01
2.858744394618832896e-01
3.385748899767592190e-01
6.267281105990780699e-01
1.564166370423035746e-01
3.761180679785331993e-01
4.525455688246385888e-01
5.884615384615385913e-01
5.406976744186047235e-01
5.765765765765765716e-01
4.166666666666666852e-01
5.000000000000000000e-01
5.836277738262183323e-01
4.954545454545454253e-01
0.000000000000000000e+00
0.000000000000000000e+00
0.000000000000000000e+00
0.000000000000000000e+00
0.000000000000000000e+00
0.000000000000000000e+00
0.000000000000000000e+00
0.000000000000000000e+00
4.615384615384615641e-01
5.060606060606060996e-01
0.000000000000000000e+00
0.000000000000000000e+00
0.000000000000000000e+00
0.000000000000000000e+00
0.000000000000000000e+00
0.000000000000000000e+00
6.923076923076922906e-01
0.000000000000000000e+00
0.000000000000000000e+00
1.297340854149879041e-01
4.490103754374312195e-01
4.430013017170706946e-01
4.422641662305432653e-01
4.307555682830120913e-01
3.841206749224261308e-01
4.445305190643528692e-01
3.623557302157633941e-01
6.680321956682823137e-01
5.951813284537150750e-01
5.682435040571187645e-01
3.679273345887159596e-01
5.948796358170249654e-01
5.940818100831094517e-01
8.808909380626339658e-01
8.068412466802592498e-01
1.248950526595447030e-01
9.871958538163868591e-01
5.560527993603583408e-01
2.196746886134857135e-01
5.277853275060969684e-01
6.554088444788062073e-01
3.892192279331965210e-01
6.623328300085449261e-01
3.052171010723259137e-01
2.919954773835296002e-01
5.924928044711181840e-01
5.210701711623402232e-01
2.341421322124542237e-01
2.273993660161741925e-01
2.245432736270391860e-01
2.197637235340772210e-01
2.032082518373115876e-01
2.294024374460214843e-01
2.810487573446955323e-01
5.867447772997351763e-01
5.219625882230147784e-01
4.961526274801324465e-01
2.948199280137692724e-01
5.423985885881597024e-01
5.121662219757882051e-01
8.457012062195806701e-01
7.659036340736826709e-01
8.812831550958655225e-02
9.816084241925744358e-01
5.065312292792376603e-01
1.720342406610415598e-01
4.393793916651958509e-01
5.944602585552528629e-01
3.079201773111205354e-01
6.109228935982792263e-01
2.428461549235027550e-01
2.322548203984948767e-01
5.268252694399211400e-01
4.445501658007890988e-01
5.275510204081632626e-01
5.163127912998446423e-01
4.688128772635815622e-01
4.962406015037592599e-01
8.750000000000000000e-01
5.278878141231089227e-01
4.987868464961067172e-01
8.171780722760151328e-01
7.938270786995409445e-01
7.676715351796812303e-01
4.402099809108260819e-01
5.000354886791114062e-01
6.367601246105920598e-01
8.347517842981759806e-01
8.305202053872078327e-01
3.230778304308106197e-01
6.920934820828095191e-01
7.898041121112930885e-01
2.164846186308306830e-01
3.200607243548039271e-01
1.718885409803767583e-01
3.683108905226286645e-01
1.261679878417849565e-01
3.058856476933207169e-01
7.942860720598363677e-01
8.084252277800665354e-01
3.126304973204576676e-01
