6.814271781940919315e-01
6.787813740757888681e-01
6.754183784501541776e-01
6.713857690788298527e-01
6.446052729943407833e-01
6.781584067337125266e-01
6.013540599604021430e-01
5.968820078784176086e-02
9.361223439383328238e-01
5.828261151499507520e-01
4.318123777481421843e-01
7.724564329419050246e-01
4.395311691436301071e-01
6.200979784532275607e-01
5.883610599843953626e-01
6.264419556119698029e-01
3.331394715912885385e-01
4.630916981943107302e-01
5.395954046703839158e-01
1.165869152484388938e-01
3.170849326648602640e-01
7.421185086628367955e-02
8.183096970617000920e-01
7.154951646603762150e-01
6.487844007728007512e-01
5.406073149681358547e-01
1.024551663365050880e-01
1.789941754869417978e-01
1.819754688417214994e-01
1.878368877431450534e-01
1.735914726995866908e-01
2.123893805309734484e-01
1.816592311703604523e-01
7.526061530638188390e-01
1.634799235181644272e-01
3.028806584362139231e-01
4.150047483380815416e-01
2.879259888605678608e-02
1.701453051674398642e-01
3.111200321156162296e-01
1.130063965884862132e-01
7.489878542510119974e-01
2.159468438538206803e-01
1.816326361290642732e-01
1.178451178451177528e-01
6.135686707115278749e-01
0.000000000000000000e+00
5.778336476010895728e-01
1.210762331838564076e-01
5.381236913334356275e-01
3.429541595925296171e-01
2.961067853170190611e-01
2.348178137651821817e-01
6.187766714082504338e-01
4.653846153846154521e-01
3.992248062015503751e-01
4.324324324324324564e-01
2.000000000000000111e-01
5.000000000000000000e-01
4.307212312868606841e-01
9.999999999999998890e-01
0.000000000000000000e+00
0.000000000000000000e+00
5.901639344262294973e-01
0.000000000000000000e+00
0.000000000000000000e+00
0.000000000000000000e+00
6.728395061728393856e-01
0.000000000000000000e+00
5.504587155963303058e-01
7.198275862068965747e-01
0.000000000000000000e+00
0.000000000000000000e+00
0.000000000000000000e+00
0.000000000000000000e+00
0.000000000000000000e+00
0.000000000000000000e+00
6.666666666666666297e-01
0.000000000000000000e+00
0.000000000000000000e+00
2.066752246469832910e-01
3.667254695887303684e-01
3.593914493595026238e-01
3.492798795549749702e-01
3.493515356515063952e-01
4.129566375693833336e-01
3.609778673497656687e-01
2.491051690213565983e-01
1.278421914210819965e-01
3.914681536713580101e-01
2.132087524684473934e-01
1.974655203265964776e-01
2.070430004576899741e-01
4.501016792558841795e-01
1.291522420849136044e-01
3.829882736587724157e-01
1.301150941178661480e-01
1.567515756801501903e-01
3.545449544688568100e-01
6.033908810623138663e-01
0.000000000000000000e+00
5.122035822959323248e-01
2.702789045087148345e-01
5.234877153087122981e-01
1.936983067188120522e-01
4.790845982769422751e-01
2.848280046736455517e-01
3.940984176160611252e-01
1.650256403692380303e-01
1.582257439557030188e-01
1.486675554720312264e-01
1.537622575557285320e-01
2.275694504191572431e-01
1.600076073573265256e-01
1.832824146436252133e-01
8.697269832666404410e-02
3.190758883019310654e-01
1.639173136711904455e-01
1.476474055775214844e-01
1.712910692689376679e-01
3.660251429321925709e-01
9.143037341329429690e-02
3.209158188031157044e-01
9.204015732675857597e-02
9.832296321591355026e-02
3.086373785009337567e-01
5.368817061054628192e-01
0.000000000000000000e+00
4.447774221107332338e-01
2.028300028366373242e-01
4.661470744734582672e-01
1.477628810978257046e-01
4.069676658702375827e-01
2.294259923098030951e-01
3.208811242346157888e-01
8.469387755102042448e-01
7.747281201450024746e-01
7.927565392354125606e-01
8.721804511278195005e-01
7.500000000000000000e-01
8.279472126729683357e-01
6.721211552888222140e-01
1.437954870405606655e-01
9.251322771877212858e-01
6.393527237218386006e-01
4.356969123707857827e-01
8.160276890308839626e-01
5.088265835929386416e-01
6.253698630136985681e-01
6.304901195153593818e-01
6.404665405070579798e-01
4.784695415504280902e-01
4.563372927816213842e-01
5.978972113324110271e-01
3.902885292047857391e-01
3.092709239603272930e-01
1.668569786603963934e-01
7.745999460462935637e-01
4.794348809971915593e-01
7.266157399863897304e-01
5.971675845790718196e-01
1.007655386110942741e-01
