2.897772421615300020e-01
1.422845956552798441e-02
9.536003517114137740e-01
3.405086976646503061e-01
4.521528911197887357e-01
1.729381226016681872e-01
1.929778757263186373e-01
5.984308657879924276e-01
7.894813777868993077e-01
7.266088423225911530e-01
8.324266863230598279e-01
5.394562959894084742e-01
3.945696507414843679e-01
1.092181329119575883e-01
9.999999999999997780e-01
2.945601161628377818e-01
3.066556184255813111e-01
5.297896155038548383e-01
4.171347057960497207e-01
1.031721863864751842e-01
8.107214116558392192e-02
1.262683185483597370e-01
2.612113195485114558e-01
8.816578252610369759e-01
2.001557109518532496e-01
2.498422118932475677e-01
1.555344423357637729e-01
3.670252948352994427e-01
9.528558788018957060e-01
5.653301372928978275e-01
4.715941969430079705e-01
5.937259615436905058e-01
7.769603821917137054e-01
2.754522398191910915e-01
6.772216987918839859e-01
5.891318644458842790e-01
7.893644583005259285e-01
3.378516356845487345e-01
2.208988053514591154e-01
6.916958790548786151e-01
5.159891536428666825e-01
4.699791156518762225e-01
4.399824469493219814e-01
7.635688273403818949e-01
9.234740286037467216e-01
2.194417797695695782e-01
8.768346130265852745e-01
6.846401064975982109e-02
4.573100046914602146e-01
4.417617707623221479e-01
7.490532301700943973e-01
7.085800078116059053e-01
1.272830564543573351e-01
1.986477505047141712e-01
2.288290154335095306e-01
4.549694462022946251e-01
9.258247386396476486e-01
8.886623996445723872e-01
7.913466090562130129e-01
4.611342932164130826e-01
4.310213344712778838e-01
3.886056063867859844e-02
5.937861794489238676e-01
1.861693438444406157e-01
2.284206009028295903e-01
2.761253750453840361e-02
8.430967611248312288e-01
3.102169693818496166e-01
4.566488159368775612e-01
5.649403597367770313e-01
2.763510213679946093e-01
5.718644648471884473e-01
6.860019048730403579e-01
7.678468008841667913e-01
8.555218059765984373e-01
5.283828653238550332e-01
3.588569963408210217e-01
8.954149627994065774e-01
4.007985377875324939e-01
7.667535480258231839e-01
5.030268296700275421e-01
4.599014710529110150e-01
3.182228543102184615e-01
2.054008720339632887e-01
2.122501305372348490e-01
2.340813197226602194e-01
9.276332565643218286e-01
6.326099163452099106e-01
2.117432843821931421e-01
2.494119701158446500e-01
8.392015585856964499e-01
3.974437814462332685e-01
3.802715782399885835e-01
6.823274438349588022e-01
4.404550765270109913e-01
6.350762709617274737e-01
6.054520097298508041e-01
2.087072322921565970e-01
7.408891457371329370e-01
4.327457320962253551e-01
3.811917174971752864e-01
2.234957713050413908e-01
9.369550919653351073e-01
4.611188790957766459e-01
2.475703351298399468e-01
2.150479748255502699e-01
2.277797157332962508e-01
7.469855839337820047e-01
6.753907073964291463e-01
4.254091952191677573e-01
6.536034644191074383e-01
5.777187608356322279e-01
6.730432245939861335e-01
4.815080449297348686e-02
9.865212544606589695e-01
2.701870821459710914e-01
2.897772421615300020e-01
1.422845956552798441e-02
9.536003517114137740e-01
3.405086976646503061e-01
4.521528911197887357e-01
1.729381226016681872e-01
1.929778757263186373e-01
5.984308657879924276e-01
7.894813777868993077e-01
7.266088423225911530e-01
8.324266863230598279e-01
5.394562959894084742e-01
3.945696507414843679e-01
1.092181329119575883e-01
9.999999999999997780e-01
2.945601161628377818e-01
3.066556184255813111e-01
5.297896155038548383e-01
4.171347057960497207e-01
1.031721863864751842e-01
8.107214116558392192e-02
1.262683185483597370e-01
2.612113195485114558e-01
8.816578252610369759e-01
2.001557109518532496e-01
2.498422118932475677e-01
1.555344423357637729e-01
3.670252948352994427e-01
9.528558788018957060e-01
5.653301372928978275e-01
4.715941969430079705e-01
5.937259615436905058e-01
7.769603821917137054e-01
2.754522398191910915e-01
6.772216987918839859e-01
5.891318644458842790e-01
7.893644583005259285e-01
3.378516356845487345e-01
2.208988053514591154e-01
6.916958790548786151e-01
5.159891536428666825e-01
4.699791156518762225e-01
4.399824469493219814e-01
7.635688273403818949e-01
9.234740286037467216e-01
2.194417797695695782e-01
8.768346130265852745e-01
6.846401064975982109e-02
4.573100046914602146e-01
4.417617707623221479e-01
7.490532301700943973e-01
7.085800078116059053e-01
1.272830564543573351e-01
1.986477505047141712e-01
2.288290154335095306e-01
4.549694462022946251e-01
9.258247386396476486e-01
8.886623996445723872e-01
7.913466090562130129e-01
4.611342932164130826e-01
4.310213344712778838e-01
3.886056063867859844e-02
5.937861794489238676e-01
1.861693438444406157e-01
3.811917174971752864e-01
2.234957713050413908e-01
9.369550919653351073e-01
4.611188790957766459e-01
2.475703351298399468e-01
2.150479748255502699e-01
2.277797157332962508e-01
7.469855839337820047e-01
6.753907073964291463e-01
4.254091952191677573e-01
6.536034644191074383e-01
5.777187608356322279e-01
6.730432245939861335e-01
4.815080449297348686e-02
9.865212544606589695e-01
2.701870821459710914e-01
4.413664296564665523e-01
1.184784923896886610e-02
9.778604007363360662e-01
3.180632238305103332e-01
1.481490781393053346e-01
2.923567128468741450e-01
2.862976720624670346e-01
4.185985035294534917e-01
9.802141440401017647e-01
3.881525017062247840e-01
5.944625797296312353e-01
8.877023300690209950e-01
5.007636193987574647e-01
1.691158546717277389e-01
9.058091074998713133e-01
3.934187819877658088e-01
5.007848093383981958e-01
5.416010030252706997e-01
8.895092623405176369e-01
4.335456866260140041e-01
3.778568545036877779e-01
9.742421743737150752e-02
4.154659432062148827e-01
5.526444636365956953e-02
9.083198778244625515e-01
2.983778224874200635e-01
7.431665521348934655e-01
9.217182758034647705e-01
3.992530903306680257e-01
2.235266128222024307e-01
5.875258858621816849e-01
4.318475217863909643e-01
6.718512766395468017e-01
1.052303977757409470e-01
8.981362614344798878e-01
4.415747209251029703e-01
1.603679602500527324e-01
2.098239406231461324e-01
4.394585005052084048e-01
3.512000217877884189e-01
8.913559532115633566e-01
4.754575478082644358e-01
6.972900668790971146e-01
8.381321811772419750e-01
4.292791512195515136e-01
6.157367242068412239e-02
7.987372435460926567e-01
4.149835659804544941e-01
7.063409825454229907e-01
1.416968149823780720e-01
9.315789363899753539e-01
4.283019801944633054e-01
7.226995539296288129e-02
2.392386868176822334e-01
4.403621026890588430e-01
1.294756268782824016e-01
9.041481119859589022e-01
4.317212962412058097e-01
7.132391704646056096e-01
9.788098752495653088e-01
4.364171959296878622e-01
3.297733042841350937e-01
9.036335655428544555e-01
3.943619635794640699e-01
5.689042734494704767e-01
2.167366466902800326e-01
9.335401290787235240e-01
4.341443660783975700e-01
3.485275037955091193e-01
1.290398709632802898e-01
3.528677980892587218e-01
1.918966469459117974e-01
8.120290404091914382e-01
4.482437665705238938e-01
6.943666284097956831e-01
9.699568233256909977e-01
4.270170740680847565e-01
1.491860457880180846e-01
8.000159918820770599e-01
4.142620065294672083e-01
2.897772421615290583e-01
1.422845956551399560e-02
9.536003517114038930e-01
3.405086976646525820e-01
4.521528911197723044e-01
1.729381226016828421e-01
1.929778757263372335e-01
5.984308657879875426e-01
7.894813777868887605e-01
7.266088423225853798e-01
8.324266863230448399e-01
5.394562959894253495e-01
3.945696507414803156e-01
1.092181329119668032e-01
1.000000000000000000e+00
2.945601161628411679e-01
3.066556184255861961e-01
5.297896155038530619e-01
4.171347057960606008e-01
1.031721863864645261e-01
8.107214116558481010e-02
1.262683185483643999e-01
2.612113195485111228e-01
8.816578252610209887e-01
2.001557109518493083e-01
2.498422118932484559e-01
1.555344423357773731e-01
3.670252948352973332e-01
9.528558788018968162e-01
5.653301372928901669e-01
4.715941969430260672e-01
5.937259615436913940e-01
7.769603821916999387e-01
2.754522398191830979e-01
6.772216987918748821e-01
5.891318644458727327e-01
7.893644583005088311e-01
3.378516356845403523e-01
2.208988053514567285e-01
6.916958790548757285e-01
5.159891536428751202e-01
4.699791156518921542e-01
4.399824469493102685e-01
7.635688273403936632e-01
9.234740286037698143e-01
2.194417797695792371e-01
8.768346130265892713e-01
6.846401064977714057e-02
4.573100046914562178e-01
4.417617707623147094e-01
7.490532301701061657e-01
7.085800078116059053e-01
1.272830564543694365e-01
1.986477505047303804e-01
2.288290154335216320e-01
4.549694462022978447e-01
9.258247386396405432e-01
8.886623996445637275e-01
7.913466090561989130e-01
4.611342932164037567e-01
4.310213344712833239e-01
3.886056063866738519e-02
5.937861794489138756e-01
1.861693438444428361e-01
