8.079935231002588480e-02
3.942000055352787857e-01
7.641247494375926763e-01
7.486828303843970356e-02
4.134063393029248079e-01
7.302106469184064252e-01
6.836671892359204028e-01
8.885063235394334846e-01
5.860884703525529593e-01
7.241102762576552276e-01
8.606789506006038426e-01
6.251739911430089780e-01
1.816745394296712668e-01
7.627026963406324800e-02
5.107535892547623302e-01
0.000000000000000000e+00
4.005207376828419097e-01
5.450298145564194119e-01
4.996033805135524641e-01
9.946895824764956373e-02
4.776807203378748978e-01
2.156587029935693733e-01
3.871229634524749885e-01
9.012361868953546740e-01
6.402359942711767227e-01
2.893942786494063668e-01
3.092148669054463062e-01
6.986358144920302715e-01
9.991961935916644499e-01
7.703226992226355208e-01
9.897579186456182399e-01
2.607665109350636445e-01
3.526564393230051664e-01
9.229314428056824005e-01
9.014006458549816969e-01
1.851614381939346021e-01
1.233006463401238317e-01
2.817137656978627169e-01
2.909791139254441217e-01
9.394736277978112948e-01
9.748462297175239932e-01
4.879865262223648248e-01
7.087629568638249555e-01
9.224488501091597792e-01
5.040034114856152270e-01
8.996808610378560500e-01
8.393924333516896708e-01
6.638207796151873730e-02
2.158187317191829768e-01
3.022933734045051279e-01
3.993556896566599068e-01
3.032156620556374360e-01
5.343154187620137163e-01
6.766089147615941268e-01
4.639878291985979342e-01
4.788257158139719305e-01
8.755834237832087474e-01
3.825242285419774291e-01
1.000000000000000000e+00
1.322901896719954618e-01
7.334404214540801714e-02
1.577963904973299636e-01
7.692274587477099246e-02
1.896809512901705130e-02
4.355010416832635900e-02
2.184799319281145458e-01
5.711623807712442602e-01
2.731030935608713683e-02
2.726847615345104892e-01
8.655716481725361788e-01
7.010690027364590016e-01
7.632979675127169461e-01
5.768616367802761324e-01
9.254798156912349416e-01
8.822064185937797953e-01
2.335727933441424931e-01
1.199906025512924579e-01
4.386273347978200121e-01
1.229105252818158966e-01
7.473171525641559843e-01
9.302530886205468974e-01
9.684989657770419758e-01
5.204258612841481391e-01
3.459355786738045890e-01
5.487868766752398431e-01
2.890402041302804759e-01
7.628488435715908844e-01
8.491391458778589918e-01
1.112110835638353556e-01
9.126224639734705768e-01
2.428636840790188156e-01
3.825605877305948699e-01
8.532177368617701596e-01
4.058994785499986380e-01
1.339976615624176581e-01
8.990911333284259399e-01
3.822448647908753827e-01
5.716085373266008851e-01
8.942934820465853196e-01
1.807908546460359478e-01
1.299582377793306875e-01
8.967217459667522483e-01
8.615738872757661149e-01
1.375467136593335749e-01
3.840923637396933543e-01
4.564372853446789779e-01
4.265330883071599133e-01
9.718269377203860859e-01
9.606064831552565408e-01
3.676700226926966630e-01
8.735573597116438327e-01
7.111016986996170353e-01
2.878699300447931098e-01
5.604165896134232216e-01
7.839732666188394816e-01
3.344654326477169981e-02
8.079935231002588480e-02
3.942000055352787857e-01
7.641247494375926763e-01
7.486828303843970356e-02
4.134063393029248079e-01
7.302106469184064252e-01
6.836671892359204028e-01
8.885063235394334846e-01
5.860884703525529593e-01
7.241102762576552276e-01
8.606789506006038426e-01
6.251739911430089780e-01
1.816745394296712668e-01
7.627026963406324800e-02
5.107535892547623302e-01
0.000000000000000000e+00
4.005207376828419097e-01
5.450298145564194119e-01
4.996033805135524641e-01
9.946895824764956373e-02
4.776807203378748978e-01
2.156587029935693733e-01
3.871229634524749885e-01
9.012361868953546740e-01
6.402359942711767227e-01
2.893942786494063668e-01
3.092148669054463062e-01
6.986358144920302715e-01
9.991961935916644499e-01
7.703226992226355208e-01
9.897579186456182399e-01
2.607665109350636445e-01
3.526564393230051664e-01
9.229314428056824005e-01
9.014006458549816969e-01
1.851614381939346021e-01
1.233006463401238317e-01
2.817137656978627169e-01
2.909791139254441217e-01
9.394736277978112948e-01
9.748462297175239932e-01
4.879865262223648248e-01
7.087629568638249555e-01
9.224488501091597792e-01
5.040034114856152270e-01
8.996808610378560500e-01
8.393924333516896708e-01
6.638207796151873730e-02
2.158187317191829768e-01
3.022933734045051279e-01
3.993556896566599068e-01
3.032156620556374360e-01
5.343154187620137163e-01
6.766089147615941268e-01
4.639878291985979342e-01
4.788257158139719305e-01
8.755834237832087474e-01
3.825242285419774291e-01
1.000000000000000000e+00
1.322901896719954618e-01
7.334404214540801714e-02
1.577963904973299636e-01
7.692274587477099246e-02
1.896809512901705130e-02
1.299582377793306875e-01
8.967217459667522483e-01
8.615738872757661149e-01
1.375467136593335749e-01
3.840923637396933543e-01
4.564372853446789779e-01
4.265330883071599133e-01
9.718269377203860859e-01
9.606064831552565408e-01
3.676700226926966630e-01
8.735573597116438327e-01
7.111016986996170353e-01
2.878699300447931098e-01
5.604165896134232216e-01
7.839732666188394816e-01
3.344654326477169981e-02
1.590051269248304866e-01
5.810405761683568038e-01
9.333102889455944240e-01
8.991319178699064274e-02
9.427438837298516283e-01
4.041176934613944782e-01
5.935302793658621123e-01
4.247221777077059279e-01
4.925967241414785924e-01
7.569266233973781510e-01
7.647761992871719983e-01
9.353068269119253486e-01
3.772686582760751417e-01
8.391193228565185791e-02
6.617354510116864041e-01
1.394233499649450980e-01
2.909116504601345632e-01
8.807043653367854219e-01
9.165044383329314925e-01
2.048473099688675747e-01
7.255811094250894655e-01
4.394104772154084904e-01
6.344421261375572385e-01
2.865943890394588855e-01
7.707145472738856640e-01
7.040535239109091403e-01
8.246324661125060684e-01
9.347124472060377443e-01
2.348692617483837397e-01
0.000000000000000000e+00
7.917649658817178526e-01
1.320307953835008208e-01
3.231844079419639026e-01
4.740896143875614754e-01
7.194558061369731305e-01
3.660493808685850725e-01
8.520607521039256227e-01
5.425694426643994372e-01
6.721401153205132095e-01
1.421097892712235300e-01
9.179246695982548054e-01
8.020680430225953783e-01
8.511584768350000108e-01
5.082772264107093818e-01
1.997823184316843692e-01
4.861116639645945980e-02
9.103875690410294652e-01
1.296076345252477058e-01
3.456892778934226307e-01
7.395059780279904516e-01
8.644646150269243989e-01
2.739420150313053304e-01
6.582537250898989889e-01
4.760595442690399581e-01
8.071891220305501546e-01
5.120681362762047328e-02
9.858942832770312137e-01
6.851837967525475914e-01
8.295965981787204457e-01
7.859032941906667347e-01
2.025271820038498927e-01
3.293723337397631568e-01
8.861384016778366401e-01
1.398107398942015633e-01
3.903585451202917778e-01
5.958902710985611861e-01
7.632195928126850326e-01
2.409687252734026286e-01
3.793277488140045506e-02
3.900308925959627970e-01
7.283865406647450635e-01
3.423426889749476842e-01
1.000000000000000000e+00
6.843392077494130366e-01
8.132307840790259368e-01
5.488698631526878202e-01
2.197099120434486963e-01
5.216371689578345183e-01
2.442016565526916594e-01
1.471468915521577658e-01
8.079935231002394191e-02
3.942000055352805621e-01
7.641247494375821292e-01
7.486828303843373611e-02
4.134063393029250300e-01
7.302106469184281856e-01
6.836671892359218461e-01
8.885063235394361492e-01
5.860884703525441886e-01
7.241102762576760998e-01
8.606789506006046198e-01
6.251739911429960994e-01
1.816745394296688243e-01
7.627026963406957627e-02
5.107535892547714340e-01
0.000000000000000000e+00
4.005207376828567867e-01
5.450298145564111962e-01
4.996033805135688954e-01
9.946895824763113403e-02
4.776807203378703459e-01
2.156587029935762567e-01
3.871229634524849805e-01
9.012361868953404631e-01
6.402359942711801644e-01
2.893942786494088648e-01
3.092148669054524124e-01
6.986358144920286062e-01
9.991961935916766624e-01
7.703226992226307468e-01
9.897579186456250122e-01
2.607665109350569832e-01
3.526564393229816297e-01
9.229314428056842878e-01
9.014006458549707057e-01
1.851614381939288290e-01
1.233006463401218333e-01
2.817137656978710991e-01
2.909791139254522818e-01
9.394736277977955297e-01
9.748462297174997904e-01
4.879865262223776479e-01
7.087629568638160737e-01
9.224488501091795412e-01
5.040034114856285496e-01
8.996808610378688176e-01
8.393924333516952219e-01
6.638207796153205997e-02
2.158187317191809784e-01
3.022933734044985776e-01
3.993556896566763381e-01
3.032156620556349935e-01
5.343154187620042794e-01
6.766089147616143329e-01
4.639878291986080372e-01
4.788257158139702652e-01
8.755834237832034184e-01
3.825242285419834243e-01
1.000000000000000000e+00
1.322901896719921311e-01
7.334404214540835021e-02
1.577963904973361808e-01
7.692274587476222170e-02
1.896809512901800887e-02
