9.651484713065044962e-02
3.312827556577864208e-01
7.645242619100003356e-01
8.749751892070448123e-02
4.585645637788686724e-01
6.694575323625935326e-01
6.885772351011695269e-01
8.163290823892652703e-01
6.052628155110887365e-01
6.599405530713806645e-01
8.476575333792917277e-01
6.149164356704561740e-01
1.414839236648369192e-01
7.988352380164742694e-02
5.043283329200396459e-01
1.879575480678530308e-02
3.237431818291791608e-01
4.847490510673040376e-01
5.275187923974373749e-01
6.596283992049523093e-02
4.240764476408066530e-01
2.256405375504099142e-01
4.094046315808637093e-01
8.964290352147572527e-01
6.305167939736753269e-01
2.907413681540595429e-01
3.343178065285044021e-01
7.359311473787212288e-01
9.669527899624874578e-01
8.092929534813235737e-01
9.374243673211684058e-01
2.633120055780184821e-01
4.653262160308506701e-01
9.503057458340450347e-01
8.847676703662461506e-01
1.501122418384908119e-01
6.481829473597455760e-02
2.793983355637773003e-01
2.851337771573203561e-01
9.594690056520989163e-01
1.000000000000000000e+00
4.893968796527328191e-01
7.252201852519999381e-01
9.107762891935339278e-01
5.085949644071438014e-01
9.005444170250341829e-01
8.588592286998543157e-01
9.729538062889675487e-02
1.879403877310267257e-01
3.084394939358140464e-01
3.504292526632741822e-01
2.972159988397482522e-01
4.894639089264508636e-01
7.418527053369325941e-01
4.999359017295941232e-01
4.658362104343798382e-01
9.092372621383382203e-01
3.644822922120740660e-01
9.805379362884137917e-01
1.772515772332101669e-01
8.337657678803855887e-02
1.397612572176963885e-01
1.524705418315730476e-01
4.219003903303104874e-02
6.391215268248981451e-02
2.024449516206261457e-01
5.726023699309470416e-01
4.303044740930850320e-02
3.177444530686741597e-01
8.365269507957637796e-01
7.215028880636913389e-01
7.210669062784904604e-01
5.820042380970120721e-01
9.096167507338435154e-01
8.714218979194671144e-01
2.076525704641061232e-01
1.032698061199588402e-01
4.042549394933843132e-01
1.322258150026769385e-01
7.382942718549081462e-01
9.059481292346620585e-01
9.092428435954265087e-01
5.346847945696939775e-01
3.697088122880974881e-01
5.624290947892612857e-01
2.867747303260844705e-01
7.171636634020114309e-01
8.546754846393982419e-01
1.501720007475033647e-01
9.285002024711770385e-01
2.027601828516727434e-01
3.823307170975092095e-01
8.953108522903734379e-01
4.114546681993763722e-01
1.264561950398057633e-01
8.864990760976243500e-01
3.658689574961591084e-01
5.588760783940882604e-01
9.038221659882037518e-01
1.936154354602603878e-01
1.316534375093263431e-01
8.666678651120660604e-01
8.454655095441045987e-01
1.299090059641454520e-01
2.891155901839566056e-01
4.551078643885189123e-01
4.383159146091393787e-01
9.472281548000729412e-01
9.916422048138975320e-01
3.565808260378865446e-01
8.793735822246356859e-01
7.337880309620468111e-01
2.639024914666761035e-01
5.684827640765457435e-01
7.980612735779475386e-01
5.652786259736997110e-02
9.651484713065044962e-02
3.312827556577864208e-01
7.645242619100003356e-01
8.749751892070448123e-02
4.585645637788686724e-01
6.694575323625935326e-01
6.885772351011695269e-01
8.163290823892652703e-01
6.052628155110887365e-01
6.599405530713806645e-01
8.476575333792917277e-01
6.149164356704561740e-01
1.414839236648369192e-01
7.988352380164742694e-02
5.043283329200396459e-01
1.879575480678530308e-02
3.237431818291791608e-01
4.847490510673040376e-01
5.275187923974373749e-01
6.596283992049523093e-02
4.240764476408066530e-01
2.256405375504099142e-01
4.094046315808637093e-01
8.964290352147572527e-01
6.305167939736753269e-01
2.907413681540595429e-01
3.343178065285044021e-01
7.359311473787212288e-01
9.669527899624874578e-01
8.092929534813235737e-01
9.374243673211684058e-01
2.633120055780184821e-01
4.653262160308506701e-01
9.503057458340450347e-01
8.847676703662461506e-01
1.501122418384908119e-01
6.481829473597455760e-02
2.793983355637773003e-01
2.851337771573203561e-01
9.594690056520989163e-01
1.000000000000000000e+00
4.893968796527328191e-01
7.252201852519999381e-01
9.107762891935339278e-01
5.085949644071438014e-01
9.005444170250341829e-01
8.588592286998543157e-01
9.729538062889675487e-02
1.879403877310267257e-01
3.084394939358140464e-01
3.504292526632741822e-01
2.972159988397482522e-01
4.894639089264508636e-01
7.418527053369325941e-01
4.999359017295941232e-01
4.658362104343798382e-01
9.092372621383382203e-01
3.644822922120740660e-01
9.805379362884137917e-01
1.772515772332101669e-01
8.337657678803855887e-02
1.397612572176963885e-01
1.524705418315730476e-01
4.219003903303104874e-02
1.316534375093263431e-01
8.666678651120660604e-01
8.454655095441045987e-01
1.299090059641454520e-01
2.891155901839566056e-01
4.551078643885189123e-01
4.383159146091393787e-01
9.472281548000729412e-01
9.916422048138975320e-01
3.565808260378865446e-01
8.793735822246356859e-01
7.337880309620468111e-01
2.639024914666761035e-01
5.684827640765457435e-01
7.980612735779475386e-01
5.652786259736997110e-02
1.646581993556242018e-01
4.676925528177728886e-01
9.279538894021361894e-01
9.210968458835555595e-02
8.243520842388032399e-01
4.068501886089525010e-01
6.046625634388114179e-01
4.317627164244886018e-01
5.181524065927649580e-01
7.658382425129797166e-01
7.646048682210377923e-01
9.379447752298806229e-01
3.675414418657618754e-01
8.613004646055433255e-02
7.183710439217505517e-01
1.569856917931530260e-01
2.796292596016847209e-01
8.569806931286505502e-01
9.030255870616690217e-01
1.970984754747487910e-01
7.123763749694287384e-01
4.205562053898769248e-01
6.344119900314018068e-01
2.766843595055559213e-01
7.883315320814596738e-01
6.872769132104985523e-01
8.454434431323255561e-01
9.527015490283030630e-01
2.145818197355638945e-01
4.731270981477120330e-02
8.064948363095956196e-01
1.593155250106732534e-01
3.030111804382893403e-01
4.616992804139066209e-01
6.827056648382572313e-01
3.718450041904156622e-01
7.918533282642137294e-01
5.422759576114470903e-01
6.887829585707722080e-01
7.983685595032952165e-02
9.683697032309948050e-01
7.716335618550539399e-01
8.554752990729943551e-01
5.850864975377358945e-01
1.858461818218172246e-01
6.491695977555966834e-02
9.485532297242480482e-01
1.496720157722247757e-01
3.505131150931970474e-01
6.385861762681166454e-01
8.419618387553571282e-01
2.770787705395149070e-01
6.578854096079385094e-01
4.761725225885461432e-01
7.901619029125591664e-01
2.640990673113385867e-02
9.196264664340443318e-01
7.065684213769212185e-01
8.515878342366468567e-01
7.912191789478946191e-01
1.930687433878477410e-01
2.740744239393633208e-01
9.704893856286052056e-01
1.667916724220028790e-01
3.724455641984081300e-01
4.618556040899424175e-01
8.113678645482078622e-01
2.355688966838139775e-01
2.879174650153260018e-02
3.610472383139031738e-01
7.191567263531487564e-01
3.934332254005075136e-01
9.952934504152324280e-01
6.880863499255620575e-01
8.164194308310966930e-01
6.355723574054392699e-01
2.128887864281652220e-01
6.047009605610567107e-01
2.793240704207233804e-01
1.502717196658035492e-01
9.651484713065089371e-02
3.312827556577728760e-01
7.645242619099866799e-01
8.749751892069862480e-02
4.585645637788628992e-01
6.694575323625882035e-01
6.885772351011789638e-01
8.163290823892612735e-01
6.052628155110872932e-01
6.599405530714037571e-01
8.476575333792740752e-01
6.149164356704799328e-01
1.414839236648294807e-01
7.988352380165220090e-02
5.043283329200536347e-01
1.879575480679213095e-02
3.237431818291920393e-01
4.847490510673007069e-01
5.275187923974513637e-01
6.596283992048590505e-02
4.240764476408205308e-01
2.256405375504076938e-01
4.094046315808609338e-01
8.964290352147421537e-01
6.305167939736751048e-01
2.907413681540620964e-01
3.343178065285075107e-01
7.359311473787160107e-01
9.669527899624967837e-01
8.092929534813203540e-01
9.374243673211685168e-01
2.633120055780182600e-01
4.653262160308297979e-01
9.503057458340338215e-01
8.847676703662435971e-01
1.501122418384952528e-01
6.481829473598321734e-02
2.793983355637850163e-01
2.851337771573270174e-01
9.594690056520809307e-01
1.000000000000000222e+00
4.893968796527420895e-01
7.252201852519630787e-01
9.107762891935443639e-01
5.085949644071402487e-01
9.005444170250394009e-01
8.588592286998465442e-01
9.729538062889542260e-02
1.879403877310226179e-01
3.084394939357999466e-01
3.504292526632850624e-01
2.972159988397414798e-01
4.894639089264440912e-01
7.418527053369310398e-01
4.999359017296074459e-01
4.658362104343906074e-01
9.092372621383324471e-01
3.644822922120607434e-01
9.805379362884123484e-01
1.772515772332132755e-01
8.337657678803989114e-02
1.397612572176999413e-01
1.524705418315712713e-01
4.219003903303100711e-02
