2.072535472318806082e-01
3.764146600878763849e-01
8.192908000719549833e-01
1.691964223083982921e-01
4.159405324380858193e-01
5.544569131720895605e-01
6.378328928506450390e-01
8.691822501051444938e-01
6.436067136346604878e-01
4.732025782578328510e-01
8.096433410804035891e-01
5.080004596044813692e-01
2.270426581456062576e-01
2.731592802853011204e-02
5.326377845612089157e-01
1.389253543627463894e-01
2.845070999332890427e-01
5.605484001497493818e-01
9.487141325775350076e-02
9.591746901351916321e-02
4.174728460402584718e-01
3.625091153229966778e-01
4.342307868016993533e-01
8.255635750012766394e-01
6.731615369754617717e-01
3.329119296847297127e-01
2.340534386458591742e-01
6.794677236158516154e-01
9.477888507686442754e-01
9.919154302027339831e-01
7.145392596125264006e-01
3.621870186767297550e-01
5.661016743644919913e-01
7.461979696262587280e-01
9.563665728265424715e-01
3.143186458620932378e-01
3.848390311585525581e-02
3.054777929557698779e-01
2.966358093124925044e-01
9.183934846859307388e-01
8.528645555280156554e-01
4.459806672824120355e-01
5.975476059201663137e-01
7.779296014341675614e-01
6.446116252572154925e-01
4.899280717038695387e-01
7.952147646982504758e-01
1.174560439772640574e-01
3.859553917335085682e-01
3.761263514935057062e-01
3.520069848743225815e-01
3.185967114837457981e-01
2.577627113590158503e-01
8.110638931016620479e-01
4.289808634053311476e-01
4.847589889539198893e-01
9.321545797769483777e-01
4.863124416044943832e-01
8.828664467315546771e-01
9.035633096397255315e-02
1.573471821326001274e-01
1.711149962756207676e-01
3.650685126924357871e-01
7.677753184098069783e-02
1.291099853563920374e-01
2.355100935019092123e-01
6.524419832190557766e-01
1.440324834515600005e-01
2.529590652116044946e-01
7.084158474805737349e-01
6.670208564073929480e-01
6.961586119543863305e-01
6.138012889754278500e-01
7.998568870065911884e-01
8.195266487255620236e-01
2.664615950541332490e-01
1.595596467688327191e-01
4.559073401780695534e-01
2.462162938769794085e-01
7.234844371661615092e-01
5.156828245030762314e-01
7.985427410439822626e-01
5.133434095613605974e-01
3.290291422167137547e-01
5.470209405671225822e-01
3.136002899659030563e-01
7.068308450964376766e-01
9.705400982492660145e-01
2.280127973483545567e-01
6.339045855653253625e-01
2.450390253239380645e-01
3.690851839400680623e-01
8.357800650699021006e-01
5.133882520290310447e-01
2.587911423366683339e-01
7.328753795663049964e-01
4.548652272700350885e-01
5.079428110530010976e-01
8.173003189580090311e-01
2.496033543500015828e-01
2.712887664309469038e-01
7.894293509238670126e-01
7.652333553793799759e-01
2.128753724730935160e-01
0.000000000000000000e+00
4.863804194717513685e-01
4.249110673860724829e-01
9.387074372638111175e-01
1.000000000000000444e+00
3.564684298813546315e-01
7.542711309909911899e-01
5.815004074700218517e-01
3.755862719779750059e-01
4.215281280395839492e-01
7.620461335209700593e-01
1.328007289083190656e-01
2.072535472318806082e-01
3.764146600878763849e-01
8.192908000719549833e-01
1.691964223083982921e-01
4.159405324380858193e-01
5.544569131720895605e-01
6.378328928506450390e-01
8.691822501051444938e-01
6.436067136346604878e-01
4.732025782578328510e-01
8.096433410804035891e-01
5.080004596044813692e-01
2.270426581456062576e-01
2.731592802853011204e-02
5.326377845612089157e-01
1.389253543627463894e-01
2.845070999332890427e-01
5.605484001497493818e-01
9.487141325775350076e-02
9.591746901351916321e-02
4.174728460402584718e-01
3.625091153229966778e-01
4.342307868016993533e-01
8.255635750012766394e-01
6.731615369754617717e-01
3.329119296847297127e-01
2.340534386458591742e-01
6.794677236158516154e-01
9.477888507686442754e-01
9.919154302027339831e-01
7.145392596125264006e-01
3.621870186767297550e-01
5.661016743644919913e-01
7.461979696262587280e-01
9.563665728265424715e-01
3.143186458620932378e-01
3.848390311585525581e-02
3.054777929557698779e-01
2.966358093124925044e-01
9.183934846859307388e-01
8.528645555280156554e-01
4.459806672824120355e-01
5.975476059201663137e-01
7.779296014341675614e-01
6.446116252572154925e-01
4.899280717038695387e-01
7.952147646982504758e-01
1.174560439772640574e-01
3.859553917335085682e-01
3.761263514935057062e-01
3.520069848743225815e-01
3.185967114837457981e-01
2.577627113590158503e-01
8.110638931016620479e-01
4.289808634053311476e-01
4.847589889539198893e-01
9.321545797769483777e-01
4.863124416044943832e-01
8.828664467315546771e-01
9.035633096397255315e-02
1.573471821326001274e-01
1.711149962756207676e-01
3.650685126924357871e-01
7.677753184098069783e-02
2.712887664309469038e-01
7.894293509238670126e-01
7.652333553793799759e-01
2.128753724730935160e-01
0.000000000000000000e+00
4.863804194717513685e-01
4.249110673860724829e-01
9.387074372638111175e-01
1.000000000000000444e+00
3.564684298813546315e-01
7.542711309909911899e-01
5.815004074700218517e-01
3.755862719779750059e-01
4.215281280395839492e-01
7.620461335209700593e-01
1.328007289083190656e-01
2.667612030937536183e-01
3.000228222184291305e-01
9.274496188138028341e-01
1.879724858100144669e-01
8.233671193280716061e-01
5.353687348944787816e-01
4.029903700980816961e-01
4.562000890205526460e-01
5.479765705142605192e-01
5.890116116622985398e-01
7.495321985650298391e-01
9.129336124306233202e-01
4.069889635403773909e-01
2.404464866311135651e-01
7.301306784968839558e-01
1.742499734073065243e-01
3.527777857396867667e-01
9.429135773429075940e-01
1.000000000000000000e+00
2.251789443387214318e-01
1.000000000000000000e+00
2.811640231556257197e-01
4.524946112359857775e-01
6.902832097939524125e-01
8.141205385451080190e-01
6.819523053693663517e-01
7.062049375637430293e-01
7.250396063620714315e-01
2.241920822887578657e-01
1.361529247621362515e-01
1.000000000000000000e+00
1.810700928984773084e-01
4.953452070703354693e-01
3.702664525149534924e-01
6.830357339342976175e-01
3.654666795879809582e-01
6.973622987735978995e-01
4.427511156402115233e-01
6.644529862160689637e-01
2.205308046005427514e-01
9.012019887097730830e-01
7.319286355099073882e-01
7.133379528257368651e-01
6.300550686186969784e-01
2.115245161059464696e-01
1.991367450648580117e-01
8.693273333745956677e-01
2.155477371253345931e-01
4.628338613952409641e-01
6.178556253879881055e-01
8.630252920951253515e-01
3.168995288948938116e-01
6.934824666906940216e-01
4.077776481014435683e-01
6.848062317487036976e-01
1.311183205767747495e-01
6.535843268954080187e-01
7.110339028518419813e-01
7.343918425572880659e-01
8.142489565457990963e-01
3.160739308742122056e-01
1.742536838519836984e-01
9.155914156139717264e-01
1.971115603004963690e-01
4.644545181200196993e-01
6.934940426802960189e-01
6.634788305046774859e-01
3.103356578803503352e-01
3.586399626159693099e-01
2.267447663546058312e-01
7.547881108654960203e-01
2.475264378958019762e-02
8.487298005224204189e-01
7.113614307996882768e-01
6.004914073898813820e-01
1.000000000000000000e+00
2.551636420754319623e-01
4.415544395182635640e-01
4.759576930646396420e-01
2.158932386940354275e-01
2.072535472318809968e-01
3.764146600878743865e-01
8.192908000719513195e-01
1.691964223083980978e-01
4.159405324380827107e-01
5.544569131720837873e-01
6.378328928506447060e-01
8.691822501051418293e-01
6.436067136346599327e-01
4.732025782578628270e-01
8.096433410804054764e-01
5.080004596044771503e-01
2.270426581456064241e-01
2.731592802852755852e-02
5.326377845611998119e-01
1.389253543627517740e-01
2.845070999333052519e-01
5.605484001497718083e-01
9.487141325777925793e-02
9.591746901349829102e-02
4.174728460402630237e-01
3.625091153230124430e-01
4.342307868016995753e-01
8.255635750012606522e-01
6.731615369754520017e-01
3.329119296847257714e-01
2.340534386458741067e-01
6.794677236158450651e-01
9.477888507686602626e-01
9.919154302027258785e-01
7.145392596125369478e-01
3.621870186767237598e-01
5.661016743644946558e-01
7.461979696262628359e-01
9.563665728265441368e-01
3.143186458621070045e-01
3.848390311586369350e-02
3.054777929557809246e-01
2.966358093124950024e-01
9.183934846859131973e-01
8.528645555280029988e-01
4.459806672824211948e-01
5.975476059201514367e-01
7.779296014341779975e-01
6.446116252572330341e-01
4.899280717038700939e-01
7.952147646982462570e-01
1.174560439772778242e-01
3.859553917335047935e-01
3.761263514935120345e-01
3.520069848743374585e-01
3.185967114837476855e-01
2.577627113590212904e-01
8.110638931016913578e-01
4.289808634053379199e-01
4.847589889539222208e-01
9.321545797769452690e-01
4.863124416044803944e-01
8.828664467315523456e-01
9.035633096397077679e-02
1.573471821325972408e-01
1.711149962756161047e-01
3.650685126924255730e-01
7.677753184098315420e-02
