9.313432840133295532e-01
6.088087520776004347e-01
4.615076882196744723e-01
5.980688661914044246e-01
8.538941664532542219e-01
1.048603427532228682e-01
2.200324470898918916e-01
4.073419538411389151e-01
5.724917074052110477e-01
2.750250390177693127e-01
2.692629609348257125e-01
4.473538040118980597e-01
7.148707254716104575e-01
7.184560830861331793e-01
3.137698789611966799e-01
5.201233059229692923e-01
8.461270317595717128e-01
4.848236432372572402e-01
2.336566744691455089e-01
5.557429691972088914e-01
6.381877230402214218e-01
3.633062367371787671e-01
1.155881116060569758e-01
5.629914737404080327e-01
1.774879127196820061e-01
1.132182648262077401e-01
1.126866880335916921e-01
2.189017742437044944e-01
5.391559897874813601e-01
5.714775914924155042e-01
1.052100653373815309e-01
9.449813461330436315e-01
4.939131334991357924e-01
7.020154100253533924e-02
3.182320973522916874e-01
5.274830805508856635e-01
2.560604021556605048e-01
1.180300398230849646e-01
7.976126514750812857e-02
4.472073067648496547e-02
3.596743978391403473e-01
7.212967596842184692e-02
2.671591016118340933e-01
2.703633744128287608e-01
4.057100637499478912e-01
1.045158273479863675e-01
3.392931622915463796e-01
6.240979086168039203e-01
6.564558423001338738e-01
3.668807203240630477e-01
7.609700457317504219e-01
7.145244739693078495e-01
4.535149825922147881e-01
8.790191626778127709e-01
1.961275876542688534e-01
9.297280058829122673e-01
2.928640713536536655e-01
3.289515239318758777e-01
2.536978774494550448e-01
7.132606372998728794e-01
6.955168123199509944e-01
6.020729245087511616e-01
8.361239943969767108e-01
6.980892007037106106e-01
7.951326028353256081e-01
6.109450949679178233e-01
7.084920598168231720e-01
5.560756628263893164e-01
7.834956065142919535e-01
2.153553479127081616e-01
2.205051264344464190e-01
4.283688180731899386e-01
7.848512962535938442e-01
1.515460197029010470e-01
3.493211109356196831e-01
7.173023986866491342e-01
7.024063533723494679e-01
6.429172939980838386e-01
8.207356212074405910e-01
3.913501941200017153e-01
1.358673645736026003e-01
2.727261988726088493e-01
3.108994387730852349e-01
1.135201982506607310e-01
1.843691362218667917e-01
9.496773247529786965e-02
6.924259182596793627e-01
4.192024720510360569e-01
5.827776970553095737e-01
8.308059056183164648e-02
2.900123116556483360e-01
6.978281809496006405e-02
5.683108855018044192e-01
3.943840847929530602e-01
6.766527580484098525e-01
4.988745998767374346e-01
8.640124309017354065e-01
1.844853482030099912e-01
2.259241058039767047e-01
7.719101557408534209e-01
8.664194565958880379e-01
3.303995818542206919e-01
3.963195441199425240e-01
6.702356504916234803e-01
8.561838551108165163e-01
2.821874713394274536e-01
1.361334935580965078e-01
5.523221035399858980e-01
1.747429981000219179e-01
4.861632618713929155e-02
2.349879946354045401e-01
3.282506979185375595e-01
7.402090402465388852e-01
6.338046948280144921e-01
3.409363287522060304e-01
7.447647470616134413e-01
9.313432840133295532e-01
6.088087520776004347e-01
4.615076882196744723e-01
5.980688661914044246e-01
8.538941664532542219e-01
1.048603427532228682e-01
2.200324470898918916e-01
4.073419538411389151e-01
5.724917074052110477e-01
2.750250390177693127e-01
2.692629609348257125e-01
4.473538040118980597e-01
7.148707254716104575e-01
7.184560830861331793e-01
3.137698789611966799e-01
5.201233059229692923e-01
8.461270317595717128e-01
4.848236432372572402e-01
2.336566744691455089e-01
5.557429691972088914e-01
6.381877230402214218e-01
3.633062367371787671e-01
1.155881116060569758e-01
5.629914737404080327e-01
1.774879127196820061e-01
1.132182648262077401e-01
1.126866880335916921e-01
2.189017742437044944e-01
5.391559897874813601e-01
5.714775914924155042e-01
1.052100653373815309e-01
9.449813461330436315e-01
4.939131334991357924e-01
7.020154100253533924e-02
3.182320973522916874e-01
5.274830805508856635e-01
2.560604021556605048e-01
1.180300398230849646e-01
7.976126514750812857e-02
4.472073067648496547e-02
3.596743978391403473e-01
7.212967596842184692e-02
2.671591016118340933e-01
2.703633744128287608e-01
4.057100637499478912e-01
1.045158273479863675e-01
3.392931622915463796e-01
6.240979086168039203e-01
6.564558423001338738e-01
3.668807203240630477e-01
7.609700457317504219e-01
7.145244739693078495e-01
4.535149825922147881e-01
8.790191626778127709e-01
1.961275876542688534e-01
9.297280058829122673e-01
2.928640713536536655e-01
3.289515239318758777e-01
2.536978774494550448e-01
7.132606372998728794e-01
6.955168123199509944e-01
6.020729245087511616e-01
8.361239943969767108e-01
6.980892007037106106e-01
8.664194565958880379e-01
3.303995818542206919e-01
3.963195441199425240e-01
6.702356504916234803e-01
8.561838551108165163e-01
2.821874713394274536e-01
1.361334935580965078e-01
5.523221035399858980e-01
1.747429981000219179e-01
4.861632618713929155e-02
2.349879946354045401e-01
3.282506979185375595e-01
7.402090402465388852e-01
6.338046948280144921e-01
3.409363287522060304e-01
7.447647470616134413e-01
9.448599951321350332e-01
6.926392922875339586e-01
2.640851073561563123e-01
5.239224699150673015e-01
5.527306801958524751e-01
2.249544949144881567e-01
4.828441605074795806e-02
7.731463563521989713e-01
3.152027977285953853e-01
7.839385593969555588e-02
1.987108077727236521e-01
4.449632122474334039e-01
6.195197166475403527e-01
5.331635895327999641e-01
5.128596992369431895e-01
8.509248580324841882e-01
9.148197112790474872e-01
2.514691607246390959e-01
3.878425453231555409e-01
7.000886312446180648e-01
2.899941269819619194e-01
2.316248923344327304e-01
1.107256533803259169e-01
4.681337522267710050e-01
3.715509296219474678e-01
8.443758771420661891e-02
1.951412712677124128e-01
2.807318589814302712e-01
6.715892630312546574e-01
4.923023379532764920e-01
2.089780838392458762e-01
8.218359873336374966e-01
8.188568460131846471e-01
2.440445372308817085e-01
3.801645971580609462e-01
8.635772594283489534e-01
6.647453932422653367e-01
1.775430757477040045e-01
1.205382850891619784e-01
7.800406195751907745e-01
3.608559205792540858e-01
1.410859578275487358e-01
2.265251127564793521e-01
4.650345932746358102e-02
7.950902704029421120e-01
6.611953346669219300e-01
2.301114643447612629e-01
7.056927207245770051e-01
8.460674759752191409e-01
7.059955410009282062e-01
3.689260442271455886e-01
8.074492968203274001e-01
3.806369504059001763e-01
2.056419139137125596e-01
7.387365657986888490e-02
5.950600300703476897e-01
2.978647215185823427e-01
1.756574274321156537e-01
2.492308640387030927e-01
1.141686940192343513e-01
8.479935953256581005e-01
6.608038246127128090e-01
2.073148475559802861e-01
7.308785366671955996e-01
8.293702613333839846e-01
4.508501047480164559e-01
4.247513785668641795e-01
7.588514222555199362e-01
4.636242611052940887e-01
2.335066307486983739e-01
9.976627761623957369e-02
6.982434410697448968e-01
3.509980203916542862e-01
1.400330469895620933e-01
1.793397450271403404e-01
2.460442313304227469e-01
7.718843614255350705e-01
6.162830860199814964e-01
3.420391792748000981e-01
7.508454053488581303e-01
9.313432840133233359e-01
6.088087520776053196e-01
4.615076882196661456e-01
5.980688661914062010e-01
8.538941664532397890e-01
1.048603427532197596e-01
2.200324470899105989e-01
4.073419538411378049e-01
5.724917074052080501e-01
2.750250390178006210e-01
2.692629609348137221e-01
4.473538040119151571e-01
7.148707254716039072e-01
7.184560830861261849e-01
3.137698789612117789e-01
5.201233059229695144e-01
8.461270317595863677e-01
4.848236432372492466e-01
2.336566744691521702e-01
5.557429691972162189e-01
6.381877230402310808e-01
3.633062367371951984e-01
1.155881116060583080e-01
5.629914737403929337e-01
1.774879127196810624e-01
1.132182648262152064e-01
1.126866880336059029e-01
2.189017742437087133e-01
5.391559897874846907e-01
5.714775914924173916e-01
1.052100653373959638e-01
9.449813461330480724e-01
4.939131334991317956e-01
7.020154100252679052e-02
3.182320973522877461e-01
5.274830805508858855e-01
2.560604021556573962e-01
1.180300398230830772e-01
7.976126514751651075e-02
4.472073067647319711e-02
3.596743978391285790e-01
7.212967596843361529e-02
2.671591016118075035e-01
2.703633744128169925e-01
4.057100637499487794e-01
1.045158273479882549e-01
3.392931622915453804e-01
6.240979086168045864e-01
6.564558423001396470e-01
3.668807203240760373e-01
7.609700457317626343e-01
7.145244739693005220e-01
4.535149825922251132e-01
8.790191626778509626e-01
1.961275876542688534e-01
9.297280058829123783e-01
2.928640713536547757e-01
3.289515239318840933e-01
2.536978774494588196e-01
7.132606372998553379e-01
6.955168123199434449e-01
6.020729245087564907e-01
8.361239943969891453e-01
6.980892007037122760e-01
