9.263949169236771475e-01
5.240569199037550252e-01
4.515675536086303232e-01
6.631903953821191022e-01
9.034883082403424304e-01
1.669997097619035920e-01
1.852526798411149311e-01
4.673985534793303476e-01
5.575713858151468694e-01
1.243093172595617357e-01
2.359865313947927534e-01
5.445683882944427623e-01
8.307789606776618818e-01
7.274577727065648647e-01
3.489082944575818690e-01
5.603757031106977315e-01
8.079585918047935689e-01
4.792491168715407035e-01
2.177853385838206535e-01
5.001887590687486007e-01
5.892656018537331120e-01
2.288320975049684680e-01
5.869725596756847352e-02
5.130291007780396484e-01
8.728561605887530384e-02
8.962675946230784507e-02
5.636847153381341347e-02
1.784831574017728961e-01
6.886283077743564629e-01
4.631093348897302175e-01
1.343620946847939868e-01
9.620412018535331455e-01
3.096263000986554381e-01
1.187571154413857855e-02
2.132999946554528514e-01
5.517413723838300310e-01
1.988662737700690464e-01
7.159425353949500082e-02
5.602425962676445270e-02
5.336999996760960485e-02
1.647845315893403662e-01
3.071171183992355003e-02
1.755047714428830119e-01
2.822969560896311236e-01
6.578657030496105618e-01
0.000000000000000000e+00
4.093573867328131888e-01
5.931812327690297870e-01
8.111780321174208996e-01
6.191829569181038773e-01
8.596135605774560817e-01
8.736591467566771074e-01
4.075519283231668899e-01
5.998826344058416637e-01
1.034434496841581952e-01
9.881627054853967529e-01
2.402456024688617298e-01
4.130717575400382202e-01
2.064024719822361575e-01
8.425518950441839294e-01
8.175400958766322335e-01
5.598513388913389788e-01
7.629127826877510898e-01
7.270688999689646215e-01
8.107367599978573258e-01
5.523890845155114970e-01
7.104574812109931692e-01
6.102895362006121038e-01
8.729846597670394281e-01
2.450592675489700056e-01
1.823447648099084661e-01
5.067777208657402443e-01
8.040055349547021724e-01
8.974087388414764277e-02
3.082290062713975987e-01
8.518533503815208796e-01
7.210949377000592797e-01
6.283864998110448852e-01
7.558268961119636309e-01
4.361031726295585553e-01
1.492392422879604830e-01
1.865935923366144333e-01
1.986263612364086439e-01
5.689402343358598846e-02
9.260305314866706938e-02
7.126490402399816848e-02
8.338913574267304840e-01
3.129003558478412050e-01
4.541159751105148246e-01
4.486885149483088586e-03
2.980411674739482653e-01
2.508281388460970041e-02
3.359116455604667095e-01
6.527947233246632619e-01
8.148889716438834085e-01
4.348543416453749533e-01
9.200220818999111927e-01
1.024496731403989891e-01
1.611507927021178510e-01
8.552152744866312606e-01
8.804184597165158888e-01
3.812231361087055070e-01
3.608203157503808711e-01
7.425287861126043110e-01
7.678182813203413559e-01
1.827635567600400801e-01
8.720894286587582700e-02
5.928308502939787505e-01
1.346933340001976731e-02
1.329542151249107906e-02
1.586851798562419757e-01
3.902054108516066488e-01
9.647559736101916084e-01
5.086503550362933002e-01
3.712419582808337282e-01
7.711899869384526429e-01
9.263949169236771475e-01
5.240569199037550252e-01
4.515675536086303232e-01
6.631903953821191022e-01
9.034883082403424304e-01
1.669997097619035920e-01
1.852526798411149311e-01
4.673985534793303476e-01
5.575713858151468694e-01
1.243093172595617357e-01
2.359865313947927534e-01
5.445683882944427623e-01
8.307789606776618818e-01
7.274577727065648647e-01
3.489082944575818690e-01
5.603757031106977315e-01
8.079585918047935689e-01
4.792491168715407035e-01
2.177853385838206535e-01
5.001887590687486007e-01
5.892656018537331120e-01
2.288320975049684680e-01
5.869725596756847352e-02
5.130291007780396484e-01
8.728561605887530384e-02
8.962675946230784507e-02
5.636847153381341347e-02
1.784831574017728961e-01
6.886283077743564629e-01
4.631093348897302175e-01
1.343620946847939868e-01
9.620412018535331455e-01
3.096263000986554381e-01
1.187571154413857855e-02
2.132999946554528514e-01
5.517413723838300310e-01
1.988662737700690464e-01
7.159425353949500082e-02
5.602425962676445270e-02
5.336999996760960485e-02
1.647845315893403662e-01
3.071171183992355003e-02
1.755047714428830119e-01
2.822969560896311236e-01
6.578657030496105618e-01
0.000000000000000000e+00
4.093573867328131888e-01
5.931812327690297870e-01
8.111780321174208996e-01
6.191829569181038773e-01
8.596135605774560817e-01
8.736591467566771074e-01
4.075519283231668899e-01
5.998826344058416637e-01
1.034434496841581952e-01
9.881627054853967529e-01
2.402456024688617298e-01
4.130717575400382202e-01
2.064024719822361575e-01
8.425518950441839294e-01
8.175400958766322335e-01
5.598513388913389788e-01
7.629127826877510898e-01
7.270688999689646215e-01
8.804184597165158888e-01
3.812231361087055070e-01
3.608203157503808711e-01
7.425287861126043110e-01
7.678182813203413559e-01
1.827635567600400801e-01
8.720894286587582700e-02
5.928308502939787505e-01
1.346933340001976731e-02
1.329542151249107906e-02
1.586851798562419757e-01
3.902054108516066488e-01
9.647559736101916084e-01
5.086503550362933002e-01
3.712419582808337282e-01
7.711899869384526429e-01
1.000000000000000000e+00
5.858630417577042060e-01
2.428883401724326596e-01
6.058247387245172533e-01
5.101299518857329574e-01
1.468301597468381070e-01
2.941089995970869175e-03
6.886640654087896607e-01
2.619029637413459177e-01
4.229359770313023681e-03
1.467507829828653687e-01
4.532415815624801780e-01
6.945206766631200068e-01
6.132172747359123655e-01
3.545000505064268559e-01
9.411119181021001534e-01
9.669004116929016401e-01
2.484334618099026670e-02
3.515180107964415157e-01
7.901821744102633938e-01
1.104355434871875374e-01
1.762205783514959601e-01
6.424835752493596175e-02
4.173675820243682999e-01
3.495072799568927913e-01
2.442519401711618077e-02
1.432643192403427745e-01
1.442334524921351502e-01
7.540680121413961823e-01
4.584578501252218885e-01
9.397276435532386785e-02
9.281908192273381486e-01
9.045081481049652705e-01
1.663173919800193801e-01
2.698299067610197000e-01
9.306608037927147636e-01
6.252323759437334871e-01
1.252971079709747082e-01
6.128421187026134032e-02
6.806542242219442151e-01
3.017030183653210962e-01
6.034025774769957717e-02
1.564592172313480356e-01
1.102131167744015983e-01
8.428385848235642186e-01
6.235618920702501455e-01
2.704228425975734318e-01
8.141061452609631433e-01
9.306014579941299658e-01
6.760378434010663184e-01
2.998561160454373820e-01
8.582883946388851770e-01
3.139368062999929876e-01
1.174487421151906297e-01
1.758604107593420007e-02
5.778935381538259364e-01
2.648139240096329949e-01
1.045422202889279006e-01
1.794662323745093158e-01
1.336760595148449582e-01
8.939674461977016318e-01
7.051071534652306738e-01
1.851404882948219921e-01
8.384417480144953361e-01
8.875843869249830931e-01
2.703810912080291118e-01
2.994084692688163685e-01
8.718163813538505336e-01
4.166689074943539239e-01
1.571416783063275258e-01
6.361248844433198268e-02
6.166013291545082708e-01
2.608960314381105761e-01
1.021305493196514869e-01
1.357659206377481720e-01
1.005143523664067118e-01
8.584167193528930984e-01
5.905241912559731077e-01
3.152311506817930820e-01
8.464537088349074478e-01
9.263949169236744829e-01
5.240569199037494741e-01
4.515675536086302122e-01
6.631903953821189912e-01
9.034883082403422083e-01
1.669997097618918236e-01
1.852526798411269771e-01
4.673985534793372310e-01
5.575713858151380986e-01
1.243093172595821638e-01
2.359865313947969723e-01
5.445683882944329923e-01
8.307789606776602165e-01
7.274577727065463240e-01
3.489082944575792045e-01
5.603757031106999520e-01
8.079585918048108883e-01
4.792491168715382610e-01
2.177853385838202094e-01
5.001887590687541518e-01
5.892656018537369977e-01
2.288320975049659145e-01
5.869725596756789066e-02
5.130291007780163337e-01
8.728561605887880104e-02
8.962675946231306312e-02
5.636847153381460696e-02
1.784831574017714528e-01
6.886283077743691194e-01
4.631093348897331596e-01
1.343620946848036457e-01
9.620412018535329235e-01
3.096263000986536618e-01
1.187571154413236130e-02
2.132999946554517967e-01
5.517413723838169304e-01
1.988662737700532812e-01
7.159425353949600002e-02
5.602425962677491655e-02
5.336999996761138121e-02
1.647845315893521345e-01
3.071171183992754683e-02
1.755047714428536465e-01
2.822969560896249064e-01
6.578657030496327662e-01
0.000000000000000000e+00
4.093573867328131888e-01
5.931812327690346720e-01
8.111780321174169028e-01
6.191829569181073190e-01
8.596135605774640753e-01
8.736591467566713343e-01
4.075519283231716638e-01
5.998826344058365567e-01
1.034434496841703521e-01
9.881627054854055237e-01
2.402456024688419678e-01
4.130717575400397745e-01
2.064024719822272758e-01
8.425518950441706068e-01
8.175400958766322335e-01
5.598513388913367583e-01
7.629127826877437624e-01
7.270688999689620680e-01
