3.137272382772791079e-01
5.062975326314638203e-01
6.942400592348563215e-02
2.766034625085511678e-01
3.290239637772751635e-01
5.898680305603414276e-01
8.830447200650229922e-01
2.860399878618793412e-01
1.405499786621178249e-01
5.390893875873385976e-01
3.794262375920309793e-01
2.235520846716601007e-01
3.298267312029057874e-01
2.719840439842365898e-01
1.181717268029980339e-01
2.179088892566007352e-01
5.253983829898589697e-02
5.280278205008621661e-01
5.565248436598464465e-01
1.709093583933347649e-01
4.319858581430048305e-01
8.173249016533707945e-01
8.627263665444264706e-01
4.579899601632044792e-01
8.427890162229199067e-01
7.357900403526858035e-01
8.045111259484920563e-01
8.639797315506646536e-01
3.202039951649373606e-01
4.428649540968389586e-01
4.290251640812243750e-01
3.903871466538122448e-01
1.492550688291007788e-01
4.976470473545098194e-01
4.414796596704047560e-01
9.658948097583808234e-02
5.700455756475788505e-01
7.673505319802147451e-01
6.993313027827046113e-01
3.494076600074327299e-01
3.404783267582154327e-01
7.744340910318001647e-01
8.026554495827746827e-01
4.648794962074888071e-01
5.422122220429926864e-01
4.251748914721248385e-01
4.671190360126852292e-01
4.000240282748221965e-01
2.807681726228108410e-01
4.142833433752294292e-01
3.460192151268816074e-01
3.505188374826804232e-01
1.115738218309502150e-01
5.803583696169767325e-01
7.574434142952780613e-01
3.442000415415276127e-01
2.013239824551529278e-01
4.256875469629686215e-01
2.613767139647572568e-01
2.766624567042754723e-01
3.768328728730182542e-01
4.205195234204331944e-01
1.707238280848717427e-01
3.286127840454931004e-01
3.243938717889267576e-01
4.450369888436254140e-01
2.089585878845205968e-01
2.394155591062484545e-01
3.028127557078728049e-01
5.141379756673378765e-01
8.882180352256345834e-01
2.566060692474041449e-01
2.482412326221197230e-01
4.647528457672418511e-01
3.882415265088573486e-01
3.397400466718529799e-01
1.931612159083964109e-01
1.351957081168220220e-01
9.057092742626560167e-03
4.924978011077956186e-01
5.439220365177335204e-01
1.343680763575207937e-01
8.286988450064434186e-01
8.321486985156725247e-01
7.985612343615317021e-01
7.170389406142879674e-01
3.368163663408444419e-01
4.420319841955840379e-01
2.492665687864259461e-01
4.649272782129863502e-01
5.052635596895869163e-01
7.656617460634190797e-01
4.331343280848929389e-01
4.854426371973775689e-01
3.288494882511545647e-01
1.985940696231562885e-01
2.190450997113426723e-01
8.060665229817156607e-01
7.875783752148415306e-01
2.434577959022401483e-01
1.761304336888795952e-01
6.686863071077118192e-01
2.110052753526636682e-01
2.530359140909673732e-01
2.169799870333131153e-01
8.027049870756393091e-01
7.984504807796346526e-01
3.231008785115421222e-01
2.552371176303340761e-01
6.890661231294842315e-01
7.435056928636166740e-01
4.852816946945912591e-01
3.536139564450269113e-01
4.204317884930810489e-01
1.742584353973737343e-01
3.340507651972912662e-01
3.137272382772791079e-01
5.062975326314638203e-01
6.942400592348563215e-02
2.766034625085511678e-01
3.290239637772751635e-01
5.898680305603414276e-01
8.830447200650229922e-01
2.860399878618793412e-01
1.405499786621178249e-01
5.390893875873385976e-01
3.794262375920309793e-01
2.235520846716601007e-01
3.298267312029057874e-01
2.719840439842365898e-01
1.181717268029980339e-01
2.179088892566007352e-01
5.253983829898589697e-02
5.280278205008621661e-01
5.565248436598464465e-01
1.709093583933347649e-01
4.319858581430048305e-01
8.173249016533707945e-01
8.627263665444264706e-01
4.579899601632044792e-01
8.427890162229199067e-01
7.357900403526858035e-01
8.045111259484920563e-01
8.639797315506646536e-01
3.202039951649373606e-01
4.428649540968389586e-01
4.290251640812243750e-01
3.903871466538122448e-01
1.492550688291007788e-01
4.976470473545098194e-01
4.414796596704047560e-01
9.658948097583808234e-02
5.700455756475788505e-01
7.673505319802147451e-01
6.993313027827046113e-01
3.494076600074327299e-01
3.404783267582154327e-01
7.744340910318001647e-01
8.026554495827746827e-01
4.648794962074888071e-01
5.422122220429926864e-01
4.251748914721248385e-01
4.671190360126852292e-01
4.000240282748221965e-01
2.807681726228108410e-01
4.142833433752294292e-01
3.460192151268816074e-01
3.505188374826804232e-01
1.115738218309502150e-01
5.803583696169767325e-01
7.574434142952780613e-01
3.442000415415276127e-01
2.013239824551529278e-01
4.256875469629686215e-01
2.613767139647572568e-01
2.766624567042754723e-01
3.768328728730182542e-01
4.205195234204331944e-01
1.707238280848717427e-01
3.286127840454931004e-01
1.761304336888795952e-01
6.686863071077118192e-01
2.110052753526636682e-01
2.530359140909673732e-01
2.169799870333131153e-01
8.027049870756393091e-01
7.984504807796346526e-01
3.231008785115421222e-01
2.552371176303340761e-01
6.890661231294842315e-01
7.435056928636166740e-01
4.852816946945912591e-01
3.536139564450269113e-01
4.204317884930810489e-01
1.742584353973737343e-01
3.340507651972912662e-01
1.914927457891413276e-01
6.529875098272950318e-01
3.347615569612876207e-01
1.404872266245968948e-01
4.060306455329767417e-01
7.776169933752193897e-01
8.680461414861158076e-01
5.186765271576447844e-01
3.956838166125891121e-01
7.525735397127655268e-01
7.786714196025923407e-01
4.057448951130058212e-01
2.691727631660854048e-01
3.629399355787739090e-01
2.432172759874524637e-01
3.419017618055317786e-01
2.137955112936771318e-01
4.702380851938334771e-01
6.277823898686283322e-01
1.775691002030749255e-01
4.230794358735243677e-01
8.422834823937183080e-01
7.080548084971154399e-01
4.934422263185331836e-01
6.505421183290982512e-01
6.182373938542240488e-01
7.753349310310767573e-01
6.690323348042133134e-01
1.567277761851512130e-01
7.961771047658379175e-01
3.857241482727076232e-01
2.647859400040080136e-01
2.318065083352285338e-01
7.155427993315059965e-01
6.067885681402822584e-01
1.656069608611535626e-01
6.775394669178922413e-01
6.786188779725867981e-01
8.222409779660689866e-01
7.803599548240263140e-01
6.608439100963074964e-01
8.160488469319394644e-01
6.624507389600431395e-01
7.565031987810915126e-01
1.729419419894545618e-01
6.494825941750423937e-01
5.349864024200887691e-01
2.178875077504117685e-01
2.041716844411998188e-01
8.746135726084478534e-01
6.808246087184763873e-01
1.810632913479809369e-01
7.996698295223185760e-01
7.630816999985968740e-01
7.488871272040570348e-01
5.262209299463251888e-01
5.157552056026548648e-01
7.139151403253620742e-01
7.797984693967446868e-01
5.733013995303730681e-01
1.756811153722879215e-01
6.663103417359446112e-01
6.384322068937082761e-01
2.539555944967172296e-01
1.765662715285591933e-01
5.762609334323869348e-01
6.724932220992494436e-01
2.066356534339893747e-01
6.677838691118713754e-01
8.657624186702159719e-01
5.144648260735110723e-01
7.268841245023702768e-01
5.033454848293015260e-01
6.681964952693597581e-01
7.490787264943860047e-01
7.756626933081145481e-01
1.871377066636565889e-01
6.604875850701015239e-01
6.730850631841551746e-01
1.694892598300207220e-01
3.137272382772745005e-01
5.062975326314551605e-01
6.942400592347963695e-02
2.766034625085491139e-01
3.290239637772671699e-01
5.898680305603503093e-01
8.830447200650421991e-01
2.860399878618704594e-01
1.405499786621303704e-01
5.390893875873590257e-01
3.794262375920312014e-01
2.235520846716692045e-01
3.298267312029070641e-01
2.719840439842535762e-01
1.181717268029898182e-01
2.179088892566105606e-01
5.253983829899855351e-02
5.280278205008608339e-01
5.565248436598619897e-01
1.709093583933194438e-01
4.319858581430091604e-01
8.173249016533923328e-01
8.627263665444290242e-01
4.579899601632047013e-01
8.427890162229203508e-01
7.357900403526904665e-01
8.045111259484996058e-01
8.639797315506714259e-01
3.202039951649475746e-01
4.428649540968272458e-01
4.290251640812418055e-01
3.903871466538124668e-01
1.492550688290812388e-01
4.976470473545036022e-01
4.414796596703951526e-01
9.658948097582675807e-02
5.700455756475717450e-01
7.673505319802210733e-01
6.993313027827026129e-01
3.494076600074216277e-01
3.404783267582154327e-01
7.744340910317988325e-01
8.026554495827709079e-01
4.648794962074961346e-01
5.422122220430044548e-01
4.251748914721222850e-01
4.671190360126807883e-01
4.000240282748359633e-01
2.807681726228117292e-01
4.142833433752357575e-01
3.460192151269061434e-01
3.505188374826814224e-01
1.115738218309489937e-01
5.803583696169727357e-01
7.574434142952741755e-01
3.442000415415248371e-01
2.013239824551520396e-01
4.256875469629517461e-01
2.613767139647520388e-01
2.766624567042588190e-01
3.768328728730100385e-01
4.205195234204325283e-01
1.707238280848655254e-01
3.286127840454899918e-01
