9.732168881567067054e-01
3.477447498012451454e-01
2.050803991716310115e-01
9.880031373058071331e-01
2.909092328726412546e-01
3.263382265468450782e-02
1.876293277097016432e-01
4.524765336808720395e-01
3.235511992438672157e-01
3.038434407825618688e-01
9.143531619803302313e-03
4.989525200274667061e-01
9.973134800027541047e-01
7.605066666046204071e-01
2.819826572588246538e-01
9.848348144376801727e-01
6.449142359210344733e-01
3.139674814893456123e-02
1.625055169401057320e-01
9.975316134193972228e-01
6.418574488549769752e-01
1.125361019341386548e-02
1.274477170231304024e-01
1.121858456749398325e-01
2.654065541743789725e-01
1.297781247064589971e-01
1.046189244204334401e-01
1.002285416222146175e-01
4.590576406291524414e-01
3.530890733920767910e-01
9.456782222674664506e-02
8.809565112727992808e-01
5.967794389455445270e-01
6.416392319748909223e-02
1.808810177475948522e-01
3.447901571126823494e-01
2.118010272831805096e-02
5.405557689459145054e-02
7.986987602009189280e-02
1.424329050712951350e-01
9.842419142050684577e-02
8.117626488042817279e-04
0.000000000000000000e+00
1.782700214643861969e-02
2.926359410997519950e-01
8.178913169909995950e-02
6.688407803186136036e-03
2.998509415962689051e-01
9.840750454148694537e-01
3.628418244212835431e-01
7.869161498390072618e-01
9.643827489230415440e-01
9.818637432070757010e-01
6.575315407500219589e-01
2.186490266434182317e-01
7.399172814822465583e-01
4.431244647575718343e-01
1.449875194233147813e-01
0.000000000000000000e+00
2.468920185528922229e-01
9.743241255234013076e-01
9.853769674045179672e-01
5.438093991685102324e-01
9.902642312371519040e-01
9.890941235207716398e-01
3.139286272945682743e-01
5.222050341540478424e-01
9.866695039681090407e-01
2.688750243927038319e-01
2.323288381041621609e-02
1.463625869887844599e-01
4.768240834000283535e-01
5.463319570135045655e-01
2.270269124235300140e-01
6.466824389530390071e-03
9.870255730391290783e-01
6.296121210203302621e-01
9.880992378498434370e-01
5.373383523091950220e-01
3.578305612773502453e-03
9.098094273121382081e-02
0.000000000000000000e+00
2.698428710706246569e-04
1.149493902212274654e-01
2.390733108012813579e-01
1.032863940125300500e-01
6.598559072332960129e-01
2.495413189450760849e-01
9.803006209944276073e-01
6.975356294470075325e-02
7.717588157470967047e-02
0.000000000000000000e+00
3.200080930212307884e-01
3.382430092129099508e-01
9.804425456156460328e-01
9.680260538244844781e-01
9.922409768271558406e-01
5.753044008237617746e-02
0.000000000000000000e+00
9.962867954191445552e-01
9.817205666523156626e-01
1.942100510706934458e-02
1.575989811089923975e-01
9.929852279215297672e-01
7.754611585649016092e-01
9.619491268359503522e-02
1.377220898358618717e-01
3.958560461845548328e-01
3.693119398924249452e-02
4.676111534575144724e-03
0.000000000000000000e+00
5.265105250205515119e-03
9.813992213348121663e-01
7.838868324674661547e-01
2.362783062482343155e-02
9.914698950844100800e-01
9.732168881567067054e-01
3.477447498012451454e-01
2.050803991716310115e-01
9.880031373058071331e-01
2.909092328726412546e-01
3.263382265468450782e-02
1.876293277097016432e-01
4.524765336808720395e-01
3.235511992438672157e-01
3.038434407825618688e-01
9.143531619803302313e-03
4.989525200274667061e-01
9.973134800027541047e-01
7.605066666046204071e-01
2.819826572588246538e-01
9.848348144376801727e-01
6.449142359210344733e-01
3.139674814893456123e-02
1.625055169401057320e-01
9.975316134193972228e-01
6.418574488549769752e-01
1.125361019341386548e-02
1.274477170231304024e-01
1.121858456749398325e-01
2.654065541743789725e-01
1.297781247064589971e-01
1.046189244204334401e-01
1.002285416222146175e-01
4.590576406291524414e-01
3.530890733920767910e-01
9.456782222674664506e-02
8.809565112727992808e-01
5.967794389455445270e-01
6.416392319748909223e-02
1.808810177475948522e-01
3.447901571126823494e-01
2.118010272831805096e-02
5.405557689459145054e-02
7.986987602009189280e-02
1.424329050712951350e-01
9.842419142050684577e-02
8.117626488042817279e-04
0.000000000000000000e+00
1.782700214643861969e-02
2.926359410997519950e-01
8.178913169909995950e-02
6.688407803186136036e-03
2.998509415962689051e-01
9.840750454148694537e-01
3.628418244212835431e-01
7.869161498390072618e-01
9.643827489230415440e-01
9.818637432070757010e-01
6.575315407500219589e-01
2.186490266434182317e-01
7.399172814822465583e-01
4.431244647575718343e-01
1.449875194233147813e-01
0.000000000000000000e+00
2.468920185528922229e-01
9.743241255234013076e-01
9.853769674045179672e-01
5.438093991685102324e-01
9.902642312371519040e-01
9.817205666523156626e-01
1.942100510706934458e-02
1.575989811089923975e-01
9.929852279215297672e-01
7.754611585649016092e-01
9.619491268359503522e-02
1.377220898358618717e-01
3.958560461845548328e-01
3.693119398924249452e-02
4.676111534575144724e-03
0.000000000000000000e+00
5.265105250205515119e-03
9.813992213348121663e-01
7.838868324674661547e-01
2.362783062482343155e-02
9.914698950844100800e-01
9.005297939965164478e-01
4.974851381380704929e-01
3.596847913587719603e-03
9.839089453647174022e-01
4.526760182917999309e-01
1.620477958534316532e-02
3.058995121781260540e-02
7.291059431495749976e-01
8.299805659060766061e-02
2.503575926118289940e-02
0.000000000000000000e+00
2.234637686568152759e-02
9.980119581753312819e-01
6.796202187263129524e-01
0.000000000000000000e+00
9.865720029522635492e-01
9.798967115960672825e-01
2.396954785908897989e-01
0.000000000000000000e+00
9.999999999999998890e-01
9.716967793878072968e-02
1.080656054090803897e-01
7.026070371484616217e-03
5.256784443292406017e-01
8.067069405946813987e-03
2.009601428361929010e-03
2.471410620916381085e-03
2.275326340427596961e-03
1.000000000000000000e+00
3.159443951869267408e-01
1.941970705141038422e-02
9.998941169443037458e-01
9.835347643358136605e-01
3.040529553291317910e-01
1.222382677321744993e-01
9.939803107875148092e-01
7.111543041304093649e-01
2.402558509846275392e-03
0.000000000000000000e+00
8.573074337911013032e-01
3.994800359339301110e-03
2.207771294596261313e-03
6.676171945054210077e-04
8.776948964722919300e-03
9.869312724132970338e-01
7.225991059766383451e-01
1.402456820472419707e-02
9.948480917673260260e-01
9.860441186017665505e-01
8.608315749257906546e-01
1.351702898352691307e-02
9.958447348859383874e-01
3.918365382269475283e-01
3.278502549251216536e-03
0.000000000000000000e+00
5.911250071840723486e-01
9.906742616069053042e-02
0.000000000000000000e+00
3.925860477476450505e-03
3.076878755536238685e-02
9.952203229184766187e-01
9.497506061073917039e-01
0.000000000000000000e+00
9.907713441046802627e-01
9.801745016777281272e-01
3.860886361405064804e-01
0.000000000000000000e+00
9.943600455480062772e-01
3.969815590151490881e-01
1.375679815478112467e-01
0.000000000000000000e+00
6.853926677746757790e-01
3.705384771688358114e-04
4.788299348098545849e-04
7.489493084943399381e-04
5.950649006420505316e-03
1.000000000000000222e+00
6.483284815806920065e-01
2.204546367973341248e-01
9.993262485331461109e-01
9.732168881567004881e-01
3.477447498012462557e-01
2.050803991716382280e-01
9.880031373058086874e-01
2.909092328726221588e-01
3.263382265470715637e-02
1.876293277097044743e-01
4.524765336808611593e-01
3.235511992438608875e-01
3.038434407825745254e-01
9.143531619823397349e-03
4.989525200274749217e-01
9.973134800027455560e-01
7.605066666046127466e-01
2.819826572588179925e-01
9.848348144376807278e-01
6.449142359210437991e-01
3.139674814894166666e-02
1.625055169401250499e-01
9.975316134194172069e-01
6.418574488549835255e-01
1.125361019342141500e-02
1.274477170231246848e-01
1.121858456749464938e-01
2.654065541743945711e-01
1.297781247064663801e-01
1.046189244204448754e-01
1.002285416222149506e-01
4.590576406291657641e-01
3.530890733920832858e-01
9.456782222675352845e-02
8.809565112728039438e-01
5.967794389455232107e-01
6.416392319748948081e-02
1.808810177475959624e-01
3.447901571126785747e-01
2.118010272832937524e-02
5.405557689460344095e-02
7.986987602009788800e-02
1.424329050712778155e-01
9.842419142050196079e-02
8.117626488172713373e-04
0.000000000000000000e+00
1.782700214642773950e-02
2.926359410997491084e-01
8.178913169911361525e-02
6.688407803186358080e-03
2.998509415962804514e-01
9.840750454148639026e-01
3.628418244212872068e-01
7.869161498390023768e-01
9.643827489230415440e-01
9.818637432070731474e-01
6.575315407500139653e-01
2.186490266434264473e-01
7.399172814822411182e-01
4.431244647575549589e-01
1.449875194233103404e-01
0.000000000000000000e+00
2.468920185528806766e-01
9.743241255234021958e-01
9.853769674045281812e-01
5.438093991685064577e-01
9.902642312371527922e-01
