9.360299297364780280e-01
4.016018722041572175e-01
8.997720215860323112e-01
4.923473370712453390e-01
7.927183039735747894e-01
2.676062795297535768e-01
8.606922978090902898e-03
9.231422187974942517e-01
9.966467833619375716e-01
4.920756084674411390e-01
3.287119416912397396e-01
7.877445387706263347e-01
4.823247590754065617e-01
1.877683923786700460e-01
7.033396009911032642e-01
4.373449435095431714e-01
7.069355580355909385e-01
4.585853608958669891e-01
5.750313297674640722e-01
2.383283495358441417e-01
4.087608929316050022e-01
1.026409344745274899e-01
4.244520913705390752e-03
3.853411264934332170e-01
1.568929943996705267e-02
1.446850734253542214e-02
1.143202166050924506e-02
1.309306202098237115e-02
6.747954837295611075e-01
6.172084077165482796e-01
3.252766207365784812e-01
9.840881233484986002e-01
7.116401743679783287e-01
3.108246141629779080e-01
5.030933386315796785e-01
4.156515249559107339e-01
2.796322826432828812e-01
1.875481905874887278e-02
0.000000000000000000e+00
3.444697339584972262e-01
1.878449299000339856e-02
6.620328465685315633e-02
2.712169453686064102e-01
5.935990337473481260e-01
7.160628828307095128e-01
2.171588288894531482e-01
5.099698751910041183e-01
5.472562009851276166e-01
7.264344473683443937e-01
4.399841255961726150e-01
6.334399606222743673e-01
6.395474484539719340e-01
5.256195251305072480e-01
0.000000000000000000e+00
3.629380115918634520e-02
8.266119251776347099e-01
8.694174182153320274e-01
4.423353304022950017e-01
4.576127958040302479e-01
8.008954112191912778e-01
7.041494892000276229e-01
3.370618932228098830e-01
9.312940152073119204e-01
4.836911065855289960e-01
6.669435935164466089e-01
4.671444924964474055e-01
9.938211023911858177e-01
4.598044127256990521e-01
7.968116135706808656e-01
4.859534703791070775e-01
7.531956226431879564e-03
8.604852193386856030e-01
9.868817004402683501e-01
4.405812455081139500e-01
3.268712744449312479e-01
5.503508589759831260e-01
3.136250272407770101e-01
7.349589892828212179e-01
8.113867336643241224e-01
4.957438771564417479e-01
4.765880055421709560e-01
3.308197314991938587e-01
2.048001123998166584e-01
7.392076182332452117e-03
2.305238719941743453e-02
5.601254645634434759e-03
7.017168204423004374e-01
5.485916458113597738e-01
4.496807196978944710e-01
2.684470040726295026e-01
3.554437242286778709e-01
2.173879811255402528e-02
0.000000000000000000e+00
5.824313979079905890e-01
7.139237679680050519e-01
8.892024463547296698e-01
9.477354394648331848e-01
2.008012731388353345e-02
3.595768386339173173e-01
6.922402334387889322e-01
9.014667173450454651e-01
4.463041846276616376e-01
8.249996546011848508e-01
5.150448963322745710e-01
7.363589416731590731e-01
2.517830943009036204e-02
5.377189279493294061e-03
7.640548398166016053e-01
4.897907430932892936e-01
4.459529258242200811e-02
2.728452416072598696e-01
5.322603535043901601e-01
7.308727668537136068e-01
2.922592061075379721e-01
7.593593328219347960e-01
6.022122006742649525e-01
9.360299297364780280e-01
4.016018722041572175e-01
8.997720215860323112e-01
4.923473370712453390e-01
7.927183039735747894e-01
2.676062795297535768e-01
8.606922978090902898e-03
9.231422187974942517e-01
9.966467833619375716e-01
4.920756084674411390e-01
3.287119416912397396e-01
7.877445387706263347e-01
4.823247590754065617e-01
1.877683923786700460e-01
7.033396009911032642e-01
4.373449435095431714e-01
7.069355580355909385e-01
4.585853608958669891e-01
5.750313297674640722e-01
2.383283495358441417e-01
4.087608929316050022e-01
1.026409344745274899e-01
4.244520913705390752e-03
3.853411264934332170e-01
1.568929943996705267e-02
1.446850734253542214e-02
1.143202166050924506e-02
1.309306202098237115e-02
6.747954837295611075e-01
6.172084077165482796e-01
3.252766207365784812e-01
9.840881233484986002e-01
7.116401743679783287e-01
3.108246141629779080e-01
5.030933386315796785e-01
4.156515249559107339e-01
2.796322826432828812e-01
1.875481905874887278e-02
0.000000000000000000e+00
3.444697339584972262e-01
1.878449299000339856e-02
6.620328465685315633e-02
2.712169453686064102e-01
5.935990337473481260e-01
7.160628828307095128e-01
2.171588288894531482e-01
5.099698751910041183e-01
5.472562009851276166e-01
7.264344473683443937e-01
4.399841255961726150e-01
6.334399606222743673e-01
6.395474484539719340e-01
5.256195251305072480e-01
0.000000000000000000e+00
3.629380115918634520e-02
8.266119251776347099e-01
8.694174182153320274e-01
4.423353304022950017e-01
4.576127958040302479e-01
8.008954112191912778e-01
7.041494892000276229e-01
3.370618932228098830e-01
9.312940152073119204e-01
4.836911065855289960e-01
9.014667173450454651e-01
4.463041846276616376e-01
8.249996546011848508e-01
5.150448963322745710e-01
7.363589416731590731e-01
2.517830943009036204e-02
5.377189279493294061e-03
7.640548398166016053e-01
4.897907430932892936e-01
4.459529258242200811e-02
2.728452416072598696e-01
5.322603535043901601e-01
7.308727668537136068e-01
2.922592061075379721e-01
7.593593328219347960e-01
6.022122006742649525e-01
9.658005071280777454e-01
3.056832113104799298e-01
5.547030350595123505e-01
5.680251965276024162e-01
2.444596660573705726e-01
1.032696568733471043e-01
9.678871624919838101e-02
3.132748033506227436e-01
4.165945227079954627e-01
1.526939877525548828e-01
2.603044173887008039e-01
7.548522952261071950e-01
7.825471462603725836e-01
1.244725995407378605e-01
5.442409427174790260e-01
6.904507561041521857e-01
8.282555253471777235e-01
4.007170853217054685e-01
7.949454959892610084e-01
7.445380146443764113e-01
2.992114505391088031e-01
2.227308888245516094e-02
5.428045654481272742e-02
2.772975793977501269e-01
6.838935770870535613e-01
4.995507192545234343e-02
3.239668459087051700e-01
4.618427542085923321e-01
7.465648629973798966e-01
8.761490391837423175e-02
3.522832073988686474e-01
6.577726885877622776e-01
8.987768312110389068e-01
7.711048315858270996e-02
6.328247923679781728e-01
8.846235377721339832e-01
4.304613863730786250e-01
6.422111650594242160e-02
1.347881816865654780e-01
3.541488812923598850e-01
5.693779830019609633e-01
2.076579085268507319e-01
2.892286727100485955e-01
4.394657742124632449e-01
8.293409502363513486e-01
1.109729061225590563e-01
5.844153589601193133e-01
5.707974728359973549e-01
8.215409552540031690e-01
5.656257847408427963e-01
7.016427879466351492e-01
8.578227526751208698e-01
4.000804636841084339e-01
9.100892503853530435e-02
3.974536590828847693e-02
1.260233761686797571e-01
4.320803789507454695e-01
2.053873489095596749e-01
2.915494050404430215e-01
7.766176404843925241e-01
9.578695939376504764e-01
6.527489908044126210e-02
7.047263867024202710e-01
5.186213944904859430e-01
7.857250195652900615e-01
7.724023051646726756e-01
5.312744980890342639e-01
8.349827914603561441e-01
9.691829572038859197e-01
2.169797219395175336e-02
3.874842482575235891e-02
1.132635437658646715e-01
4.725598178669239147e-01
1.371730120739433900e-01
3.313824300215076901e-01
7.409969280124473201e-01
7.838484398989653545e-01
1.594388799496471165e-02
9.951792260046126160e-01
5.809906772081129267e-01
9.360299297364720328e-01
4.016018722041359013e-01
8.997720215860242066e-01
4.923473370712478370e-01
7.927183039735745673e-01
2.676062795297589059e-01
8.606922978109887712e-03
9.231422187974991367e-01
9.966467833619214733e-01
4.920756084674384745e-01
3.287119416912472891e-01
7.877445387706443203e-01
4.823247590754085046e-01
1.877683923786752640e-01
7.033396009910997115e-01
4.373449435095474458e-01
7.069355580356104785e-01
4.585853608958923022e-01
5.750313297674805035e-01
2.383283495358359261e-01
4.087608929316182138e-01
1.026409344745271568e-01
4.244520913712412913e-03
3.853411264934278879e-01
1.568929943998442766e-02
1.446850734254175042e-02
1.143202166052098567e-02
1.309306202097348937e-02
6.747954837295557784e-01
6.172084077165463922e-01
3.252766207365841433e-01
9.840881233484928270e-01
7.116401743679854341e-01
3.108246141629744663e-01
5.030933386315906697e-01
4.156515249559036285e-01
2.796322826432948716e-01
1.875481905875248101e-02
0.000000000000000000e+00
3.444697339584934515e-01
1.878449298998874362e-02
6.620328465687047581e-02
2.712169453685921439e-01
5.935990337473463496e-01
7.160628828307357141e-01
2.171588288894662488e-01
5.099698751909974570e-01
5.472562009851169584e-01
7.264344473683397307e-01
4.399841255961731701e-01
6.334399606222834711e-01
6.395474484539677151e-01
5.256195251305155747e-01
0.000000000000000000e+00
3.629380115919667027e-02
8.266119251776445909e-01
8.694174182153306951e-01
4.423353304022823451e-01
4.576127958040170363e-01
8.008954112191775110e-01
7.041494892000278449e-01
3.370618932228114373e-01
9.312940152073081457e-01
4.836911065855296621e-01
