9.362819043567085497e-01
4.304604087219321418e-01
8.976355024590081388e-01
4.906198416559689468e-01
7.834175739958173512e-01
2.375242956982301923e-01
7.548328092042422277e-03
9.511354652521997188e-01
9.743989699932725790e-01
4.989380481388263622e-01
3.317635993819418871e-01
7.559679994820336368e-01
4.797699112344601668e-01
2.084357835931202052e-01
6.853005864326069396e-01
4.509968276427777645e-01
7.196521384780456554e-01
4.331266768145958235e-01
5.666264953408293170e-01
2.402504107213674356e-01
3.795702545939286798e-01
1.343039620493400310e-01
1.357723253719891887e-02
3.950974785748802010e-01
4.077958991529240240e-03
9.075791805675387236e-04
1.417255327668529019e-02
3.123706507448964498e-02
6.783428643664404234e-01
6.685444211842883622e-01
3.271288578274835768e-01
1.000000000000000000e+00
7.376235979090126627e-01
2.869254376021842523e-01
4.805091569912829930e-01
4.420518403441697775e-01
2.576088558539506579e-01
2.651576845467240595e-03
3.162346378552768900e-03
3.604307137407083417e-01
2.229510334331230581e-02
7.321272197859762798e-02
2.580747537366578914e-01
5.591345742371948146e-01
6.810111298221849241e-01
1.955350872462312539e-01
4.870532411521731886e-01
5.611787192203090413e-01
7.211655322096299781e-01
4.535284135264047167e-01
6.273740103475476948e-01
6.450807184012593565e-01
5.623446076549151185e-01
7.421152703396338701e-02
2.420945584831857289e-03
8.498238633458361502e-01
8.895010294475631518e-01
4.406657763869450406e-01
4.277123086352173642e-01
7.787864275281317639e-01
7.282724834738075748e-01
3.511270186489862111e-01
9.331567547583148325e-01
4.859330120623386873e-01
6.684042095745645895e-01
4.888124750679043728e-01
1.000000000000000000e+00
4.653397077679691796e-01
7.810993071916374486e-01
4.526306986310999481e-01
1.559880151885995048e-02
8.594181789739363531e-01
9.848152298909440550e-01
4.538737864462749627e-01
3.324981208829095314e-01
5.511968452788090778e-01
3.406888346154857139e-01
7.198625491198984427e-01
8.188687859284362602e-01
4.711388377851755127e-01
4.735921148659609781e-01
2.776026978132983825e-01
2.099245005266788811e-01
1.327765190921417759e-02
0.000000000000000000e+00
4.230941806127458404e-04
7.004616173298569004e-01
5.554798534951228550e-01
4.751660264840489312e-01
2.454863576511457368e-01
3.427208383513291601e-01
1.853011002203358570e-02
3.283403524894734637e-02
5.731299528168528612e-01
7.245537797788539347e-01
9.274692546617195887e-01
9.472655375534961841e-01
2.753958151869717597e-02
3.440746736619169077e-01
7.028575600122060063e-01
9.066175300149319494e-01
4.420974424465802244e-01
8.061872988190654787e-01
5.207346037845513864e-01
7.277884173089814723e-01
3.202199171955122381e-02
1.816655013927692686e-03
7.947663575180949902e-01
4.781898473562167240e-01
4.068501807409252713e-02
2.619287001260547365e-01
5.057807891908336906e-01
7.333253185892520953e-01
3.217989762906563467e-01
7.422019973157203410e-01
6.124554364186229893e-01
9.362819043567085497e-01
4.304604087219321418e-01
8.976355024590081388e-01
4.906198416559689468e-01
7.834175739958173512e-01
2.375242956982301923e-01
7.548328092042422277e-03
9.511354652521997188e-01
9.743989699932725790e-01
4.989380481388263622e-01
3.317635993819418871e-01
7.559679994820336368e-01
4.797699112344601668e-01
2.084357835931202052e-01
6.853005864326069396e-01
4.509968276427777645e-01
7.196521384780456554e-01
4.331266768145958235e-01
5.666264953408293170e-01
2.402504107213674356e-01
3.795702545939286798e-01
1.343039620493400310e-01
1.357723253719891887e-02
3.950974785748802010e-01
4.077958991529240240e-03
9.075791805675387236e-04
1.417255327668529019e-02
3.123706507448964498e-02
6.783428643664404234e-01
6.685444211842883622e-01
3.271288578274835768e-01
1.000000000000000000e+00
7.376235979090126627e-01
2.869254376021842523e-01
4.805091569912829930e-01
4.420518403441697775e-01
2.576088558539506579e-01
2.651576845467240595e-03
3.162346378552768900e-03
3.604307137407083417e-01
2.229510334331230581e-02
7.321272197859762798e-02
2.580747537366578914e-01
5.591345742371948146e-01
6.810111298221849241e-01
1.955350872462312539e-01
4.870532411521731886e-01
5.611787192203090413e-01
7.211655322096299781e-01
4.535284135264047167e-01
6.273740103475476948e-01
6.450807184012593565e-01
5.623446076549151185e-01
7.421152703396338701e-02
2.420945584831857289e-03
8.498238633458361502e-01
8.895010294475631518e-01
4.406657763869450406e-01
4.277123086352173642e-01
7.787864275281317639e-01
7.282724834738075748e-01
3.511270186489862111e-01
9.331567547583148325e-01
4.859330120623386873e-01
9.066175300149319494e-01
4.420974424465802244e-01
8.061872988190654787e-01
5.207346037845513864e-01
7.277884173089814723e-01
3.202199171955122381e-02
1.816655013927692686e-03
7.947663575180949902e-01
4.781898473562167240e-01
4.068501807409252713e-02
2.619287001260547365e-01
5.057807891908336906e-01
7.333253185892520953e-01
3.217989762906563467e-01
7.422019973157203410e-01
6.124554364186229893e-01
9.557385791635895078e-01
3.326287015882267717e-01
5.479014205769827672e-01
5.733777109232354174e-01
2.249835564386826192e-01
1.089221126721092725e-01
1.008224133542336975e-01
3.483132948611902258e-01
4.004277613259334956e-01
1.374853329816684844e-01
2.452863814275596521e-01
7.602518801374649193e-01
8.034468215276768799e-01
1.691109081426582783e-01
4.682928637064969202e-01
6.944052878930695449e-01
8.241429529964130474e-01
4.918465152525666184e-01
7.652861823539924835e-01
7.457028868798073473e-01
3.142092461535685999e-01
2.041494907088814426e-02
4.865448280746220711e-02
3.300605700764394079e-01
6.414016520640295482e-01
4.613076744636679383e-02
3.178269969273070927e-01
4.399078955152466719e-01
7.645705070341649590e-01
9.954929844130422367e-02
3.163067159034960163e-01
6.671692237836791550e-01
8.970765111183505169e-01
8.386016503134197109e-02
6.148849196295316233e-01
8.895881297828688306e-01
3.892607303140911412e-01
6.726624874126096998e-02
1.386453463229944116e-01
4.128709728504564858e-01
5.558371552708440966e-01
1.947492051387013090e-01
2.745069245430959981e-01
4.228278440165880170e-01
8.455991659974555485e-01
1.628826262264806424e-01
5.398789949734332794e-01
5.741155646965238057e-01
8.116700795300859639e-01
5.870927689897937896e-01
6.728551739022634592e-01
8.720396862075675548e-01
4.125986953380560429e-01
1.035840204576689016e-01
2.415213396433080195e-02
1.552935148790357545e-01
3.937308428774426439e-01
1.916751359026298562e-01
2.851808372077413445e-01
7.713861346944952402e-01
9.749214745604437571e-01
1.019192375928086314e-01
6.887201168474206270e-01
5.175106722364238854e-01
7.813724002103585864e-01
7.829548624933204692e-01
5.043871480018209397e-01
8.460870388011313414e-01
9.914470455178161501e-01
3.246477500569822094e-02
3.760168326168322750e-02
1.122267509316206002e-01
4.681802320230743497e-01
1.322733785176415378e-01
3.087755212959421014e-01
7.163621556994783646e-01
7.834473562796397950e-01
4.029219697156349866e-02
1.000000000000000000e+00
5.951406023444189008e-01
9.362819043567083277e-01
4.304604087219359165e-01
8.976355024590044751e-01
4.906198416559662268e-01
7.834175739958055829e-01
2.375242956982293041e-01
7.548328092060407890e-03
9.511354652522028275e-01
9.743989699932720239e-01
4.989380481388243638e-01
3.317635993819481044e-01
7.559679994820527327e-01
4.797699112344608885e-01
2.084357835931207603e-01
6.853005864326191521e-01
4.509968276427762657e-01
7.196521384780572017e-01
4.331266768146100343e-01
5.666264953408242100e-01
2.402504107213616624e-01
3.795702545939396710e-01
1.343039620493459152e-01
1.357723253720272139e-02
3.950974785748655460e-01
4.077958991539232247e-03
9.075791805699534587e-04
1.417255327669986187e-02
3.123706507448775760e-02
6.783428643664430879e-01
6.685444211842891393e-01
3.271288578274990089e-01
1.000000000000000000e+00
7.376235979090099981e-01
2.869254376021839192e-01
4.805091569912826044e-01
4.420518403441617838e-01
2.576088558539451068e-01
2.651576845484227007e-03
3.162346378559166560e-03
3.604307137406996819e-01
2.229510334331497035e-02
7.321272197861222741e-02
2.580747537366294142e-01
5.591345742372063610e-01
6.810111298221915854e-01
1.955350872462352507e-01
4.870532411521685257e-01
5.611787192203019359e-01
7.211655322096290899e-01
4.535284135263966121e-01
6.273740103475576868e-01
6.450807184012489204e-01
5.623446076549223349e-01
7.421152703398314898e-02
2.420945584837796982e-03
8.498238633458435887e-01
8.895010294475484969e-01
4.406657763869483713e-01
4.277123086352081494e-01
7.787864275281035642e-01
7.282724834738031339e-01
3.511270186489817702e-01
9.331567547583012878e-01
4.859330120623367999e-01
