9.507323832132403840e-01
4.084773841960480656e-01
9.011674514152183679e-01
4.903790203587984342e-01
7.732682742594940706e-01
1.698519813145160651e-01
0.000000000000000000e+00
9.587617541947746069e-01
9.887253751963090975e-01
5.133222609489083155e-01
3.353393565355189399e-01
7.667687824784195083e-01
4.840387444475585110e-01
2.186254969712432272e-01
7.110135225030467243e-01
4.595566343217885596e-01
7.135523605953906223e-01
4.198562907072700412e-01
5.988641090333792771e-01
2.528039364827283642e-01
3.821906110948624091e-01
1.334138220388474405e-01
1.103574197234391541e-03
3.417926189668349934e-01
1.289412320391103428e-02
1.262916357272315937e-02
1.787025463393654423e-04
7.103879948451741200e-03
6.997978701679250513e-01
6.594938560527858762e-01
3.326408273658079118e-01
9.654981888488094466e-01
7.275081183868077339e-01
2.846101052520502162e-01
4.953802629010999881e-01
4.462369022008043640e-01
2.871175865231356816e-01
1.643066237914303507e-02
4.402839639592537324e-03
3.512546913722500719e-01
0.000000000000000000e+00
6.918115599560281659e-02
2.383851878847891292e-01
5.656503015320476502e-01
6.823976521757545433e-01
2.018514141556921881e-01
4.877113547367925017e-01
5.475103368264486736e-01
7.177157332970727222e-01
4.298794738787686809e-01
6.138478904478853471e-01
6.803581764995120240e-01
5.678013326770509073e-01
2.891343396549861389e-02
1.378672013711229605e-02
8.637904719158393529e-01
8.889733547325113783e-01
4.505143635025476989e-01
4.326262998919238045e-01
7.847794367121276871e-01
7.164974867515737644e-01
3.543837467753049308e-01
9.190654823148376451e-01
4.770867099943362777e-01
6.688076009515251386e-01
4.707468291602654453e-01
9.859318442259947801e-01
4.692649496213491256e-01
7.790305506154089343e-01
4.331660851425616077e-01
0.000000000000000000e+00
8.686215609914365032e-01
1.000000000000000000e+00
4.544222961360884216e-01
3.158408085924148123e-01
5.685546747073970675e-01
3.492559299050268518e-01
7.543504642589384801e-01
8.069943844517482034e-01
4.667301243719201853e-01
4.944414321531878098e-01
2.847999446316611394e-01
1.974692027761579816e-01
0.000000000000000000e+00
1.015078028302346391e-02
6.896107416965502335e-03
7.055776753586896488e-01
5.608132572765631707e-01
4.731507462406834286e-01
2.469289676894269037e-01
3.633019978327798327e-01
2.240657468441753508e-02
7.135528182071748660e-04
5.608423199926627634e-01
7.165607424477211662e-01
9.310942677903688569e-01
9.558068610425292100e-01
1.958448806644907947e-02
3.455881774088043201e-01
7.004994038239622522e-01
9.103935193836043549e-01
4.092289590671533972e-01
8.231105594532857062e-01
5.336209763333917833e-01
7.506552445074561319e-01
1.149499564335632051e-02
0.000000000000000000e+00
7.861614658292326308e-01
4.847506458741568380e-01
4.915575763146606825e-02
2.529904438652315068e-01
5.039486967049677801e-01
7.356848955088475250e-01
3.282101691889665052e-01
7.502866071769473955e-01
6.032871359572808956e-01
9.507323832132403840e-01
4.084773841960480656e-01
9.011674514152183679e-01
4.903790203587984342e-01
7.732682742594940706e-01
1.698519813145160651e-01
0.000000000000000000e+00
9.587617541947746069e-01
9.887253751963090975e-01
5.133222609489083155e-01
3.353393565355189399e-01
7.667687824784195083e-01
4.840387444475585110e-01
2.186254969712432272e-01
7.110135225030467243e-01
4.595566343217885596e-01
7.135523605953906223e-01
4.198562907072700412e-01
5.988641090333792771e-01
2.528039364827283642e-01
3.821906110948624091e-01
1.334138220388474405e-01
1.103574197234391541e-03
3.417926189668349934e-01
1.289412320391103428e-02
1.262916357272315937e-02
1.787025463393654423e-04
7.103879948451741200e-03
6.997978701679250513e-01
6.594938560527858762e-01
3.326408273658079118e-01
9.654981888488094466e-01
7.275081183868077339e-01
2.846101052520502162e-01
4.953802629010999881e-01
4.462369022008043640e-01
2.871175865231356816e-01
1.643066237914303507e-02
4.402839639592537324e-03
3.512546913722500719e-01
0.000000000000000000e+00
6.918115599560281659e-02
2.383851878847891292e-01
5.656503015320476502e-01
6.823976521757545433e-01
2.018514141556921881e-01
4.877113547367925017e-01
5.475103368264486736e-01
7.177157332970727222e-01
4.298794738787686809e-01
6.138478904478853471e-01
6.803581764995120240e-01
5.678013326770509073e-01
2.891343396549861389e-02
1.378672013711229605e-02
8.637904719158393529e-01
8.889733547325113783e-01
4.505143635025476989e-01
4.326262998919238045e-01
7.847794367121276871e-01
7.164974867515737644e-01
3.543837467753049308e-01
9.190654823148376451e-01
4.770867099943362777e-01
9.103935193836043549e-01
4.092289590671533972e-01
8.231105594532857062e-01
5.336209763333917833e-01
7.506552445074561319e-01
1.149499564335632051e-02
0.000000000000000000e+00
7.861614658292326308e-01
4.847506458741568380e-01
4.915575763146606825e-02
2.529904438652315068e-01
5.039486967049677801e-01
7.356848955088475250e-01
3.282101691889665052e-01
7.502866071769473955e-01
6.032871359572808956e-01
9.679971952957886483e-01
2.950307621072760789e-01
5.571407803073429310e-01
5.804775147147154257e-01
2.466145979734415405e-01
1.127814257494391681e-01
9.768121872618973356e-02
2.823892188180900931e-01
4.025382676912236946e-01
1.408502332932778933e-01
2.468095001529048149e-01
7.539662390367540823e-01
7.990832598219703709e-01
1.458117487995895800e-01
4.636800698547811628e-01
7.014398464065911831e-01
8.463380755733074245e-01
4.611790756621134690e-01
7.568729997998842052e-01
7.463335008311250407e-01
3.200666512600998104e-01
1.551464864802598598e-02
4.627281583218512129e-02
3.013459996840714972e-01
6.371944597259302512e-01
4.472186538327382888e-02
3.200305843998800803e-01
4.571609568053931483e-01
7.586563697927136696e-01
8.567267363023312043e-02
3.359036238279444753e-01
6.658889168072686937e-01
9.009866759990539098e-01
6.806063022771891013e-02
6.364578298330405559e-01
8.965387441727646900e-01
4.139415981428227198e-01
6.700604952897648570e-02
1.280111695737198296e-01
3.791733729344342052e-01
5.572021047325494969e-01
1.948885712364993861e-01
2.760079729203133159e-01
4.278918686918773417e-01
8.488593016067227381e-01
1.365699991267788072e-01
5.501327117832897073e-01
5.710454730820871960e-01
8.213136662716642444e-01
5.815770042519021743e-01
6.847134634718283763e-01
8.736875448557869239e-01
4.483781155745441005e-01
8.053876994377195953e-02
2.588957781077316778e-02
1.349935173775573816e-01
4.158042203065601683e-01
1.940404576166995243e-01
2.838161253356219493e-01
7.519279019052662605e-01
9.631730391550930026e-01
1.150133822866323818e-01
6.816675745443889767e-01
5.220648061110143567e-01
7.995389653367861449e-01
7.151593623127592281e-01
5.257799300966756739e-01
8.471028061761981531e-01
9.168624142810104516e-01
3.161725885768240651e-02
4.386798791213297743e-02
1.087520412758169464e-01
4.759591547027413050e-01
1.331698903885619734e-01
3.094569377245188768e-01
7.094085943883099432e-01
7.958562219418610084e-01
3.757948757752194169e-02
9.481778819547042048e-01
5.915438739712824967e-01
9.507323832132377195e-01
4.084773841960458451e-01
9.011674514152178128e-01
4.903790203587960472e-01
7.732682742594871872e-01
1.698519813145187296e-01
0.000000000000000000e+00
9.587617541947746069e-01
9.887253751962972181e-01
5.133222609489060950e-01
3.353393565355100581e-01
7.667687824784161776e-01
4.840387444475522383e-01
2.186254969712551066e-01
7.110135225030467243e-01
4.595566343217910577e-01
7.135523605954159354e-01
4.198562907072640460e-01
5.988641090333901573e-01
2.528039364827154856e-01
3.821906110948747326e-01
1.334138220388420004e-01
1.103574197231338427e-03
3.417926189668383241e-01
1.289412320392502309e-02
1.262916357272134138e-02
1.787025463466374031e-04
7.103879948449853821e-03
6.997978701679363756e-01
6.594938560527773275e-01
3.326408273658091330e-01
9.654981888488007868e-01
7.275081183867886381e-01
2.846101052520423336e-01
4.953802629010977121e-01
4.462369022008121355e-01
2.871175865231454516e-01
1.643066237913926031e-02
4.402839639595756971e-03
3.512546913722425224e-01
0.000000000000000000e+00
6.918115599561641682e-02
2.383851878847660921e-01
5.656503015320600847e-01
6.823976521757598723e-01
2.018514141556883024e-01
4.877113547367982749e-01
5.475103368264366832e-01
7.177157332970758308e-01
4.298794738787601322e-01
6.138478904478920084e-01
6.803581764995113579e-01
5.678013326770439129e-01
2.891343396550505318e-02
1.378672013712589628e-02
8.637904719158416844e-01
8.889733547324873975e-01
4.505143635025343762e-01
4.326262998919130354e-01
7.847794367121083692e-01
7.164974867515693235e-01
3.543837467753098158e-01
9.190654823148394215e-01
4.770867099943355005e-01
