8.438582071212080704e-02
3.235817418148754232e-01
7.574149180020901539e-01
8.012054593985759587e-02
4.789298835823254663e-01
7.086322305807741806e-01
6.357132227386722567e-01
8.856155147619473311e-01
5.494858436382127342e-01
7.554835958355747838e-01
8.243176442383937097e-01
6.355107887373605546e-01
1.692849771929609837e-01
1.005082757283136674e-01
4.485180337803289508e-01
3.899717832004329088e-02
3.681325799510146712e-01
5.297701081356718245e-01
5.739733103913420287e-01
3.533999890603878313e-02
4.332590222236191169e-01
2.811934583835127288e-01
4.284954012153154856e-01
9.121923907249809282e-01
6.818190759087281450e-01
2.840426126070471069e-01
3.281716789588504657e-01
7.255038360441524725e-01
9.598894806036575300e-01
7.437128647354687150e-01
9.366721881377577663e-01
3.143737445636123340e-01
3.681846023014081482e-01
9.376881949189274090e-01
8.280391367722548246e-01
2.272182535829341266e-01
1.227600296286945891e-01
2.643813859221827989e-01
3.048488449878452022e-01
8.772808949758561514e-01
9.479165777466147524e-01
4.643502171567371883e-01
7.319574187449535696e-01
9.005679792030433228e-01
4.909613301068548319e-01
9.580360972639004880e-01
7.879569634434634429e-01
7.335586363159540824e-02
1.831842960932902331e-01
3.397409544064103892e-01
3.776231880020062270e-01
3.278672065519487866e-01
4.883095270831433465e-01
8.232938248742101006e-01
5.087638911599000613e-01
4.685167235595191215e-01
8.606548418305437487e-01
3.607868065402113356e-01
9.358658247388752516e-01
1.257681218333204232e-01
1.176971832114842575e-01
1.637877186855013489e-01
1.401102307641879374e-01
3.535157674212065226e-02
5.492082880858747962e-02
1.863618623859928380e-01
5.922764441556416237e-01
4.861971668287884407e-02
3.021435965403340695e-01
8.435446516122482308e-01
6.877964182084073119e-01
7.668506676040025560e-01
5.502241039333830575e-01
8.996523953865078749e-01
8.608475971462142828e-01
2.367555268883470010e-01
1.577309750279982659e-01
3.265360762182090149e-01
1.465014259702011046e-01
7.073930526606897473e-01
9.295425656629174860e-01
8.672929387644481292e-01
5.619624095049653434e-01
3.755925706949843068e-01
5.921403816691592770e-01
2.933400954940812988e-01
7.279563124981288658e-01
7.944177872062443413e-01
1.242557038544087611e-01
9.464197692726052935e-01
2.324777993775495322e-01
3.611731115043697038e-01
8.978165886907698567e-01
4.201835208896350649e-01
1.428559669620840245e-01
8.571573351403398711e-01
3.669184941081420348e-01
5.836299700074123464e-01
8.795248645263045173e-01
1.990321922617412920e-01
1.163055903507796973e-01
8.858393274893514580e-01
8.355765206816210267e-01
1.425879567149667126e-01
3.555520786905495001e-01
4.884317828706761233e-01
4.424443994516004675e-01
9.421518242748947447e-01
9.456984270668633563e-01
3.571061031005332564e-01
8.557511984018321138e-01
7.125443344731654527e-01
2.895606278223916696e-01
5.956299941766636241e-01
7.329499980041145335e-01
6.432667287303905912e-02
8.438582071212080704e-02
3.235817418148754232e-01
7.574149180020901539e-01
8.012054593985759587e-02
4.789298835823254663e-01
7.086322305807741806e-01
6.357132227386722567e-01
8.856155147619473311e-01
5.494858436382127342e-01
7.554835958355747838e-01
8.243176442383937097e-01
6.355107887373605546e-01
1.692849771929609837e-01
1.005082757283136674e-01
4.485180337803289508e-01
3.899717832004329088e-02
3.681325799510146712e-01
5.297701081356718245e-01
5.739733103913420287e-01
3.533999890603878313e-02
4.332590222236191169e-01
2.811934583835127288e-01
4.284954012153154856e-01
9.121923907249809282e-01
6.818190759087281450e-01
2.840426126070471069e-01
3.281716789588504657e-01
7.255038360441524725e-01
9.598894806036575300e-01
7.437128647354687150e-01
9.366721881377577663e-01
3.143737445636123340e-01
3.681846023014081482e-01
9.376881949189274090e-01
8.280391367722548246e-01
2.272182535829341266e-01
1.227600296286945891e-01
2.643813859221827989e-01
3.048488449878452022e-01
8.772808949758561514e-01
9.479165777466147524e-01
4.643502171567371883e-01
7.319574187449535696e-01
9.005679792030433228e-01
4.909613301068548319e-01
9.580360972639004880e-01
7.879569634434634429e-01
7.335586363159540824e-02
1.831842960932902331e-01
3.397409544064103892e-01
3.776231880020062270e-01
3.278672065519487866e-01
4.883095270831433465e-01
8.232938248742101006e-01
5.087638911599000613e-01
4.685167235595191215e-01
8.606548418305437487e-01
3.607868065402113356e-01
9.358658247388752516e-01
1.257681218333204232e-01
1.176971832114842575e-01
1.637877186855013489e-01
1.401102307641879374e-01
3.535157674212065226e-02
1.163055903507796973e-01
8.858393274893514580e-01
8.355765206816210267e-01
1.425879567149667126e-01
3.555520786905495001e-01
4.884317828706761233e-01
4.424443994516004675e-01
9.421518242748947447e-01
9.456984270668633563e-01
3.571061031005332564e-01
8.557511984018321138e-01
7.125443344731654527e-01
2.895606278223916696e-01
5.956299941766636241e-01
7.329499980041145335e-01
6.432667287303905912e-02
1.569484503946814158e-01
5.500715014084254229e-01
8.713778791768984622e-01
1.130602661750266247e-01
9.067455641266106703e-01
4.022598190187064437e-01
6.199391637505877739e-01
4.512336620791890240e-01
4.810883411413642285e-01
7.621944299525331701e-01
7.395110586619861870e-01
9.095273887245087785e-01
3.688199335001740575e-01
1.521199113190339069e-01
6.879818677656319714e-01
1.528536689501155399e-01
2.817177427074595286e-01
9.426745017664979187e-01
8.561326745093862378e-01
2.022131131554359973e-01
7.359248095849002524e-01
4.229171955916871672e-01
6.311567107748448091e-01
4.027986944003898451e-01
7.239130380580385271e-01
7.068200386396352730e-01
8.214533503242128498e-01
8.934507014849719653e-01
2.370149804765865342e-01
9.063178119556525303e-02
7.830509447457330019e-01
1.468438988641513898e-01
3.353278279177833721e-01
4.582882639745911035e-01
6.633231508715908831e-01
3.518609456483562381e-01
8.304287923285871287e-01
5.587593284038492314e-01
6.728540263941172883e-01
1.829215896544327258e-01
9.225982240975696413e-01
7.698536387387387991e-01
8.272965475448428307e-01
5.682658114244967251e-01
1.693813705452027474e-01
1.500672240861957718e-01
9.347424521502043504e-01
1.547556380231773776e-01
3.383709250850412964e-01
6.802525209658991656e-01
8.011142908699548926e-01
2.957040971905656734e-01
7.364363988058664212e-01
4.918024100440180346e-01
7.977605357062534930e-01
2.612242967156408469e-02
9.070158895106006369e-01
6.904228089776327515e-01
8.042563390278539837e-01
8.347030999785305383e-01
1.878998216616276640e-01
3.898719942632919988e-01
9.857022416278820032e-01
1.491637445917566307e-01
3.810922823915241509e-01
5.685342694268813446e-01
7.318538227936386420e-01
2.410907822868625372e-01
7.438216866108415815e-02
3.678461511237360870e-01
7.383934944360560637e-01
4.007003701665201589e-01
9.822994129509412531e-01
6.860962342987724227e-01
7.772800854382212465e-01
6.020225332477098235e-01
2.006514031924029329e-01
6.692675732533031052e-01
2.672234229877750167e-01
1.592305056444566214e-01
8.438582071212163971e-02
3.235817418148763114e-01
7.574149180020884886e-01
8.012054593985173945e-02
4.789298835823232459e-01
7.086322305807666311e-01
6.357132227386839141e-01
8.856155147619402257e-01
5.494858436382215050e-01
7.554835958355738956e-01
8.243176442383778335e-01
6.355107887373594444e-01
1.692849771929627600e-01
1.005082757283317640e-01
4.485180337803327255e-01
3.899717832004229168e-02
3.681325799510224428e-01
5.297701081356858133e-01
5.739733103913571277e-01
3.533999890601857707e-02
4.332590222236345490e-01
2.811934583835334900e-01
4.284954012153131542e-01
9.121923907249853691e-01
6.818190759087174868e-01
2.840426126070513257e-01
3.281716789588643435e-01
7.255038360441468104e-01
9.598894806036712968e-01
7.437128647354568356e-01
9.366721881377587655e-01
3.143737445636181072e-01
3.681846023013748415e-01
9.376881949189339593e-01
8.280391367722520490e-01
2.272182535829443406e-01
1.227600296286972537e-01
2.643813859221822993e-01
3.048488449878536954e-01
8.772808949758423847e-01
9.479165777465989873e-01
4.643502171567469028e-01
7.319574187449464642e-01
9.005679792030470976e-01
4.909613301068666003e-01
9.580360972639143657e-01
7.879569634434567815e-01
7.335586363160295775e-02
1.831842960932902331e-01
3.397409544064036169e-01
3.776231880020172182e-01
3.278672065519505630e-01
4.883095270831534496e-01
8.232938248742229792e-01
5.087638911599023928e-01
4.685167235595225632e-01
8.606548418305375314e-01
3.607868065402222157e-01
9.358658247388480511e-01
1.257681218333144280e-01
1.176971832114781513e-01
1.637877186854893585e-01
1.401102307641896028e-01
3.535157674211986123e-02
