2.993925408659634524e-01
1.421167283336339793e-01
1.447424027913648548e-01
2.621009155825101411e-01
6.411915141727475564e-02
5.208011201230204890e-01
9.113203644807085224e-01
4.442893197336283961e-02
5.036121968050000230e-02
7.372070193179125486e-01
3.384375780966264458e-01
5.950837412397702586e-02
1.859680542844772133e-01
3.571787765884858468e-01
1.340375689355259858e-01
1.838084619733038605e-01
1.964649572858663262e-01
8.454966031433130969e-01
7.063590179923187051e-01
1.098102506819733648e-01
7.369702782976951250e-01
6.854855138482320864e-01
9.738341583496963327e-01
2.570971099870578147e-01
8.947456168000744725e-01
8.683782655149917540e-01
9.284062803855395174e-01
9.894162179182325323e-01
1.273624754176123641e-01
1.671645835040804218e-01
3.933278662557724292e-01
3.212265611718707614e-01
4.769376706503436480e-02
5.357230102619766621e-01
3.296489814850255828e-01
2.294027472468413986e-01
1.000000000000000222e+00
9.595592131188073193e-01
8.738603818494803388e-01
3.906769642807186305e-01
4.381186566203187915e-01
9.070737390234810960e-01
8.882972776561419703e-01
6.346379675109045104e-01
1.763991778372643315e-01
6.672032203430423580e-01
7.311129553923149116e-01
1.813954743154935212e-01
5.001599457306515895e-02
1.045298908472122035e-01
5.801985582711388645e-02
1.536708240121558156e-01
9.104449666516101214e-02
7.896336546844209270e-01
8.336095671821143194e-01
1.013353404878745145e-01
1.278755024743389868e-01
9.827784975877433826e-01
5.230709438998305538e-01
3.393408471359427026e-02
1.451179869832475156e-01
2.753819956555262349e-01
3.730445621401812240e-01
2.794266834164211843e-01
2.888325164317734339e-01
1.497301987095547293e-01
2.223219869438528562e-01
2.154338610864044989e-01
4.900906180782560462e-02
6.019767044612454043e-01
9.633381306222448259e-01
5.195070136750090661e-02
7.840887337381741151e-02
5.797218159230206336e-01
2.875772097336696254e-01
1.730217165701428694e-01
3.176959630365177034e-01
9.809236332395343538e-02
2.075186175412837564e-01
7.847797082478065178e-01
5.953443788655454760e-01
6.353490991700374568e-01
8.263389402905954029e-01
9.500232546510717357e-01
8.630875729436010557e-01
8.709203333675977765e-01
6.611705922264843327e-02
2.648655562061648649e-01
6.802020263502450703e-02
5.920050844158282199e-01
9.971691660523887002e-01
9.283700050459032793e-01
5.783156636991007016e-01
1.413669428242244619e-01
9.571222110208599254e-02
1.406896792334102475e-01
6.281232248609835978e-02
9.237833411772951031e-01
9.595046323645586295e-01
1.034444760775070637e-01
9.886409443050125923e-02
4.206130000661159052e-01
1.450318379464570206e-01
2.022215381065868289e-01
5.524582169572163082e-01
8.965488196537572119e-01
9.133607729922530449e-01
8.224302691841511859e-02
2.305918680079663829e-01
9.298111801620853045e-01
9.004031764135255189e-01
4.903664999454613316e-01
2.040428208987576930e-02
3.817200598807042322e-01
3.842557657814920091e-01
2.545535159537437586e-01
2.993925408659634524e-01
1.421167283336339793e-01
1.447424027913648548e-01
2.621009155825101411e-01
6.411915141727475564e-02
5.208011201230204890e-01
9.113203644807085224e-01
4.442893197336283961e-02
5.036121968050000230e-02
7.372070193179125486e-01
3.384375780966264458e-01
5.950837412397702586e-02
1.859680542844772133e-01
3.571787765884858468e-01
1.340375689355259858e-01
1.838084619733038605e-01
1.964649572858663262e-01
8.454966031433130969e-01
7.063590179923187051e-01
1.098102506819733648e-01
7.369702782976951250e-01
6.854855138482320864e-01
9.738341583496963327e-01
2.570971099870578147e-01
8.947456168000744725e-01
8.683782655149917540e-01
9.284062803855395174e-01
9.894162179182325323e-01
1.273624754176123641e-01
1.671645835040804218e-01
3.933278662557724292e-01
3.212265611718707614e-01
4.769376706503436480e-02
5.357230102619766621e-01
3.296489814850255828e-01
2.294027472468413986e-01
1.000000000000000222e+00
9.595592131188073193e-01
8.738603818494803388e-01
3.906769642807186305e-01
4.381186566203187915e-01
9.070737390234810960e-01
8.882972776561419703e-01
6.346379675109045104e-01
1.763991778372643315e-01
6.672032203430423580e-01
7.311129553923149116e-01
1.813954743154935212e-01
5.001599457306515895e-02
1.045298908472122035e-01
5.801985582711388645e-02
1.536708240121558156e-01
9.104449666516101214e-02
7.896336546844209270e-01
8.336095671821143194e-01
1.013353404878745145e-01
1.278755024743389868e-01
9.827784975877433826e-01
5.230709438998305538e-01
3.393408471359427026e-02
1.451179869832475156e-01
2.753819956555262349e-01
3.730445621401812240e-01
2.794266834164211843e-01
9.886409443050125923e-02
4.206130000661159052e-01
1.450318379464570206e-01
2.022215381065868289e-01
5.524582169572163082e-01
8.965488196537572119e-01
9.133607729922530449e-01
8.224302691841511859e-02
2.305918680079663829e-01
9.298111801620853045e-01
9.004031764135255189e-01
4.903664999454613316e-01
2.040428208987576930e-02
3.817200598807042322e-01
3.842557657814920091e-01
2.545535159537437586e-01
3.561030464198511325e-02
5.032188998095850074e-01
3.733697420697477121e-01
4.787081557062189408e-02
6.148739101508398086e-01
8.370636921983899414e-01
9.959505391069041202e-01
4.267551578573760551e-01
4.294938111083896892e-01
9.317802450017675930e-01
9.398496323990337409e-01
4.966735408727331880e-01
8.456529570750292990e-02
3.859855637844695764e-01
6.007081759345882510e-01
1.750008319603608697e-01
5.585418324155777547e-02
7.011366676112995577e-01
6.349718709235361302e-01
3.354566915859436005e-02
4.042218439457583301e-01
9.221611760460061147e-01
9.115146835170171435e-01
3.734301153802470630e-01
6.738011749041912246e-01
8.218919840943783583e-01
9.729318429243668520e-01
6.903425105818659091e-01
4.925149160711328467e-02
5.116704112717114228e-01
4.032263019747102106e-01
1.668044271173390047e-01
5.065761509306621058e-02
7.776758891673436480e-01
6.527229937703560303e-01
4.560483061387010650e-02
6.022220612664455075e-01
9.355791694151402993e-01
9.081599673430517106e-01
5.696152914754049057e-01
8.055348714038941260e-01
7.627004445953670109e-01
9.681159120773386029e-01
9.922045641615948597e-01
4.537257454768572895e-02
6.989041895901979551e-01
4.985012155477490658e-01
7.508121967765013505e-02
5.234116963707236003e-02
6.282903712593128631e-01
9.362516042422299734e-01
2.183646589582088904e-02
6.246601462400112048e-01
9.235536235086928558e-01
7.961850707393437476e-01
7.758711457284772628e-01
6.140355793528953221e-01
8.725419376214904599e-01
9.919484260631356021e-01
5.220717040676783327e-01
7.248455826868804852e-02
5.718781380542523607e-01
7.512073064950515189e-01
8.337524864666179258e-02
6.839194662372771738e-02
5.874780312261664861e-01
7.342662164366240418e-01
3.346923760846176599e-02
4.655979556438394340e-01
9.659081297926364051e-01
6.912270046783733912e-01
5.986276008387569902e-01
5.866417331974962401e-01
8.132457076806098861e-01
9.270194119301992108e-01
9.212881186347905427e-01
4.244483799499088050e-02
5.715774698419258115e-01
5.573084045355267691e-01
7.617389235718774465e-02
2.993925408659657283e-01
1.421167283336342013e-01
1.447424027913662981e-01
2.621009155825114734e-01
6.411915141725232914e-02
5.208011201230196008e-01
9.113203644807097437e-01
4.442893197334640831e-02
5.036121968049722675e-02
7.372070193179178776e-01
3.384375780966411007e-01
5.950837412399168080e-02
1.859680542844794338e-01
3.571787765884908428e-01
1.340375689355328692e-01
1.838084619733111325e-01
1.964649572858623294e-01
8.454966031433088780e-01
7.063590179923158185e-01
1.098102506819522706e-01
7.369702782977018973e-01
6.854855138482409682e-01
9.738341583497011067e-01
2.570971099870607013e-01
8.947456168000804677e-01
8.683782655149917540e-01
9.284062803855375190e-01
9.894162179182217631e-01
1.273624754176343465e-01
1.671645835040933559e-01
3.933278662557885275e-01
3.212265611718636560e-01
4.769376706502503893e-02
5.357230102619762180e-01
3.296489814850289690e-01
2.294027472468460616e-01
1.000000000000000000e+00
9.595592131188007690e-01
8.738603818494813380e-01
3.906769642807137455e-01
4.381186566203336685e-01
9.070737390234961950e-01
8.882972776561368633e-01
6.346379675109080631e-01
1.763991778372809849e-01
6.672032203430453556e-01
7.311129553923089164e-01
1.813954743154955196e-01
5.001599457306349361e-02
1.045298908471956612e-01
5.801985582713187206e-02
1.536708240121570368e-01
9.104449666516001294e-02
7.896336546844404669e-01
8.336095671821122099e-01
1.013353404878845065e-01
1.278755024743449820e-01
9.827784975877147389e-01
5.230709438998186744e-01
3.393408471359826706e-02
1.451179869832404101e-01
2.753819956555229043e-01
3.730445621401783374e-01
2.794266834164211288e-01
