0.000000000000000000e+00
3.015395807859218014e-01
7.278202598956007296e-01
1.378467130598606816e-02
5.155194090818724373e-01
9.609345957493555801e-01
7.617760504377476538e-01
6.873063777510206585e-01
4.868545770421851548e-01
9.253562875380068053e-01
1.000000000000000000e+00
4.784255272739865728e-01
7.063790885209697556e-03
3.019774861578417013e-02
1.896938417133606780e-01
1.193635610529042435e-02
4.934056789098069107e-01
8.889666559082625152e-01
7.056981661079453350e-01
9.570743943916282248e-02
6.932113367006759175e-01
6.660111356431834828e-01
6.426702794407052055e-01
9.593685839203796029e-01
7.877817505945339249e-01
4.454421939099530992e-01
4.680047925242400986e-01
7.369435585148088608e-01
5.846397237408946790e-01
9.921103709518839242e-01
7.239276232830522684e-01
1.137640754822752953e-01
1.762124793848167670e-01
8.908401433046871931e-01
9.872555056957876829e-01
1.600120242374791779e-02
4.891484185016012898e-01
5.521954927721131057e-01
3.814889678317849864e-01
6.811792889367351833e-01
9.585227655561978644e-01
6.059406070869450822e-01
9.469112722974006857e-01
9.616161704628142237e-01
6.389336173526790619e-01
6.600101385602005211e-01
9.946124006298667775e-01
2.587867902109364238e-02
4.373078533945207180e-02
4.085761049031243486e-01
1.742863022192691069e-01
3.524577258783012645e-02
4.148554163733441102e-01
9.266373213389911268e-01
5.810758306159445885e-01
2.180055449429209036e-01
6.157111202053504595e-01
3.150998419646029447e-01
8.246815609258332236e-01
1.368832272441069531e-01
3.908974161569656047e-03
1.385017322132594542e-01
5.212153363946636642e-02
3.043965397714260002e-03
1.628283755169768199e-03
1.510463555175565187e-01
4.799430080446254188e-01
0.000000000000000000e+00
3.259810955471584837e-01
9.724670377753235062e-01
7.617799477862470248e-01
5.879239105657265707e-01
3.930639739755654727e-01
8.499183364535036755e-01
9.999999999999998890e-01
1.897111879539187251e-02
0.000000000000000000e+00
1.377390859919138677e-01
1.534494842070199816e-01
9.766285957543860974e-01
8.402242315377459470e-01
9.315552662761665825e-01
8.542005199385469538e-01
5.509606972570908479e-01
6.812091334486224392e-01
4.124028942856374780e-01
3.971172459264545873e-01
9.891911672390831800e-01
7.156119165347973876e-03
7.899614352640951243e-01
4.100313788857954389e-01
5.720148837820594467e-01
9.469666701771906059e-01
5.284479679078505354e-01
1.619684365831219885e-02
6.604530086553919155e-01
2.574054980688469385e-01
8.008151492446837771e-01
9.876164281879240558e-01
1.248706425164458622e-02
1.434789430317051639e-02
1.000000000000000000e+00
8.831868096440422811e-01
0.000000000000000000e+00
7.841555187979896147e-01
8.237750990907763970e-01
5.643548303609917660e-01
6.779659699000817330e-01
8.636241572160781033e-01
5.111847164396933207e-01
9.944948250273900614e-01
7.050608398639632846e-01
8.711348135698049333e-02
4.941658023573676228e-01
5.609901729628554712e-01
0.000000000000000000e+00
0.000000000000000000e+00
3.015395807859218014e-01
7.278202598956007296e-01
1.378467130598606816e-02
5.155194090818724373e-01
9.609345957493555801e-01
7.617760504377476538e-01
6.873063777510206585e-01
4.868545770421851548e-01
9.253562875380068053e-01
1.000000000000000000e+00
4.784255272739865728e-01
7.063790885209697556e-03
3.019774861578417013e-02
1.896938417133606780e-01
1.193635610529042435e-02
4.934056789098069107e-01
8.889666559082625152e-01
7.056981661079453350e-01
9.570743943916282248e-02
6.932113367006759175e-01
6.660111356431834828e-01
6.426702794407052055e-01
9.593685839203796029e-01
7.877817505945339249e-01
4.454421939099530992e-01
4.680047925242400986e-01
7.369435585148088608e-01
5.846397237408946790e-01
9.921103709518839242e-01
7.239276232830522684e-01
1.137640754822752953e-01
1.762124793848167670e-01
8.908401433046871931e-01
9.872555056957876829e-01
1.600120242374791779e-02
4.891484185016012898e-01
5.521954927721131057e-01
3.814889678317849864e-01
6.811792889367351833e-01
9.585227655561978644e-01
6.059406070869450822e-01
9.469112722974006857e-01
9.616161704628142237e-01
6.389336173526790619e-01
6.600101385602005211e-01
9.946124006298667775e-01
2.587867902109364238e-02
4.373078533945207180e-02
4.085761049031243486e-01
1.742863022192691069e-01
3.524577258783012645e-02
4.148554163733441102e-01
9.266373213389911268e-01
5.810758306159445885e-01
2.180055449429209036e-01
6.157111202053504595e-01
3.150998419646029447e-01
8.246815609258332236e-01
1.368832272441069531e-01
3.908974161569656047e-03
1.385017322132594542e-01
5.212153363946636642e-02
3.043965397714260002e-03
1.434789430317051639e-02
1.000000000000000000e+00
8.831868096440422811e-01
0.000000000000000000e+00
7.841555187979896147e-01
8.237750990907763970e-01
5.643548303609917660e-01
6.779659699000817330e-01
8.636241572160781033e-01
5.111847164396933207e-01
9.944948250273900614e-01
7.050608398639632846e-01
8.711348135698049333e-02
4.941658023573676228e-01
5.609901729628554712e-01
0.000000000000000000e+00
2.532380078224938380e-02
7.015367313811275984e-01
8.907347235885365588e-01
3.579086698626054996e-03
9.999999999999995559e-01
7.484324621452208559e-01
7.401062468331265354e-01
3.571117273372963474e-01
6.597197569567967435e-01
8.111286286135261925e-01
9.464425828529756668e-01
7.039151543066255456e-01
2.106293718535889870e-01
1.889064765900609899e-01
4.153618074017706441e-01
1.077417815796199996e-02
2.517651160876468452e-01
7.035168357180765497e-01
8.683821659912620561e-01
7.909183368590977370e-02
8.147842469090305073e-01
6.173178618230238390e-01
8.406639500040335999e-01
4.408857542780713068e-01
7.807534191101135335e-01
9.831882995483489651e-01
9.203904540449391325e-01
4.472456037262846351e-01
5.555151078491593619e-02
1.670394281413827287e-01
6.613803558652819881e-01
3.080278856739893101e-03
2.366713862573293081e-01
6.708210361751092421e-01
7.078130339828438977e-01
2.009808782642744651e-01
9.993001170629201013e-01
6.550910336525777034e-01
1.000000000000000000e+00
0.000000000000000000e+00
9.704400584759671489e-01
9.900382137194391197e-01
9.005230700391493315e-01
4.627484649932265270e-01
2.383713250533436856e-02
3.239563418522894978e-01
5.772650996371786469e-01
1.142130023830589813e-02
2.089924926709669784e-01
8.746049020862862733e-01
9.884021677948839901e-01
1.131583763519453667e-01
9.761464592812711949e-01
6.610956474234427338e-01
9.588692684505085717e-01
1.405393619259633908e-01
7.396662850637256703e-01
9.654458568925614603e-01
8.986402017147000487e-01
5.784339724891607304e-01
1.126104414191362313e-01
3.860274751014358685e-02
7.950286632364118589e-01
8.532831013184916102e-04
2.597552515618994917e-01
9.238382714348816194e-01
6.151660185383169832e-01
1.586775611481264781e-01
3.077063931871224511e-01
5.214064278857999390e-01
9.935005586752098106e-01
4.402690039936540956e-03
8.473287857210749507e-01
9.810286253127564748e-01
8.199956383774337221e-01
4.527664945410867503e-01
1.268470273850030861e-01
2.809434385831974801e-01
7.699479313790158486e-02
0.000000000000000000e+00
0.000000000000000000e+00
3.015395807859122534e-01
7.278202598955935132e-01
1.378467130598409751e-02
5.155194090818702168e-01
9.609345957493538037e-01
7.617760504377506514e-01
6.873063777510222128e-01
4.868545770421870422e-01
9.253562875380187958e-01
1.000000000000000000e+00
4.784255272740052245e-01
7.063790885206588932e-03
3.019774861578383707e-02
1.896938417133691157e-01
1.193635610529802937e-02
4.934056789098255624e-01
8.889666559082773922e-01
7.056981661079617663e-01
9.570743943914594709e-02
6.932113367006826898e-01
6.660111356432092400e-01
6.426702794407112007e-01
9.593685839203698329e-01
7.877817505945206022e-01
4.454421939099570404e-01
4.680047925242402096e-01
7.369435585148069734e-01
5.846397237409146630e-01
9.921103709518833691e-01
7.239276232830712532e-01
1.137640754822737410e-01
1.762124793848163229e-01
8.908401433046935214e-01
9.872555056957880160e-01
1.600120242375702162e-02
4.891484185015926300e-01
5.521954927721133277e-01
3.814889678317933130e-01
6.811792889367176418e-01
9.585227655562094107e-01
6.059406070869459704e-01
9.469112722973662688e-01
9.616161704628179985e-01
6.389336173526934948e-01
6.600101385602148429e-01
9.946124006298774356e-01
2.587867902110763119e-02
4.373078533944885216e-02
4.085761049031306769e-01
1.742863022192957523e-01
3.524577258783678779e-02
4.148554163733497724e-01
9.266373213389946795e-01
5.810758306159570230e-01
2.180055449429295633e-01
6.157111202053318078e-01
3.150998419646124926e-01
8.246815609258146829e-01
1.368832272440976272e-01
3.908974161568989913e-03
1.385017322132638951e-01
5.212153363946725459e-02
3.043965397712580789e-03
