5.466726570493851689e-04
3.025614884602341181e-01
7.126498598812673890e-01
1.005886107882600355e-02
4.920444419558620552e-01
9.594632407206766800e-01
7.420829192288164178e-01
6.984304146636459709e-01
4.876395824775806576e-01
9.388527437306570800e-01
9.659201537479380484e-01
4.636004503283639444e-01
1.916560124783694974e-02
2.857542076393360109e-02
1.956539503008574155e-01
1.737557522790988962e-02
4.488774985939327777e-01
8.537280333765278062e-01
6.924916222148158607e-01
1.168049874798489096e-01
7.106187344914512982e-01
6.818162532851956836e-01
6.487161873909284004e-01
1.000000000000000000e+00
7.928449047987564668e-01
4.444187144669053957e-01
4.696248705795668110e-01
7.543526102000169820e-01
5.694562553077635592e-01
9.963649386829755983e-01
7.495745142616967449e-01
1.029139153414058150e-01
2.074347774397597988e-01
8.836774060299442679e-01
9.793066886734276277e-01
5.272092232324010475e-02
4.687861366821413078e-01
5.639897975354686288e-01
3.862278712007138903e-01
6.780132404896113130e-01
9.454786663462615426e-01
6.197280123843513788e-01
9.801466307810409173e-01
9.387946850114720077e-01
5.903107830624286789e-01
6.465114257650720342e-01
9.844663267110468352e-01
4.816116013789084604e-02
3.473565175708215325e-02
4.043409232066440540e-01
1.775075302480945139e-01
3.359580212796486887e-02
3.918945316600667139e-01
9.921900419121116865e-01
6.021761095336890524e-01
1.996646358960755263e-01
6.532885136693762362e-01
2.841015195134275473e-01
8.416925156458273660e-01
1.063341227942549150e-01
1.347014592063378036e-02
1.610572282371417474e-01
3.110810088035087517e-02
0.000000000000000000e+00
0.000000000000000000e+00
1.629117693881774187e-01
4.656020806856349115e-01
5.661109302657063580e-04
2.989649452949973973e-01
9.568807056459851523e-01
7.593659809304940111e-01
5.864275944141756902e-01
3.847412787431532255e-01
8.539207045986370037e-01
9.908862107349513115e-01
2.531865166527674793e-02
1.885592720165996106e-02
1.611571655548238446e-01
1.181531556966370911e-01
9.569788554315470375e-01
8.523816249689843971e-01
9.624007725469942987e-01
8.811829407007709669e-01
5.546921454416207098e-01
6.945036762493753679e-01
4.142737958819606714e-01
3.900121285617711431e-01
9.861079069972407130e-01
4.289946423193846670e-02
7.800203876930413838e-01
3.845924325454204151e-01
5.852476930193074578e-01
9.662926628717245503e-01
5.029388228800991678e-01
1.719358301795637090e-02
6.659480019833927678e-01
2.485977798387826176e-01
8.069576583772630762e-01
9.882244641368183036e-01
1.424917225277821942e-02
7.546193253414212876e-03
9.788442928071598992e-01
8.665868901179405448e-01
8.061999679799924934e-03
7.398745777151232161e-01
8.472004045471446254e-01
5.682890110606118039e-01
6.823779346096092713e-01
8.794800407515284135e-01
5.124289515592491684e-01
9.984788229962956452e-01
6.861906544066793678e-01
8.222093104204009073e-02
5.019390026162373619e-01
5.635189028043914305e-01
1.780599384872405544e-03
5.466726570493851689e-04
3.025614884602341181e-01
7.126498598812673890e-01
1.005886107882600355e-02
4.920444419558620552e-01
9.594632407206766800e-01
7.420829192288164178e-01
6.984304146636459709e-01
4.876395824775806576e-01
9.388527437306570800e-01
9.659201537479380484e-01
4.636004503283639444e-01
1.916560124783694974e-02
2.857542076393360109e-02
1.956539503008574155e-01
1.737557522790988962e-02
4.488774985939327777e-01
8.537280333765278062e-01
6.924916222148158607e-01
1.168049874798489096e-01
7.106187344914512982e-01
6.818162532851956836e-01
6.487161873909284004e-01
1.000000000000000000e+00
7.928449047987564668e-01
4.444187144669053957e-01
4.696248705795668110e-01
7.543526102000169820e-01
5.694562553077635592e-01
9.963649386829755983e-01
7.495745142616967449e-01
1.029139153414058150e-01
2.074347774397597988e-01
8.836774060299442679e-01
9.793066886734276277e-01
5.272092232324010475e-02
4.687861366821413078e-01
5.639897975354686288e-01
3.862278712007138903e-01
6.780132404896113130e-01
9.454786663462615426e-01
6.197280123843513788e-01
9.801466307810409173e-01
9.387946850114720077e-01
5.903107830624286789e-01
6.465114257650720342e-01
9.844663267110468352e-01
4.816116013789084604e-02
3.473565175708215325e-02
4.043409232066440540e-01
1.775075302480945139e-01
3.359580212796486887e-02
3.918945316600667139e-01
9.921900419121116865e-01
6.021761095336890524e-01
1.996646358960755263e-01
6.532885136693762362e-01
2.841015195134275473e-01
8.416925156458273660e-01
1.063341227942549150e-01
1.347014592063378036e-02
1.610572282371417474e-01
3.110810088035087517e-02
0.000000000000000000e+00
7.546193253414212876e-03
9.788442928071598992e-01
8.665868901179405448e-01
8.061999679799924934e-03
7.398745777151232161e-01
8.472004045471446254e-01
5.682890110606118039e-01
6.823779346096092713e-01
8.794800407515284135e-01
5.124289515592491684e-01
9.984788229962956452e-01
6.861906544066793678e-01
8.222093104204009073e-02
5.019390026162373619e-01
5.635189028043914305e-01
1.780599384872405544e-03
2.656013159659753597e-02
7.074522899114259467e-01
8.626501233283951908e-01
3.666314663477443503e-03
9.757985447611736696e-01
7.451898162727773611e-01
7.486079510386263181e-01
3.974865466750410192e-01
6.332270980415581896e-01
8.141305138305356959e-01
9.514342585819774989e-01
7.175091556056987230e-01
2.132571588485110414e-01
2.112846314024521277e-01
4.415497180944432110e-01
0.000000000000000000e+00
2.361597916962840937e-01
6.979439965000322488e-01
8.522430868860828568e-01
8.637051521965821710e-02
8.457877160147200257e-01
6.217987628930573552e-01
8.484001185765523978e-01
4.192945043369866731e-01
7.751796077678614338e-01
9.995211617715640262e-01
9.130331065819327074e-01
4.425903814398788327e-01
5.249687970181382557e-02
1.456938430608865076e-01
6.881877295648024528e-01
5.911114633212144476e-03
2.185574471775559857e-01
6.728409223270563899e-01
7.287369528769511717e-01
1.956796267487898033e-01
9.514560931579305603e-01
6.714387822039828979e-01
9.922276128241614979e-01
5.733596097888504772e-02
9.660145646530007291e-01
9.999999999999998890e-01
8.952285746072221606e-01
4.671561451418710931e-01
3.902113481689617469e-02
2.942895081510132904e-01
5.926192396512646177e-01
3.823875118272312967e-03
2.049668094942054264e-01
8.984920085935295120e-01
9.770470471146341929e-01
1.018175701568362346e-01
9.592336186370817863e-01
6.726507909975892874e-01
9.694890381574804428e-01
1.359923568871659327e-01
7.569551225887800605e-01
9.716003537238258048e-01
8.894329723672856902e-01
5.712408243296316357e-01
1.008330676085198441e-01
0.000000000000000000e+00
8.234910390734704322e-01
1.791163631455416905e-02
2.540661027550792372e-01
9.218653411270611997e-01
6.297557976150049974e-01
1.448698970268070818e-01
2.635134044878091331e-01
5.153440179532366994e-01
1.000000000000000000e+00
7.021685272651545517e-02
8.492075967418446503e-01
9.739434537321796093e-01
8.268146974444806618e-01
4.536587270537362215e-01
1.277555607124289949e-01
3.610063696899699082e-01
0.000000000000000000e+00
6.556903125887192374e-04
5.466726570473312563e-04
3.025614884602292332e-01
7.126498598812515128e-01
1.005886107882525415e-02
4.920444419558496207e-01
9.594632407206717950e-01
7.420829192288347365e-01
6.984304146636566291e-01
4.876395824775854315e-01
9.388527437306641854e-01
9.659201537479226163e-01
4.636004503283672751e-01
1.916560124783567298e-02
2.857542076392971531e-02
1.956539503008556391e-01
1.737557522790894593e-02
4.488774985939392170e-01
8.537280333765329132e-01
6.924916222148158607e-01
1.168049874798460230e-01
7.106187344914571824e-01
6.818162532852265478e-01
6.487161873909326193e-01
1.000000000000000000e+00
7.928449047987635723e-01
4.444187144669002332e-01
4.696248705795775802e-01
7.543526102000182032e-01
5.694562553077808786e-01
9.963649386829610544e-01
7.495745142617039614e-01
1.029139153413933805e-01
2.074347774397562461e-01
8.836774060299357192e-01
9.793066886734261844e-01
5.272092232325076289e-02
4.687861366821264308e-01
5.639897975354702941e-01
3.862278712007224946e-01
6.780132404896115350e-01
9.454786663462630969e-01
6.197280123843682542e-01
9.801466307810442480e-01
9.387946850114733399e-01
5.903107830624300112e-01
6.465114257650710350e-01
9.844663267110528304e-01
4.816116013790772143e-02
3.473565175707149510e-02
4.043409232066437209e-01
1.775075302481065043e-01
3.359580212796287046e-02
3.918945316600677131e-01
9.921900419121103543e-01
6.021761095336969349e-01
1.996646358960764145e-01
6.532885136693598049e-01
2.841015195134222182e-01
8.416925156458252566e-01
1.063341227942671274e-01
1.347014592063633387e-02
1.610572282371302011e-01
3.110810088036475296e-02
0.000000000000000000e+00
