1.000000000000000000e+00
4.346315391740436240e-01
9.077144311873797111e-01
5.049939800094851439e-01
7.886339636166561640e-01
1.746621145445432788e-01
1.385902241099712384e-02
9.377932789865641716e-01
9.726658750259108421e-01
4.980233182591429220e-01
3.231389997736311415e-01
7.558906608714908160e-01
4.795225283068636490e-01
2.011344863787912773e-01
7.619316031997855898e-01
4.773237403486076391e-01
7.161007214898840179e-01
3.926775472475112494e-01
5.396541111661048440e-01
2.714849375238845841e-01
3.508187676860613502e-01
1.181273494506960287e-01
6.532917344562905182e-03
3.500318940567743731e-01
2.572666221322739144e-03
1.291704924950463906e-02
1.860074115817689222e-02
9.131919141134092754e-03
7.012388534099105453e-01
6.068068696126083239e-01
2.874743580101661866e-01
9.729175175385971208e-01
7.226195752837258901e-01
2.897138487783081917e-01
4.915394159741693358e-01
4.753733331618135161e-01
2.610598133948194288e-01
3.911421277177806743e-03
6.671241884626116780e-03
3.376167303085397808e-01
5.017028536946233075e-02
6.191135165238353943e-02
2.909296027959352715e-01
5.611785389238747035e-01
7.118326904715347458e-01
2.078397348182892124e-01
4.516245193739513164e-01
4.899065425655970696e-01
7.672389649875543949e-01
4.301057385755407969e-01
6.048825641972616074e-01
6.697286818058444391e-01
5.576577455987127285e-01
3.189782313964073523e-02
7.659825725358671011e-03
8.014613318939802777e-01
9.121191695792156828e-01
4.172224762126952591e-01
4.329338744629321889e-01
7.247902776628187826e-01
7.352871682149663135e-01
3.319374348319948931e-01
9.070046806625362557e-01
4.897917745856404381e-01
6.961865702370161335e-01
4.546179780374861590e-01
9.934074375995054496e-01
4.855694063767962421e-01
7.566749878346861191e-01
4.319026326841317598e-01
8.500508777718462916e-03
8.524990896564310638e-01
9.606149504915073578e-01
4.388482820795678307e-01
3.103131235883395123e-01
5.614447434464457931e-01
3.541936912727168263e-01
8.174058781224924353e-01
8.006877212033751690e-01
4.327014878454038538e-01
4.301549333893261995e-01
2.628158374138329645e-01
2.233502039725813182e-01
1.223815729454880152e-02
1.944510057575177253e-03
8.179820314469968268e-03
7.015008410191262422e-01
5.374971852287082630e-01
4.504289037488136138e-01
2.524297802819385761e-01
3.337083518404617699e-01
1.259647641114408634e-02
3.202041683530576499e-02
5.750049619237124210e-01
7.498146533745972953e-01
9.373625905990428109e-01
9.843793337283033296e-01
0.000000000000000000e+00
3.436192243497766530e-01
6.945227477000208705e-01
9.546765149480920254e-01
4.190263255160049383e-01
8.008414666010623684e-01
5.468607949654146205e-01
7.092140002989655301e-01
3.047888708428869720e-03
3.588220041654571757e-03
7.444668900554172186e-01
4.965335134070221201e-01
3.885643636956992442e-02
2.711781671604135413e-01
4.786199315146806299e-01
7.502378277827870257e-01
2.860449548322765434e-01
7.258053584573724848e-01
6.084631384692040790e-01
1.000000000000000000e+00
4.346315391740436240e-01
9.077144311873797111e-01
5.049939800094851439e-01
7.886339636166561640e-01
1.746621145445432788e-01
1.385902241099712384e-02
9.377932789865641716e-01
9.726658750259108421e-01
4.980233182591429220e-01
3.231389997736311415e-01
7.558906608714908160e-01
4.795225283068636490e-01
2.011344863787912773e-01
7.619316031997855898e-01
4.773237403486076391e-01
7.161007214898840179e-01
3.926775472475112494e-01
5.396541111661048440e-01
2.714849375238845841e-01
3.508187676860613502e-01
1.181273494506960287e-01
6.532917344562905182e-03
3.500318940567743731e-01
2.572666221322739144e-03
1.291704924950463906e-02
1.860074115817689222e-02
9.131919141134092754e-03
7.012388534099105453e-01
6.068068696126083239e-01
2.874743580101661866e-01
9.729175175385971208e-01
7.226195752837258901e-01
2.897138487783081917e-01
4.915394159741693358e-01
4.753733331618135161e-01
2.610598133948194288e-01
3.911421277177806743e-03
6.671241884626116780e-03
3.376167303085397808e-01
5.017028536946233075e-02
6.191135165238353943e-02
2.909296027959352715e-01
5.611785389238747035e-01
7.118326904715347458e-01
2.078397348182892124e-01
4.516245193739513164e-01
4.899065425655970696e-01
7.672389649875543949e-01
4.301057385755407969e-01
6.048825641972616074e-01
6.697286818058444391e-01
5.576577455987127285e-01
3.189782313964073523e-02
7.659825725358671011e-03
8.014613318939802777e-01
9.121191695792156828e-01
4.172224762126952591e-01
4.329338744629321889e-01
7.247902776628187826e-01
7.352871682149663135e-01
3.319374348319948931e-01
9.070046806625362557e-01
4.897917745856404381e-01
9.546765149480920254e-01
4.190263255160049383e-01
8.008414666010623684e-01
5.468607949654146205e-01
7.092140002989655301e-01
3.047888708428869720e-03
3.588220041654571757e-03
7.444668900554172186e-01
4.965335134070221201e-01
3.885643636956992442e-02
2.711781671604135413e-01
4.786199315146806299e-01
7.502378277827870257e-01
2.860449548322765434e-01
7.258053584573724848e-01
6.084631384692040790e-01
9.905141801693531090e-01
2.959991587277053249e-01
5.798807355399289154e-01
5.919377396178020501e-01
2.187479459909655866e-01
8.932979882169811425e-02
8.151748339926057074e-02
3.080737752585713807e-01
4.223005848904333170e-01
1.375580801329878144e-01
2.489605492745470272e-01
7.238597269757471864e-01
8.247174758940976069e-01
1.119797960990611685e-01
4.385735139306059516e-01
6.849333663730508004e-01
8.696472280148419554e-01
4.290473119730906504e-01
8.059566032647866862e-01
7.573868022625386276e-01
2.978311030709939189e-01
9.783824653579742403e-04
3.870392459079852188e-02
2.683012653330547614e-01
6.669542121300691129e-01
4.060001566562854158e-02
3.164392622522189669e-01
4.099830867111027288e-01
7.737516919326860032e-01
3.418281941459522244e-02
2.928546520126280583e-01
6.629380940173722481e-01
9.342084740316538571e-01
9.040976598046057688e-02
6.559249460938860743e-01
9.022227612214991366e-01
3.823712773579241997e-01
4.719143560420346883e-02
1.287053456243151262e-01
3.510737520354791918e-01
5.792658445844542925e-01
1.822200032796289504e-01
2.682111629877428349e-01
4.415288348145596231e-01
8.636011380104291479e-01
1.020742805338561432e-01
5.401346287456330053e-01
5.591980781467399408e-01
8.512011042305529518e-01
5.753153484869004686e-01
7.143230965224880435e-01
8.824032004387546424e-01
3.967439513897361714e-01
6.910355773516518862e-02
2.542706762724489256e-02
1.125909516750076556e-01
4.549464066683461816e-01
1.853232999746733389e-01
2.754635417074227099e-01
7.480196481322902713e-01
9.849468787659836355e-01
7.115734793819461501e-02
6.468520760392877378e-01
5.101652261530306154e-01
8.244479342615873563e-01
7.349275419297685019e-01
5.270187056167885409e-01
8.663618736708328383e-01
9.540554559897422848e-01
0.000000000000000000e+00
4.282160363219977839e-02
5.176679441572584750e-02
5.062487794553307552e-01
1.307121065462636400e-01
3.088433613623507989e-01
6.371555641534358827e-01
7.998696411435450848e-01
4.066018167783180814e-03
9.361435270335354275e-01
5.870348693049073363e-01
9.999999999999997780e-01
4.346315391740465106e-01
9.077144311873691640e-01
5.049939800094844777e-01
7.886339636166495026e-01
1.746621145445506063e-01
1.385902241100694932e-02
9.377932789865544017e-01
9.726658750258985187e-01
4.980233182591526919e-01
3.231389997736391351e-01
7.558906608715048048e-01
4.795225283068589306e-01
2.011344863788016024e-01
7.619316031997978023e-01
4.773237403486144670e-01
7.161007214898915674e-01
3.926775472475234618e-01
5.396541111660941858e-01
2.714849375238717055e-01
3.508187676860630155e-01
1.181273494506904775e-01
6.532917344567512608e-03
3.500318940567657133e-01
2.572666221338004711e-03
1.291704924950343170e-02
1.860074115818943774e-02
9.131919141138311602e-03
7.012388534099125437e-01
6.068068696126093231e-01
2.874743580101765117e-01
9.729175175386035601e-01
7.226195752837063502e-01
2.897138487782981997e-01
4.915394159741695024e-01
4.753733331618155145e-01
2.610598133948072164e-01
3.911421277189408574e-03
6.671241884636788799e-03
3.376167303085226834e-01
5.017028536947210071e-02
6.191135165239541882e-02
2.909296027959172304e-01
5.611785389238636013e-01
7.118326904715300829e-01
2.078397348182897675e-01
4.516245193739499841e-01
4.899065425655830808e-01
7.672389649875468454e-01
4.301057385755524543e-01
6.048825641972684908e-01
6.697286818058431068e-01
5.576577455987068443e-01
3.189782313965894289e-02
7.659825725363278437e-03
8.014613318939832753e-01
9.121191695792139065e-01
4.172224762126759412e-01
4.329338744629080971e-01
7.247902776628121213e-01
7.352871682149640931e-01
3.319374348320031087e-01
9.070046806625273739e-01
4.897917745856436578e-01
