4.277173983082122044e-02
4.323760790884567662e-02
4.059432789297529043e-02
5.321867110036643256e-02
6.730630946340065979e-02
4.389721050667083624e-02
3.462998274116424469e-01
9.284114214791869824e-01
7.583606473882076315e-02
5.231976318552411520e-02
9.753101596237367943e-02
5.890476944746581012e-01
8.002479697699067529e-01
6.164564113009429747e-02
2.549134423143373240e-02
3.505511193051269458e-02
5.558393347347605484e-01
9.494257858159915742e-02
9.431327688353956518e-01
1.582534775104811331e-01
9.547527670663098487e-01
7.493677773617495319e-01
2.347783465784063495e-01
9.964054093397667344e-02
8.612840609934293568e-01
2.070515598657873824e-01
8.481661273191354322e-01
1.941846624723686521e-02
1.870770645818278094e-02
1.600635713474855143e-02
2.216992816447857506e-02
1.694915254237289171e-02
1.908049914476656062e-02
1.608944811261989738e-01
1.630379746835444177e-01
1.379268879268878978e-01
2.810457516339868178e-01
1.840968647231322475e-01
6.633597295133017990e-01
2.793481875623544664e-01
2.982456140350877583e-01
4.937904967602591011e-02
9.613246313753953665e-02
3.002958579881656043e-01
3.551316984559491630e-01
2.066362796034807436e-01
1.668432203389831336e-01
2.326530612244894769e-01
3.940886699507388791e-01
2.802982566687670651e-01
4.175365344467640849e-01
6.943554006968641890e-01
4.104104104104105977e-01
0.000000000000000000e+00
7.812500000000000000e-01
7.830882352941176405e-01
8.644067796610169774e-01
8.000000000000000444e-01
1.000000000000000000e+00
8.712800591283967888e-01
0.000000000000000000e+00
0.000000000000000000e+00
0.000000000000000000e+00
0.000000000000000000e+00
0.000000000000000000e+00
0.000000000000000000e+00
0.000000000000000000e+00
0.000000000000000000e+00
0.000000000000000000e+00
0.000000000000000000e+00
8.744939271255061097e-01
0.000000000000000000e+00
0.000000000000000000e+00
0.000000000000000000e+00
0.000000000000000000e+00
0.000000000000000000e+00
0.000000000000000000e+00
0.000000000000000000e+00
0.000000000000000000e+00
0.000000000000000000e+00
0.000000000000000000e+00
3.013193362506663697e-02
3.019714702847930976e-02
2.696767844367914391e-02
3.764595783072502422e-02
5.729919823173945659e-02
3.058646693762676061e-02
7.556231895832690171e-01
9.321307142142114532e-01
6.461098738676054332e-01
3.364246213617478887e-01
7.212138674130326166e-01
8.484068342642780980e-01
8.527898394860169429e-01
7.081160512036617227e-01
3.774793566725715976e-01
6.227035325739764815e-01
8.368266701854158995e-01
8.035950102518527594e-01
9.536836273655600049e-01
7.513664473485111017e-01
9.239634364780457965e-01
9.343279830015265297e-01
8.053665546717490020e-01
7.903679474773497304e-01
9.318469589339128945e-01
8.484073517120911401e-01
9.592861649158157533e-01
9.111069728224712588e-03
9.119277902068109731e-03
7.581552450417469030e-03
1.259752996338638076e-02
2.875525692604889716e-02
9.265751212520940971e-03
7.220442099234106736e-01
9.174874733276573435e-01
6.058968970709960322e-01
3.121688536339259912e-01
6.784662493190780630e-01
8.191181020294399096e-01
8.258186283950199602e-01
6.766411003218690823e-01
3.568306544255377410e-01
5.944508049845913522e-01
8.085871184421209446e-01
7.749420725250356634e-01
9.424229806863890779e-01
7.244741491784616461e-01
9.048424102723008344e-01
9.197496958735054129e-01
7.696650573300526377e-01
7.538207526170601636e-01
9.194216040342945151e-01
8.186322006895675463e-01
9.479170377495955702e-01
6.690454950936663980e-02
6.696629213483148990e-02
6.170598911070782067e-02
7.641196013289036637e-02
1.250000000000000000e-01
6.661382138357355154e-02
3.120017538265305035e-01
9.204287775716344377e-01
9.633278598795813608e-02
4.825609173435263521e-02
5.940094657766792352e-02
4.549450549450551051e-01
1.000000000000000000e+00
5.685618729096963975e-02
2.815898456801324556e-02
4.974948423224301308e-02
2.493718828514648322e-01
8.786997885835079458e-02
9.083604280249382157e-01
1.333333333333337478e-01
9.492113397019732446e-01
7.750000000000003553e-01
2.881072026800666208e-01
9.053497942386812269e-02
8.249216401202579263e-01
7.410327158060692199e-02
7.277992277992277881e-01
