5.090998922564282658e-02
5.164116186732320424e-02
4.903751495848901465e-02
6.281294269423193244e-02
8.567205307320402419e-02
5.243073782815454997e-02
2.696069543657246825e-01
9.582277744511566997e-01
4.833722708094034815e-02
4.871955655208748404e-02
6.745713916275963840e-02
5.313325047092352094e-01
8.870932527728436767e-01
4.023421915041280883e-02
3.189590446727663675e-02
3.223379206768761662e-02
5.432036354888349905e-01
1.585770547318032797e-02
1.000000000000000000e+00
1.033504754155716299e-01
9.450342413781520623e-01
9.430880098723637417e-01
2.074581990035744283e-01
8.086346563789170716e-02
6.915313815264205743e-01
1.432812871885804640e-01
8.150901675581823103e-01
2.322734228872641582e-02
2.107285986466066879e-02
1.702803950505164809e-02
2.018825860787713811e-02
3.389830508474578341e-02
2.061531883215152183e-02
4.229226361031519499e-01
5.484687627603102023e-01
1.878787878787878673e-01
3.583333333333331705e-01
5.316697577699092125e-02
3.286840466233650893e-01
7.098674521354935152e-01
2.677345537757438443e-01
1.019438444924405940e-01
3.027260763301371504e-01
4.487179487179486781e-01
5.405313351498637342e-01
1.127125437745243319e-01
4.500000000000001776e-01
7.202380952380953438e-01
4.608294930875573847e-01
6.775362318840578713e-01
6.116910229645093899e-01
1.910329670329673490e-01
8.694743130227001737e-01
0.000000000000000000e+00
7.890625000000000000e-01
8.088235294117647189e-01
8.813559322033898136e-01
9.000000000000000222e-01
1.000000000000000000e+00
8.652929577774126635e-01
0.000000000000000000e+00
0.000000000000000000e+00
0.000000000000000000e+00
0.000000000000000000e+00
0.000000000000000000e+00
0.000000000000000000e+00
0.000000000000000000e+00
0.000000000000000000e+00
0.000000000000000000e+00
0.000000000000000000e+00
0.000000000000000000e+00
0.000000000000000000e+00
0.000000000000000000e+00
0.000000000000000000e+00
0.000000000000000000e+00
0.000000000000000000e+00
0.000000000000000000e+00
0.000000000000000000e+00
0.000000000000000000e+00
0.000000000000000000e+00
6.688034188034188698e-01
3.223826502734086774e-02
3.244544161974671770e-02
2.968960389237640385e-02
4.124046026857094982e-02
6.751694355109305601e-02
3.319092001937343217e-02
7.532336553756966424e-01
8.681182177195803096e-01
6.973042344650521862e-01
3.853973373282721937e-01
6.724995733214100824e-01
8.143478551626437412e-01
8.812592319758658643e-01
7.285842905294557248e-01
4.522078175138712908e-01
7.040661911523073968e-01
8.320810340858582066e-01
7.308377523818330168e-01
9.612251826971640600e-01
6.716664118039652465e-01
8.584541705421973035e-01
9.237029696320613326e-01
8.032442239556460972e-01
7.887572080798350704e-01
8.389717238870333382e-01
7.836152404172322949e-01
9.564566103031610922e-01
9.796810313459029113e-03
9.850746487700394460e-03
8.406484016248817054e-03
1.390285623589729985e-02
3.424752266679666202e-02
1.011689291274091990e-02
7.194335643340848963e-01
8.416179179242727626e-01
6.601832019277916741e-01
3.596613913299360199e-01
6.256742733631595055e-01
7.799186718734586465e-01
8.587777892742289865e-01
6.984705160994995055e-01
4.304407615380383412e-01
6.790106153525663490e-01
8.031849838387048468e-01
6.951257232693025534e-01
9.517235253163194297e-01
6.399206810385531519e-01
8.253831099373650781e-01
9.069586786324268513e-01
7.672485365033617777e-01
7.520042514179492432e-01
8.125398205065131885e-01
7.443597006841909947e-01
9.443332102244279547e-01
7.671721677074039292e-02
7.730337078651686178e-02
7.441016333938291205e-02
8.637873754152819439e-02
1.250000000000000000e-01
7.843375757183831953e-02
1.878720238095228368e-01
9.593855218855218414e-01
4.863343037156431237e-02
3.580290677064867921e-02
5.940094657766792352e-02
3.991980712526839170e-01
1.000000000000000000e+00
2.812241521918945608e-02
1.045905141097636104e-02
4.608562622916689833e-02
8.986307194259879338e-02
0.000000000000000000e+00
9.184359830588464391e-01
9.890109890109943791e-02
9.284058413167670665e-01
9.234042553191486036e-01
2.881072026800666208e-01
0.000000000000000000e+00
6.397641422517041931e-01
7.410327158060692199e-02
6.771978021978021234e-01
