4.538094848394869096e-02
4.584029159743807647e-02
4.332881536985255799e-02
5.560762151025566702e-02
7.189104629501597010e-02
4.654697983660294192e-02
1.884460058768109292e-01
9.481455360794004417e-01
5.464766578237911787e-02
6.532228076079538148e-02
1.753197679703992762e-01
4.661238877517455137e-01
8.533158107878255905e-01
3.105499829388058686e-02
8.851661166164337402e-02
5.889938058506771767e-02
4.998880444054432104e-01
5.970797155634421927e-02
8.701996697162330818e-01
1.422297326444925680e-01
9.520047135340157229e-01
8.455852780180723727e-01
2.576273772631969550e-01
1.452611186583707692e-01
7.063939188526573432e-01
3.951837964083946275e-01
8.301685041694937262e-01
3.740860397891516975e-03
3.843374285526578171e-03
4.540810534680438104e-03
4.706465196928411032e-03
5.932203389830509321e-02
4.168621814798843805e-03
4.229226361031519499e-01
1.370067014147431372e-01
6.140309343434343647e-01
3.952205882352943789e-02
9.425054796830217851e-02
2.341873832191476157e-01
3.230240549828178320e-01
1.578947368421055319e-01
1.429700258125691237e-01
1.611444393170280431e-01
3.137887753272368130e-01
4.540115046927037934e-01
5.478102189781020037e-02
4.500000000000001776e-01
5.582706766917295838e-01
6.493506493506493449e-01
2.764227642276422259e-01
4.175365344467640849e-01
3.079047619047621254e-01
4.429012345679012030e-01
0.000000000000000000e+00
7.421875000000000000e-01
7.352941176470587648e-01
8.813559322033898136e-01
8.333333333333333703e-01
1.000000000000000000e+00
8.305308744210233574e-01
0.000000000000000000e+00
0.000000000000000000e+00
0.000000000000000000e+00
0.000000000000000000e+00
0.000000000000000000e+00
0.000000000000000000e+00
0.000000000000000000e+00
0.000000000000000000e+00
0.000000000000000000e+00
0.000000000000000000e+00
8.000000000000000444e-01
0.000000000000000000e+00
0.000000000000000000e+00
0.000000000000000000e+00
0.000000000000000000e+00
0.000000000000000000e+00
0.000000000000000000e+00
0.000000000000000000e+00
0.000000000000000000e+00
0.000000000000000000e+00
9.098837209302325091e-01
2.430948202403382385e-02
2.409608697346266037e-02
2.253510331934255317e-02
2.923214060479409349e-02
5.919475849414446156e-02
2.476161262995391077e-02
7.594634341859802795e-01
8.899931036991206579e-01
6.703930109185436415e-01
4.063583398071521913e-01
6.971771450719956853e-01
7.348884584667481068e-01
8.734518965749320518e-01
7.553894247238237547e-01
5.290013793223371508e-01
5.893671496286163602e-01
8.151238521416095395e-01
8.004035946392731304e-01
9.238665074205274497e-01
7.002493904547413273e-01
8.874560899853771723e-01
9.132054024556706118e-01
8.258443805140960325e-01
7.701631744333621299e-01
8.825723561192360123e-01
8.260136732076348576e-01
9.443207982617933816e-01
7.248709685593834190e-03
7.170999802671808310e-03
6.261604884430654189e-03
9.611948518631376059e-03
2.976582662804051760e-02
7.397479772884081595e-03
7.262441553105599690e-01
8.673313423043195192e-01
6.315317140459982825e-01
3.801481275708478158e-01
6.522913961347274192e-01
6.905207647034498075e-01
8.497045397786384680e-01
7.272512100496579812e-01
5.071075243102640684e-01
5.602642723049438001e-01
7.839581012703400464e-01
7.714007127862846369e-01
9.059353038047801565e-01
6.700339312288048355e-01
8.602727508102517850e-01
8.943737706499976792e-01
7.930868555415139243e-01
7.311178167002909678e-01
8.622955458230264769e-01
7.927420671336661284e-01
9.290152290622097908e-01
7.493309545049064990e-02
7.595505617977529877e-02
7.259528130671508150e-02
8.305647840531560355e-02
1.250000000000000000e-01
7.659608769456530131e-02
1.435964513193805914e-01
9.462208289794495908e-01
7.592534008225237940e-02
3.580290677064867921e-02
2.452684245787590811e-01
4.549450549450551051e-01
9.172932330827059388e-01
0.000000000000000000e+00
1.024987038275675388e-01
7.514245014245002352e-02
0.000000000000000000e+00
5.970819304152641394e-02
8.188520088865054447e-01
1.333333333333337478e-01
9.444255713082818637e-01
8.188679245283019270e-01
2.881072026800666208e-01
1.059259259259253128e-01
5.740740740740735149e-01
2.276029055690065306e-01
6.893552875695733162e-01
