3.570502700044542177e-02
3.570580481717289256e-02
3.314847374448387507e-02
4.216621915221119288e-02
6.217835457558640311e-02
3.623271608399214472e-02
2.430387412165746497e-02
9.452329757155764067e-01
7.781140337455338951e-02
8.236526671688282342e-02
3.160261310105747512e-01
0.000000000000000000e+00
4.970212131706785996e-01
1.865084009160766776e-01
1.446012993303043004e-01
1.042720094174827139e-01
7.168398603127714708e-01
2.134208056107667062e-01
4.679965371505563354e-01
1.031906778784694723e-01
8.814390258348800966e-01
9.025401834981074956e-01
7.766441905954479807e-02
1.232513717941081666e-01
8.107681399454014226e-01
8.129570098392857602e-01
8.577910462239595191e-01
9.930283965312022842e-03
1.330398791143815040e-02
1.214666818027017314e-02
2.031211295516471838e-02
1.694915254237289171e-02
1.257756849428126600e-02
3.581199741196046116e-01
1.901317489020926121e-01
1.223169191919192267e-01
1.673875432525950835e-01
9.425054796830217851e-02
1.310124548084203866e-01
2.040958484257453520e-01
5.488721804511280666e-01
2.421166306695464177e-01
1.463849636438470103e-01
5.628887877408588203e-01
3.913072373230546130e-01
4.782280392650395395e-02
4.500000000000001776e-01
3.088235294117644969e-01
4.511278195488719334e-01
4.006734006734007369e-01
3.554070981210855074e-01
4.164285714285715923e-01
5.521885521885522286e-01
0.000000000000000000e+00
0.000000000000000000e+00
0.000000000000000000e+00
0.000000000000000000e+00
3.333333333333332593e-02
1.000000000000000000e+00
0.000000000000000000e+00
0.000000000000000000e+00
0.000000000000000000e+00
0.000000000000000000e+00
0.000000000000000000e+00
0.000000000000000000e+00
0.000000000000000000e+00
0.000000000000000000e+00
0.000000000000000000e+00
0.000000000000000000e+00
0.000000000000000000e+00
4.453608247422680688e-01
0.000000000000000000e+00
0.000000000000000000e+00
0.000000000000000000e+00
0.000000000000000000e+00
0.000000000000000000e+00
0.000000000000000000e+00
0.000000000000000000e+00
0.000000000000000000e+00
0.000000000000000000e+00
4.241192411924118999e-01
1.422472061305973812e-02
1.404167332282210690e-02
1.272053978611520364e-02
1.689612538999193947e-02
3.065288867099230652e-02
1.427017719369652604e-02
7.700823859927834469e-01
9.209232525335215858e-01
6.905097892517999547e-01
4.838851798774141955e-01
7.254216114057907561e-01
7.897517675801493109e-01
8.402449501106856733e-01
9.231708446453623651e-01
5.754758602054081962e-01
6.672611818639486714e-01
9.543274203258071964e-01
8.862571214770325057e-01
9.088733687692684970e-01
7.186881090887569101e-01
8.844589966943172676e-01
9.298386496789752265e-01
8.441641612549763973e-01
8.044003894583160452e-01
9.478063900366220373e-01
9.258672960489697790e-01
9.476582478441688551e-01
4.138404705383843390e-03
4.077190638586858373e-03
3.442294583756732446e-03
5.411580794722252452e-03
1.495134879547814488e-02
4.155532089850366706e-03
7.378856638671832391e-01
9.040670653294869963e-01
6.529253429702425171e-01
4.567504413970504551e-01
6.830735507427980746e-01
7.519388878996259296e-01
8.114058867835012290e-01
9.123699793919652912e-01
5.540086652971512038e-01
6.405621420070291006e-01
9.453132438939051418e-01
8.679566044215246690e-01
8.877592403055549752e-01
6.895846282810409456e-01
8.566460009754116589e-01
9.143386274343774378e-01
8.142022423949534238e-01
7.696941706464279775e-01
9.381277143278964337e-01
9.099770729477448805e-01
9.332192539243113760e-01
6.333630686886709826e-02
6.157303370786518237e-02
5.807622504537204855e-02
6.976744186046507368e-02
1.250000000000000000e-01
6.416940748303232023e-02
4.600947521865794698e-02
9.332364743323646739e-01
9.633278598795813608e-02
7.399267399267395184e-02
3.759884091069984891e-01
3.092436974790047088e-02
5.217391304347831493e-01
1.783216783216783341e-01
1.220222664613901387e-01
1.534824513547916602e-01
4.234616878609784862e-01
2.198347107438016756e-01
3.226640332278023493e-01
9.890109890109943791e-02
8.679843939515095030e-01
9.234042553191486036e-01
6.648627754155445047e-02
7.014961981849410222e-02
7.772079772079774074e-01
3.885903265812320484e-01
7.413160469667319230e-01
