9.533011995467974842e-01
9.533356487214412756e-01
9.514154634036005032e-01
9.545545490356945884e-01
9.500994022787944138e-01
9.529930219477048547e-01
9.106400256065345644e-01
3.399856490408947884e-02
9.289842739568143770e-01
9.544179897516007482e-01
8.714671239756706100e-01
4.761726300749629104e-01
3.299858099540804446e-01
9.785000897571443090e-01
9.341216865668022784e-01
9.002553477386019409e-01
6.018438464702224877e-02
8.342278436070582615e-01
9.436264953928041876e-02
9.115514777154634096e-01
3.628944363180020005e-02
1.023271456113707956e-01
9.503277292387179997e-01
9.096593518742599471e-01
1.431670660965265185e-01
7.476184258681755068e-01
2.378346974413314552e-02
4.760754973643938071e-01
4.521713422245581815e-01
4.007832898172324354e-01
4.872430022293782192e-01
8.559322033898304483e-01
4.608563020657840958e-01
4.944362533730213283e-01
3.478929658708540540e-01
0.000000000000000000e+00
1.264705882352941124e-01
6.557260345828885839e-01
8.311705948740527594e-02
1.738598637078456743e-01
2.763157894736842923e-01
1.319808701018204133e-01
7.254483925549914947e-01
7.766272189349110455e-02
7.452684291921363169e-02
3.261515227787565863e-01
6.716417910447762818e-01
0.000000000000000000e+00
3.174603174603172207e-01
1.135563905290151165e-01
5.587397988233060442e-01
4.164285714285715923e-01
1.615445232466509173e-01
0.000000000000000000e+00
1.000000000000000000e+00
9.926470588235293269e-01
9.999999999999998890e-01
9.666666666666666741e-01
1.000000000000000000e+00
9.889081237350435538e-01
0.000000000000000000e+00
0.000000000000000000e+00
0.000000000000000000e+00
0.000000000000000000e+00
0.000000000000000000e+00
0.000000000000000000e+00
0.000000000000000000e+00
0.000000000000000000e+00
0.000000000000000000e+00
0.000000000000000000e+00
6.728971962616822067e-01
0.000000000000000000e+00
0.000000000000000000e+00
0.000000000000000000e+00
0.000000000000000000e+00
0.000000000000000000e+00
0.000000000000000000e+00
0.000000000000000000e+00
0.000000000000000000e+00
0.000000000000000000e+00
9.892541087231353225e-02
8.831273590269838047e-01
8.778050784126376627e-01
8.552155840190798219e-01
8.785907984685354943e-01
9.421639676304173205e-01
8.772797604729087872e-01
3.649317649919225914e-02
5.568921525485648338e-02
4.542432869377188709e-02
2.572348196120799457e-02
9.422293429570660628e-02
3.751055408596148943e-02
6.367280550881737611e-02
1.198756050984868260e-01
1.957150074969966624e-01
9.391247886358433661e-02
5.230501838699352923e-02
4.926370818214920178e-02
6.906439209597525775e-02
5.758701012160472033e-02
6.449809129007855191e-02
3.046693138643963294e-02
4.628615227585508585e-02
5.931244934526436197e-02
7.731807137041046829e-02
4.521903345547317876e-02
6.345627306597223516e-02
8.088857979324953762e-01
8.006030735336718829e-01
7.637373803318123766e-01
8.048402082384659151e-01
9.133690061962187468e-01
7.998660843072610271e-01
3.009923456673624376e-02
4.351690097257610024e-02
3.779844321400782636e-02
2.300047357083445654e-02
7.607803217141329011e-02
2.928876657848089593e-02
5.086418768886158404e-02
1.038089570494835634e-01
1.818831695574885110e-01
8.367979005097647693e-02
4.205357424579470038e-02
4.076081783045171214e-02
5.267366189950917210e-02
4.977465135212799652e-02
4.807611309498227570e-02
2.344885437603838607e-02
3.623202129482716582e-02
4.700527655716368880e-02
6.336043120809065066e-02
3.522371955160741308e-02
4.615653407862452262e-02
9.438001784121320403e-01
9.397752808988765194e-01
9.419237749546278682e-01
9.501661129568105268e-01
8.750000000000000000e-01
9.404738261406997424e-01
9.195841165413529694e-01
2.525252525252519309e-02
9.518757104963997406e-01
9.605775390528754620e-01
9.219596019719515922e-01
9.223057644110266295e-01
3.486842105263168179e-01
9.617419617419615818e-01
9.467244811659563108e-01
8.922920711432462682e-01
1.857390575721247217e-01
9.040450375312767406e-01
1.223252261543352759e-01
9.166666666666669627e-01
3.460938429017912377e-02
1.255060728744945564e-01
9.489035391022389021e-01
9.370370370370366686e-01
1.632921810699587972e-01
8.747092057161847123e-01
1.352611940298509285e-02
