9.649772326198000627e-01
9.648194689505036337e-01
9.646704638866503423e-01
9.670067530875716688e-01
9.588324929803037078e-01
9.651989439366824852e-01
9.190506745309914294e-01
4.048035803268557054e-02
9.530426446148929642e-01
9.794269835493214504e-01
9.289158939837198758e-01
5.060914791877095809e-01
2.536827900630411747e-01
9.363622672544793524e-01
9.365921674605823810e-01
9.142131505896502475e-01
5.681301681384809399e-02
8.761506541293604400e-01
7.161972440060893064e-02
9.536002350993348919e-01
3.296823969652895592e-02
1.209930718866605304e-01
8.575076738330729142e-01
9.255456788775564547e-01
7.983863440125915645e-02
7.850487704377151488e-01
2.236627610083574691e-02
3.878251997959530906e-01
3.936666447670980618e-01
3.791009195141333277e-01
4.275452068367599501e-01
2.796610169491525744e-01
3.939103857050083590e-01
4.768736674859790359e-01
3.478929658708540540e-01
4.483471074380174226e-02
1.264705882352941124e-01
5.316697577699092125e-02
2.159323459706055659e-01
4.050817452879307279e-01
3.208828522920204041e-01
1.319808701018204133e-01
3.249746192893401275e-01
7.766272189349110455e-02
5.148606162230142669e-01
3.261515227787565863e-01
5.331156716417910779e-01
0.000000000000000000e+00
3.174603174603172207e-01
9.999999999999997780e-01
5.587397988233060442e-01
4.164285714285715923e-01
1.615445232466509173e-01
0.000000000000000000e+00
9.921875000000000000e-01
9.264705882352940458e-01
9.830508474576270528e-01
9.333333333333332371e-01
1.000000000000000000e+00
9.889081237350435538e-01
0.000000000000000000e+00
0.000000000000000000e+00
0.000000000000000000e+00
0.000000000000000000e+00
0.000000000000000000e+00
0.000000000000000000e+00
0.000000000000000000e+00
0.000000000000000000e+00
0.000000000000000000e+00
0.000000000000000000e+00
6.084507042253521902e-01
0.000000000000000000e+00
0.000000000000000000e+00
0.000000000000000000e+00
0.000000000000000000e+00
0.000000000000000000e+00
0.000000000000000000e+00
0.000000000000000000e+00
0.000000000000000000e+00
0.000000000000000000e+00
1.065350578624914835e-01
8.966952014270429538e-01
8.939938859377580815e-01
8.783813952075141263e-01
8.963615889962543992e-01
9.193430140779091930e-01
8.935656769590403226e-01
9.624289690604248548e-02
8.738364700420420128e-02
6.179630916516387629e-02
1.196374642978081937e-01
6.790688094117336426e-02
1.054271582748216307e-01
4.964574484384476349e-02
9.886541372412649409e-02
1.855144391977940899e-01
5.302223609356060408e-02
5.755813660210207239e-02
1.220244258603524479e-01
7.151309010980200220e-02
3.947224018040706994e-02
7.373607150414485112e-02
7.254603672661263936e-02
9.591583523682878365e-02
3.795426339840046737e-02
5.510637346983715545e-02
5.785364567147976977e-02
8.849788492516807992e-02
8.300642155698854108e-01
8.257847110620587516e-01
7.994584381983003141e-01
8.321325786443537487e-01
8.801588048067794379e-01
8.251789894514037771e-01
8.042595075609149102e-02
6.892475953926402443e-02
5.159981032718274907e-02
1.081937833357893286e-01
5.444983391976199183e-02
8.394959522051848033e-02
3.950924077736717166e-02
8.529839401752958850e-02
1.722372267208607255e-01
4.698422183589157086e-02
4.633964661925660256e-02
1.025749181142215916e-01
5.458586399366927022e-02
3.401443435760742595e-02
5.514738608270319808e-02
5.656029318508437598e-02
7.616549662044524993e-02
2.990004634652498883e-02
4.491896496232528069e-02
4.523477431100753066e-02
6.501629485510562745e-02
9.438001784121320403e-01
9.366292134831460947e-01
9.437386569872958653e-01
9.501661129568105268e-01
8.750000000000000000e-01
9.404603343536830362e-01
9.128505696757223120e-01
2.525252525252519309e-02
9.784270426363170792e-01
9.870545028025343726e-01
9.497294200296737543e-01
9.000555864369097492e-01
2.048192771084327291e-01
9.393777218452545874e-01
9.331281733404901413e-01
9.079406686793234371e-01
1.229779148308587367e-01
9.404040404040405754e-01
8.833651561055155810e-02
9.554455445544558501e-01
3.285457450320694583e-02
7.469879518072275459e-02
8.833609089260727742e-01
9.633996148506422941e-01
1.056183157417209806e-01
9.499200511672531988e-01
1.352611940298509285e-02
