4.314108080267115009e-02
4.345662714827280837e-02
4.024795314612150676e-02
5.298516085805643483e-02
6.278807663742647094e-02
4.395549859470965215e-02
3.655297651341138376e-01
9.100219834624272419e-01
7.262023658736049825e-02
7.806858844721764612e-03
3.211047028625513278e-01
3.745181240009554102e-01
7.748095201821110223e-01
9.465373587757275331e-02
3.138412388080480397e-02
9.085727251651043446e-02
4.997902673677518948e-01
9.797708790856818339e-02
7.709060455134340017e-01
1.201866889653144810e-01
9.947983160595581520e-01
8.126888317472875656e-01
9.783464208348036095e-02
1.153332788970509171e-01
7.286140299482513072e-01
5.325605752196853615e-01
8.449067623641950409e-01
5.645298418636292281e-03
5.370869193876880165e-03
5.051651719831989906e-03
1.052761951944512775e-02
2.542372881355933756e-02
6.006227313239631549e-03
2.106017191977078706e-01
3.105485232067510815e-01
9.251606978879711729e-02
4.742647058823528106e-01
1.057157309054121974e-01
6.630089311370390703e-02
6.069171932158297089e-01
3.421052631578949121e-01
4.937904967602591011e-02
6.752719361856418523e-02
5.628887877408588203e-01
3.913072373230546130e-01
3.236009732360095592e-02
2.437500000000001332e-01
4.404761904761906877e-01
3.174603174603172207e-01
2.129697862932939945e-01
2.672233820459288811e-01
1.242490842490844294e-01
9.999999999999998890e-01
0.000000000000000000e+00
8.046875000000000000e-01
8.125000000000000000e-01
8.983050847457626498e-01
9.000000000000000222e-01
1.000000000000000000e+00
8.653441908582995001e-01
0.000000000000000000e+00
0.000000000000000000e+00
0.000000000000000000e+00
0.000000000000000000e+00
0.000000000000000000e+00
0.000000000000000000e+00
0.000000000000000000e+00
0.000000000000000000e+00
0.000000000000000000e+00
0.000000000000000000e+00
7.176079734219269479e-01
0.000000000000000000e+00
0.000000000000000000e+00
0.000000000000000000e+00
0.000000000000000000e+00
0.000000000000000000e+00
0.000000000000000000e+00
0.000000000000000000e+00
0.000000000000000000e+00
0.000000000000000000e+00
8.968481375358166030e-01
2.371806258080455532e-02
2.335618035953790361e-02
2.096553820907826049e-02
2.762755640098610299e-02
4.741310723419733808e-02
2.372964453396628204e-02
7.869398611611466698e-01
8.772630360113822245e-01
6.459159962393017373e-01
3.779712633210108308e-01
7.555333115469955452e-01
7.629308643712355842e-01
8.964276819303627075e-01
7.662232254323013692e-01
3.802464879840288248e-01
6.164480402812602122e-01
8.215629205174037608e-01
7.571754000834709508e-01
8.839183455592365402e-01
6.820442475597698895e-01
8.654255330365754340e-01
9.142617829715402600e-01
8.360942807508793262e-01
7.891008568015660529e-01
9.015476503943498088e-01
8.747854581374088223e-01
9.776599455904975144e-01
7.062267727177804627e-03
6.938365303932242378e-03
5.801174295016819221e-03
9.053688016568438302e-03
2.354628834531964643e-02
7.071573031017144850e-03
7.564506649173653452e-01
8.523404951784473438e-01
6.056930621694563976e-01
3.524262448879214027e-01
7.162642980117428504e-01
7.217422678615842413e-01
8.764805895020810755e-01
7.389455672136562292e-01
3.595388766007712178e-01
5.880154127394698893e-01
7.912450254040126474e-01
7.237967641201866753e-01
8.577606065218545961e-01
6.508269271567399539e-01
8.337279386945449788e-01
8.956378327323990529e-01
8.048820556056009989e-01
7.523917030487683455e-01
8.841818925133154705e-01
8.494267144803840930e-01
9.713021145961266978e-01
7.493309545049064990e-02
7.528089887640451727e-02
7.078039927404719545e-02
8.305647840531560355e-02
1.250000000000000000e-01
7.574157316285137775e-02
3.357712765957439061e-01
9.204287775716344377e-01
6.920581521086122123e-02
0.000000000000000000e+00
2.838902381893744220e-01
2.479784366576822663e-01
7.555555555555564240e-01
1.162393162393162704e-01
4.750575616603636142e-02
1.446137719722626613e-01
6.107066518811343769e-02
1.244652406417112722e-01
7.603272732959922564e-01
1.333333333333337478e-01
9.864488582208261747e-01
7.750000000000003553e-01
1.206030150753774066e-01
9.053497942386812269e-02
6.509314538419017637e-01
2.276029055690065306e-01
7.018327067669172248e-01
