9.526255759733834871e-01
9.527041450672399936e-01
9.509719369877294159e-01
9.535592266546097928e-01
9.481508432317814483e-01
9.523664011565812215e-01
8.419217626714043945e-01
3.049611111921524120e-02
9.354868168052590249e-01
9.580869119156159019e-01
9.185196872103711385e-01
4.059376829536400777e-01
2.769973151303224412e-01
9.639807858200071244e-01
9.394329480074850025e-01
9.496487419047090484e-01
5.327912312620863844e-02
9.024935454574025684e-01
7.394442781882659688e-02
9.404027289453336103e-01
3.049098311998732491e-02
1.660683238910625192e-01
9.352907823532934373e-01
8.873512228184576855e-01
9.462499567983506665e-02
7.272695310947021596e-01
2.167651411478360712e-02
2.334636966502295630e-01
2.330168845673740441e-01
2.130775343398796928e-01
2.560069358434480802e-01
2.796610169491525744e-01
2.338247057926899353e-01
4.768736674859790359e-01
4.319179618650856867e-01
4.483471074380174226e-02
1.264705882352941124e-01
2.492201989546449781e-02
2.159323459706055659e-01
4.050817452879307279e-01
7.894736842105265495e-02
1.794077526429463942e-01
3.249746192893401275e-01
7.766272189349110455e-02
5.148606162230142669e-01
3.261515227787565863e-01
5.331156716417910779e-01
0.000000000000000000e+00
4.793863854266540159e-01
9.999999999999997780e-01
9.323453164789285985e-02
4.164285714285715923e-01
4.041218637992830542e-01
0.000000000000000000e+00
8.281250000000000000e-01
8.088235294117647189e-01
8.813559322033898136e-01
9.666666666666666741e-01
1.000000000000000000e+00
8.919389690612303800e-01
0.000000000000000000e+00
0.000000000000000000e+00
0.000000000000000000e+00
0.000000000000000000e+00
0.000000000000000000e+00
0.000000000000000000e+00
0.000000000000000000e+00
0.000000000000000000e+00
0.000000000000000000e+00
0.000000000000000000e+00
6.728971962616822067e-01
0.000000000000000000e+00
0.000000000000000000e+00
0.000000000000000000e+00
0.000000000000000000e+00
0.000000000000000000e+00
0.000000000000000000e+00
0.000000000000000000e+00
0.000000000000000000e+00
0.000000000000000000e+00
1.773371104815864019e-01
8.435853095721016492e-01
8.383234500543912393e-01
8.146571339213590779e-01
8.376111862467583435e-01
9.032366789720204237e-01
8.370910449452748647e-01
7.777213028422513830e-02
6.298370953606968747e-02
5.543169267498537778e-02
9.075965553658615903e-02
6.183905477080120505e-02
1.026936011019856654e-01
4.129644830260459365e-02
1.146115569542591750e-01
2.368706508110527409e-01
2.606354727994331100e-02
5.105914812814837944e-02
1.405917669894107824e-01
9.104115737497520122e-02
7.810377838326632016e-02
6.837991086912809102e-02
1.027738366372110690e-01
1.152793820324675700e-01
4.277356078553062879e-02
9.260296009955748531e-02
6.239811095752978432e-02
7.299501341099934315e-02
7.486741136362873306e-01
7.407714943575087752e-01
7.031067825249968095e-01
7.435683269827961794e-01
8.570513704771872687e-01
7.390334942515620620e-01
6.472952163890755006e-02
4.932333879325923043e-02
4.622331952151925716e-02
8.179345338764631990e-02
4.950468746454017577e-02
8.170898922988112378e-02
3.279059902950831606e-02
9.915856173347514790e-02
2.209868216370378669e-01
2.301101364484336997e-02
4.103873060434692910e-02
1.186567080047048472e-01
6.994484949694368403e-02
6.773875075933100121e-02
5.104181875712499039e-02
8.086540508085193757e-02
9.205024058372845985e-02
3.374211802391768877e-02
7.616298338385107947e-02
4.885366248143208079e-02
5.329746424997910959e-02
9.411239964317573703e-01
9.339325842696629687e-01
9.401088929219600931e-01
9.435215946843854562e-01
8.750000000000000000e-01
9.370163143993233135e-01
8.700916540356198325e-01
2.009513120624217830e-02
9.624415922399003342e-01
9.793148028442146824e-01
9.397893858548842516e-01
8.318264014466549838e-01
2.978723404255312346e-01
9.599403366716385833e-01
9.322650648941410712e-01
9.442793734639227665e-01
1.229779148308587367e-01
9.404040404040405754e-01
7.681616380678235600e-02
9.292604501607719669e-01
2.918724741805123202e-02
9.889570552147297633e-02
9.301613415537977048e-01
9.370370370370366686e-01
4.289059174116616191e-02
8.410308109129855936e-01
1.454654895666135372e-02
