9.584578754209474027e-01
9.579726968781552277e-01
9.552875454456020154e-01
9.592482710289897962e-01
9.536968791151386737e-01
9.577866613966624643e-01
7.986089912280966985e-01
3.404297931774524777e-02
9.306741020290916211e-01
9.732234386681419824e-01
8.709213716084915902e-01
3.266709199204225200e-01
4.421691539853034314e-01
9.676147624724515950e-01
9.467157120522902147e-01
9.524461869767986144e-01
3.968795571615668649e-02
8.899825413287967280e-01
8.150395281424760441e-02
9.104882594195840007e-01
3.344211390815821083e-02
1.315561990216469468e-01
8.739126789651594507e-01
8.845991722021695480e-01
9.041083969868690673e-02
8.417537193098834081e-01
2.119937792436671353e-02
4.759394660771977259e-01
4.520563694895210483e-01
4.005562492904983785e-01
4.873668565766657856e-01
8.559322033898304483e-01
4.607028480050733288e-01
4.768736674859790359e-01
4.319179618650856867e-01
4.483471074380174226e-02
1.264705882352941124e-01
2.492201989546449781e-02
8.311705948740527594e-02
3.025096324065397191e-01
5.359729599227436303e-02
1.319808701018204133e-01
3.249746192893401275e-01
7.766272189349110455e-02
5.148606162230142669e-01
3.261515227787565863e-01
5.331156716417910779e-01
0.000000000000000000e+00
4.793863854266540159e-01
9.999999999999997780e-01
5.587397988233060442e-01
4.164285714285715923e-01
0.000000000000000000e+00
0.000000000000000000e+00
5.000000000000000000e-01
4.926470588235294379e-01
5.254237288135592543e-01
6.333333333333333037e-01
1.000000000000000000e+00
5.354680663258440942e-01
0.000000000000000000e+00
0.000000000000000000e+00
0.000000000000000000e+00
0.000000000000000000e+00
0.000000000000000000e+00
0.000000000000000000e+00
0.000000000000000000e+00
0.000000000000000000e+00
0.000000000000000000e+00
0.000000000000000000e+00
6.728971962616822067e-01
0.000000000000000000e+00
0.000000000000000000e+00
0.000000000000000000e+00
0.000000000000000000e+00
0.000000000000000000e+00
0.000000000000000000e+00
0.000000000000000000e+00
0.000000000000000000e+00
0.000000000000000000e+00
9.892541087231353225e-02
8.698203504451494927e-01
8.633435763316212874e-01
8.383928857443223581e-01
8.642744112645459609e-01
9.295488780999737743e-01
8.628027296053726314e-01
9.186143983522532253e-02
5.272354867274220425e-02
5.675337562330096119e-02
1.009229914499458758e-01
3.770857462048060604e-02
7.126838358752052294e-02
4.941098298055290883e-02
9.131220583322630091e-02
2.558774263716987463e-01
1.434973610037859615e-02
4.799112560823171059e-02
1.590239502306456387e-01
7.622927597232975749e-02
3.158268600594338338e-02
5.290248741841341307e-02
7.340284097973337474e-02
5.981309804665935204e-02
3.594562835220527219e-02
4.633605787507599771e-02
7.489126280957325577e-02
6.962350927686267177e-02
7.883717623096688776e-01
7.784272796642723868e-01
7.382942259156872744e-01
7.831707171370453358e-01
8.949428574484952215e-01
7.776849338304013814e-01
7.669136963997813528e-02
4.116326518629809250e-02
4.733863505128288462e-02
9.106419281739586147e-02
2.999379690649717212e-02
5.619523667771886277e-02
3.931991967956360856e-02
7.867666202507006545e-02
2.391464128048919058e-01
1.264889763001764145e-02
3.854236072037142691e-02
1.347452421983380555e-01
5.827737453176717874e-02
2.717989578827917363e-02
3.926593082621110398e-02
5.724324040278083725e-02
4.700496399050679841e-02
2.830173444408035088e-02
3.769049217337383517e-02
5.885159586672650267e-02
5.076742253283733630e-02
9.509366636931312344e-01
9.458426966292136084e-01
9.491833030852994124e-01
9.501661129568105268e-01
8.750000000000000000e-01
9.455095097614401034e-01
8.198051948051947591e-01
3.211521082588886244e-02
9.631990727325407953e-01
9.793148028442146824e-01
8.825283491539277492e-01
7.824587260646840292e-01
5.217391304347831493e-01
9.658761168765557237e-01
9.449831063480143012e-01
9.499222972001835075e-01
9.310946903667627339e-02
9.404040404040405754e-01
9.352772236688711160e-02
9.166666666666669627e-01
3.597059019950021863e-02
8.438173980677721175e-02
9.011012509355289524e-01
9.326811087817370449e-01
9.501775518138089183e-02
9.155471277487770010e-01
1.150793650793652256e-02
