3.986908908496333837e-02
4.032731315333504263e-02
3.738103468484788028e-02
4.916558217161998146e-02
6.325634406354885275e-02
4.077168264341279880e-02
2.784065230880843345e-01
9.186993166003161182e-01
4.836480103879825521e-02
4.380298152573436354e-02
1.982427414399845489e-01
3.194018570511563127e-01
7.765135830305949227e-01
9.505319197880401916e-02
9.053941249633101762e-02
9.654787483164817274e-02
5.741716508571661493e-01
8.274647106308918865e-02
7.433065915734564655e-01
1.571359427187024593e-01
9.489259157752918394e-01
8.189647583474624071e-01
1.627973908208515397e-01
1.259496086000000403e-01
6.985201947794514865e-01
5.233622248098210861e-01
8.514260686122314681e-01
1.761605169188913689e-02
1.757440378424545563e-02
1.373595186740832891e-02
1.956898687143918125e-02
5.932203389830509321e-02
1.681093768014579881e-02
3.027330835353758687e-01
4.159132007233272699e-01
3.377344877344877760e-01
3.719723183391001609e-01
1.687742370595178842e-01
6.986046487284297557e-02
7.916997092254824953e-01
8.086124401913876714e-01
7.814091853783772246e-02
2.810201807601833135e-01
1.867966121359787568e-01
3.551316984559491630e-01
1.879338596752569979e-01
3.901209677419354982e-01
3.648648648648649129e-01
2.787456445993030663e-01
2.129697862932939945e-01
7.972164231036882320e-01
3.206722689075631738e-01
4.149440137812231422e-01
0.000000000000000000e+00
8.046875000000000000e-01
7.720588235294116863e-01
8.813559322033898136e-01
8.333333333333333703e-01
1.000000000000000000e+00
8.800952252137606013e-01
0.000000000000000000e+00
0.000000000000000000e+00
0.000000000000000000e+00
0.000000000000000000e+00
0.000000000000000000e+00
0.000000000000000000e+00
0.000000000000000000e+00
0.000000000000000000e+00
0.000000000000000000e+00
0.000000000000000000e+00
7.854545454545454053e-01
0.000000000000000000e+00
0.000000000000000000e+00
0.000000000000000000e+00
0.000000000000000000e+00
0.000000000000000000e+00
0.000000000000000000e+00
0.000000000000000000e+00
0.000000000000000000e+00
0.000000000000000000e+00
7.313084112149532690e-01
2.011847696696131282e-02
1.996061567865001218e-02
1.789111883675656434e-02
2.454874453846153659e-02
4.695481608460638778e-02
2.032898200397259547e-02
7.936521077233202881e-01
9.209383864522988627e-01
6.739478531990239496e-01
3.806079071374277589e-01
6.985194999268231619e-01
8.053702913078437664e-01
8.788444763548264316e-01
8.117251657179584967e-01
4.687633802798858440e-01
6.672799654962036087e-01
7.873030308630180052e-01
7.655028245370161244e-01
8.976619718563394468e-01
7.828952455032971436e-01
9.166600656092169785e-01
8.729967092255113137e-01
7.833020226024995925e-01
8.029506528051864045e-01
8.646274083575899994e-01
8.270543154676104347e-01
9.542731682684162386e-01
5.938368045158393810e-03
5.880870516226460731e-03
4.909844084379711565e-03
7.992489590860879511e-03
2.330732050236435093e-02
6.008445821238925233e-03
7.638715767516531807e-01
9.040851482785224880e-01
6.353018346494617719e-01
3.549937273972889606e-01
6.537466802257279053e-01
7.696741287491527528e-01
8.559686974219233857e-01
7.884522019356288158e-01
4.468813567886571470e-01
6.405816812975417829e-01
7.526711296197496903e-01
7.329143658136062500e-01
8.742426487806598256e-01
7.584277580174516586e-01
8.958681072610442664e-01
8.466543681146045941e-01
7.446422338939692187e-01
7.680502131019690815e-01
8.417272380430590450e-01
7.939400465384179872e-01
9.415709153953955024e-01
6.512042818911684128e-02
6.584269662921352073e-02
5.989110707803993461e-02
7.308970099667772002e-02
1.250000000000000000e-01
6.584236684701608167e-02
2.716222030981052526e-01
9.316273021752470296e-01
6.920581521086122123e-02
3.580290677064867921e-02
2.452684245787590811e-01
1.723653395784552345e-01
7.555555555555564240e-01
1.041524846834578355e-01
1.220222664613901387e-01
1.340579016430267778e-01
2.493718828514648322e-01
1.244652406417112722e-01
7.141517938392567544e-01
1.333333333333337478e-01
9.444255713082818637e-01
7.750000000000003553e-01
2.881072026800666208e-01
0.000000000000000000e+00
6.397641422517041931e-01
3.071268123340820111e-01
7.277992277992277881e-01
