4.335298879682447648e-02
4.387346866834895831e-02
4.137976926623410101e-02
5.361681780416860388e-02
6.915804312763440542e-02
4.451722945446962010e-02
4.058074453808533377e-01
9.230804718119560714e-01
3.355532501677949142e-02
3.878447480279301196e-02
2.040701113206759842e-01
4.394443619601204887e-01
8.143064818385097325e-01
3.069457246592532940e-02
4.136748695572478596e-02
7.458656236197036549e-02
5.539348144115194827e-01
7.639728715001981030e-02
8.198910299964117243e-01
1.506672101882093884e-01
9.427297772377791762e-01
8.953424706065788996e-01
1.715041683086706570e-01
8.231053169267799063e-02
6.716450860476568252e-01
3.883689081863455073e-01
8.362344329277133781e-01
2.292127189253528874e-02
2.241968333223836457e-02
1.793620161198773710e-02
3.728015853356451970e-02
1.016949152542372947e-01
2.385444795104646465e-02
1.359394187474414206e-01
3.105485232067510815e-01
1.878787878787878673e-01
3.719723183391001609e-01
1.057157309054121974e-01
4.902889174176656151e-01
1.999375195251484882e-01
1.578947368421055319e-01
1.984562546471691502e-01
2.668413296217457820e-01
5.628887877408588203e-01
6.023312140478354060e-01
5.066289289438402621e-02
1.848214285714286920e-01
6.642857142857141461e-01
6.593406593406592187e-01
3.120772946859904362e-01
3.704687796545833578e-01
2.884353741496603618e-02
4.104104104104105977e-01
0.000000000000000000e+00
7.968750000000000000e-01
7.830882352941176405e-01
8.813559322033898136e-01
8.666666666666666963e-01
1.000000000000000000e+00
9.174596990823894460e-01
0.000000000000000000e+00
0.000000000000000000e+00
0.000000000000000000e+00
0.000000000000000000e+00
0.000000000000000000e+00
0.000000000000000000e+00
0.000000000000000000e+00
0.000000000000000000e+00
0.000000000000000000e+00
0.000000000000000000e+00
9.113924050632911111e-01
0.000000000000000000e+00
0.000000000000000000e+00
0.000000000000000000e+00
0.000000000000000000e+00
0.000000000000000000e+00
0.000000000000000000e+00
0.000000000000000000e+00
0.000000000000000000e+00
0.000000000000000000e+00
5.961904761904761596e-01
2.468458118954675040e-02
2.472068931155235738e-02
2.262880396069871791e-02
3.141562540573375473e-02
4.955974349480302132e-02
2.529829993941135058e-02
8.079679888747839378e-01
8.725235452593798069e-01
5.941133458655922794e-01
3.792848050737065435e-01
7.139735121788364225e-01
7.865039145371406359e-01
8.477563849206484203e-01
6.998940255411314482e-01
4.055310928824455985e-01
6.544855903999016178e-01
8.011857858737601035e-01
7.690444176157447131e-01
9.522840317963716661e-01
7.062570499401514823e-01
8.986950750705839930e-01
8.904258018104016514e-01
7.972556607285798957e-01
7.933440851010811201e-01
8.178108580261138627e-01
8.284016575448902575e-01
9.412910151147380056e-01
7.367218557215043234e-03
7.367994831468306638e-03
6.289207027353548030e-03
1.037733646864854448e-02
2.466856890990591633e-02
7.567576816794027716e-03
7.797536414054565546e-01
8.467784655128504090e-01
5.517036185967126860e-01
3.537051425430490781e-01
6.705559896517949703e-01
7.482648201962552870e-01
8.200276023889550014e-01
6.679082167446928064e-01
3.843475254082258097e-01
6.272922494987176467e-01
7.682434966236653118e-01
7.367996467278282724e-01
9.407001342345193695e-01
6.763931423510141094e-01
8.739164701391913814e-01
8.672447666387108622e-01
7.604409222894500386e-01
7.571800842393339170e-01
7.886597992259051226e-01
7.954918412958821294e-01
9.252043724634035904e-01
6.958073148974130984e-02
7.056179775280899125e-02
6.533575317604353727e-02
7.973421926910295721e-02
1.250000000000000000e-01
7.024736133076134315e-02
3.864795918367338601e-01
9.397063417681974506e-01
5.588893864755917207e-02
3.580290677064867921e-02
2.452684245787590811e-01
3.504761904761899416e-01
8.156424581005587982e-01
3.381962864721499429e-02
6.460002342073600801e-02
7.514245014245002352e-02
2.493718828514648322e-01
1.244652406417112722e-01
6.945347600831262014e-01
1.483253588516753041e-01
9.372806213120661312e-01
8.857142857142852321e-01
2.881072026800666208e-01
5.243857719105182724e-02
6.397641422517041931e-01
2.276029055690065306e-01
7.146428571428571352e-01
