4.232492299242107681e-02
4.302837649914642570e-02
4.044515834146061861e-02
5.261471763323560813e-02
6.658233327446871908e-02
4.355031349756405268e-02
2.595530244499322237e-01
9.177952280442298605e-01
5.513760287652580416e-02
6.221369669582554884e-02
1.153461694625592671e-01
2.697157031991643805e-01
8.672091846122969017e-01
5.337954255701671258e-02
7.100017362945587607e-02
1.114502977685516427e-01
6.052295139447680938e-01
1.008632626206011906e-01
8.099153977918698288e-01
1.444002374824902013e-01
9.453098728015476571e-01
9.219920030650516907e-01
2.446700833558370647e-01
5.956996121436386460e-02
6.442313255311029607e-01
3.625978756173484641e-01
8.396967522160210251e-01
3.492603298758714669e-02
3.805597529728665246e-02
3.138835282097854340e-02
6.031706712905622603e-02
1.101694915254237128e-01
3.836748670819449536e-02
7.774313163660881987e-01
1.901317489020926121e-01
1.878787878787878673e-01
3.583333333333331705e-01
1.294650384179975022e-01
1.219725954266393519e-01
3.230240549828178320e-01
2.879256965944272384e-01
1.376482334243449013e-01
2.171547572562801953e-01
3.463578861456846347e-01
3.281644785731980818e-01
5.873765564620009316e-02
2.596153846153848033e-01
4.125000000000000888e-01
7.518796992481200370e-01
2.100887540725759894e-01
6.116910229645093899e-01
9.085714285714296956e-02
4.429012345679012030e-01
0.000000000000000000e+00
7.031250000000000000e-01
7.205882352941176405e-01
8.813559322033898136e-01
8.666666666666666963e-01
1.000000000000000000e+00
7.876333228036042078e-01
0.000000000000000000e+00
0.000000000000000000e+00
0.000000000000000000e+00
0.000000000000000000e+00
0.000000000000000000e+00
0.000000000000000000e+00
0.000000000000000000e+00
0.000000000000000000e+00
0.000000000000000000e+00
0.000000000000000000e+00
7.605633802816901268e-01
0.000000000000000000e+00
0.000000000000000000e+00
0.000000000000000000e+00
0.000000000000000000e+00
0.000000000000000000e+00
0.000000000000000000e+00
0.000000000000000000e+00
0.000000000000000000e+00
0.000000000000000000e+00
5.305084745762711496e-01
2.383644709285770436e-02
2.449144468560712773e-02
2.208847058502769189e-02
3.255339439398649559e-02
4.723573237933736957e-02
2.481929023904333453e-02
8.126913175135683787e-01
8.839110985850597846e-01
6.430403273510898465e-01
4.302116582116850552e-01
6.869061341142490562e-01
7.386401001460736193e-01
8.720538586096837630e-01
7.528801801042872555e-01
4.667631458742507178e-01
6.571902271998082412e-01
8.534625944417681964e-01
8.226146883947151878e-01
9.268582383624475174e-01
6.772780323557152649e-01
9.096536867536575421e-01
9.002249725114985779e-01
8.347047795045436924e-01
7.900678817848101332e-01
8.301562368837420713e-01
8.167556766919272793e-01
9.422349757483794441e-01
7.099547558991618074e-03
7.295627513004554476e-03
6.130215021062573183e-03
1.077877703886805788e-02
2.345377302275201969e-02
7.415740180187001263e-03
7.850100638805942443e-01
8.601598525918719984e-01
6.026712555093164392e-01
4.035778833995995463e-01
6.411816685006697103e-01
6.946769676690701667e-01
8.480825829864602206e-01
7.245477482922060286e-01
4.448924544142318638e-01
6.300982560482604189e-01
8.275979746111707946e-01
7.961239830167433640e-01
9.095758724295592845e-01
6.458141794530147806e-01
8.872860320570256087e-01
8.788847127838517181e-01
8.032802657183967243e-01
7.534822686726527774e-01
8.025702573742224955e-01
7.821064057541419201e-01
9.263911115518237427e-01
7.136485280999110836e-02
7.101123595505617891e-02
6.533575317604353727e-02
7.641196013289036637e-02
1.250000000000000000e-01
7.147606963633787447e-02
1.878720238095228368e-01
9.204287775716344377e-01
6.385962388982768800e-02
5.458475950279240152e-02
1.508595468639191139e-01
2.547514159848951465e-01
1.000000000000000000e+00
5.685618729096963975e-02
6.460002342073600801e-02
1.534824513547916602e-01
2.493718828514648322e-01
6.394230769230802025e-02
7.836287883922148367e-01
1.685393258426968188e-01
9.231108045128491035e-01
9.234042553191486036e-01
2.881072026800666208e-01
0.000000000000000000e+00
5.740740740740735149e-01
1.499501495513460014e-01
7.146428571428571352e-01
