4.376097374704801535e-02
4.415726662574998018e-02
4.120146731927543104e-02
5.336554043982327800e-02
6.742513574862318837e-02
4.464840500453837180e-02
3.906765392338602538e-01
9.227348074300547598e-01
6.159087038804189618e-02
3.860375213078315326e-02
1.881031460846172010e-01
4.004746588583820710e-01
6.981606374520383795e-01
9.334107640108646464e-02
2.002250573065156303e-02
1.103626196739906362e-01
5.416695159348456912e-01
9.118950336221853803e-02
8.638365615248639884e-01
5.654045390999229426e-02
9.680279601096535291e-01
8.234742211345214002e-01
1.658245913615621348e-01
1.031162406238204099e-01
7.702897104298420672e-01
3.121375477983825419e-01
8.364010012482898659e-01
2.176500595136882099e-03
1.954536495631035986e-03
3.462368032693834141e-03
3.715630418627692555e-03
5.084745762711864736e-02
2.170360584517007363e-03
7.774313163660881987e-01
8.006329113924048890e-02
1.878787878787878673e-01
3.583333333333331705e-01
1.520243213623335699e-01
3.894159824197077069e-01
3.942846807741000603e-01
1.902834008097167295e-01
1.429700258125691237e-01
5.954432770629214389e-02
3.002958579881656043e-01
3.551316984559491630e-01
1.688352903840051322e-01
3.901209677419354982e-01
3.648648648648649129e-01
7.373271889400920820e-01
3.120772946859904362e-01
3.261697163207661898e-01
2.768979591836735477e-01
2.926311728395062373e-01
0.000000000000000000e+00
8.281250000000000000e-01
7.977941176470587648e-01
8.983050847457626498e-01
8.666666666666666963e-01
1.000000000000000000e+00
8.982033284647378268e-01
0.000000000000000000e+00
0.000000000000000000e+00
0.000000000000000000e+00
0.000000000000000000e+00
0.000000000000000000e+00
0.000000000000000000e+00
0.000000000000000000e+00
0.000000000000000000e+00
0.000000000000000000e+00
0.000000000000000000e+00
9.037656903765689531e-01
0.000000000000000000e+00
0.000000000000000000e+00
0.000000000000000000e+00
0.000000000000000000e+00
0.000000000000000000e+00
0.000000000000000000e+00
0.000000000000000000e+00
0.000000000000000000e+00
0.000000000000000000e+00
8.151041666666666297e-01
2.359568933237204957e-02
2.299978267777405549e-02
2.077263307089807776e-02
2.768883726860901784e-02
4.632148961625043304e-02
2.359915796497469298e-02
7.974283466627882788e-01
8.910826747232791778e-01
6.643704495629694229e-01
3.080031690683942003e-01
6.904191546309914607e-01
7.754214605992768572e-01
8.237519363560321661e-01
7.716211667829622201e-01
3.827097923817674996e-01
6.401059995904931910e-01
8.490583141857555027e-01
7.802842989301974619e-01
8.780813954551340839e-01
6.394209263559593737e-01
8.975145297839284275e-01
9.078706831659650867e-01
7.842509883425117234e-01
8.228782138798482748e-01
8.589597155830084318e-01
7.902978823240258688e-01
9.391745174530625739e-01
7.023753016061642235e-03
6.826591305245252594e-03
5.744836917318158626e-03
9.074943221493277090e-03
2.297744891095497566e-02
7.030473024161043583e-03
7.680537056338453406e-01
8.686178995386232282e-01
6.251545755923236802e-01
2.848454234014075048e-01
6.449765099735829121e-01
7.357641862075922079e-01
7.925600638348844207e-01
7.447856235294558758e-01
3.619508721422741715e-01
6.124032537099235451e-01
8.225538014270827869e-01
7.491604449899794682e-01
8.507897811815741118e-01
6.062311941076592436e-01
8.724800992566007496e-01
8.879983604443142386e-01
7.457138679309819329e-01
7.907286867150775667e-01
8.352571726469274482e-01
7.519302460640263641e-01
9.225454155976353654e-01
7.225691347011597987e-02
7.191011235955055425e-02
6.896551724137930939e-02
7.973421926910295721e-02
1.250000000000000000e-01
7.230054298282420633e-02
3.357712765957439061e-01
9.397063417681974506e-01
5.588893864755917207e-02
3.580290677064867921e-02
2.452684245787590811e-01
3.504761904761899416e-01
1.000000000000000000e+00
9.615384615384625633e-02
2.815898456801324556e-02
1.375488917861797944e-01
1.229779148308587367e-01
1.244652406417112722e-01
8.188520088865054447e-01
8.196721311475485550e-02
9.552190064089480792e-01
7.750000000000003553e-01
1.755653266331664852e-01
5.243857719105182724e-02
7.074448185559294444e-01
1.627903690503291756e-01
7.018327067669172248e-01
