4.137016983777236367e-02
4.194998992434356699e-02
3.924069148896575099e-02
5.131777654431884939e-02
6.511711700668576519e-02
4.245465490894245741e-02
3.044678155464568547e-01
9.299008244024544734e-01
5.583348677680222139e-02
7.498834811513077625e-02
1.169419171374155297e-01
4.342299827742941432e-01
7.991423846116640917e-01
2.514297133920617711e-02
7.421462673507717156e-02
8.598440033942189586e-02
5.742865209484762090e-01
7.291723694997775951e-02
7.633328928158649163e-01
1.162472025188665548e-01
9.525236292545418149e-01
8.470257630265614068e-01
1.548347451809091169e-01
1.085827991606542753e-01
7.832959787780024996e-01
3.406537736693238116e-01
8.479576809007223215e-01
5.815337527631359027e-03
6.274226397739966765e-03
7.151776592121690534e-03
7.678969531830573403e-03
3.389830508474578341e-02
5.516646722235202249e-03
2.973674785100286488e-01
3.440736478711161617e-01
9.371572871572871888e-01
3.719723183391001609e-01
8.544692535587833371e-02
5.416996993814675587e-01
4.197349042709865863e-01
4.306220095693791272e-02
1.429700258125691237e-01
2.810201807601833135e-01
2.366863905325442552e-01
4.899677978697054570e-01
3.471524480789743849e-01
8.281250000000002220e-01
3.648648648648649129e-01
3.861003861003862170e-01
6.775362318840578713e-01
2.672233820459288811e-01
2.768979591836735477e-01
4.684791174152876936e-01
0.000000000000000000e+00
8.125000000000000000e-01
7.867647058823529216e-01
8.983050847457626498e-01
9.000000000000000222e-01
1.000000000000000000e+00
9.019639344716382512e-01
0.000000000000000000e+00
0.000000000000000000e+00
0.000000000000000000e+00
0.000000000000000000e+00
0.000000000000000000e+00
0.000000000000000000e+00
0.000000000000000000e+00
0.000000000000000000e+00
0.000000000000000000e+00
0.000000000000000000e+00
8.780487804878049918e-01
0.000000000000000000e+00
0.000000000000000000e+00
0.000000000000000000e+00
0.000000000000000000e+00
0.000000000000000000e+00
0.000000000000000000e+00
0.000000000000000000e+00
0.000000000000000000e+00
0.000000000000000000e+00
8.670360110803324583e-01
2.571853510470792359e-02
2.600214908533252101e-02
2.312655077217057320e-02
3.137226934341538764e-02
4.513391726261134496e-02
2.596634385885804308e-02
8.183403662074510976e-01
9.111308026458944109e-01
7.598824802077484009e-01
4.291569490010980203e-01
6.961642754798709198e-01
8.396666279524895860e-01
8.994669730841613475e-01
6.961093500877866269e-01
5.523501268933017627e-01
6.417470858091283148e-01
8.220740355387596843e-01
8.545355142126709325e-01
9.648315010977432937e-01
6.843384472845941424e-01
9.058347832118069931e-01
8.834915463402679414e-01
8.365069989709550402e-01
7.895516945331371161e-01
8.988647289590856460e-01
8.255718342816684707e-01
9.508037925701113835e-01
7.694934018206551346e-03
7.773915913925573407e-03
6.436049755898599900e-03
1.036207449625140692e-02
2.236003800054565949e-02
7.779884576781914696e-03
7.913073419522235197e-01
8.923886661626804218e-01
7.277930740563754997e-01
4.025392899940909430e-01
6.511938233265999187e-01
8.090083602456136225e-01
8.800395756560357441e-01
6.638953085532153242e-01
5.306231790484230437e-01
6.140999624286445080e-01
7.918241754782509023e-01
8.319688950317120080e-01
9.561812289322506597e-01
6.532421260988157119e-01
8.826195294975897054e-01
8.590354788056273616e-01
8.053579985146525066e-01
7.529000854592156067e-01
8.810788246044175542e-01
7.922335771876386490e-01
9.371874816592802304e-01
6.690454950936663980e-02
6.696629213483148990e-02
6.352087114337565121e-02
7.641196013289036637e-02
1.250000000000000000e-01
6.728439376188263821e-02
2.294963644140279868e-01
9.593855218855218414e-01
5.588893864755917207e-02
7.399267399267395184e-02
1.200524393990765049e-01
3.504761904761899416e-01
8.764044943820223921e-01
5.685618729096963975e-02
3.713721153172744316e-02
1.446137719722626613e-01
1.857390575721247217e-01
3.454545454545465688e-02
7.836287883922148367e-01
6.521739130434811571e-02
9.552190064089480792e-01
8.484210526315791867e-01
2.033697901271063202e-01
1.059259259259253128e-01
7.074448185559294444e-01
2.276029055690065306e-01
7.146428571428571352e-01
