4.481321675990723730e-02
4.546319039252444405e-02
4.281652890200926542e-02
5.566249028099806706e-02
7.427419479982944051e-02
4.610522358563395873e-02
3.256916417947106623e-01
9.562229403064639310e-01
1.945984601289474369e-02
3.794253895500343532e-02
2.381591139624728015e-02
5.224709276209456021e-01
8.726240853849924761e-01
2.893073439380078327e-02
3.084199046535962552e-02
4.095322137216239611e-02
5.944713752742902813e-01
2.756213230461490582e-02
9.498433471978975362e-01
1.609164799435762738e-01
9.530986792535529606e-01
8.852986291104301131e-01
2.417559732132232853e-01
1.489240986636097830e-01
7.285523298316993746e-01
2.953799453372401018e-01
8.350375821825792855e-01
1.166468287706173140e-02
1.167794494448459730e-02
9.535702122828920713e-03
1.300470646519692741e-02
3.389830508474578341e-02
1.133926179137064588e-02
7.901377206765876071e-01
1.370067014147431372e-01
3.627104377104376498e-01
3.827399380804952234e-01
1.007374277879828361e-01
4.405879901283595301e-01
4.197349042709865863e-01
3.157894736842106198e-01
7.814091853783772246e-02
0.000000000000000000e+00
3.893491124260355374e-01
3.150452905221299282e-01
5.837936476622608284e-01
7.031250000000000000e-02
2.142857142857139685e-01
4.255319148936171914e-01
3.890160183066360133e-01
3.139874739039665297e-01
1.593984962406016503e-01
6.833333333333334592e-01
0.000000000000000000e+00
7.890625000000000000e-01
7.610294117647058432e-01
7.288135593220338437e-01
7.666666666666667185e-01
1.000000000000000000e+00
8.069501176912770024e-01
0.000000000000000000e+00
0.000000000000000000e+00
0.000000000000000000e+00
0.000000000000000000e+00
0.000000000000000000e+00
0.000000000000000000e+00
0.000000000000000000e+00
0.000000000000000000e+00
0.000000000000000000e+00
0.000000000000000000e+00
7.578947368421052877e-01
0.000000000000000000e+00
0.000000000000000000e+00
0.000000000000000000e+00
0.000000000000000000e+00
0.000000000000000000e+00
0.000000000000000000e+00
0.000000000000000000e+00
0.000000000000000000e+00
0.000000000000000000e+00
8.151041666666666297e-01
2.789883911507845538e-02
2.803952898806652549e-02
2.530303630562136252e-02
3.466257794298152617e-02
5.146447152664013203e-02
2.838216155136771834e-02
7.726199633233443720e-01
8.970231219141202583e-01
6.582220886796097403e-01
3.447032049789857666e-01
6.690987057219248690e-01
8.119250870393781572e-01
8.556553395841908216e-01
6.697164054554045620e-01
2.893710703729395206e-01
5.836229911625183675e-01
8.398978261849814331e-01
7.531902770850482653e-01
9.572944587982472608e-01
6.513858127017502220e-01
8.998755660830610736e-01
9.035266739907248379e-01
8.292813565692116473e-01
7.935568221024613678e-01
8.675162436354733053e-01
7.541646338275038719e-01
9.441108244538760630e-01
8.391030225895244193e-03
8.424152439392797176e-03
7.082445495892087522e-03
1.152769809536843132e-02
2.566845549571721008e-02
8.553000752977768517e-03
7.406736693868786192e-01
8.756420010593047865e-01
6.186573917447896198e-01
3.201606171059867556e-01
6.220264142205500502e-01
7.771503685529769223e-01
8.291202699013582311e-01
6.360320416548816969e-01
2.713016678592521380e-01
5.544006203949061184e-01
8.120880947033413122e-01
7.194424063461574148e-01
9.468723826768177254e-01
6.186969555382280106e-01
8.753535335626404512e-01
8.828169162628760613e-01
7.970366652751895709e-01
7.574203619332526838e-01
8.450298805284613968e-01
7.112424378220026933e-01
9.287509519742540576e-01
7.136485280999110836e-02
7.101123595505617891e-02
6.715063520871142333e-02
7.641196013289036637e-02
1.250000000000000000e-01
7.164386659697655202e-02
3.190279649595675338e-01
9.397063417681974506e-01
1.688951442646002832e-02
3.580290677064867921e-02
1.508595468639191139e-01
3.504761904761899416e-01
1.000000000000000000e+00
5.685618729096963975e-02
4.620260574751666738e-02
7.514245014245002352e-02
2.493718828514648322e-01
6.394230769230802025e-02
8.188520088865054447e-01
1.685393258426968188e-01
9.444255713082818637e-01
8.484210526315791867e-01
2.881072026800666208e-01
6.305114638447939512e-02
6.397641422517041931e-01
2.276029055690065306e-01
7.018327067669172248e-01
