4.696588252626121562e-02
4.770733716339647934e-02
4.452294119298028097e-02
5.831697182154665926e-02
7.508434507260675073e-02
4.821964217592239477e-02
3.390534464878305343e-01
9.607525945484389762e-01
5.937171366753579704e-02
4.501652690131119350e-02
1.287035305199424329e-01
4.253006986585621263e-01
8.240741233723811732e-01
5.389659861963513876e-02
6.790952466609301297e-02
8.119561245894413304e-02
5.511891806759372514e-01
4.725116163144349457e-02
9.316824258537046433e-01
1.516910896697787337e-01
9.832758780044892344e-01
7.478422856197024515e-01
1.461813356950907306e-01
1.156872858837143525e-01
7.526729379734815595e-01
1.030624316932691187e-01
8.269081054205937864e-01
1.088250297568441050e-02
1.154654753301360276e-02
1.021682370303098747e-02
1.350012385434729012e-02
3.389830508474578341e-02
1.122795822806209320e-02
3.581199741196046116e-01
2.784810126582277778e-01
2.729320229320230107e-01
3.583333333333331705e-01
1.520243213623335699e-01
9.547112732449503092e-02
5.076538581693221808e-01
2.677345537757438443e-01
1.574840050531806646e-01
2.391588107324147394e-01
3.559541420118343957e-01
9.658599134476679726e-01
4.518483635507417606e-01
3.901209677419354982e-01
3.449477351916376833e-01
2.285714285714286476e-01
3.453008344312691325e-01
4.175365344467640849e-01
1.242490842490844294e-01
4.104104104104105977e-01
0.000000000000000000e+00
7.968750000000000000e-01
7.867647058823529216e-01
8.813559322033898136e-01
8.333333333333333703e-01
1.000000000000000000e+00
9.030225400659709356e-01
0.000000000000000000e+00
0.000000000000000000e+00
0.000000000000000000e+00
0.000000000000000000e+00
0.000000000000000000e+00
0.000000000000000000e+00
0.000000000000000000e+00
0.000000000000000000e+00
0.000000000000000000e+00
0.000000000000000000e+00
9.075630252100840289e-01
0.000000000000000000e+00
0.000000000000000000e+00
0.000000000000000000e+00
0.000000000000000000e+00
0.000000000000000000e+00
0.000000000000000000e+00
0.000000000000000000e+00
0.000000000000000000e+00
0.000000000000000000e+00
8.025641025641025994e-01
2.633026035310842561e-02
2.652283253896325910e-02
2.409045093220429923e-02
3.298271869054233973e-02
4.885252988694455123e-02
2.691429645026635620e-02
7.979571931052031886e-01
8.782663911742492058e-01
6.281331230166586899e-01
4.131512257234168928e-01
7.028485939385324954e-01
7.368771570256387182e-01
8.760228271037113768e-01
6.659955589177890545e-01
4.657207634176412370e-01
5.717176786628730412e-01
8.313065586204588797e-01
7.904475698983763898e-01
9.785260026758042518e-01
7.582567674883091691e-01
8.843161129508856355e-01
8.590094146955777887e-01
7.767815163606945905e-01
8.398455836491471871e-01
8.442021739469445230e-01
7.744470006309203125e-01
9.495780526870682969e-01
7.889546687947963238e-03
7.939525363594837626e-03
6.721455536332382463e-03
1.093072127637575996e-02
2.429829339829590873e-02
8.082250253332375067e-03
7.686398092748311095e-01
8.535193164251849707e-01
5.870531081933995088e-01
3.868078008270683377e-01
6.584451909574400297e-01
6.927231177582994226e-01
8.526894394563726554e-01
6.321209738867334949e-01
4.438562561099637094e-01
5.422729142944213709e-01
8.023042536808466796e-01
7.603767563641653515e-01
9.731691496459435875e-01
7.318699504959806923e-01
8.564732210268780621e-01
8.302344482649113289e-01
7.372899456975482435e-01
8.101764131372652944e-01
8.184693866528710560e-01
7.340069474058724674e-01
9.356404778394078470e-01
7.671721677074039292e-02
7.640449438202248644e-02
7.350272232304902453e-02
8.637873754152819439e-02
1.250000000000000000e-01
7.797614952147005618e-02
2.716222030981052526e-01
9.593855218855218414e-01
5.588893864755917207e-02
3.580290677064867921e-02
5.940094657766792352e-02
3.504761904761899416e-01
8.764044943820223921e-01
5.685618729096963975e-02
6.460002342073600801e-02
9.449622703331028717e-02
1.857390575721247217e-01
7.885375494071134028e-02
9.083604280249382157e-01
1.333333333333337478e-01
9.826087987074125785e-01
7.750000000000003553e-01
1.206030150753774066e-01
6.305114638447939512e-02
7.362616229590308592e-01
7.410327158060692199e-02
6.893552875695733162e-01
