4.405035054594952371e-02
4.460225130074307875e-02
4.200913156481606014e-02
5.443008503672780440e-02
7.153771642049389090e-02
4.525530644009645442e-02
2.347039659249254839e-01
9.579065074974286720e-01
2.541629956153101944e-02
5.222543996797934795e-02
2.050168263812865987e-01
4.434138495476354080e-01
7.579854090700832714e-01
5.783390370719487805e-02
4.408413474897487916e-02
5.576228692752938088e-02
5.517972118463605469e-01
6.111782373345864272e-02
9.200088211676753502e-01
1.862373283819045433e-01
9.710105108357998116e-01
8.475095530026788282e-01
2.149819527507608186e-01
1.387584973066093852e-01
7.070714859979405631e-01
2.524906296563038666e-01
8.366906222586201203e-01
2.332936575412344893e-02
2.274817686091584051e-02
1.918492450902485602e-02
2.712410205598216051e-02
4.237288135593220151e-02
2.270312823428485838e-02
2.276146131805156791e-01
2.784810126582277778e-01
1.540404040404040886e-01
1.911764705882352811e-01
1.260571845035107774e-01
4.236942788504314827e-01
3.052088985349972194e-01
2.385218365061592127e-01
6.874502671365234630e-02
4.451167512690357153e-01
3.137887753272368130e-01
3.551316984559491630e-01
5.197715011107585381e-01
3.616071428571427937e-01
3.285714285714282923e-01
1.428571428571427937e-01
0.000000000000000000e+00
3.704687796545833578e-01
3.513142857142859121e-01
3.677662037037038312e-01
0.000000000000000000e+00
8.437500000000000000e-01
7.647058823529411242e-01
8.644067796610169774e-01
8.333333333333333703e-01
1.000000000000000000e+00
8.978559914758509342e-01
0.000000000000000000e+00
0.000000000000000000e+00
0.000000000000000000e+00
0.000000000000000000e+00
0.000000000000000000e+00
0.000000000000000000e+00
0.000000000000000000e+00
0.000000000000000000e+00
0.000000000000000000e+00
0.000000000000000000e+00
7.552447552447552059e-01
0.000000000000000000e+00
0.000000000000000000e+00
0.000000000000000000e+00
0.000000000000000000e+00
0.000000000000000000e+00
0.000000000000000000e+00
0.000000000000000000e+00
0.000000000000000000e+00
0.000000000000000000e+00
0.000000000000000000e+00
2.737758137690543547e-02
2.750112522027278739e-02
2.577940870017436659e-02
3.350249613237379909e-02
5.533358326725967835e-02
2.802109276225545065e-02
7.503696849643972655e-01
9.280110984861058565e-01
6.316693075806898428e-01
3.334209809297759008e-01
6.821964379649054777e-01
7.953576432521913819e-01
8.515797869742203208e-01
7.604997248850509095e-01
4.615128171189724071e-01
6.515001740407546649e-01
8.024328242814773304e-01
7.703248861748455134e-01
9.640898125598817980e-01
7.803135882402534307e-01
9.040928886179702140e-01
9.119024005815457024e-01
8.393724806382081294e-01
7.713596615117697120e-01
9.097197127363605418e-01
8.131054172220311127e-01
9.458214229567185605e-01
8.223988482823550022e-03
8.251738226944541066e-03
7.224857261057395647e-03
1.111501930478790701e-02
2.771134994410105745e-02
8.436917120125321523e-03
7.163073174378978836e-01
9.125476687198946779e-01
5.907508660345189844e-01
3.092729594156518047e-01
6.361023853864429256e-01
7.582917235580143300e-01
8.244254602250906672e-01
7.327629803168969058e-01
4.396752156783754195e-01
6.241969825369031444e-01
7.696462088434186111e-01
7.382054971021861922e-01
9.552638997746083493e-01
7.556367934289656141e-01
8.804936607082819444e-01
8.928153325298100462e-01
8.086645854714656911e-01
7.324572233914792285e-01
8.936510584011091440e-01
7.779238665526909680e-01
9.309046915059664418e-01
7.047279214986618134e-02
7.235955056179774192e-02
6.715063520871142333e-02
7.973421926910295721e-02
1.250000000000000000e-01
7.208391057185534190e-02
1.878720238095228368e-01
9.593855218855218414e-01
4.600673160510915238e-02
3.580290677064867921e-02
2.452684245787590811e-01
3.504761904761899416e-01
8.764044943820223921e-01
5.685618729096963975e-02
4.620260574751666738e-02
7.514245014245002352e-02
1.229779148308587367e-01
9.390997352162422374e-02
8.188520088865054447e-01
1.333333333333337478e-01
9.552190064089480792e-01
8.484210526315791867e-01
2.881072026800666208e-01
7.904919845218305596e-02
5.740740740740735149e-01
7.410327158060692199e-02
7.018327067669172248e-01
