4.326781461855083721e-02
4.382749123735141250e-02
4.110865621539783188e-02
5.319807548844962541e-02
6.951373700941398948e-02
4.435784807808229591e-02
2.810176106142723285e-01
9.365224573643604611e-01
2.906736770142615001e-02
6.503772065808255398e-02
1.656254020862579779e-01
3.434092609019323561e-01
7.861736201815885394e-01
3.892803078304041264e-02
8.869649721488714889e-02
1.023616085408551868e-01
5.736906909717536251e-01
9.560453689251646736e-02
8.596917490512341331e-01
1.387401758974151633e-01
9.462336460271132399e-01
8.610930064666870720e-01
1.797933077042452865e-01
6.898594897355359024e-02
7.649054692864654115e-01
3.757402405436280901e-01
8.366470939528183326e-01
4.965141982656011421e-03
6.274226397739966765e-03
7.151776592121690534e-03
7.678969531830573403e-03
1.694915254237289171e-02
5.516646722235202249e-03
1.762177650429799236e-01
3.440736478711161617e-01
6.140309343434343647e-01
3.719723183391001609e-01
1.353341201596133248e-01
4.352808925366591919e-01
3.942846807741000603e-01
5.817174515235468135e-02
6.371490280777536430e-02
2.810201807601833135e-01
4.487179487179486781e-01
4.423785863119091832e-01
4.464499004644990610e-01
5.476973684210526550e-01
4.125000000000000888e-01
6.968641114982609963e-02
3.890160183066360133e-01
2.672233820459288811e-01
4.767195767195768763e-01
4.429012345679012030e-01
0.000000000000000000e+00
8.359375000000000000e-01
8.272058823529411242e-01
8.983050847457626498e-01
8.000000000000000444e-01
1.000000000000000000e+00
8.960126243533000912e-01
0.000000000000000000e+00
0.000000000000000000e+00
0.000000000000000000e+00
0.000000000000000000e+00
0.000000000000000000e+00
0.000000000000000000e+00
0.000000000000000000e+00
0.000000000000000000e+00
0.000000000000000000e+00
0.000000000000000000e+00
8.780487804878049918e-01
0.000000000000000000e+00
0.000000000000000000e+00
0.000000000000000000e+00
0.000000000000000000e+00
0.000000000000000000e+00
0.000000000000000000e+00
0.000000000000000000e+00
0.000000000000000000e+00
0.000000000000000000e+00
8.670360110803324583e-01
2.206394150080914773e-02
2.248274110966591577e-02
2.066242099969828327e-02
2.787971643919309739e-02
4.328299069821855971e-02
2.263118855657964001e-02
7.987011439119497958e-01
8.900507423537271645e-01
6.682468284332099273e-01
4.713896332506033460e-01
7.121221919858231608e-01
7.921140251193026227e-01
8.421981592181959630e-01
7.094552932119024824e-01
5.350154012255270430e-01
6.809292946120661938e-01
7.946979878039370782e-01
8.508764447861500990e-01
9.761475503376340068e-01
6.739076328380826375e-01
9.133880605515760642e-01
8.834331392912400105e-01
8.029874070303388844e-01
7.906973362318177045e-01
8.675390093609864905e-01
8.557477846883643213e-01
9.390275103957694824e-01
6.543486276351821035e-03
6.664760958546518677e-03
5.712674487226648834e-03
9.141182740800057882e-03
2.140072561849247490e-02
6.726351414463781209e-03
7.694644784096996704e-01
8.673993878248479339e-01
6.292577123605350709e-01
4.443156165388564283e-01
6.685369569796566491e-01
7.546141616733538227e-01
8.136454713763130453e-01
6.780655032140117111e-01
5.131553764187168909e-01
6.548025521310607555e-01
7.609561736547363342e-01
8.278412357572347835e-01
9.702118369476495641e-01
6.422733936836109159e-01
8.918569205648444465e-01
8.589664292293737180e-01
7.669562596700051360e-01
7.541923596713226985e-01
8.450559202673656456e-01
8.271692679429619721e-01
9.223608274349708314e-01
7.225691347011597987e-02
7.168539325842696042e-02
6.715063520871142333e-02
7.973421926910295721e-02
1.250000000000000000e-01
7.236316449275856377e-02
2.547667723631503733e-01
9.593855218855218414e-01
5.588893864755917207e-02
6.420851875397337594e-02
1.819943895145570423e-01
3.504761904761899416e-01
8.764044943820223921e-01
5.685618729096963975e-02
7.370252531979826216e-02
1.459759547532395452e-01
2.493718828514648322e-01
6.394230769230802025e-02
8.188520088865054447e-01
1.074380165289259281e-01
9.345432703394904728e-01
8.959537572254330229e-01
2.881072026800666208e-01
3.484405458089590013e-02
7.772079772079774074e-01
1.295543387443300887e-01
7.018327067669172248e-01
