4.805947934725124382e-02
4.862052962823099067e-02
4.588522581926512967e-02
5.877553051117978544e-02
7.600360136183614834e-02
4.925464184387057243e-02
3.524158609659471253e-01
9.487783031648453491e-01
3.102321434950860990e-02
2.904203026959861766e-02
7.924786420494100980e-02
4.417712748602191652e-01
7.972064084659882255e-01
4.994522357093966747e-02
5.457031502208797846e-02
6.407876754555275056e-02
5.292262830965484000e-01
1.320574752047720679e-02
8.576652830450521847e-01
1.795107039183663211e-01
9.380403789185487451e-01
8.316551018257847261e-01
1.310310213401120194e-01
9.974793091859890382e-02
7.373119217235020173e-01
3.843057542792731596e-01
8.213630317861018160e-01
1.632375446352661574e-02
1.584981275868865142e-02
1.487115450107844017e-02
1.672033688382462691e-02
5.932203389830509321e-02
1.615337551607606836e-02
2.973674785100286488e-01
3.105485232067510815e-01
1.223169191919192267e-01
3.583333333333331705e-01
1.435508345978756539e-01
6.005441880089201767e-02
6.069171932158297089e-01
4.736842105263159297e-01
1.178124617955091935e-01
2.171547572562801953e-01
5.628887877408588203e-01
3.150452905221299282e-01
5.029683698296838479e-02
2.316176470588238168e-01
3.648648648648649129e-01
3.571428571428572063e-01
2.330591461026243483e-01
5.587397988233060442e-01
3.079047619047621254e-01
4.891381766381767138e-01
0.000000000000000000e+00
7.890625000000000000e-01
8.051470588235293269e-01
8.813559322033898136e-01
9.000000000000000222e-01
1.000000000000000000e+00
9.008278708959417402e-01
0.000000000000000000e+00
0.000000000000000000e+00
0.000000000000000000e+00
0.000000000000000000e+00
0.000000000000000000e+00
0.000000000000000000e+00
0.000000000000000000e+00
0.000000000000000000e+00
0.000000000000000000e+00
0.000000000000000000e+00
7.200000000000000844e-01
0.000000000000000000e+00
0.000000000000000000e+00
0.000000000000000000e+00
0.000000000000000000e+00
0.000000000000000000e+00
0.000000000000000000e+00
0.000000000000000000e+00
0.000000000000000000e+00
0.000000000000000000e+00
7.330210772833724020e-01
2.561057908828426322e-02
2.550349117186895276e-02
2.374964919273980790e-02
3.156741786750286161e-02
5.053882800363118655e-02
2.610883221665513676e-02
7.912068114271204600e-01
8.824709685451430641e-01
6.531294797593645285e-01
3.949155910032562389e-01
6.778816760766575023e-01
7.366862127288251738e-01
8.390300749123145163e-01
7.069921466057316195e-01
4.055714947595250308e-01
6.763770450200734530e-01
8.884136616715720969e-01
7.047573579833463775e-01
9.052159735111982020e-01
7.247208220273995138e-01
8.894985596757125634e-01
9.050137743159449855e-01
7.712730632698618916e-01
7.976743051263146533e-01
8.627143526614475810e-01
8.000056239796220492e-01
9.623495227931035956e-01
7.660645058990962070e-03
7.615677791549022024e-03
6.620389045239320064e-03
1.043079013108823283e-02
2.518206020831172121e-02
7.825251147513770378e-03
7.611662137039209020e-01
8.584642559373870663e-01
6.132859250327630241e-01
3.689524500074981006e-01
6.314573070164866131e-01
6.925115813165482193e-01
8.100137159851528157e-01
6.754461494727057591e-01
3.843872566701715954e-01
6.500547051284477629e-01
8.679115136579502732e-01
6.669829114984086038e-01
8.833427984593529292e-01
6.960024057194016400e-01
8.627471225065080906e-01
8.845896893331846034e-01
7.310939037386442463e-01
7.620748225338498383e-01
8.395419466268391195e-01
7.629646640562776083e-01
9.518022482574111098e-01
7.850133809099019144e-02
7.955056179775280012e-02
7.622504537205079811e-02
8.637873754152819439e-02
1.250000000000000000e-01
8.009626314981224682e-02
3.142586580086579318e-01
9.593855218855218414e-01
1.688951442646002832e-02
1.761730333158895156e-02
1.819943895145570423e-01
3.504761904761899416e-01
1.000000000000000000e+00
5.685618729096963975e-02
6.460002342073600801e-02
7.514245014245002352e-02
1.229779148308587367e-01
3.454545454545465688e-02
7.836287883922148367e-01
1.333333333333337478e-01
9.322016809533106851e-01
7.750000000000003553e-01
2.033697901271063202e-01
0.000000000000000000e+00
6.397641422517041931e-01
2.276029055690065306e-01
6.771978021978021234e-01
