4.359311172172597448e-02
4.398336054756496472e-02
4.164106349142326913e-02
5.337401762653048998e-02
6.822649382026668707e-02
4.469423852728665603e-02
2.085453718969336734e-01
9.158143671501124405e-01
8.803743464354774062e-02
7.584975408032401667e-02
2.176728434587067440e-01
4.627540536959386941e-01
6.914468605232277909e-01
3.889710243008481783e-02
8.270953371359235362e-02
2.375552564198812888e-02
5.447185561107508178e-01
8.165384427532407230e-02
9.039003149153392869e-01
9.005770166215665284e-02
9.310411529229118965e-01
8.180432504367960433e-01
2.012083501595736124e-01
9.196273384300202025e-02
6.520145786543372068e-01
3.316979708445249031e-01
8.444695898578957749e-01
1.958850535623193889e-02
1.980815977925235588e-02
1.623339766148257368e-02
2.576170423581868041e-02
5.932203389830509321e-02
2.004110966860535303e-02
2.662013046393953974e-01
5.563994374120955211e-01
1.540404040404040886e-01
5.239495798319324660e-01
7.985403569622082642e-01
7.275558323694275575e-02
3.794387170675832532e-01
1.866028708133973257e-01
8.837873615272068273e-02
2.896386981188416865e-01
4.008398549341476436e-01
6.974079508139454653e-01
4.329713370126403449e-02
2.316176470588238168e-01
3.032345013477089068e-01
2.816901408450704913e-01
2.330591461026243483e-01
5.587397988233060442e-01
1.593984962406016503e-01
5.030092592592593226e-01
0.000000000000000000e+00
7.187500000000000000e-01
6.213235294117647189e-01
7.288135593220338437e-01
8.000000000000000444e-01
1.000000000000000000e+00
7.561952395766754487e-01
0.000000000000000000e+00
0.000000000000000000e+00
0.000000000000000000e+00
0.000000000000000000e+00
0.000000000000000000e+00
0.000000000000000000e+00
0.000000000000000000e+00
0.000000000000000000e+00
0.000000000000000000e+00
0.000000000000000000e+00
6.585365853658536883e-01
0.000000000000000000e+00
0.000000000000000000e+00
0.000000000000000000e+00
0.000000000000000000e+00
0.000000000000000000e+00
0.000000000000000000e+00
0.000000000000000000e+00
0.000000000000000000e+00
0.000000000000000000e+00
0.000000000000000000e+00
2.906882441039063125e-02
2.892529512279939929e-02
2.637235929206746543e-02
3.489385948814097138e-02
5.885848525599057801e-02
2.941141561138901905e-02
7.707442839072382590e-01
9.058412249207858924e-01
6.901001505098132149e-01
4.954534761934503706e-01
7.645669268598611623e-01
7.813904635379815833e-01
8.472282679489306911e-01
7.323159518417710068e-01
4.996684179953119198e-01
6.293679645271064160e-01
8.695473874998564945e-01
7.973416816839313803e-01
9.399502420314862494e-01
6.707327253353123631e-01
9.046438973456494281e-01
9.186230277048905712e-01
8.328136686724108007e-01
7.800216933155765808e-01
8.613141110284106006e-01
8.380561636201002695e-01
9.818707185329835774e-01
8.767385867951883044e-03
8.708711202176699917e-03
7.402588569655969841e-03
1.161019494434228916e-02
2.958627402802414819e-02
8.884934949619005540e-03
7.386126573372521209e-01
8.860988229159553198e-01
6.524882839063291806e-01
4.682927681310076196e-01
7.262968209543549936e-01
7.424900692913430911e-01
8.194206310078775424e-01
7.024640919259161898e-01
4.777006660644569358e-01
6.013172517397975536e-01
8.460878662423683139e-01
7.680065319202752372e-01
9.255609114181020391e-01
6.389409741993437031e-01
8.811659523452844978e-01
9.008621001048362498e-01
8.011016431181708919e-01
7.421727657543188972e-01
8.379433525311766884e-01
8.066359627208897765e-01
9.766890237240797301e-01
6.601248884924176830e-02
6.696629213483148990e-02
6.352087114337565121e-02
7.308970099667772002e-02
1.250000000000000000e-01
6.774356571448578168e-02
1.878720238095228368e-01
9.204287775716344377e-01
6.920581521086122123e-02
5.458475950279240152e-02
2.452684245787590811e-01
3.504761904761899416e-01
7.555555555555564240e-01
3.572553098105091252e-02
8.336174639441495948e-02
7.514245014245002352e-02
6.107066518811343769e-02
1.244652406417112722e-01
8.782911934706216783e-01
8.196721311475485550e-02
9.254614049631864070e-01
7.750000000000003553e-01
2.394404454705965080e-01
0.000000000000000000e+00
5.740740740740735149e-01
1.499501495513460014e-01
7.146428571428571352e-01
