3.963651263019096760e-02
4.009364275122440091e-02
3.747994072605598248e-02
4.887539204139351723e-02
5.961727088687179821e-02
4.057802507507690670e-02
2.668782256891040205e-01
8.962902267222585539e-01
6.629531035034474939e-02
5.828429130195300623e-02
1.597867149796678987e-01
3.186273226405322845e-01
7.164535794279851544e-01
6.652564497746693561e-02
7.437050845027082246e-02
9.825962306224766962e-02
5.961133400561831053e-01
7.601131048999709705e-02
8.562447983622636372e-01
1.445360917310307691e-01
9.533837654820487284e-01
8.673000912796648976e-01
1.910957996979636420e-01
1.247738533375049030e-01
7.696928060419239159e-01
3.903263252167885611e-01
8.465967914029386421e-01
3.842883863288557023e-03
4.171867814204061053e-03
2.838006584175274682e-03
1.610106514738668393e-03
5.084745762711864736e-02
2.751880441319208559e-03
1.997134670487106245e-01
1.630379746835444177e-01
6.140309343434343647e-01
3.583333333333331705e-01
1.687742370595178842e-01
2.353857104724621507e-02
2.654090809388023331e-01
3.808049535603716951e-01
1.178124617955091935e-01
2.461928934010160219e-02
7.912304657866788826e-01
1.806379227440295665e-01
2.024067863483924867e-02
4.500000000000001776e-01
3.648648648648649129e-01
2.915451895043732478e-01
1.496511003757381442e-01
6.680584551148227579e-01
2.355555555555555181e-01
4.722222222222224319e-01
0.000000000000000000e+00
7.734375000000000000e-01
7.830882352941176405e-01
8.983050847457626498e-01
8.333333333333333703e-01
1.000000000000000000e+00
8.597675407080972443e-01
0.000000000000000000e+00
0.000000000000000000e+00
0.000000000000000000e+00
0.000000000000000000e+00
0.000000000000000000e+00
0.000000000000000000e+00
0.000000000000000000e+00
0.000000000000000000e+00
0.000000000000000000e+00
0.000000000000000000e+00
7.474048442906574552e-01
0.000000000000000000e+00
0.000000000000000000e+00
0.000000000000000000e+00
0.000000000000000000e+00
0.000000000000000000e+00
0.000000000000000000e+00
0.000000000000000000e+00
0.000000000000000000e+00
0.000000000000000000e+00
9.343283582089552119e-01
1.841276223124480027e-02
1.840810042010118663e-02
1.677621223953434937e-02
2.283852073455105991e-02
3.187302582489137670e-02
1.866871481831214319e-02
8.032473400600479430e-01
8.498554967973552809e-01
7.307091522222477487e-01
4.409664069397081221e-01
6.906362911856933628e-01
7.540497746788272782e-01
8.961891714508276596e-01
7.949880474558006505e-01
4.171290364896940162e-01
6.339922106019830750e-01
8.889150251439335015e-01
7.745722011238584948e-01
9.117852789617868492e-01
7.317310113325956600e-01
8.921335451201195532e-01
8.975216127649243703e-01
8.032109789430210700e-01
8.115208159839100155e-01
8.936736348818015152e-01
8.142720900575717291e-01
9.376832696808543588e-01
5.412301423071929490e-03
5.402893294373795063e-03
4.590063006819220665e-03
7.408675992786072084e-03
1.556703725838345931e-02
5.495449065451525616e-03
7.745083081855638207e-01
8.203201799418876616e-01
6.961026632190722152e-01
4.141821007364843155e-01
6.452112378228187506e-01
7.118155980231669622e-01
8.762014635591572898e-01
7.701687096445333225e-01
3.957647377963842139e-01
6.060879471323323830e-01
8.684934762863993907e-01
7.428729659134086782e-01
8.912803576492596136e-01
7.034732132168515228e-01
8.659426581877768259e-01
8.756689690072854138e-01
7.672106995042758948e-01
7.777819796316969292e-01
8.750828004341543176e-01
7.792599924577118253e-01
9.206735265314169858e-01
6.779661016949151131e-02
6.674157303370789607e-02
6.170598911070782067e-02
7.308970099667772002e-02
1.250000000000000000e-01
6.792163631502942667e-02
1.878720238095228368e-01
9.015406591164167871e-01
5.588893864755917207e-02
5.458475950279240152e-02
1.819943895145570423e-01
1.849083572473109172e-01
7.555555555555564240e-01
5.685618729096963975e-02
9.288262073926700779e-02
1.375488917861797944e-01
2.493718828514648322e-01
9.390997352162422374e-02
7.558652810435235736e-01
1.333333333333337478e-01
9.552190064089480792e-01
7.750000000000003553e-01
1.755653266331664852e-01
5.243857719105182724e-02
6.397641422517041931e-01
3.071268123340820111e-01
7.146428571428571352e-01
