4.307205166898553372e-02
4.356595280809572035e-02
4.022080586110599043e-02
5.295369822389456305e-02
6.961574002380055415e-02
4.397056557337808425e-02
3.860713854469803863e-01
9.384406802419558158e-01
5.731748510786527362e-02
1.836182417185550086e-02
1.427166840108364809e-01
3.239375555266281737e-01
7.259857706994798932e-01
7.526797486316638697e-02
7.349886063676613901e-02
1.180070153427195123e-01
6.212304423077581461e-01
9.856077462870338479e-02
7.454722109761915405e-01
9.737754193140357728e-02
9.852501466437797450e-01
7.525236413426767967e-01
1.097416189978819290e-01
1.291259535023998595e-01
8.306727999740761703e-01
4.481055436224767874e-01
8.443633909245482627e-01
4.250977724876724151e-03
5.370869193876880165e-03
5.505732773300034411e-03
3.839484765915286701e-03
1.694915254237289171e-02
4.436966323729689410e-03
2.827680415805957637e-01
1.119766309639729229e-01
4.924242424242423199e-01
1.548619447779111535e-01
1.435508345978756539e-01
6.087561477736086468e-02
2.935903182429404623e-01
2.481203007518797410e-01
2.548596112311014017e-01
1.611444393170280431e-01
7.912304657866788826e-01
3.551316984559491630e-01
1.656737028999802908e-01
2.316176470588238168e-01
6.642857142857141461e-01
2.105263157894738946e-01
1.152917131177999543e-01
2.881002087682671409e-01
2.912087912087915065e-01
3.882575757575758013e-01
0.000000000000000000e+00
7.812500000000000000e-01
7.867647058823529216e-01
8.983050847457626498e-01
8.333333333333333703e-01
1.000000000000000000e+00
9.034076630135668973e-01
0.000000000000000000e+00
0.000000000000000000e+00
0.000000000000000000e+00
0.000000000000000000e+00
0.000000000000000000e+00
0.000000000000000000e+00
0.000000000000000000e+00
0.000000000000000000e+00
0.000000000000000000e+00
0.000000000000000000e+00
8.275862068965517127e-01
0.000000000000000000e+00
0.000000000000000000e+00
0.000000000000000000e+00
0.000000000000000000e+00
0.000000000000000000e+00
0.000000000000000000e+00
0.000000000000000000e+00
0.000000000000000000e+00
0.000000000000000000e+00
8.994252873563218786e-01
2.387206358203264323e-02
2.367950845968946894e-02
2.150711777736619146e-02
2.798995814513080549e-02
4.656413575492646117e-02
2.398643336982508867e-02
7.722737684825160542e-01
8.838794118846180492e-01
6.606794544589984497e-01
2.991360991280842541e-01
7.166979191110876002e-01
7.276476456645475377e-01
8.656267596606175285e-01
8.062579004227066193e-01
5.419354430006197987e-01
5.823465680671251476e-01
8.703700306547657028e-01
8.213639652880591058e-01
8.792970860152549140e-01
6.362601153885805161e-01
8.814045343194769622e-01
9.219883679090266071e-01
8.150622342712281476e-01
7.820221045867823406e-01
8.883898760939041850e-01
8.287350748885360385e-01
9.708397141211588810e-01
7.110767301942388235e-03
7.039926149759116736e-03
5.959634890294170095e-03
9.179462132834784183e-03
2.310378239929343491e-02
7.152526602966620406e-03
7.402931713465464858e-01
8.601225346147286510e-01
6.212525792952777737e-01
2.763568446246371657e-01
6.735298530268929440e-01
6.825172589183868821e-01
8.406368832591060158e-01
7.824704227165475423e-01
5.201222097945938927e-01
5.530987219935956656e-01
8.470363926189314885e-01
7.947270381347270041e-01
8.522401973493718419e-01
6.029449472519969877e-01
8.529548602241364685e-01
9.048995668349466559e-01
7.807308157964222284e-01
7.444211797747992687e-01
8.689905715197917546e-01
7.958759828552431914e-01
9.625987838190228629e-01
7.047279214986618134e-02
6.966292134831461591e-02
6.715063520871142333e-02
7.973421926910295721e-02
1.250000000000000000e-01
7.055580169644407040e-02
3.357712765957439061e-01
9.593855218855218414e-01
7.997681831353231630e-02
1.761730333158895156e-02
1.819943895145570423e-01
2.479784366576822663e-01
7.555555555555564240e-01
8.029689608636969567e-02
6.460002342073600801e-02
1.534824513547916602e-01
2.493718828514648322e-01
1.060606060606059664e-01
6.459380173690787430e-01
9.890109890109943791e-02
9.980813977221698607e-01
7.750000000000003553e-01
1.206030150753774066e-01
5.243857719105182724e-02
9.233784048598856486e-01
3.885903265812320484e-01
7.146428571428571352e-01
