3.964179378053622749e-02
4.025001293995983387e-02
3.782127663819362384e-02
4.953516655098949562e-02
6.118206780210311280e-02
4.077478272366324985e-02
3.531879733762828266e-01
9.250327685170691705e-01
8.934846021977005393e-02
6.783633698726387884e-02
7.577885952518936818e-02
5.342611391758804729e-01
8.085763893954132087e-01
4.101862171227832476e-02
2.552933178564442684e-02
1.000060818206414126e-01
5.289128380584724454e-01
3.833181939137109140e-02
8.202891641279990154e-01
1.059301784205253227e-01
9.569083820699086917e-01
7.968722275219661810e-01
8.415230712553256609e-02
1.662744892428893451e-01
7.549862797977917594e-01
3.290267315828909744e-01
8.558885157077054107e-01
4.897126339057984723e-03
4.812430195125158572e-03
5.165171983198997563e-03
7.307406489967790963e-03
4.237288135593220151e-02
5.587657839575252416e-03
2.402969523313360778e-01
3.440736478711161617e-01
3.627104377104376498e-01
3.719723183391001609e-01
1.239495158174428457e-01
2.435675667188308968e-01
3.459723921020443349e-01
2.982456140350877583e-01
5.881375643794650721e-02
1.247377326565144440e-01
3.137887753272368130e-01
5.405313351498637342e-01
3.313057583130576411e-01
2.893629807692308376e-01
3.648648648648649129e-01
3.861003861003862170e-01
5.209109730848859865e-01
5.587397988233060442e-01
1.242490842490844294e-01
4.149440137812231422e-01
0.000000000000000000e+00
7.109375000000000000e-01
6.801470588235293269e-01
8.135593220338982468e-01
7.666666666666667185e-01
1.000000000000000000e+00
7.491919659285029010e-01
0.000000000000000000e+00
0.000000000000000000e+00
0.000000000000000000e+00
0.000000000000000000e+00
0.000000000000000000e+00
0.000000000000000000e+00
0.000000000000000000e+00
0.000000000000000000e+00
0.000000000000000000e+00
0.000000000000000000e+00
8.780487804878049918e-01
0.000000000000000000e+00
0.000000000000000000e+00
0.000000000000000000e+00
0.000000000000000000e+00
0.000000000000000000e+00
0.000000000000000000e+00
0.000000000000000000e+00
0.000000000000000000e+00
0.000000000000000000e+00
0.000000000000000000e+00
2.149103516937059255e-02
2.175601598193244168e-02
1.993958622616259779e-02
2.729113013776943153e-02
4.566998350326523237e-02
2.215488987260164078e-02
8.113021248544596276e-01
8.813871677935625204e-01
7.418601750403430728e-01
4.028681855944356016e-01
7.364432855018012702e-01
8.014069216412773589e-01
8.780289460943129232e-01
7.725713452284206362e-01
4.236895068868875569e-01
6.973587398870479959e-01
7.961766535995451477e-01
7.732547870001349466e-01
9.098444038002988510e-01
7.137213378262305952e-01
8.971517717234984701e-01
9.304108990403032742e-01
8.207705223962309393e-01
8.357329231720003193e-01
9.057009367793749099e-01
8.554417950838140161e-01
9.885775832215850656e-01
6.364723592752894593e-03
6.437951702266013487e-03
5.502179456347282283e-03
8.937091426842465325e-03
2.263855069150925992e-02
6.577200084538131764e-03
7.834632390962134041e-01
8.571888314661576525e-01
7.081804553264324786e-01
3.767303168713747041e-01
6.951775037741203533e-01
7.651630995683079695e-01
8.550205548086931007e-01
7.458145442838206574e-01
4.022334439999428746e-01
6.719793780020786311e-01
7.626155312686802024e-01
7.414245295116485002e-01
8.889329472565419277e-01
6.843086952962582625e-01
8.720388834553468582e-01
9.150278365799833225e-01
7.872657586501145000e-01
8.054508863837721577e-01
8.889911400846018941e-01
8.268128977231522514e-01
9.852905379097909311e-01
6.512042818911684128e-02
6.516853932584268372e-02
6.170598911070782067e-02
7.308970099667772002e-02
1.250000000000000000e-01
6.500629978767050177e-02
3.357712765957439061e-01
9.204287775716344377e-01
6.920581521086122123e-02
6.098297307088529351e-02
5.940094657766792352e-02
3.504761904761899416e-01
1.000000000000000000e+00
5.685618729096963975e-02
1.926667365179857150e-02
1.420875420875424844e-01
1.647227116083076481e-01
3.454545454545465688e-02
7.487302058748301903e-01
9.890109890109943791e-02
9.629850145911347248e-01
7.750000000000003553e-01
1.206030150753774066e-01
1.059259259259253128e-01
6.733500417710942543e-01
2.276029055690065306e-01
7.277992277992277881e-01
