4.587499811967060692e-02
4.636159261299760415e-02
4.337673643377387700e-02
5.607459716857232657e-02
7.498403147543053482e-02
4.695690013365177995e-02
3.102739375290610724e-01
9.603134410666329668e-01
6.007010691392311585e-02
5.670949977403161313e-02
2.265474322997080847e-01
2.142124212451914644e-01
8.463454150833511491e-01
9.849994355470625962e-02
3.922008827480771842e-02
9.154267041352337486e-02
5.796473516514906166e-01
4.573585950635328246e-02
8.439548915415633346e-01
1.152748457792096559e-01
9.667826146696938405e-01
8.632789679805732419e-01
2.077890758259979265e-01
5.828527307185904505e-02
7.432463169323400010e-01
4.782345372848677556e-01
8.303227633404071106e-01
1.455534772997789383e-02
1.442086590894159359e-02
1.464411397434441792e-02
1.758731731483774430e-02
4.237288135593220151e-02
1.507581553362778715e-02
2.402969523313360778e-01
3.440736478711161617e-01
1.540404040404040886e-01
3.719723183391001609e-01
2.434487838209585808e-01
7.515641309985482410e-02
2.793481875623544664e-01
1.228070175438598088e-01
1.486681065514758315e-01
1.992444811710543107e-01
3.002958579881656043e-01
3.551316984559491630e-01
5.066289289438402621e-02
4.975961538461539657e-01
3.648648648648649129e-01
2.285714285714286476e-01
4.948067632850241537e-01
6.680584551148227579e-01
3.079047619047621254e-01
4.843550446998724501e-01
0.000000000000000000e+00
7.968750000000000000e-01
7.830882352941176405e-01
8.813559322033898136e-01
9.000000000000000222e-01
1.000000000000000000e+00
9.130323197602782104e-01
0.000000000000000000e+00
0.000000000000000000e+00
0.000000000000000000e+00
0.000000000000000000e+00
0.000000000000000000e+00
0.000000000000000000e+00
0.000000000000000000e+00
0.000000000000000000e+00
0.000000000000000000e+00
0.000000000000000000e+00
7.346938775510203357e-01
0.000000000000000000e+00
0.000000000000000000e+00
0.000000000000000000e+00
0.000000000000000000e+00
0.000000000000000000e+00
0.000000000000000000e+00
0.000000000000000000e+00
0.000000000000000000e+00
0.000000000000000000e+00
7.364705882352940991e-01
2.430988454271712507e-02
2.472902887789851789e-02
2.259492961056799865e-02
3.135360254016042458e-02
5.065357253389884962e-02
2.511150365699321707e-02
7.654828465602809828e-01
8.951142365591315819e-01
6.701902720032575367e-01
3.647976021644936395e-01
7.029181230669125924e-01
7.446427987496548884e-01
8.749604515566138385e-01
7.849256048619199788e-01
4.205672207458919232e-01
5.812018182722553661e-01
8.390407423226635686e-01
7.531456050172420369e-01
9.045989495803621327e-01
7.015018105575894225e-01
8.924945605386183090e-01
8.956353549564064487e-01
7.992553301257088183e-01
7.285563189460360078e-01
8.794034037170690432e-01
8.050399280240199129e-01
9.401383517422634561e-01
7.248836748904158994e-03
7.370628869095723068e-03
6.279226893494228856e-03
1.035550430709573227e-02
2.524230552364199742e-02
7.508326826615556449e-03
7.328381750461318012e-01
8.733831161823660816e-01
6.313168314078997367e-01
3.396207695113311331e-01
6.585207182712988772e-01
7.013403061099224844e-01
8.514556567420701327e-01
7.592176448524832200e-01
3.991538873573681201e-01
5.519314581733383296e-01
8.111106661578164623e-01
7.193936279453195803e-01
8.825983913006651971e-01
6.713587821844386738e-01
8.663807681321132881e-01
8.734272542710377341e-01
7.627122681534787008e-01
6.849338835571916473e-01
8.586541651894060712e-01
7.687041463742990688e-01
9.237559576024663155e-01
7.582515611061552141e-02
7.505617977528092344e-02
7.078039927404719545e-02
8.305647840531560355e-02
1.250000000000000000e-01
7.657655079856237612e-02
3.056900726392246526e-01
9.593855218855218414e-01
6.920581521086122123e-02
5.322439166471637506e-02
3.099179821443556193e-01
1.142857142857138797e-01
1.000000000000000000e+00
1.041524846834578355e-01
3.713721153172744316e-02
1.195036556482338419e-01
2.493718828514648322e-01
6.394230769230802025e-02
8.188520088865054447e-01
8.196721311475485550e-02
9.734136541500708617e-01
8.378378378378377178e-01
1.617443944870551320e-01
6.305114638447939512e-02
7.074448185559294444e-01
2.276029055690065306e-01
6.893552875695733162e-01
