4.321253979657008193e-02
4.356759518338770842e-02
4.079634853547559059e-02
5.227732748746605207e-02
6.856242703452786191e-02
4.410050693265915589e-02
2.281695457237757907e-01
9.208297875931410470e-01
5.637060125357029605e-02
3.389419296692564032e-02
1.477963278203340280e-01
3.384252402711105390e-01
7.900878548615368757e-01
1.229963092394688040e-01
8.657398331755805643e-02
9.959782604974876108e-02
6.024395420472821172e-01
1.331650154737307190e-01
8.073175578319835566e-01
1.559466749555014076e-01
9.136019583377514852e-01
8.123231670182491371e-01
2.864827726555780885e-01
1.326043848035078909e-01
6.699125784581241305e-01
6.506130113288861594e-01
8.427319688283443355e-01
1.584764495834042886e-02
1.532422311280468713e-02
1.390623226245884386e-02
1.870200644042606386e-02
1.101694915254237128e-01
1.548755009728695897e-02
4.229226361031519499e-01
1.630379746835444177e-01
5.375420875420876543e-01
4.742647058823528106e-01
2.135254349753346048e-01
6.757484511171152342e-02
3.794387170675832532e-01
3.157894736842106198e-01
1.215028379125018820e-01
1.165647985082358673e-01
3.137887753272368130e-01
3.281644785731980818e-01
1.656737028999802908e-01
2.812500000000002220e-01
1.607142857142855874e-01
7.902735562310030382e-01
1.293478260869562746e-01
6.116910229645093899e-01
5.644155844155844814e-01
6.053553553553555622e-01
0.000000000000000000e+00
7.890625000000000000e-01
8.014705882352940458e-01
8.813559322033898136e-01
9.000000000000000222e-01
1.000000000000000000e+00
8.572077594221483299e-01
0.000000000000000000e+00
0.000000000000000000e+00
0.000000000000000000e+00
0.000000000000000000e+00
0.000000000000000000e+00
0.000000000000000000e+00
0.000000000000000000e+00
0.000000000000000000e+00
0.000000000000000000e+00
0.000000000000000000e+00
9.075630252100840289e-01
0.000000000000000000e+00
0.000000000000000000e+00
0.000000000000000000e+00
0.000000000000000000e+00
0.000000000000000000e+00
0.000000000000000000e+00
0.000000000000000000e+00
0.000000000000000000e+00
0.000000000000000000e+00
7.470167064439141580e-01
2.557748075356169881e-02
2.504856772512475960e-02
2.297491850384714152e-02
3.072921633181488477e-02
5.292378766190813932e-02
2.581539451617498315e-02
7.697213850391557699e-01
8.893404694052386983e-01
6.425634530633992370e-01
3.740209062982131627e-01
7.451015001183245445e-01
7.909026192127537325e-01
8.604780950148860352e-01
8.531872555454578233e-01
6.487503077088900838e-01
6.055617753985229612e-01
8.379438897452011759e-01
8.033609625929156728e-01
9.527829140902481786e-01
7.069998286677288135e-01
9.031020784325738404e-01
9.370971026206804666e-01
8.500719719090807924e-01
8.253163025735421598e-01
9.073578791090075590e-01
8.722325913207156223e-01
9.518390792073976314e-01
7.650135733511715525e-03
7.471630069500891091e-03
6.391277203386336314e-03
1.013601554725584997e-02
2.643711739351962964e-02
7.731855980817999019e-03
7.374892267670177803e-01
8.665609798424370736e-01
6.021704282578329570e-01
3.485823361651592123e-01
7.047221428191814407e-01
7.532419182226554044e-01
8.346850354607950884e-01
8.341125199818368863e-01
6.287268383603330513e-01
5.768385132089266509e-01
8.098602457742787308e-01
7.746822354862760163e-01
9.413141239326674459e-01
6.771801082227149049e-01
8.792851783871898919e-01
9.230921374341116703e-01
8.210441869895984679e-01
7.935153710045250719e-01
8.909116599095300293e-01
8.464323477090217596e-01
9.384947962257053078e-01
6.779661016949151131e-02
7.011235955056180358e-02
6.352087114337565121e-02
7.641196013289036637e-02
1.250000000000000000e-01
6.928821190647596606e-02
1.878720238095228368e-01
9.204287775716344377e-01
4.273250638020043013e-02
3.580290677064867921e-02
1.819943895145570423e-01
2.203592814371262421e-01
8.764044943820223921e-01
1.162393162393162704e-01
9.864075432507579677e-02
1.534824513547916602e-01
2.493718828514648322e-01
1.244652406417112722e-01
7.314012545558528089e-01
1.333333333333337478e-01
9.021512838306731119e-01
8.378378378378377178e-01
2.881072026800666208e-01
7.014961981849410222e-02
5.740740740740735149e-01
3.885903265812320484e-01
7.146428571428571352e-01
