3.960741909009046768e-02
4.013321072245856769e-02
3.753003386924691487e-02
4.885846124277998248e-02
6.008926314953022541e-02
4.057002820056659909e-02
3.415678379973918766e-01
9.148307032388711679e-01
7.517990401355989505e-02
3.394584970937231105e-02
2.153552702904368843e-01
4.115037242728156741e-01
5.780888122880520896e-01
6.967571504935365923e-02
6.162161189244930171e-02
9.888041045638118476e-02
5.586787327763023114e-01
1.266786067010032824e-01
7.151297033835062322e-01
1.075004110255064482e-01
9.520681354791122875e-01
8.258395186677276456e-01
2.214178017366554840e-01
1.564499086435224839e-01
6.823908851610944737e-01
4.790518791246061170e-01
8.502916755327303289e-01
1.979255228702601899e-02
1.944681689770711569e-02
1.702803950505164809e-02
2.229378251176615533e-02
4.237288135593220151e-02
1.967219716666122886e-02
3.581199741196046116e-01
3.105485232067510815e-01
2.628066378066377107e-01
0.000000000000000000e+00
7.975046366548649290e-02
3.501605610334144747e-01
4.624014554275319711e-01
1.228070175438598088e-01
7.921312240966671414e-02
1.611444393170280431e-01
7.912304657866788826e-01
4.540115046927037934e-01
6.605628454495587887e-02
2.812500000000002220e-01
5.204081632653059231e-01
4.608294930875573847e-01
3.120772946859904362e-01
3.704687796545833578e-01
2.092467532467532365e-01
3.336139169472503996e-01
0.000000000000000000e+00
7.890625000000000000e-01
7.500000000000000000e-01
8.813559322033898136e-01
9.000000000000000222e-01
1.000000000000000000e+00
8.637986939575996725e-01
0.000000000000000000e+00
0.000000000000000000e+00
0.000000000000000000e+00
0.000000000000000000e+00
0.000000000000000000e+00
0.000000000000000000e+00
0.000000000000000000e+00
0.000000000000000000e+00
0.000000000000000000e+00
0.000000000000000000e+00
8.674698795180721955e-01
0.000000000000000000e+00
0.000000000000000000e+00
0.000000000000000000e+00
0.000000000000000000e+00
0.000000000000000000e+00
0.000000000000000000e+00
0.000000000000000000e+00
0.000000000000000000e+00
0.000000000000000000e+00
7.049549549549549710e-01
2.320116706223657177e-02
2.309649892020709805e-02
2.079477048104591552e-02
2.783901760308329920e-02
3.863839654825379499e-02
2.333793152376009705e-02
7.781741393476702129e-01
8.872583124894484197e-01
6.950057894813466142e-01
3.293060412037007723e-01
7.120182727749861940e-01
7.656529818880979388e-01
8.200429087105829407e-01
7.264372850563054484e-01
4.493742536571625479e-01
6.709890978817165674e-01
8.773672271913341980e-01
7.979138745360780938e-01
8.825723034195547267e-01
6.490246585251191469e-01
8.961977514528394195e-01
9.310422539640779149e-01
8.214147194532916973e-01
8.083388140346263739e-01
8.615099426597288002e-01
8.418922235143668775e-01
9.442774860037363993e-01
6.899731130894922598e-03
6.856905527911988374e-03
5.751299289896504019e-03
9.127055070536037318e-03
1.900943220843091808e-02
6.948266804355215931e-03
7.467841480841276303e-01
8.641045423670802306e-01
6.577261745691870276e-01
3.053088129788772420e-01
6.684236668487659738e-01
7.247920560339152773e-01
7.883380233792702807e-01
6.961747405620859475e-01
4.276317025863467514e-01
6.444416934237036099e-01
8.551156363494365475e-01
7.686405584808312375e-01
8.561515436496074383e-01
6.162336942954909080e-01
8.708788684602445374e-01
9.157884121846664449e-01
7.880041781647516563e-01
7.741649059804867061e-01
8.381668787186012937e-01
8.110758777130807617e-01
9.289607133168480413e-01
6.779661016949151131e-02
6.606741573033711457e-02
6.352087114337565121e-02
7.641196013289036637e-02
1.250000000000000000e-01
6.788694885402343782e-02
3.056900726392246526e-01
9.204287775716344377e-01
7.592534008225237940e-02
3.580290677064867921e-02
2.733834482781469788e-01
3.504761904761899416e-01
5.217391304347831493e-01
9.615384615384625633e-02
6.460002342073600801e-02
1.195036556482338419e-01
6.107066518811343769e-02
1.244652406417112722e-01
6.459380173690787430e-01
1.013373419033802847e-01
9.444255713082818637e-01
7.750000000000003553e-01
2.881072026800666208e-01
9.053497942386812269e-02
6.066758116140835710e-01
2.276029055690065306e-01
7.277992277992277881e-01
