4.083672385404629734e-02
4.127447726927047089e-02
3.876779760120985241e-02
5.011273117557163426e-02
6.199857204609882100e-02
4.180142489305721520e-02
3.034008648299870714e-01
9.059526138627280734e-01
4.460316626073268509e-02
5.711423029918316630e-02
1.855689545852152733e-01
4.401676356036450244e-01
7.305870582350371123e-01
7.153670951825574775e-02
2.619877820195126716e-02
8.952995730506252414e-02
5.502944857240716914e-01
7.055872008721975064e-02
8.633483669023211959e-01
1.434176143969363437e-01
9.474259004356955227e-01
8.509064522326106328e-01
1.798455556385434306e-01
1.813764256005363507e-01
7.556179173648089886e-01
4.577956530155109505e-01
8.464138375417284976e-01
1.700391089950695211e-03
5.797910781157614157e-03
5.676013168350549365e-03
1.473866732722318995e-02
3.389830508474578341e-02
4.995463807917994992e-03
2.106017191977078706e-01
7.041507212246100877e-02
6.140309343434343647e-01
3.583333333333331705e-01
8.792999840040810478e-02
7.654150725153480161e-02
6.157704095848426373e-01
3.522267206477736057e-01
6.761581522457799087e-02
3.795846792801107483e-01
3.137887753272368130e-01
3.551316984559491630e-01
1.154005587095611185e-01
4.500000000000001776e-01
4.404761904761906877e-01
3.322259136212624142e-01
2.714707461084271412e-01
5.587397988233060442e-01
3.079047619047621254e-01
6.432613168724280461e-01
0.000000000000000000e+00
7.890625000000000000e-01
7.536764705882352811e-01
8.813559322033898136e-01
9.000000000000000222e-01
1.000000000000000000e+00
8.801208753877174384e-01
0.000000000000000000e+00
0.000000000000000000e+00
0.000000000000000000e+00
0.000000000000000000e+00
0.000000000000000000e+00
0.000000000000000000e+00
0.000000000000000000e+00
0.000000000000000000e+00
0.000000000000000000e+00
0.000000000000000000e+00
8.181818181818182323e-01
0.000000000000000000e+00
0.000000000000000000e+00
0.000000000000000000e+00
0.000000000000000000e+00
0.000000000000000000e+00
0.000000000000000000e+00
0.000000000000000000e+00
0.000000000000000000e+00
0.000000000000000000e+00
0.000000000000000000e+00
2.350700929770688230e-02
2.350133862227074544e-02
2.167234407248586070e-02
2.844211438823010529e-02
4.407548167640035208e-02
2.391225327472373818e-02
7.842670045081887586e-01
8.474498754377008947e-01
6.662247992200320823e-01
3.687149870511090555e-01
7.334102342314974265e-01
7.733523808858706605e-01
8.501602643315393504e-01
8.045217207107397961e-01
3.781852152507214626e-01
6.345819351767278960e-01
8.335602870630669514e-01
8.015497941232716528e-01
9.287625811025022049e-01
7.477012512140794875e-01
8.823144182692606030e-01
9.035469624696688129e-01
8.118351631493541110e-01
8.026796353603473655e-01
8.950906931191520144e-01
8.484100691286131646e-01
9.362848312693734520e-01
6.995856081896460049e-03
6.983942466318393549e-03
6.008064677822971822e-03
9.336640836198846494e-03
2.181102065479893770e-02
7.129131330168951564e-03
7.535001751196824804e-01
8.175262854030941329e-01
6.271167403607299518e-01
3.434247290996674806e-01
6.918414690436780479e-01
7.334365309680220824e-01
8.227919250366833026e-01
7.805727589577580172e-01
3.575213582131473444e-01
6.066967179685691658e-01
8.048678734151186731e-01
7.726721694069825785e-01
9.118956002789497806e-01
7.205456395800649005e-01
8.540538711605870636e-01
8.828410950986564920e-01
7.770429787283287260e-01
7.677429903800427891e-01
8.767185411215240309e-01
8.186353564819396356e-01
9.189193127687611540e-01
6.512042818911684128e-02
6.494382022471908988e-02
6.170598911070782067e-02
7.308970099667772002e-02
1.250000000000000000e-01
6.518631581038428213e-02
1.878720238095228368e-01
9.204287775716344377e-01
6.920581521086122123e-02
5.077928607340376210e-02
2.452684245787590811e-01
3.504761904761899416e-01
7.555555555555564240e-01
7.355769230769215739e-02
4.438425632632636564e-02
1.270013241844227814e-01
1.647227116083076481e-01
7.885375494071134028e-02
7.375860940891065809e-01
1.333333333333337478e-01
9.405233293872719003e-01
7.949285714285716509e-01
2.201573907272216246e-01
1.276215975011156800e-01
7.772079772079774074e-01
2.276029055690065306e-01
7.277992277992277881e-01
