4.709283103850403496e-02
4.745454611581112481e-02
4.473865865868420499e-02
5.732092231708496577e-02
7.584449561701422926e-02
4.819712709192336408e-02
3.387721944799046980e-01
9.806859217677887930e-01
6.325481801037291518e-02
3.444824226486109531e-02
1.324117393089583317e-01
2.208919931083048738e-01
7.592745776088056786e-01
8.121603952556588624e-02
4.049555496714463132e-02
7.807027104472030743e-02
4.773102281319996365e-01
1.415319944191519852e-01
9.075651664587862655e-01
1.474586441612495413e-01
9.622133621359802991e-01
8.502217145005523946e-01
2.438366946302092941e-01
7.307675838314686700e-02
8.150075901404054690e-01
5.275035899395028594e-01
8.304430007822098947e-01
1.676585614691379622e-02
1.708166349122922784e-02
1.396299239414235116e-02
1.733960862026256988e-02
3.389830508474578341e-02
1.605367013469825854e-02
3.671203438395416185e-01
3.105485232067510815e-01
1.540404040404040886e-01
2.107843137254901134e-01
2.135254349753346048e-01
2.458574151936737673e-02
1.876288659793814428e-01
4.258373205741627920e-01
1.019438444924405940e-01
2.285642664661278189e-01
4.008398549341476436e-01
3.551316984559491630e-01
3.236009732360095592e-02
1.090561224489794423e-01
4.628571428571430779e-01
4.608294930875573847e-01
2.802982566687670651e-01
6.116910229645093899e-01
2.684415584415584810e-01
4.429012345679012030e-01
0.000000000000000000e+00
7.968750000000000000e-01
7.904411764705882026e-01
8.813559322033898136e-01
8.333333333333333703e-01
1.000000000000000000e+00
8.420500249266464898e-01
0.000000000000000000e+00
0.000000000000000000e+00
0.000000000000000000e+00
0.000000000000000000e+00
0.000000000000000000e+00
0.000000000000000000e+00
0.000000000000000000e+00
0.000000000000000000e+00
0.000000000000000000e+00
0.000000000000000000e+00
9.350649350649350433e-01
0.000000000000000000e+00
0.000000000000000000e+00
0.000000000000000000e+00
0.000000000000000000e+00
0.000000000000000000e+00
0.000000000000000000e+00
0.000000000000000000e+00
0.000000000000000000e+00
0.000000000000000000e+00
7.313084112149532690e-01
2.783394227952981637e-02
2.757484338776805544e-02
2.533462107710121591e-02
3.269370023043485785e-02
6.415223037543293927e-02
2.813297474407747134e-02
7.642548439183562969e-01
9.430807772612228579e-01
6.515599902438236057e-01
3.203813388636174153e-01
7.151881599686396029e-01
7.367438147558471595e-01
8.369596851324920816e-01
7.395075533656321198e-01
4.306810411544494954e-01
5.679380982317212556e-01
7.817506674496148555e-01
7.717389915988972504e-01
9.191441379198652672e-01
7.059887501283892419e-01
8.777525249599511525e-01
9.028124034539781739e-01
7.839449059474088433e-01
7.596728753880399587e-01
9.041683021310507051e-01
8.686210263908960005e-01
9.534743288121441118e-01
8.370212146580503082e-03
8.275320501105402904e-03
7.091877400210205157e-03
1.082840531899359471e-02
3.242672946529888411e-02
8.472867135633388447e-03
7.314918784904848037e-01
9.306558182987231254e-01
6.116323333351446623e-01
2.967238035723545053e-01
6.718814650541733435e-01
6.925753936118120846e-01
8.076426404343852727e-01
7.101724138377227824e-01
4.091355103139213689e-01
5.384298594331424770e-01
7.464653284217366291e-01
7.397587616428417112e-01
9.001980477704147887e-01
6.761089207088850639e-01
8.485482844912847211e-01
8.819658075641685357e-01
7.453681749001449530e-01
7.194015008712928427e-01
8.872156585644502824e-01
8.422013427840712163e-01
9.405609889343260477e-01
7.493309545049064990e-02
7.505617977528092344e-02
7.078039927404719545e-02
8.305647840531560355e-02
1.250000000000000000e-01
7.555752217491965017e-02
3.056900726392246526e-01
9.593855218855218414e-01
7.592534008225237940e-02
3.054743421715899743e-02
5.940094657766792352e-02
2.075187969924812137e-01
8.358208955223869197e-01
1.162393162393162704e-01
6.460002342073600801e-02
1.060834590246360065e-01
1.229779148308587367e-01
1.244652406417112722e-01
8.188520088865054447e-01
1.333333333333337478e-01
9.444255713082818637e-01
7.750000000000003553e-01
2.881072026800666208e-01
6.305114638447939512e-02
7.772079772079774074e-01
2.276029055690065306e-01
7.018327067669172248e-01
