4.107212433928186801e-02
4.139224731851198769e-02
3.863682716341398926e-02
4.959605854382426182e-02
6.882556003948059331e-02
4.189618408861262022e-02
2.727367226902419617e-01
9.466849875870979591e-01
8.287835496954887304e-02
3.435124531640565415e-02
2.428582980223170651e-01
3.102202277377781314e-01
6.982882599284740976e-01
9.751134392519178462e-02
7.206384135402155167e-02
1.316838565471032396e-01
6.380438408918820414e-01
7.732308582271452124e-02
7.241504661692594880e-01
1.600058819285039569e-01
9.271159785855920266e-01
8.940061722777343789e-01
1.732319692169745906e-01
9.334585978805876039e-02
6.726199832341750451e-01
6.546524890882778891e-01
8.500928254871549239e-01
1.271892535283115910e-02
1.210498653176532435e-02
1.152230673175161368e-02
1.250928907604656470e-02
2.542372881355933756e-02
1.237094200381706754e-02
1.421111008411128918e-01
1.779547717252167871e-01
3.377344877344877760e-01
1.264705882352941124e-01
1.435508345978756539e-01
8.170413090779665710e-02
1.000000000000000000e+00
3.157894736842106198e-01
2.070734341252699617e-01
3.087391960488410358e-01
4.008398549341476436e-01
6.083604705256864253e-01
9.295719076740982523e-02
3.901209677419354982e-01
5.204081632653059231e-01
2.915451895043732478e-01
1.214030665826506539e-01
5.587397988233060442e-01
1.593984962406016503e-01
4.429012345679012030e-01
0.000000000000000000e+00
8.125000000000000000e-01
7.720588235294116863e-01
8.983050847457626498e-01
9.000000000000000222e-01
1.000000000000000000e+00
8.642161775194755480e-01
0.000000000000000000e+00
0.000000000000000000e+00
0.000000000000000000e+00
0.000000000000000000e+00
0.000000000000000000e+00
0.000000000000000000e+00
0.000000000000000000e+00
0.000000000000000000e+00
0.000000000000000000e+00
0.000000000000000000e+00
9.075630252100840289e-01
0.000000000000000000e+00
0.000000000000000000e+00
0.000000000000000000e+00
0.000000000000000000e+00
0.000000000000000000e+00
0.000000000000000000e+00
0.000000000000000000e+00
0.000000000000000000e+00
0.000000000000000000e+00
8.087855297157623413e-01
2.432853130017903487e-02
2.389904415863117193e-02
2.180853594047046928e-02
2.821273615380384681e-02
4.807437555634608284e-02
2.435604715714401181e-02
7.722667968565266605e-01
9.023694800593020648e-01
6.634010977992246261e-01
2.983025552634570587e-01
7.300452690362151387e-01
7.797001769404132698e-01
9.008050484491543219e-01
7.658125947374787579e-01
4.886896537620755154e-01
6.796680652974114167e-01
8.535883806594748435e-01
8.341137203380637466e-01
8.843746779005841052e-01
6.998390961941409749e-01
8.993302840890229355e-01
9.485156468011073372e-01
8.165198119919672148e-01
8.227751714733329003e-01
8.705675148183766865e-01
8.896631309843201496e-01
9.549293923214463575e-01
7.254723237338601277e-03
7.108970459666498487e-03
6.048014458054046943e-03
9.256868967521238167e-03
2.389148627341895759e-02
7.269215113706241349e-03
7.402855093749852733e-01
8.819776074352968509e-01
6.241293454165209864e-01
2.755597591528076151e-01
6.881449414252476249e-01
7.405838043705686990e-01
8.816077098226715592e-01
7.385016672932380732e-01
4.667331329798574124e-01
6.534866321880887785e-01
8.277421540119540566e-01
8.089939803503715110e-01
8.583063172691327569e-01
6.696000067419149993e-01
8.746896436344243631e-01
9.369132811301175146e-01
7.823980637936175375e-01
7.906109691612990265e-01
8.485217729498036876e-01
8.669374105999133606e-01
9.424008194142676764e-01
6.779661016949151131e-02
6.696629213483148990e-02
6.170598911070782067e-02
7.142857142857139685e-02
1.250000000000000000e-01
6.643008339974845744e-02
1.878720238095228368e-01
9.593855218855218414e-01
5.873264666368083198e-02
3.580290677064867921e-02
1.819943895145570423e-01
3.247303091852860035e-01
6.961325966850822056e-01
1.041524846834578355e-01
6.460002342073600801e-02
1.628583675520718366e-01
3.793262443374398885e-01
7.885375494071134028e-02
6.459380173690787430e-01
1.333333333333337478e-01
9.021512838306731119e-01
7.750000000000003553e-01
1.206030150753774066e-01
0.000000000000000000e+00
6.397641422517041931e-01
3.885903265812320484e-01
7.277992277992277881e-01
