4.632389748368404003e-02
4.682757059874254058e-02
4.403395573109630812e-02
5.629032226740099398e-02
7.400223289138840865e-02
4.740596264285107386e-02
3.382240769572470995e-01
9.782632188651996241e-01
5.995086542409167052e-02
3.556225083394704001e-02
1.404928457825107557e-01
2.432919708633320965e-01
6.942187076626220588e-01
7.321213346768207231e-02
6.392313615113298653e-02
9.894168908736311607e-02
5.115658902470316960e-01
6.741936921784308367e-02
8.561521510402370083e-01
1.344221916088175206e-01
9.549670821595308556e-01
9.289457488578385380e-01
2.899087453451443253e-01
9.918267064802499533e-02
7.758995285377485729e-01
3.430180546667855879e-01
8.234530777006980884e-01
1.989457575242306597e-02
1.768937651928257498e-02
1.208990804858667278e-02
2.068367599702750081e-02
1.694915254237289171e-02
1.732467329920131527e-02
7.667854100518860516e-01
1.630379746835444177e-01
2.117194674012857769e-01
3.003676470588234615e-01
7.892403399019637389e-02
1.471813089872157088e-01
2.654090809388023331e-01
6.017069701280230998e-01
9.602105071030930805e-02
9.613246313753953665e-02
4.008398549341476436e-01
2.202955990421930910e-01
3.236009732360095592e-02
7.031250000000002220e-01
6.642857142857141461e-01
5.042016806722688926e-01
3.453008344312691325e-01
4.175365344467640849e-01
9.085714285714296956e-02
4.429012345679012030e-01
0.000000000000000000e+00
7.578125000000000000e-01
7.867647058823529216e-01
8.983050847457626498e-01
9.000000000000000222e-01
1.000000000000000000e+00
8.364870754435688172e-01
0.000000000000000000e+00
0.000000000000000000e+00
0.000000000000000000e+00
0.000000000000000000e+00
0.000000000000000000e+00
0.000000000000000000e+00
0.000000000000000000e+00
0.000000000000000000e+00
0.000000000000000000e+00
0.000000000000000000e+00
7.797833935018050333e-01
0.000000000000000000e+00
0.000000000000000000e+00
0.000000000000000000e+00
0.000000000000000000e+00
0.000000000000000000e+00
0.000000000000000000e+00
0.000000000000000000e+00
0.000000000000000000e+00
0.000000000000000000e+00
0.000000000000000000e+00
2.589697895678177986e-02
2.567985022170835019e-02
2.341640016901941346e-02
3.141476737583551171e-02
4.905359425422967101e-02
2.618447091329023646e-02
7.652050994667893846e-01
9.217580769541895425e-01
6.375335098357592933e-01
2.245361374634438079e-01
6.726263495638744594e-01
7.114620410350538382e-01
8.193530371311641414e-01
7.573826954528959376e-01
4.449511799348826457e-01
6.000995351625446617e-01
8.074408968076194348e-01
7.033544324272482662e-01
9.016331070492389355e-01
7.886185727672376800e-01
8.744074880866756772e-01
8.831662644096787140e-01
7.942714000242296901e-01
7.161261953594797447e-01
8.762372689853155094e-01
7.566185999567649478e-01
9.072315429795914099e-01
7.751648064552207201e-03
7.671600547123333391e-03
6.521728302151655332e-03
1.037703440427752838e-02
2.440351080086376745e-02
7.849345457818991678e-03
7.325336244857282297e-01
9.050647239505359432e-01
5.968927069505313154e-01
2.056177201620212891e-01
6.258103519441764462e-01
6.647131318002651446e-01
7.875533844411386486e-01
7.294001279035469132e-01
4.232497003533204349e-01
5.712411840591704593e-01
7.752859417530939545e-01
6.654760434380938561e-01
8.790229660925625854e-01
7.646219451749551865e-01
8.445184770567838450e-01
8.586509468835856751e-01
7.570546053996406455e-01
6.712845105951061875e-01
8.550199465739692917e-01
7.139865900521978892e-01
8.827321454428236347e-01
7.314897413024085138e-02
7.415730337078654810e-02
7.078039927404719545e-02
8.305647840531560355e-02
1.250000000000000000e-01
7.560851668260806790e-02
2.916222459132900013e-01
9.593855218855218414e-01
6.920581521086122123e-02
5.458475950279240152e-02
2.452684245787590811e-01
3.504761904761899416e-01
7.555555555555564240e-01
5.685618729096963975e-02
6.460002342073600801e-02
1.375488917861797944e-01
8.161261620593407429e-02
1.244652406417112722e-01
8.188520088865054447e-01
9.890109890109943791e-02
9.492113397019732446e-01
8.857142857142852321e-01
2.262816227058044305e-01
7.014961981849410222e-02
7.772079772079774074e-01
2.276029055690065306e-01
7.018327067669172248e-01
