4.080245836320606223e-02
4.105021961713206657e-02
3.851307369375439604e-02
4.977477425146975554e-02
6.624900443514925019e-02
4.172509508503935427e-02
2.498664453142680486e-01
9.518715330357239157e-01
5.929258982531182554e-02
3.454573538210525818e-02
2.462203490182846011e-01
3.135582069131039873e-01
7.477579209570484053e-01
1.052503580324497534e-01
6.043171077030473626e-02
7.268819960571715200e-02
6.218610226570531196e-01
1.244704591363046120e-01
7.283274247939095503e-01
1.808434559809692921e-01
9.427603808305822231e-01
8.721864330047939262e-01
2.533552477146301385e-01
5.919601879220870444e-02
7.733434308601703222e-01
6.021480138529273773e-01
8.464567041387698332e-01
1.938445842543785880e-02
1.727875960843571618e-02
1.169258712680212864e-02
2.031211295516471838e-02
2.542372881355933756e-02
1.692557008547194985e-02
3.027330835353758687e-01
3.526943942133815568e-01
1.878787878787878673e-01
3.719723183391001609e-01
1.096568875400438792e-01
5.869357975417227591e-02
6.615120274914088050e-01
1.950464396284830038e-01
1.545086393088552779e-01
2.391588107324147394e-01
4.487179487179486781e-01
5.199313755172065843e-01
5.066289289438402621e-02
2.596153846153848033e-01
3.648648648648649129e-01
4.255319148936171914e-01
3.453008344312691325e-01
7.627000695894226023e-01
5.085714285714286742e-01
9.581128747795414347e-01
0.000000000000000000e+00
7.890625000000000000e-01
7.573529411764705621e-01
8.983050847457626498e-01
8.666666666666666963e-01
1.000000000000000000e+00
8.572077594221483299e-01
0.000000000000000000e+00
0.000000000000000000e+00
0.000000000000000000e+00
0.000000000000000000e+00
0.000000000000000000e+00
0.000000000000000000e+00
0.000000000000000000e+00
0.000000000000000000e+00
0.000000000000000000e+00
0.000000000000000000e+00
8.888888888888889506e-01
0.000000000000000000e+00
0.000000000000000000e+00
0.000000000000000000e+00
0.000000000000000000e+00
0.000000000000000000e+00
0.000000000000000000e+00
0.000000000000000000e+00
0.000000000000000000e+00
0.000000000000000000e+00
7.578692493946731501e-01
2.240857944306592908e-02
2.209924183022718425e-02
2.020046100591638139e-02
2.626027116929902094e-02
3.395299553779124180e-02
2.244031638940799378e-02
8.110403515271884523e-01
8.844818364571873648e-01
6.787840035891536949e-01
3.709736413437001445e-01
7.402313072974773256e-01
7.853101471600443251e-01
8.885399956186319503e-01
8.584343821945745745e-01
5.323005878726156936e-01
6.420653003950738125e-01
8.654024666468509430e-01
8.050382165138216806e-01
9.221269500748501269e-01
7.780000374568656341e-01
8.875053780408554971e-01
9.160609500589886878e-01
8.223905086789675689e-01
7.811512906081632401e-01
8.913530336466766180e-01
8.795137035246380908e-01
9.337122385486535947e-01
6.651250341973235364e-03
6.544976969874938266e-03
5.578059159207716250e-03
8.580797037638185354e-03
1.662022958521683358e-02
6.666541263470160406e-03
7.831718408573907775e-01
8.608321000751538721e-01
6.404379951438622376e-01
3.456195011879845680e-01
6.993494194229112892e-01
7.469156026029665219e-01
8.672626875514011235e-01
8.399282652821695727e-01
5.104245046016719911e-01
6.144290374626060203e-01
8.413129359451563261e-01
7.765447430866766476e-01
9.038205746302165888e-01
7.531373022936120876e-01
8.603324346132809053e-01
8.977919318676574889e-01
7.891230496822999596e-01
7.434421888879960694e-01
8.724057776935562059e-01
8.549806460983896406e-01
9.156952030417921939e-01
6.512042818911684128e-02
6.471910112359549605e-02
6.170598911070782067e-02
7.308970099667772002e-02
1.250000000000000000e-01
6.712161169657157589e-02
2.716222030981052526e-01
9.397063417681974506e-01
5.588893864755917207e-02
3.580290677064867921e-02
2.452684245787590811e-01
2.075187969924812137e-01
7.555555555555564240e-01
8.029689608636969567e-02
5.535644283370388941e-02
1.060834590246360065e-01
2.493718828514648322e-01
1.244652406417112722e-01
5.623953023662764394e-01
1.333333333333337478e-01
9.182427868060210052e-01
7.750000000000003553e-01
2.881072026800666208e-01
0.000000000000000000e+00
7.074448185559294444e-01
2.804067796610167917e-01
7.277992277992277881e-01
