4.227480532426297621e-02
4.251160194505992918e-02
3.982433579812505453e-02
5.077059656857163539e-02
7.104084239613572826e-02
4.307296550937733670e-02
2.168601403705228137e-01
9.609910339928002809e-01
2.396339576982109421e-02
4.888145210569638799e-02
3.375818831859556113e-01
4.202438789978781841e-01
7.684626005618815370e-01
8.457172794246536895e-02
5.805607464136208762e-02
1.368508423252974282e-01
5.829539148518065872e-01
8.834523170619146271e-02
7.616330212108479714e-01
1.405206925049147237e-01
9.162906736060911772e-01
8.484805964403427936e-01
2.348012370996785947e-01
1.004880930321245813e-01
7.790650861222312429e-01
4.318700110501243472e-01
8.403841006164991523e-01
1.945247406903588550e-02
1.759082846067932387e-02
1.203314791690316549e-02
1.994054991330194981e-02
4.237288135593220151e-02
1.703521945498800982e-02
5.858050027104468871e-01
2.784810126582277778e-01
9.251606978879711729e-02
3.719723183391001609e-01
5.796296585996694173e-01
8.170413090779665710e-02
1.000000000000000000e+00
6.315789473684212396e-01
1.019438444924405940e-01
2.461928934010160219e-02
4.911242603550296515e-01
4.423785863119091832e-01
8.841240875912403929e-02
3.034539473684210176e-01
5.523809523809521949e-01
6.493506493506493449e-01
2.914134330684103880e-02
6.680584551148227579e-01
3.206722689075631738e-01
2.962962962962961688e-01
0.000000000000000000e+00
8.125000000000000000e-01
7.610294117647058432e-01
8.983050847457626498e-01
8.333333333333333703e-01
1.000000000000000000e+00
8.885598273409468506e-01
0.000000000000000000e+00
0.000000000000000000e+00
0.000000000000000000e+00
0.000000000000000000e+00
0.000000000000000000e+00
0.000000000000000000e+00
0.000000000000000000e+00
0.000000000000000000e+00
0.000000000000000000e+00
0.000000000000000000e+00
8.470588235294117530e-01
0.000000000000000000e+00
0.000000000000000000e+00
0.000000000000000000e+00
0.000000000000000000e+00
0.000000000000000000e+00
0.000000000000000000e+00
0.000000000000000000e+00
0.000000000000000000e+00
0.000000000000000000e+00
7.505995203836930418e-01
2.246825533504373529e-02
2.222107073502169183e-02
2.051912475796124902e-02
2.670257290428423858e-02
5.507088499822121452e-02
2.272832727333978786e-02
7.975152322584224684e-01
9.313116051753500546e-01
6.433853117401628907e-01
3.345982626283268146e-01
7.764736749448779562e-01
7.948598336421055510e-01
8.534130906777506187e-01
7.598515087303798765e-01
4.388332384007673781e-01
6.277629967397588828e-01
8.295455776266700276e-01
8.307442072105555297e-01
8.900841067615232749e-01
7.506076783351365300e-01
9.021814772668661497e-01
8.962991506912731943e-01
8.083501335143148392e-01
7.425042688667709001e-01
9.257676692868779256e-01
8.348355101739926010e-01
9.339329514820051692e-01
6.669927618017764542e-03
6.583006644664261831e-03
5.670884169201046571e-03
8.733489203015462610e-03
2.757214438535003642e-02
6.756810130320353713e-03
7.681499911848138629e-01
9.165046592080495769e-01
6.030336180160643655e-01
3.104077761959627146e-01
7.395731878357107991e-01
7.577270037777615874e-01
8.265364408526019169e-01
7.320633992148104507e-01
4.171942351449446917e-01
5.996626570684544522e-01
8.003025970796604494e-01
8.052177660623306421e-01
8.651429836666770790e-01
7.236605515465346361e-01
8.781628082957392278e-01
8.742159465760792614e-01
7.730656791591098420e-01
7.003311197940451649e-01
9.123222584535978230e-01
8.029135902610139430e-01
9.159716610979169449e-01
6.690454950936663980e-02
6.741573033707867757e-02
6.352087114337565121e-02
7.641196013289036637e-02
1.250000000000000000e-01
6.779754093029030648e-02
1.878720238095228368e-01
9.397063417681974506e-01
5.588893864755917207e-02
4.825609173435263521e-02
2.452684245787590811e-01
3.504761904761899416e-01
7.555555555555564240e-01
8.622147083685538504e-02
6.460002342073600801e-02
1.803418803418805894e-01
2.493718828514648322e-01
3.454545454545465688e-02
7.603272732959922564e-01
1.333333333333337478e-01
8.892280560525440691e-01
7.750000000000003553e-01
2.881072026800666208e-01
7.904919845218305596e-02
6.397641422517041931e-01
2.276029055690065306e-01
7.146428571428571352e-01
