4.271619512647134576e-02
4.357421022174401415e-02
4.088825657781519629e-02
5.339989363447450454e-02
6.682632081777561961e-02
4.400337937445253367e-02
3.729666465472902814e-01
9.077789041632169376e-01
5.164205218096151739e-02
4.714730520935472846e-02
4.671218357438444713e-02
3.070255962456762688e-01
7.833773830714383379e-01
1.373574266749022499e-02
4.184189227752721507e-02
8.833756989552554728e-02
5.333170575233703303e-01
3.257660527061290168e-02
8.176036405485156422e-01
1.515456381235766870e-01
9.790775384648802149e-01
8.463111184810312437e-01
2.686755491101822102e-01
1.633827353652819170e-01
6.306545029055277141e-01
2.799382150285438797e-01
8.454786918871730617e-01
6.903587825199800077e-03
7.243282307338547166e-03
6.413894880236116480e-03
8.545949962843690795e-03
2.542372881355933756e-02
6.842921620652316073e-03
2.741165234001909923e-01
1.915884034299715211e-01
6.140309343434343647e-01
3.719723183391001609e-01
1.520243213623335699e-01
1.711896076163359481e-01
2.384020618556701443e-01
1.902834008097167295e-01
7.921312240966671414e-02
8.469035532994939608e-02
3.706010588601680311e-01
9.658599134476679726e-01
5.478102189781020037e-02
3.034539473684210176e-01
4.043778801843314064e-01
3.861003861003862170e-01
2.364651007829416951e-01
4.175365344467640849e-01
1.242490842490844294e-01
4.429012345679012030e-01
0.000000000000000000e+00
8.125000000000000000e-01
8.051470588235293269e-01
8.983050847457626498e-01
9.000000000000000222e-01
1.000000000000000000e+00
8.763943024307898622e-01
0.000000000000000000e+00
0.000000000000000000e+00
0.000000000000000000e+00
0.000000000000000000e+00
0.000000000000000000e+00
0.000000000000000000e+00
0.000000000000000000e+00
0.000000000000000000e+00
0.000000000000000000e+00
0.000000000000000000e+00
8.339768339768339755e-01
0.000000000000000000e+00
0.000000000000000000e+00
0.000000000000000000e+00
0.000000000000000000e+00
0.000000000000000000e+00
0.000000000000000000e+00
0.000000000000000000e+00
0.000000000000000000e+00
0.000000000000000000e+00
8.743016759776536251e-01
2.491339936391334664e-02
2.519874599185406572e-02
2.297548307395019807e-02
3.075444929886575474e-02
5.136954896350148791e-02
2.544620729776700396e-02
8.290821580499883048e-01
9.035805109329089202e-01
7.434526465505340020e-01
3.486419094653259165e-01
6.573618361510282782e-01
7.674413151047947412e-01
8.747675432239983007e-01
7.399088530113271389e-01
4.514768801899711193e-01
6.397055825030442122e-01
7.978996334030221682e-01
7.642034262356616203e-01
9.239253772345195070e-01
7.541989080044251281e-01
9.106429417398329562e-01
9.228267940563474880e-01
8.538396726896018141e-01
8.067444482523766780e-01
8.409147227233848554e-01
8.171456402595855817e-01
9.853284379079361166e-01
7.439610794689566903e-03
7.519149827561806554e-03
6.391443841335577719e-03
1.014487516967279429e-02
2.561853513529484261e-02
7.614527210060832718e-03
8.033137733531133806e-01
8.834145560927341156e-01
7.099088472968270169e-01
3.239680894328942351e-01
6.094749160362591400e-01
7.267974939742195550e-01
8.512316759693598911e-01
7.106030110855996451e-01
4.297160103752832860e-01
6.119893633031467939e-01
7.645501987183491721e-01
7.314900116027244215e-01
9.060068971126284953e-01
7.275127476057705600e-01
8.884961450279554862e-01
9.059062810414675315e-01
8.254159336483105625e-01
7.723542240621326105e-01
8.147412761022964078e-01
7.825535984458632521e-01
9.811202579533813140e-01
6.958073148974130984e-02
6.966292134831461591e-02
6.533575317604353727e-02
7.641196013289036637e-02
1.250000000000000000e-01
7.076170180486071604e-02
3.574150696864109022e-01
9.332364743323646739e-01
5.588893864755917207e-02
3.580290677064867921e-02
5.940094657766792352e-02
1.723653395784552345e-01
7.555555555555564240e-01
2.812241521918945608e-02
4.620260574751666738e-02
1.139001349527664075e-01
1.229779148308587367e-01
7.885375494071134028e-02
7.603272732959922564e-01
1.100103989929404058e-01
9.734136541500708617e-01
7.750000000000003553e-01
2.881072026800666208e-01
1.216938183822104946e-01
5.740740740740735149e-01
2.276029055690065306e-01
7.146428571428571352e-01
