3.757608020031910634e-02
3.794530427776054982e-02
3.592324115421635655e-02
4.594242848888840935e-02
6.116821400397765007e-02
3.854871167996914982e-02
2.353844988842785924e-01
9.348027360250730222e-01
8.925067118038354508e-02
6.948839357196034960e-02
2.090132003133158278e-01
3.988626130122145952e-01
7.609067346503151086e-01
6.363858715411208067e-02
7.061183165451900834e-02
9.561824928718731798e-02
5.833901668592496037e-01
3.490074627666084339e-02
8.056085909916168575e-01
1.914395263505208611e-01
9.013170551072009484e-01
9.009353710296945650e-01
1.871275687719489156e-01
9.787100848841934209e-02
7.180775526286904409e-01
5.031789600702598619e-01
8.568592543479018886e-01
1.986056793062404568e-02
1.762367781354707424e-02
1.487115450107844017e-02
2.043596730245231252e-02
2.542372881355933756e-02
1.730707135560040355e-02
4.727793696275073287e-02
3.672833495618306188e-01
4.924242424242423199e-01
1.673875432525950835e-01
1.435508345978756539e-01
4.843887760962232725e-01
3.859985614960441680e-01
3.522267206477736057e-01
1.429700258125691237e-01
2.617419182473952333e-01
4.008398549341476436e-01
4.423785863119091832e-01
1.046856604662114165e-01
4.975961538461539657e-01
6.642857142857141461e-01
1.904761904761906877e-01
1.214030665826506539e-01
2.881002087682671409e-01
4.164285714285715923e-01
6.146384479717813543e-01
0.000000000000000000e+00
7.734375000000000000e-01
7.500000000000000000e-01
8.983050847457626498e-01
8.000000000000000444e-01
1.000000000000000000e+00
8.283284621509313661e-01
0.000000000000000000e+00
0.000000000000000000e+00
0.000000000000000000e+00
0.000000000000000000e+00
0.000000000000000000e+00
0.000000000000000000e+00
0.000000000000000000e+00
0.000000000000000000e+00
0.000000000000000000e+00
0.000000000000000000e+00
9.075630252100840289e-01
0.000000000000000000e+00
0.000000000000000000e+00
0.000000000000000000e+00
0.000000000000000000e+00
0.000000000000000000e+00
0.000000000000000000e+00
0.000000000000000000e+00
0.000000000000000000e+00
0.000000000000000000e+00
7.382075471698112956e-01
2.122562069779254657e-02
2.141122328602407254e-02
1.984231946749329123e-02
2.649454271755105617e-02
4.201877159470729373e-02
2.177771117791368893e-02
7.719986635085200888e-01
8.986165556984475611e-01
7.076626978310169847e-01
3.645248826343747695e-01
7.289172482332046954e-01
8.336179661589835366e-01
8.662307313079524729e-01
8.599939458243812673e-01
5.399730438594581017e-01
6.790052052233859214e-01
8.350088266958932692e-01
7.565571972936289136e-01
9.440082961951541396e-01
7.976712696711842909e-01
9.094404432076474976e-01
9.392056889772932848e-01
7.939303891404565494e-01
8.095172510848680503e-01
9.098540492203435193e-01
8.942404257608818074e-01
9.422828071371056602e-01
6.282066954055486735e-03
6.330608597670997484e-03
5.473913562242728459e-03
8.661638968699418573e-03
2.074757756495994310e-02
6.459319319855147401e-03
7.399908382933232387e-01
8.775288871742062957e-01
6.712794103303950655e-01
3.393560705544778067e-01
6.869068501036328378e-01
8.020322820510433770e-01
8.413358199383758063e-01
8.416584516693550455e-01
5.181456865123745814e-01
6.527951819144559575e-01
8.065166986827436713e-01
7.231209049343928497e-01
9.305334455575340336e-01
7.744386656102757449e-01
8.870252502117933480e-01
9.256397317314986051e-01
7.566679099027061595e-01
7.755039486532873116e-01
8.938069356437116086e-01
8.723454029204887883e-01
9.264512585664692601e-01
5.887600356824262970e-02
5.797752808988762552e-02
5.626134301270416249e-02
6.644518272425248284e-02
1.250000000000000000e-01
5.865866668167155074e-02
1.878720238095228368e-01
9.593855218855218414e-01
9.633278598795813608e-02
6.098297307088529351e-02
1.976863502104793113e-01
2.785241248817413862e-01
7.555555555555564240e-01
5.685618729096963975e-02
6.460002342073600801e-02
1.139001349527664075e-01
2.493718828514648322e-01
5.654022236756084396e-02
7.141517938392567544e-01
1.333333333333337478e-01
8.833980284834632712e-01
7.750000000000003553e-01
2.201573907272216246e-01
5.243857719105182724e-02
5.740740740740735149e-01
1.499501495513460014e-01
7.552083333333332593e-01
