4.220942667906624202e-02
4.270421248956762783e-02
3.998506678077035081e-02
5.167584610362585540e-02
6.746741071042672289e-02
4.316909920737654893e-02
3.340612681495400693e-01
9.115311846509255300e-01
8.812388265222015349e-03
4.215123209283855310e-02
2.630882352394694479e-01
5.542259619546943128e-01
9.316287065939681256e-01
5.219490477869026535e-02
4.563933141819731532e-02
7.828151977245845217e-02
5.874869262237574219e-01
5.277608044565473833e-02
8.939933700377373782e-01
1.254834394851114254e-01
9.269430985001945178e-01
7.641865585693565777e-01
2.371216225541941114e-01
1.788337916892253077e-01
7.615293569303167587e-01
3.284622442042302026e-01
8.417582250322899196e-01
8.774018024145555095e-03
8.606530451350111188e-03
7.946418435690771886e-03
1.089918256130789631e-02
3.389830508474578341e-02
8.972149759940664659e-03
2.555157593123209558e-01
3.672833495618306188e-01
1.379268879268878978e-01
3.719723183391001609e-01
5.316697577699092125e-02
4.634156174926595262e-01
5.724362452523059641e-01
4.736842105263159297e-01
4.937904967602591011e-02
3.121935414191596703e-01
2.366863905325442552e-01
5.199313755172065843e-01
3.236009732360095592e-02
2.316176470588238168e-01
4.125000000000000888e-01
1.680672268907565936e-01
2.100887540725759894e-01
7.281837160751565285e-01
4.164285714285715923e-01
4.429012345679012030e-01
0.000000000000000000e+00
7.734375000000000000e-01
7.610294117647058432e-01
8.644067796610169774e-01
8.000000000000000444e-01
1.000000000000000000e+00
8.397918390513587905e-01
0.000000000000000000e+00
0.000000000000000000e+00
0.000000000000000000e+00
0.000000000000000000e+00
0.000000000000000000e+00
0.000000000000000000e+00
0.000000000000000000e+00
0.000000000000000000e+00
0.000000000000000000e+00
0.000000000000000000e+00
9.270386266094420291e-01
0.000000000000000000e+00
0.000000000000000000e+00
0.000000000000000000e+00
0.000000000000000000e+00
0.000000000000000000e+00
0.000000000000000000e+00
0.000000000000000000e+00
0.000000000000000000e+00
0.000000000000000000e+00
8.528610354223432610e-01
2.151421563611316534e-02
2.167059820079217380e-02
1.993027685832424178e-02
2.630758021800627677e-02
4.604178747733517207e-02
2.198147600509242627e-02
7.619573219541710962e-01
8.812328842754231228e-01
5.879952404870705251e-01
3.170036713105144344e-01
7.249848354857197918e-01
8.001364930290184585e-01
8.874620786367615199e-01
8.038720926780080767e-01
3.402871724921707752e-01
6.221719774981693263e-01
7.993770491879268469e-01
8.019272262269705465e-01
9.038234703347700627e-01
6.512170351315211825e-01
8.748127426551981500e-01
8.832567522824614770e-01
8.065173028205447903e-01
7.740007579445125074e-01
8.819798933536060481e-01
8.422165843062641155e-01
9.540270709101856816e-01
6.371947376053555684e-03
6.411342937023646604e-03
5.499473532456011088e-03
8.597116228828242945e-03
2.283189945562781598e-02
6.522977131109830573e-03
7.289745083931481462e-01
8.570073137329253798e-01
5.453895661472981660e-01
2.934792119904301444e-01
6.825949494355194602e-01
7.637186369825929022e-01
8.660050619779171566e-01
7.798629443048876730e-01
3.205608420066021758e-01
5.939035971844488504e-01
7.662101096859093019e-01
7.730909518409382342e-01
8.816630913676872794e-01
6.185208259912298168e-01
8.450063680170688540e-01
8.587579120433579405e-01
7.709761760408918585e-01
7.354160327736471991e-01
8.616144599032912188e-01
8.114516103239793887e-01
9.412597491603376110e-01
6.958073148974130984e-02
7.101123595505617891e-02
6.715063520871142333e-02
7.641196013289036637e-02
1.250000000000000000e-01
6.965099808450633811e-02
3.357712765957439061e-01
9.204287775716344377e-01
5.588893864755917207e-02
3.580290677064867921e-02
2.452684245787590811e-01
3.504761904761899416e-01
8.764044943820223921e-01
5.685618729096963975e-02
6.460002342073600801e-02
1.139001349527664075e-01
2.493718828514648322e-01
3.454545454545465688e-02
8.188520088865054447e-01
1.333333333333337478e-01
9.182427868060210052e-01
7.750000000000003553e-01
2.881072026800666208e-01
1.421824509072830978e-01
7.772079772079774074e-01
2.276029055690065306e-01
7.146428571428571352e-01
