4.436430234980931475e-02
4.464191210247564490e-02
4.232094442224820785e-02
5.422010532613402711e-02
7.166481336900321075e-02
4.546883236051108002e-02
2.888694232773199033e-01
9.586551464124151156e-01
6.773022978838261210e-02
3.562046547698427545e-02
2.046359402336639377e-01
4.902365744404946213e-01
8.464227210367036847e-01
9.743286197450462538e-03
1.933113883259407473e-02
7.088263038391851012e-02
5.339688326856713019e-01
8.004804950080757209e-02
9.208536568333380856e-01
1.502481132345132586e-01
9.520288853407385954e-01
8.508509073582875004e-01
2.273180262547898067e-01
8.923737225068073542e-02
8.137239000090330521e-01
4.374885108780919296e-01
8.324649704828501751e-01
2.332936575412344893e-02
2.266605347874647153e-02
1.895788398229083377e-02
2.675253901411939195e-02
8.474576271186445853e-03
2.244748852569020126e-02
1.608944811261989738e-01
1.164556962025316000e-01
1.878787878787878673e-01
4.742647058823528106e-01
7.576294048221210442e-02
9.106889009822521919e-02
2.793481875623544664e-01
2.385218365061592127e-01
6.371490280777536430e-02
2.171547572562801953e-01
4.008398549341476436e-01
2.410396143366171362e-01
4.460942855990644995e-01
7.031250000000002220e-01
4.125000000000000888e-01
3.940886699507388791e-01
1.032436162870944418e-01
2.672233820459288811e-01
3.513142857142859121e-01
6.833333333333334592e-01
0.000000000000000000e+00
7.968750000000000000e-01
7.610294117647058432e-01
8.813559322033898136e-01
8.333333333333333703e-01
1.000000000000000000e+00
8.745860686545784413e-01
0.000000000000000000e+00
0.000000000000000000e+00
0.000000000000000000e+00
0.000000000000000000e+00
0.000000000000000000e+00
0.000000000000000000e+00
0.000000000000000000e+00
0.000000000000000000e+00
0.000000000000000000e+00
0.000000000000000000e+00
7.769784172661871047e-01
0.000000000000000000e+00
0.000000000000000000e+00
0.000000000000000000e+00
0.000000000000000000e+00
0.000000000000000000e+00
0.000000000000000000e+00
0.000000000000000000e+00
0.000000000000000000e+00
0.000000000000000000e+00
6.760259179265659668e-01
2.739329284785763097e-02
2.713675201146117932e-02
2.505349437415441138e-02
3.251797544850390520e-02
5.233627572375526560e-02
2.764016111424894007e-02
7.686098676701265120e-01
9.203266867095829529e-01
6.129883753035603178e-01
2.581215262832534663e-01
6.885067338223875844e-01
7.253797910560197959e-01
8.528368104949752837e-01
7.157432490820290205e-01
3.592225503253274610e-01
6.570010632715082011e-01
8.147553364994828407e-01
7.730039416816825160e-01
9.195501139920760902e-01
7.371273564837923509e-01
9.000453324944137634e-01
9.116242570785040300e-01
8.079582093661266118e-01
7.696532275208438634e-01
9.179225198031661925e-01
8.036409735119145470e-01
9.154638809658925958e-01
8.229017652060039573e-03
8.135290957612034690e-03
7.007978639555999950e-03
1.076625312951038499e-02
2.612738805403251596e-02
8.314650819730123876e-03
7.362688995828193805e-01
9.033543357818748509e-01
5.712661322727522473e-01
2.373152680861845276e-01
6.429100204632753890e-01
6.800154362862363966e-01
8.258727201502047421e-01
6.847606064798485992e-01
3.389962426424748543e-01
6.299019450377130180e-01
7.835415806479122391e-01
7.411488080070885998e-01
9.006908256103789423e-01
7.092337733241247388e-01
8.755602600403383784e-01
8.924827671680681807e-01
7.726187407300638688e-01
7.305471489037869137e-01
9.031821285776305830e-01
7.671080564350135633e-01
8.929359944274051220e-01
7.136485280999110836e-02
7.191011235955055425e-02
6.715063520871142333e-02
7.973421926910295721e-02
1.250000000000000000e-01
7.106459833941272675e-02
2.569401746187889302e-01
9.593855218855218414e-01
7.592534008225237940e-02
3.580290677064867921e-02
2.452684245787590811e-01
3.504761904761899416e-01
7.555555555555564240e-01
0.000000000000000000e+00
3.713721153172744316e-02
1.045982905982909550e-01
1.229779148308587367e-01
1.060606060606059664e-01
9.083604280249382157e-01
1.333333333333337478e-01
9.021512838306731119e-01
8.168625336927233249e-01
2.881072026800666208e-01
1.059259259259253128e-01
7.772079772079774074e-01
2.276029055690065306e-01
7.146428571428571352e-01
