4.246496649708125792e-02
4.308383606938509525e-02
4.022375678266731924e-02
5.239061918348103530e-02
7.007104697456545406e-02
4.356961375408013870e-02
1.949983768325012079e-01
9.199784091342284587e-01
7.911761882857692996e-02
4.634564376208771819e-02
1.424259523884785494e-01
2.706645898394057781e-01
7.883534007320820436e-01
5.991986474009136643e-02
8.680417849392263463e-02
8.921268474585986041e-02
6.103876399310577128e-01
8.476299474297555037e-02
7.953574720781588780e-01
1.172312219256457233e-01
9.617888372043241763e-01
8.011101628277152997e-01
1.457553249727059352e-01
1.207688072015109526e-01
6.362871779436609643e-01
2.043850078729541053e-01
8.410648282591066671e-01
6.359462676415579552e-03
7.111884895867552625e-03
6.754455670337153328e-03
8.298241268268516380e-03
3.389830508474578341e-02
6.603208332275997683e-03
8.810888252148996180e-02
2.329113924050632001e-01
6.140309343434343647e-01
3.003676470588234615e-01
6.686149984076134034e-02
1.264468692620663304e-01
4.624014554275319711e-01
1.902834008097167295e-01
1.127263665060641018e-01
8.991392628558814160e-02
3.137887753272368130e-01
2.958038147138966067e-01
8.841240875912403929e-02
4.500000000000001776e-01
4.404761904761906877e-01
4.255319148936171914e-01
4.948067632850241537e-01
3.704687796545833578e-01
3.767247386759582373e-01
5.230452674897120291e-01
0.000000000000000000e+00
7.968750000000000000e-01
7.610294117647058432e-01
8.813559322033898136e-01
8.666666666666666963e-01
1.000000000000000000e+00
8.501614777503115894e-01
0.000000000000000000e+00
0.000000000000000000e+00
0.000000000000000000e+00
0.000000000000000000e+00
0.000000000000000000e+00
0.000000000000000000e+00
0.000000000000000000e+00
0.000000000000000000e+00
0.000000000000000000e+00
0.000000000000000000e+00
9.000000000000000222e-01
0.000000000000000000e+00
0.000000000000000000e+00
0.000000000000000000e+00
0.000000000000000000e+00
0.000000000000000000e+00
0.000000000000000000e+00
0.000000000000000000e+00
0.000000000000000000e+00
0.000000000000000000e+00
8.743016759776536251e-01
2.228964630950427961e-02
2.209971653918571532e-02
2.057275026124949502e-02
2.675264121290008013e-02
5.110657938122226129e-02
2.265268613857054913e-02
7.114170284471561523e-01
8.630462018903790611e-01
6.858870418981459771e-01
2.983235643417998517e-01
6.946372166172589679e-01
7.598460258748358509e-01
9.067094606957131209e-01
7.333086485837987389e-01
4.926342582582217133e-01
6.269880720064344715e-01
8.896431607907948624e-01
7.983171206083787830e-01
9.074872187178393279e-01
7.029416536968353668e-01
9.205948727668329390e-01
9.172565639020127115e-01
8.373556597504669963e-01
8.126028159827090036e-01
8.578553043831060876e-01
8.002984735962839213e-01
9.617753587002382254e-01
6.614042098272886888e-03
6.545125111861144207e-03
5.686519734656062669e-03
8.750790914998397840e-03
2.548028754630894677e-02
6.733091004844406202e-03
6.740836594446998342e-01
8.356875158320226094e-01
6.479965842792537734e-01
2.755798474598738501e-01
6.495398857769323353e-01
7.182901761506693683e-01
8.885364703695464161e-01
7.035271773645008775e-01
4.706712640352952448e-01
5.988639928196521911e-01
8.693388521136575786e-01
7.690874525284000507e-01
8.860846095690151358e-01
6.728824533783370754e-01
9.006995482080911719e-01
8.992242620481929460e-01
8.063369102423320056e-01
7.790129380069117371e-01
8.339978737688326094e-01
7.632982130139561727e-01
9.510736285774408216e-01
6.779661016949151131e-02
6.786516853932586524e-02
6.352087114337565121e-02
7.641196013289036637e-02
1.250000000000000000e-01
6.796384707756900068e-02
1.878720238095228368e-01
9.300181300181300514e-01
6.920581521086122123e-02
3.580290677064867921e-02
1.819943895145570423e-01
2.310832025117743882e-01
7.555555555555564240e-01
5.685618729096963975e-02
9.288262073926700779e-02
1.534824513547916602e-01
2.493718828514648322e-01
8.786997885835079458e-02
7.314012545558528089e-01
1.333333333333337478e-01
9.492113397019732446e-01
7.750000000000003553e-01
1.206030150753774066e-01
6.305114638447939512e-02
5.102880658436212968e-01
1.499501495513460014e-01
7.146428571428571352e-01
