4.476421023493637463e-02
4.525205172173069057e-02
4.249261907668455684e-02
5.487584579998272538e-02
6.686940366551485937e-02
4.582866887771286368e-02
2.814614949260612065e-01
9.162581002084071446e-01
3.597239278070452073e-02
6.778991593993666243e-02
1.478080208811967111e-01
2.711054694622028194e-01
8.913536095538789894e-01
2.832402992630989047e-02
1.090997521805134873e-01
8.963178746703537314e-02
5.038129707898875154e-01
8.610210869498668984e-02
9.520397244703886486e-01
1.221503987175318606e-01
9.524997579881355758e-01
8.047258104324992445e-01
2.682879424115238720e-01
5.897408977412865738e-02
7.049782159129049930e-01
3.350138951781556074e-01
8.317084700959083143e-01
3.706852576092503626e-03
4.286840549241180409e-03
5.619253036667042067e-03
4.334902155065642471e-03
8.474576271186440302e-02
4.321866493710600776e-03
2.741165234001909923e-01
1.970788704965920068e-01
1.540404040404040886e-01
8.220588235294115087e-01
1.338668497242093691e-01
1.846737205450199037e-01
1.296023564064801015e-01
3.421052631578949121e-01
8.577006147200533226e-02
2.461928934010160219e-02
3.706010588601680311e-01
4.423785863119091832e-01
1.546560495465605367e-01
4.500000000000001776e-01
4.628571428571430779e-01
1.843317972350231315e-01
8.602657004830918108e-01
3.183938169057878298e-01
9.085714285714296956e-02
4.951690821256039543e-01
0.000000000000000000e+00
8.046875000000000000e-01
8.014705882352940458e-01
9.152542372881354860e-01
8.000000000000000444e-01
1.000000000000000000e+00
8.926553144792040984e-01
0.000000000000000000e+00
0.000000000000000000e+00
0.000000000000000000e+00
0.000000000000000000e+00
0.000000000000000000e+00
0.000000000000000000e+00
0.000000000000000000e+00
0.000000000000000000e+00
0.000000000000000000e+00
0.000000000000000000e+00
8.537549407114624067e-01
0.000000000000000000e+00
0.000000000000000000e+00
0.000000000000000000e+00
0.000000000000000000e+00
0.000000000000000000e+00
0.000000000000000000e+00
0.000000000000000000e+00
0.000000000000000000e+00
0.000000000000000000e+00
8.994252873563218786e-01
2.398240484108085657e-02
2.382903871857747213e-02
2.200139381872140421e-02
2.855881530908851995e-02
4.993585639494418915e-02
2.431533524636483867e-02
7.418712173302015600e-01
8.653366885335433967e-01
6.053649741515583216e-01
4.113645289341105737e-01
6.814605202382755245e-01
7.644762772093007808e-01
8.492097306557349068e-01
7.576208336951517630e-01
4.924435280332959408e-01
6.357388489970352552e-01
7.945002250516846054e-01
8.007951238973478603e-01
9.462171975641264776e-01
6.700710192786192287e-01
8.824329191889153101e-01
8.772235092751810015e-01
8.210057821780403220e-01
7.594668577449770197e-01
8.320022041650454447e-01
8.000374728424615167e-01
9.341858390695874093e-01
7.145538083399297774e-03
7.086946108494952823e-03
6.104633220279733624e-03
9.377254348220558089e-03
2.486570548485227128e-02
7.256352576736783966e-03
7.070481373108649104e-01
8.383641689864363977e-01
5.633499790124739670e-01
3.850551704171474299e-01
6.353095695484649585e-01
7.234732932400617100e-01
8.216985693484661901e-01
7.296569423992089742e-01
4.704807839016642568e-01
6.078912394877991066e-01
7.607343130119066377e-01
7.718349748763265739e-01
9.332436505195340626e-01
6.382468053518812745e-01
8.541970366545920124e-01
8.516345710105526212e-01
7.875354064177052527e-01
7.191718917189242610e-01
8.046553716292236258e-01
7.630009372518834487e-01
9.162884549746705964e-01
7.225691347011597987e-02
7.235955056179774192e-02
6.896551724137930939e-02
7.973421926910295721e-02
1.250000000000000000e-01
7.310527847883960262e-02
2.716222030981052526e-01
9.204287775716344377e-01
6.920581521086122123e-02
5.458475950279240152e-02
1.819943895145570423e-01
2.606847697756791149e-01
8.764044943820223921e-01
3.986866791744869687e-03
1.220222664613901387e-01
7.514245014245002352e-02
1.647227116083076481e-01
7.885375494071134028e-02
8.188520088865054447e-01
9.890109890109943791e-02
9.444255713082818637e-01
7.750000000000003553e-01
2.881072026800666208e-01
0.000000000000000000e+00
7.772079772079774074e-01
2.276029055690065306e-01
7.018327067669172248e-01
