4.104419091471200876e-02
4.113542653973656371e-02
3.898260204314890620e-02
4.964443471701501798e-02
7.003559256820468537e-02
4.199775329694083181e-02
1.847272648433149200e-01
9.552142876250091508e-01
5.034727025751495333e-02
5.861488217787691468e-02
2.572948649036819191e-01
3.506974882687146078e-01
7.207294408619420167e-01
6.877105008523987095e-02
5.941103370632605518e-02
5.601303269224100490e-02
6.155025269578873193e-01
1.531017572389723469e-01
8.913706720716083609e-01
1.842621368509731461e-01
9.098576526302275536e-01
8.176726935490652437e-01
2.548716996042097449e-01
7.758636142796415669e-02
7.371176090282451909e-01
7.093731911576579563e-01
8.420553884908170694e-01
1.271892535283115910e-02
1.210498653176532435e-02
1.152230673175161368e-02
1.250928907604656470e-02
3.389830508474578341e-02
1.237094200381706754e-02
3.027330835353758687e-01
3.526943942133815568e-01
1.050637958532695260e-01
3.719723183391001609e-01
8.544692535587833371e-02
7.515641309985482410e-02
4.197349042709865863e-01
3.157894736842106198e-01
8.577006147200533226e-02
3.121935414191596703e-01
3.137887753272368130e-01
6.880943112939998940e-01
1.378703306139974494e-01
4.500000000000001776e-01
3.648648648648649129e-01
4.608294930875573847e-01
1.621454230149881326e-01
2.281175212587198686e-01
2.355555555555555181e-01
8.694743130227001737e-01
0.000000000000000000e+00
7.968750000000000000e-01
7.610294117647058432e-01
8.983050847457626498e-01
8.666666666666666963e-01
1.000000000000000000e+00
8.963442751889748594e-01
0.000000000000000000e+00
0.000000000000000000e+00
0.000000000000000000e+00
0.000000000000000000e+00
0.000000000000000000e+00
0.000000000000000000e+00
0.000000000000000000e+00
0.000000000000000000e+00
0.000000000000000000e+00
0.000000000000000000e+00
7.152317880794701876e-01
0.000000000000000000e+00
0.000000000000000000e+00
0.000000000000000000e+00
0.000000000000000000e+00
0.000000000000000000e+00
0.000000000000000000e+00
0.000000000000000000e+00
0.000000000000000000e+00
0.000000000000000000e+00
8.087855297157623413e-01
2.184914598290654819e-02
2.157533171830716689e-02
1.991972003247008405e-02
2.659550525812559574e-02
4.781029445332507510e-02
2.222300346608160893e-02
8.152362168542466314e-01
8.912578584518751068e-01
6.238338895689823360e-01
3.972228761425240506e-01
7.382571173381817786e-01
8.017743420269625165e-01
8.576655370936212552e-01
8.552706984805689139e-01
3.697452662354336894e-01
7.025072839575763339e-01
8.245360144538875780e-01
8.325842496826876271e-01
9.218704410620299772e-01
7.360677478551744812e-01
8.985123500571692290e-01
8.976643902102807715e-01
8.454604593047194694e-01
7.669430881693641844e-01
8.956468620191366803e-01
9.029322310677601049e-01
9.246941466543554533e-01
6.476408781333948400e-03
6.381678560480004425e-03
5.496405168912761596e-03
8.696502310024591120e-03
2.375357417494301793e-02
6.598509635191748823e-03
7.878455543567323138e-01
8.688248064465730058e-01
5.825633610883532709e-01
3.712076261893662021e-01
6.971743955461962017e-01
7.655809893240893560e-01
8.314385337938869913e-01
8.364207369300356021e-01
3.492683507967955236e-01
6.773754904968301016e-01
7.946153847627570599e-01
8.072793912518411164e-01
9.035088746255002246e-01
7.081019871492360007e-01
8.736940987705336115e-01
8.758387210594205108e-01
8.157021475811742084e-01
7.275162302405047132e-01
8.773607535152584402e-01
8.826413169241037471e-01
9.044236787911212883e-01
6.868867082961643833e-02
6.786516853932586524e-02
6.533575317604353727e-02
7.308970099667772002e-02
1.250000000000000000e-01
6.829176574833659141e-02
1.878720238095228368e-01
9.593855218855218414e-01
9.633278598795813608e-02
3.580290677064867921e-02
2.452684245787590811e-01
2.479784366576822663e-01
7.555555555555564240e-01
5.685618729096963975e-02
8.715876175813574989e-02
7.514245014245002352e-02
2.493718828514648322e-01
1.244652406417112722e-01
7.836287883922148367e-01
1.685393258426968188e-01
9.021512838306731119e-01
7.750000000000003553e-01
2.881072026800666208e-01
0.000000000000000000e+00
7.074448185559294444e-01
3.071268123340820111e-01
7.146428571428571352e-01
