4.563454174921671713e-02
4.598054939134377239e-02
4.339406887582369921e-02
5.545553742223680027e-02
7.823033344717733595e-02
4.671640894205603134e-02
2.122622569457819353e-01
9.570615467237721941e-01
1.340591361024889849e-02
5.283763746158687269e-02
1.785098433854175326e-01
4.592276043129572827e-01
7.452228652569230505e-01
5.458753433554663914e-02
1.060028047026988496e-01
1.259598500025838064e-02
5.505459810300070700e-01
0.000000000000000000e+00
9.414337769311051929e-01
1.024199553030946674e-01
9.324905330491992661e-01
8.652041884295549323e-01
2.338139047160172623e-01
1.217433878870224362e-01
7.504393956880512917e-01
3.905423453264411648e-01
8.264286889042280482e-01
1.543955109675225479e-02
1.443729058537546878e-02
1.180610739016914323e-02
1.399554124349765283e-02
2.542372881355933756e-02
1.404633917525184572e-02
4.973256924546320956e-01
5.484687627603102023e-01
1.379268879268878978e-01
2.107843137254901134e-01
1.260571845035107774e-01
1.743648987253486604e-01
6.157704095848426373e-01
1.578947368421055319e-01
1.934202406664609075e-02
3.795846792801107483e-01
7.912304657866788826e-01
3.551316984559491630e-01
1.688352903840051322e-01
3.241525423728814914e-01
4.404761904761906877e-01
2.915451895043732478e-01
1.966692092550215154e-01
3.261697163207661898e-01
3.079047619047621254e-01
4.429012345679012030e-01
0.000000000000000000e+00
7.656250000000000000e-01
7.573529411764705621e-01
8.644067796610169774e-01
9.000000000000000222e-01
1.000000000000000000e+00
8.652929577774126635e-01
0.000000000000000000e+00
0.000000000000000000e+00
0.000000000000000000e+00
0.000000000000000000e+00
0.000000000000000000e+00
0.000000000000000000e+00
0.000000000000000000e+00
0.000000000000000000e+00
0.000000000000000000e+00
0.000000000000000000e+00
8.059701492537313383e-01
0.000000000000000000e+00
0.000000000000000000e+00
0.000000000000000000e+00
0.000000000000000000e+00
0.000000000000000000e+00
0.000000000000000000e+00
0.000000000000000000e+00
0.000000000000000000e+00
0.000000000000000000e+00
6.986607142857143016e-01
2.571110263046980093e-02
2.525139448929222818e-02
2.348480264848695764e-02
3.086229334246873290e-02
6.089191907626811950e-02
2.608562867397284935e-02
8.055436812331260299e-01
8.846865091945772530e-01
6.302593444050503813e-01
3.693402714203006809e-01
7.197998231709124006e-01
7.783531944365800204e-01
8.764934124999677056e-01
7.641250870080003033e-01
5.484912826436367794e-01
6.102902789270068240e-01
8.645579885277490106e-01
7.204421088167709541e-01
9.336208210272516350e-01
6.905417655439824998e-01
8.576821114523789369e-01
8.950168227371513296e-01
8.169764187205095229e-01
7.672091390416753143e-01
8.711912658230662743e-01
8.195325688054528879e-01
9.333896856785490748e-01
7.692572780436227747e-03
7.535816673929329745e-03
6.541965958570455930e-03
1.018275053650967432e-02
3.067384668273608062e-02
7.817861429778694138e-03
7.770588676977353559e-01
8.610732119854106470e-01
5.892759524068732491e-01
3.440322173930865368e-01
6.769196208825256633e-01
7.390656412906128070e-01
8.532361056344102135e-01
7.366779771644536012e-01
5.267301414248404257e-01
5.816897539390681882e-01
8.403409723106167739e-01
6.838783991311722099e-01
9.178219202796471521e-01
6.597802039007631958e-01
8.244605703743369540e-01
8.726925304906583136e-01
7.829205517542382475e-01
7.278136281698019960e-01
8.492360457010444952e-01
7.852923553275271695e-01
9.152912345036623432e-01
7.314897413024085138e-02
7.370786516853936043e-02
6.896551724137930939e-02
7.973421926910295721e-02
1.250000000000000000e-01
7.346109181840923541e-02
1.878720238095228368e-01
9.593855218855218414e-01
3.621355345493260103e-02
3.580290677064867921e-02
1.415979164551846026e-01
3.504761904761899416e-01
7.555555555555564240e-01
1.868131868131861495e-02
6.460002342073600801e-02
3.718389285399625876e-02
2.493718828514648322e-01
3.454545454545465688e-02
8.188520088865054447e-01
1.333333333333337478e-01
9.021512838306731119e-01
7.750000000000003553e-01
2.881072026800666208e-01
6.305114638447939512e-02
7.074448185559294444e-01
1.756305885493123498e-01
7.018327067669172248e-01
