9.985945222390897325e-01
9.989659477205243832e-01
9.972950804074878217e-01
9.989663206852603672e-01
9.888192450661740240e-01
9.981494159268772259e-01
9.762326808101473574e-01
1.096079421326234815e-02
9.530056621933811201e-01
9.546265878522135484e-01
9.138004843314133652e-01
5.370717933471471639e-01
3.431555767492069364e-01
9.749133340258691049e-01
8.813991132275655893e-01
1.000000000000000000e+00
2.133810475105768489e-02
8.494459469894879433e-01
1.159544329281203545e-01
9.999999999999995559e-01
3.059349610995854007e-03
6.255674561412227774e-02
8.428515091315906815e-01
9.824152477101391057e-01
7.705274691824826050e-02
6.432386547892363637e-01
2.292473193798438835e-04
1.000000000000000222e+00
1.000000000000000000e+00
1.000000000000000222e+00
1.000000000000000000e+00
5.254237288135593653e-01
1.000000000000000222e+00
4.294238740367763985e-01
4.319179618650856867e-01
0.000000000000000000e+00
1.264705882352941124e-01
5.316697577699092125e-02
8.311705948740527594e-02
1.832138054683998263e-01
9.287925696594534486e-03
1.319808701018204133e-01
3.249746192893401275e-01
0.000000000000000000e+00
4.737874659400544974e-01
4.357055961070560590e-02
5.331156716417910779e-01
0.000000000000000000e+00
1.058201058201055922e-01
1.496511003757381442e-01
5.587397988233060442e-01
4.164285714285715923e-01
4.218106995884773891e-02
0.000000000000000000e+00
9.296875000000000000e-01
9.080882352941176405e-01
9.830508474576270528e-01
1.000000000000000000e+00
1.000000000000000000e+00
9.980600163598137842e-01
0.000000000000000000e+00
0.000000000000000000e+00
0.000000000000000000e+00
0.000000000000000000e+00
0.000000000000000000e+00
0.000000000000000000e+00
0.000000000000000000e+00
0.000000000000000000e+00
0.000000000000000000e+00
0.000000000000000000e+00
5.744680851063829197e-01
0.000000000000000000e+00
0.000000000000000000e+00
0.000000000000000000e+00
0.000000000000000000e+00
0.000000000000000000e+00
0.000000000000000000e+00
0.000000000000000000e+00
0.000000000000000000e+00
0.000000000000000000e+00
4.333379482209608058e-02
9.507422133644026774e-01
9.534652352168364597e-01
9.544738391397096233e-01
9.468133688331059616e-01
9.222363224451829433e-01
9.512508035536522133e-01
2.962771471501923770e-03
0.000000000000000000e+00
5.423550377736496841e-02
1.252069123815147123e-02
2.022088267673849415e-02
6.613654989983119847e-03
3.988080621987077912e-02
2.576916487369640407e-02
0.000000000000000000e+00
2.260942317944358848e-02
0.000000000000000000e+00
2.330275705944506726e-02
0.000000000000000000e+00
6.137025978076993127e-02
1.049558520078486268e-03
3.690350927059382613e-03
9.142525665160050607e-04
1.047666362842503140e-02
4.404357316083862273e-02
0.000000000000000000e+00
0.000000000000000000e+00
9.170562812936849939e-01
9.215307648059287704e-01
9.223708655681600588e-01
9.119961472540148995e-01
8.843388250362809178e-01
9.179061748962198397e-01
2.425601465934512646e-03
0.000000000000000000e+00
4.521443310995854059e-02
1.117732849427999220e-02
1.600872157678356889e-02
5.117500244434358692e-03
3.165440806160746412e-02
2.194609157664295651e-02
0.000000000000000000e+00
1.995204145558804321e-02
0.000000000000000000e+00
1.917088679518275107e-02
0.000000000000000000e+00
5.307808099800448431e-02
7.642041472020189019e-04
2.816798868595316030e-03
7.062137750988295437e-04
8.189927339349978297e-03
3.580599377426474383e-02
0.000000000000000000e+00
0.000000000000000000e+00
1.000000000000000000e+00
9.995505617977528123e-01
1.000000000000000000e+00
9.966777408637873537e-01
1.000000000000000000e+00
1.000000000000000000e+00
1.000000000000000000e+00
1.753684603288818700e-02
9.677517647656284083e-01
9.657485371771086236e-01
9.485105056730667172e-01
9.223057644110266295e-01
3.209876543209873034e-01
9.648991784914113801e-01
8.858446157104278296e-01
1.000000000000000000e+00
6.986293994282277708e-02
8.950592885375496799e-01
1.635582692209105460e-01
9.675324675324676882e-01
1.790549074768188476e-02
7.469879518072275459e-02
9.011012509355289524e-01
9.853574504737290241e-01
5.964405964405994354e-02
8.463983050847456724e-01
0.000000000000000000e+00
