4.383570723091673171e-02
4.429368710391873298e-02
4.137178594239787621e-02
5.407314410255292803e-02
6.654175621026126031e-02
4.484517074775928869e-02
3.382173798181726809e-01
9.410873919692350764e-01
2.072969690141102106e-02
4.453476548808898983e-02
2.008212229277708261e-01
4.373940512409451031e-01
7.536529212302882641e-01
7.595147754356856851e-02
3.834537551305361447e-02
9.504962282583218069e-02
5.127803697656281301e-01
7.723405400765370743e-02
8.740114000720664578e-01
1.000415305290651702e-01
9.720182741335217091e-01
8.047143296594487794e-01
1.673595386587667377e-01
5.966915865839084177e-02
8.176969844019064126e-01
4.280623462064916396e-01
8.379348634879453250e-01
5.679306240435305630e-03
6.799816043623944928e-03
7.151776592121690534e-03
1.486252167451077022e-02
3.389830508474578341e-02
6.823603243342614422e-03
2.662013046393953974e-01
1.412741232620875476e-01
9.251606978879711729e-02
4.742647058823528106e-01
1.435508345978756539e-01
1.536121032628729455e-01
2.384020618556701443e-01
1.578947368421055319e-01
2.370787081219549730e-02
6.752719361856418523e-02
4.008398549341476436e-01
4.540115046927037934e-01
8.732752531198495483e-02
1.848214285714286920e-01
3.648648648648649129e-01
4.511278195488719334e-01
3.120772946859904362e-01
3.704687796545833578e-01
4.767195767195768763e-01
6.432613168724280461e-01
0.000000000000000000e+00
8.125000000000000000e-01
8.161764705882352811e-01
8.813559322033898136e-01
9.000000000000000222e-01
1.000000000000000000e+00
8.756896655410691954e-01
0.000000000000000000e+00
0.000000000000000000e+00
0.000000000000000000e+00
0.000000000000000000e+00
0.000000000000000000e+00
0.000000000000000000e+00
0.000000000000000000e+00
0.000000000000000000e+00
0.000000000000000000e+00
0.000000000000000000e+00
8.339768339768339755e-01
0.000000000000000000e+00
0.000000000000000000e+00
0.000000000000000000e+00
0.000000000000000000e+00
0.000000000000000000e+00
0.000000000000000000e+00
0.000000000000000000e+00
0.000000000000000000e+00
0.000000000000000000e+00
8.670360110803324583e-01
2.510478108071576009e-02
2.535822844522941932e-02
2.330639763432018619e-02
3.159706585656626987e-02
4.420518113454080522e-02
2.571679845017268984e-02
8.003214975344201676e-01
8.724828509176052460e-01
6.308529527907422718e-01
4.203621087176587778e-01
7.278888376551302386e-01
7.237716872733213069e-01
8.518333754093749821e-01
7.476481835218016236e-01
4.574197770340999725e-01
6.170790220884798671e-01
7.982829117262575380e-01
8.003064728801270178e-01
9.304198826350111862e-01
6.561412687785987963e-01
8.934355845253327821e-01
8.752551917341375720e-01
8.279486606149595307e-01
8.154741929403890310e-01
9.117384690120831081e-01
8.414269559836060619e-01
9.466926732806624223e-01
7.500216936492120484e-03
7.569649182924513553e-03
6.489197292008391793e-03
1.044123437935096099e-02
2.187823294441949840e-02
7.700502680666750088e-03
7.712613363231087815e-01
8.467307536917979549e-01
5.898968203469904248e-01
3.938882455924357373e-01
6.857785603149730846e-01
6.782428484880055342e-01
8.247173717555214001e-01
7.189169596031161902e-01
4.356113322735923887e-01
5.886641140019899243e-01
7.649807340934087208e-01
7.712929994445242299e-01
9.139159058043291317e-01
6.236629309194250403e-01
8.675230804369850057e-01
8.493143559844995583e-01
7.955044780762047241e-01
7.822821198841800605e-01
8.959942650813076392e-01
8.105370068009757345e-01
9.320022993705174841e-01
7.136485280999110836e-02
7.235955056179774192e-02
6.896551724137930939e-02
7.973421926910295721e-02
1.250000000000000000e-01
7.300753103455639992e-02
3.056900726392246526e-01
9.593855218855218414e-01
3.900259001574291062e-02
3.580290677064867921e-02
2.452684245787590811e-01
3.504761904761899416e-01
7.555555555555564240e-01
9.615384615384625633e-02
4.256590690513606390e-02
1.195036556482338419e-01
1.229779148308587367e-01
7.885375494071134028e-02
8.188520088865054447e-01
1.333333333333337478e-01
9.734136541500708617e-01
7.750000000000003553e-01
1.914269333243403537e-01
0.000000000000000000e+00
8.491512345679010920e-01
2.276029055690065306e-01
7.018327067669172248e-01
