3.764622436421477536e-02
3.790356823641105599e-02
3.560229626943473002e-02
4.533246272655422349e-02
6.661852018032043965e-02
3.844499412846141828e-02
1.921391676954575800e-01
9.915090142613001145e-01
5.965081503993108214e-02
6.098682265161237126e-02
8.387232129415966853e-02
4.499426471850487275e-01
7.647262866661845848e-01
5.555061329649735313e-02
7.161519399654725504e-02
9.076654486168234115e-02
6.071058465990377684e-01
1.016749945607808847e-01
7.445856750787172018e-01
7.883121831374051425e-02
8.949708560353004660e-01
6.978466422717630735e-01
3.422526119967921332e-01
2.249915511950790759e-01
7.586420102244604280e-01
6.759840414941002962e-01
8.546071276305866604e-01
7.005611290596840124e-03
5.584389987517250631e-03
4.994891588148482608e-03
6.688134753529847987e-03
5.084745762711864736e-02
6.086606477415990035e-03
5.858050027104468871e-01
4.227848101265823111e-01
1.050637958532695260e-01
1.911764705882352811e-01
8.792999840040810478e-02
2.673165845493370996e-01
3.859985614960441680e-01
3.208828522920204041e-01
1.562042778513202390e-01
2.391588107324147394e-01
4.217321140398062607e-01
2.202955990421930910e-01
3.302050747306384260e-04
1.046511627906978603e-01
2.419354838709675271e-01
5.714285714285716189e-01
1.621454230149881326e-01
3.830201809324982332e-01
4.164285714285715923e-01
6.833333333333334592e-01
0.000000000000000000e+00
7.578125000000000000e-01
7.573529411764705621e-01
9.152542372881354860e-01
8.333333333333333703e-01
1.000000000000000000e+00
8.460579381575873414e-01
0.000000000000000000e+00
0.000000000000000000e+00
0.000000000000000000e+00
0.000000000000000000e+00
0.000000000000000000e+00
0.000000000000000000e+00
0.000000000000000000e+00
0.000000000000000000e+00
0.000000000000000000e+00
0.000000000000000000e+00
7.346938775510203357e-01
0.000000000000000000e+00
0.000000000000000000e+00
0.000000000000000000e+00
0.000000000000000000e+00
0.000000000000000000e+00
0.000000000000000000e+00
0.000000000000000000e+00
0.000000000000000000e+00
0.000000000000000000e+00
9.072463768115942573e-01
1.921234462770013418e-02
1.891573922825115495e-02
1.708412873067644000e-02
2.227493385750670130e-02
4.659579939848618180e-02
1.921849903026920381e-02
7.733091141217296460e-01
9.500589834641768316e-01
6.732531823504230850e-01
3.336259785967392588e-01
6.810032790030402516e-01
8.017499429155090507e-01
9.133361394305972158e-01
6.963181277037429062e-01
5.378431942828560963e-01
6.846990593277189063e-01
8.863288948623742058e-01
7.981846103857983543e-01
8.916186101878744719e-01
7.014251086645360012e-01
8.576321388746905861e-01
9.093071990781309566e-01
8.418493258239492238e-01
8.531216279376603318e-01
9.318092452277846327e-01
8.714088343566566142e-01
9.458871340952050843e-01
5.658382823553066016e-03
5.558799710472947520e-03
4.678197021735178152e-03
7.217172171401109448e-03
2.312027263591258375e-02
5.664884838897071839e-03
7.414312354033479879e-01
9.390766391294268489e-01
6.345647456740707293e-01
3.094705410967573123e-01
6.348170923042129044e-01
7.655532368111391817e-01
8.963306428523150071e-01
6.641165626973635217e-01
5.160012734625420983e-01
6.587380656593933015e-01
8.654927149008047049e-01
7.689405926825559900e-01
8.669832846065219645e-01
6.712776314312667303e-01
8.244008689230825082e-01
8.897137797721319519e-01
8.115257239229399788e-01
8.254817675459076298e-01
9.193775176926392012e-01
8.454667718543676935e-01
9.309874594954641314e-01
6.512042818911684128e-02
6.561797752808987139e-02
6.170598911070782067e-02
7.308970099667772002e-02
1.250000000000000000e-01
6.553079194709546251e-02
1.878720238095228368e-01
9.593855218855218414e-01
6.920581521086122123e-02
7.399267399267395184e-02
2.452684245787590811e-01
3.504761904761899416e-01
7.555555555555564240e-01
5.685618729096963975e-02
9.288262073926700779e-02
1.095534787123573217e-01
2.493718828514648322e-01
7.885375494071134028e-02
6.459380173690787430e-01
3.225806451612944770e-02
9.021512838306731119e-01
6.676923076923086953e-01
3.748864805957499158e-01
1.276215975011156800e-01
6.397641422517041931e-01
3.476117103235747408e-01
7.277992277992277881e-01
