4.024561485516220394e-02
4.088237378733899918e-02
3.799098264337641417e-02
4.971685581138451937e-02
6.077365366093956389e-02
4.121092453455582616e-02
2.554704918040657802e-01
9.057023528397076806e-01
1.024323416928840658e-02
6.716246869143205345e-02
2.546297676843982671e-01
4.207665425020437056e-01
4.943802269683414963e-01
8.090282366479861764e-02
7.508654422376093152e-02
1.250219887334038660e-01
5.916230965058559832e-01
1.363788426245520213e-01
6.840561184889697444e-01
1.515447029936360934e-01
9.699419366123553932e-01
8.144141832540334747e-01
2.053400882598399591e-01
1.265054197835642213e-01
7.644993596234188615e-01
1.868758319927721345e-01
8.446202161252678309e-01
9.794252678115969446e-03
7.916694041127395054e-03
6.924736065387668282e-03
9.412930393856822064e-03
4.237288135593220151e-02
8.606105179830743357e-03
2.168834031298214615e-01
1.412741232620875476e-01
3.408564814814815103e-01
1.996904024767800490e-01
2.444444444444444642e-01
1.008795902024836599e-01
2.384020618556701443e-01
1.578947368421055319e-01
3.185745140388768215e-02
1.747969543147209759e-01
4.487179487179486781e-01
3.072866309220356751e-01
8.841240875912403929e-02
1.939655172413794482e-01
2.252747252747249185e-01
1.904761904761906877e-01
2.293318749430317549e-01
3.139874739039665297e-01
3.767247386759582373e-01
2.711640211640210518e-01
0.000000000000000000e+00
8.125000000000000000e-01
8.272058823529411242e-01
8.644067796610169774e-01
8.666666666666666963e-01
1.000000000000000000e+00
8.550065938096462759e-01
0.000000000000000000e+00
0.000000000000000000e+00
0.000000000000000000e+00
0.000000000000000000e+00
0.000000000000000000e+00
0.000000000000000000e+00
0.000000000000000000e+00
0.000000000000000000e+00
0.000000000000000000e+00
0.000000000000000000e+00
8.780487804878049918e-01
0.000000000000000000e+00
0.000000000000000000e+00
0.000000000000000000e+00
0.000000000000000000e+00
0.000000000000000000e+00
0.000000000000000000e+00
0.000000000000000000e+00
0.000000000000000000e+00
0.000000000000000000e+00
8.670360110803324583e-01
1.878119631624228236e-02
1.867722359968221335e-02
1.728217452885985606e-02
2.298399480096974257e-02
3.122020222803284506e-02
1.904427997198857025e-02
8.178249493499927247e-01
8.812703904120817722e-01
6.398488319522224188e-01
4.847979828028545768e-01
7.075178793530980670e-01
7.913614792966259248e-01
8.063021205135487701e-01
7.389090794749799684e-01
4.435368579012353152e-01
6.165675010003299761e-01
9.314104010983332849e-01
8.216487089829338508e-01
8.952796671683158625e-01
7.089384522200798955e-01
8.916475929401577183e-01
8.913698994268099973e-01
7.954199717187340202e-01
7.859301507978946333e-01
8.850054928102277785e-01
7.633391916308045477e-01
9.399436605409321466e-01
5.525577321930336822e-03
5.485500409222208995e-03
4.734957106674313188e-03
7.458178623881449310e-03
1.523742288078279439e-02
5.611145923368504596e-03
7.907322997598501546e-01
8.570514394605438513e-01
5.993209778693623369e-01
4.576601383907359377e-01
6.635218556913182741e-01
7.537616222124360332e-01
7.727481968056235662e-01
7.095303384011582004e-01
4.218492367985113844e-01
5.881382208486296559e-01
9.181982827199237640e-01
7.950450212205061318e-01
8.713787701327004864e-01
6.792348067936908595e-01
8.653530433658599419e-01
8.683642268518334539e-01
7.583574388438422131e-01
7.488188227757246462e-01
8.650940819827587225e-01
7.215161789101126599e-01
9.235113887033292723e-01
7.047279214986618134e-02
7.056179775280899125e-02
6.896551724137930939e-02
7.973421926910295721e-02
1.250000000000000000e-01
7.224170504033447515e-02
1.878720238095228368e-01
9.397063417681974506e-01
4.273250638020043013e-02
3.580290677064867921e-02
2.452684245787590811e-01
2.310832025117743882e-01
5.217391304347831493e-01
8.292682926829231249e-02
6.460002342073600801e-02
1.588238150738150445e-01
0.000000000000000000e+00
1.556255625562554812e-01
5.979683293997277715e-01
1.333333333333337478e-01
9.552190064089480792e-01
7.750000000000003553e-01
2.881072026800666208e-01
1.059259259259253128e-01
7.772079772079774074e-01
1.499501495513460014e-01
7.146428571428571352e-01
