4.304293931772285031e-03
4.210877754093012015e-03
3.951183158321158739e-03
4.863004019542482848e-03
1.169622189642138821e-02
4.279535214282370603e-03
5.590648740320993682e-01
7.864926577198669833e-01
2.832956825912553711e-01
1.484104240453747448e-01
1.455161119570034245e-01
8.872178074795389335e-01
7.308350181988405581e-01
1.126055788118716094e-01
1.394896148322894991e-01
1.169143221738191407e-01
8.562176243458257119e-01
1.732093815556068339e-01
8.189353128591241315e-01
2.295740139837336713e-01
8.401768544183427778e-01
7.169889698895008934e-01
9.737815150408080100e-02
1.464123360780260619e-01
5.049570650573125263e-01
3.135445420265461358e-01
9.835894639545581519e-01
6.299734748010613061e-02
5.111704711024767089e-02
3.960617587827255925e-02
6.363636363636362980e-02
1.063829787234042701e-01
5.088197337407485144e-02
5.282555282555283505e-01
3.152694383218057617e-01
1.153846153846155298e-01
8.000000000000007105e-02
3.895720609936055290e-01
3.717017208413000429e-01
5.473828258638384625e-01
2.127226463104325838e-01
9.411764705882352811e-02
2.070895522388058740e-01
2.917123037604965052e-01
5.594405594405595927e-01
2.495969653864391624e-01
3.414634146341466447e-01
7.077953132472500908e-01
5.890804597701149170e-01
5.462068965517243857e-01
8.136363636363634910e-01
6.441808747220165721e-01
3.968253968253969699e-01
0.000000000000000000e+00
5.600000000000002753e-01
4.587155963302751438e-01
7.222222222222223209e-01
2.857142857142855874e-01
1.000000000000000000e+00
6.103631364748602905e-01
0.000000000000000000e+00
0.000000000000000000e+00
0.000000000000000000e+00
0.000000000000000000e+00
0.000000000000000000e+00
0.000000000000000000e+00
0.000000000000000000e+00
0.000000000000000000e+00
0.000000000000000000e+00
0.000000000000000000e+00
8.349514563106796849e-01
0.000000000000000000e+00
0.000000000000000000e+00
0.000000000000000000e+00
0.000000000000000000e+00
0.000000000000000000e+00
0.000000000000000000e+00
0.000000000000000000e+00
0.000000000000000000e+00
0.000000000000000000e+00
8.326612903225806273e-01
1.934667715924137665e-02
2.018034059369983035e-02
2.017963245439036157e-02
2.864192533972542698e-02
4.181869408125826748e-02
2.061339912532700325e-02
9.639107149095420546e-01
9.369412072551790427e-01
8.274900740306714297e-01
8.082014381622784072e-01
9.154786394781053716e-01
9.338266874238978499e-01
9.287612798850561902e-01
9.011436993918975347e-01
7.535638181615782472e-01
7.778398055136381828e-01
9.079964092808001652e-01
9.028677822291077959e-01
9.358447606956172837e-01
9.235185831941907786e-01
9.581821893874391538e-01
9.617696243362225950e-01
9.270219429497892349e-01
9.386985104302807414e-01
9.262047904837680257e-01
9.175431711373582822e-01
9.362498769527936027e-01
8.059606345961353724e-03
8.539999720272112294e-03
8.247796230097664827e-03
1.366186161419290224e-02
2.369426757952350360e-02
8.753923851126971245e-03
9.575486238520629634e-01
9.233445998452337600e-01
8.067699864167887647e-01
7.980812720906436120e-01
9.045372780179135042e-01
9.192863075928447980e-01
9.165702042540125882e-01
8.929159788143503640e-01
7.423925869211744910e-01
7.694175428126612815e-01
8.936658793779099774e-01
8.910533922743208990e-01
9.196637315134322810e-01
9.150713146191944425e-01
9.465334905341815652e-01
9.524689776802819363e-01
9.139332646656700421e-01
9.288929704598680726e-01
9.161698766223471679e-01
9.029459816751812529e-01
9.163970055522315805e-01
6.416131989000928293e-03
6.510113926993743583e-03
9.416195856873810222e-03
6.993006993007033767e-03
0.000000000000000000e+00
6.932090218900621714e-03
5.744680851063836968e-01
7.864238410596026130e-01
2.085953531746409517e-01
1.049140093236955451e-01
8.392263781204745143e-02
8.265306122448983217e-01
6.376811594202891342e-01
1.262276781373130596e-01
9.433962264150963506e-02
1.089181286549707472e-01
5.403967887330978215e-01
1.004317553389388884e-01
8.231290722519721825e-01
2.114942528735634930e-01
8.265306122448980997e-01
7.125603864734300075e-01
1.200530888030888477e-01
1.023541881385376939e-01
6.465391791044767800e-01
1.337040749053404198e-01
9.635971588026381873e-01
