7.589163577911339775e-03
7.906369478590413724e-03
7.541912758609936596e-03
1.117047302163493017e-02
1.221790064080030547e-02
8.084989768539663224e-03
7.013862642045651796e-01
7.600073897297856540e-01
3.599683856486226574e-01
1.375585583968843562e-01
6.901802690644132099e-02
9.542682183651640671e-01
7.312534138332784650e-01
1.018541582617413788e-01
1.077337571439613839e-01
8.949222918119170700e-02
7.915239379356560079e-01
1.054818505491958991e-01
8.328126641996962398e-01
2.178293316887383035e-01
8.898346776855365903e-01
6.671317203385465078e-01
4.876241137461123643e-02
1.194971898484702422e-01
5.379561405664432527e-01
2.069661520168120106e-01
9.830644630500231518e-01
4.045092838196287510e-02
4.480330257406506256e-02
4.430521369433879086e-02
4.924242424242422644e-02
4.255319148936168028e-02
4.225473086144959645e-02
6.767676767676764626e-01
3.767678509830973965e-01
4.554655870445345478e-02
2.774193548387096087e-01
2.482334169136084512e-01
3.717017208413000429e-01
2.970464135021095853e-01
5.232749588384968398e-01
3.715170278637770496e-01
7.593283582089547235e-01
4.330262225372076834e-01
1.923076923076922906e-01
4.572567783094099170e-01
4.129325014180376119e-01
6.688112745098038214e-01
5.637657361795289646e-01
5.462068965517243857e-01
2.997245179063361409e-01
3.615023474178404861e-01
9.523809523809534383e-02
0.000000000000000000e+00
3.600000000000000977e-01
3.853211009174311030e-01
7.222222222222223209e-01
0.000000000000000000e+00
1.000000000000000000e+00
4.258597954214962122e-01
0.000000000000000000e+00
0.000000000000000000e+00
0.000000000000000000e+00
0.000000000000000000e+00
0.000000000000000000e+00
0.000000000000000000e+00
0.000000000000000000e+00
0.000000000000000000e+00
0.000000000000000000e+00
0.000000000000000000e+00
0.000000000000000000e+00
0.000000000000000000e+00
0.000000000000000000e+00
0.000000000000000000e+00
0.000000000000000000e+00
0.000000000000000000e+00
0.000000000000000000e+00
0.000000000000000000e+00
0.000000000000000000e+00
0.000000000000000000e+00
8.326612903225806273e-01
2.685807844556409307e-02
2.816574797717930068e-02
2.787114750972186084e-02
3.944943109357756938e-02
4.765093465048131360e-02
2.878737897580246896e-02
9.379770308033181792e-01
8.917420762074586005e-01
8.856008305211546805e-01
7.803541574149575055e-01
7.984875236779771512e-01
9.651671598206015279e-01
9.129914205548170791e-01
8.984312991279983507e-01
7.365777836840381454e-01
7.257597670270783397e-01
9.138529383343079182e-01
7.404347870593297465e-01
9.717894941226890015e-01
9.335964851765461425e-01
9.180761929416714207e-01
9.546820815786696279e-01
8.574138380769595891e-01
9.309622436479423335e-01
8.879766998951899026e-01
7.847572440149876982e-01
9.651339052904102100e-01
1.130879140866726529e-02
1.205170387033899226e-02
1.152082770247576937e-02
1.904647589464905644e-02
2.712449168713848557e-02
1.236340885763857755e-02
9.273373266938771398e-01
8.695257870802938216e-01
8.708954728405089440e-01
7.691639687192366459e-01
7.757351482290766320e-01
9.572564032930337419e-01
8.983544705115898976e-01
8.900032724790638561e-01
7.249057227159676486e-01
7.160592154144804766e-01
9.003480772012679711e-01
7.145432911649387542e-01
9.644010452515504594e-01
9.261822729226141249e-01
8.962108202514034172e-01
9.437384302484415066e-01
8.337611039714282191e-01
9.200102522284050455e-01
8.733721428780318874e-01
7.521675722438270206e-01
9.539410366564310406e-01
7.332722273143910119e-03
7.905138339920958490e-03
9.416195856873810222e-03
1.048951048951052289e-02
0.000000000000000000e+00
8.609890637705619465e-03
6.923076923076934008e-01
7.864238410596026130e-01
2.085953531746409517e-01
8.606227327334403654e-02
2.446901006086221741e-02
9.065934065934069253e-01
6.376811594202891342e-01
1.329510989239268692e-01
9.100016697278334732e-02
9.274821039526948141e-02
4.346845249341395601e-01
4.870940133938539418e-02
8.295154185022028948e-01
2.114942528735634930e-01
8.671875000000002220e-01
6.650563607085349105e-01
7.107142857142845216e-02
8.961213614578111830e-02
7.846153846153836042e-01
1.337040749053404198e-01
9.635971588026381873e-01
