3.380973114727459095e-03
3.625631408323337634e-03
3.384411390891406413e-03
5.414387782398000226e-03
9.755830918124153150e-03
3.657549049838393351e-03
7.002386704742757928e-01
7.645544041010738923e-01
3.630189609042240306e-01
1.289579804975040656e-01
1.064924791381920421e-01
9.939964513330767915e-01
5.253534731969660143e-01
1.048291398906739946e-01
7.379509766610437005e-02
9.283087098230913270e-02
9.366519962109070008e-01
9.693024155927565388e-02
8.590078870905419883e-01
2.088588934764441518e-01
8.832813402478199016e-01
6.127517808786553388e-01
5.569716572005534161e-02
1.466869773145393907e-01
4.650836253584333946e-01
2.284072595318158427e-01
9.918996118206107049e-01
3.965517241379309943e-02
4.456046624575032977e-02
4.408144998881183274e-02
5.189393939393940891e-02
0.000000000000000000e+00
4.193499329388522545e-02
2.875695732838585705e-01
2.254555862990170745e-01
1.153846153846155298e-01
1.933333333333333570e-01
2.482334169136084512e-01
4.631521442228898611e-01
4.151898734177215111e-01
1.175985145450793024e-01
1.764705882352941568e-01
1.639458955223878078e-01
5.050472158905895403e-01
1.214574898785425461e-01
4.572567783094099170e-01
5.397324940991345965e-01
6.968524251805983116e-01
5.556650246305419039e-01
3.969526864474739458e-01
2.997245179063361409e-01
3.948205361199454977e-01
2.022529441884282075e-01
0.000000000000000000e+00
3.200000000000000622e-01
4.311926605504585730e-01
7.777777777777776791e-01
4.285714285714288252e-01
1.000000000000000000e+00
4.466657967002012342e-01
0.000000000000000000e+00
0.000000000000000000e+00
0.000000000000000000e+00
0.000000000000000000e+00
0.000000000000000000e+00
0.000000000000000000e+00
0.000000000000000000e+00
0.000000000000000000e+00
0.000000000000000000e+00
0.000000000000000000e+00
8.865979381443298557e-01
0.000000000000000000e+00
0.000000000000000000e+00
0.000000000000000000e+00
0.000000000000000000e+00
0.000000000000000000e+00
0.000000000000000000e+00
0.000000000000000000e+00
0.000000000000000000e+00
0.000000000000000000e+00
0.000000000000000000e+00
2.237100757652860095e-02
2.356527087179000057e-02
2.371864051936189988e-02
3.403979999124817635e-02
3.470773999741516569e-02
2.414256933941344441e-02
9.075944896689551733e-01
9.136105674472674298e-01
8.797621880416253148e-01
7.062386859238092285e-01
8.688204445154688038e-01
9.726794603240354053e-01
8.701959562874779230e-01
8.726181918132462911e-01
5.705581951707960897e-01
8.935323225284790283e-01
9.155642573964715147e-01
7.572862518144534150e-01
9.863641943462331252e-01
8.844001431432562121e-01
9.280079527014752916e-01
9.950026214581115802e-01
8.931977200393967919e-01
9.398484329523029146e-01
8.914113489482997643e-01
8.506518648869882959e-01
9.577929127021393985e-01
9.359758872414816744e-03
1.001940686125651903e-02
9.744910149851085390e-03
1.633551751721161460e-02
1.955360078085308095e-02
1.030271356425636886e-02
8.922562855137197158e-01
8.954472864572718960e-01
8.644082047957333259e-01
6.926940049689771506e-01
8.527046078262880968e-01
9.664265008535160018e-01
8.493833198064079104e-01
8.623519189891566405e-01
5.558187614220768680e-01
8.888957141044064869e-01
9.023028841523232924e-01
7.325246753996372817e-01
9.827393588667648894e-01
8.721731170331987748e-01
9.085854918567468630e-01
9.937448550380270085e-01
8.747415487606217122e-01
9.302150433319451572e-01
8.771998118539938716e-01
8.261404844036299711e-01
9.443464661439243679e-01
4.582951420714909130e-03
5.115089514066528675e-03
7.532956685499081484e-03
3.496503496503489128e-03
0.000000000000000000e+00
6.839045390218734255e-03
7.297297297297298257e-01
7.864238410596026130e-01
2.188741183552047609e-01
8.606227327334403654e-02
6.229839984820673138e-02
1.000000000000000000e+00
4.680851063829782888e-01
1.377892602161290281e-01
5.090267408714543862e-02
1.089181286549707472e-01
6.126335023290527815e-01
4.870940133938539418e-02
8.295154185022028948e-01
2.114942528735634930e-01
8.731343283582089221e-01
6.650563607085349105e-01
7.107142857142845216e-02
1.238838621952647046e-01
6.343283582089540573e-01
1.059445622107078044e-01
9.815457818930040101e-01
