3.845397111992554517e-03
3.712711573775007157e-03
3.557001401198189861e-03
4.540189503162483931e-03
1.201733328946008594e-02
3.866821665916342354e-03
5.908748803289132212e-01
7.756482653808296490e-01
3.360233448063176809e-01
1.493199921695496091e-01
1.574094836507557993e-01
8.757508707134435966e-01
5.713286038859486382e-01
8.802182860157370392e-02
1.537556162956805750e-01
1.039064927244877090e-01
9.558604473531673307e-01
1.645962173595367783e-01
8.287999996624604293e-01
2.333659927410027812e-01
8.507960474230356063e-01
6.641748843312074158e-01
9.095390671052649978e-02
1.552942004633854900e-01
4.625045981920941074e-01
3.129251119929143954e-01
9.844764038545337215e-01
4.734748010610081992e-02
4.583535696940260751e-02
3.938241217274557338e-02
6.477272727272728736e-02
1.063829787234041313e-02
4.975716192556828288e-02
4.545454545454545858e-01
3.811659192825112008e-01
2.016885553470919579e-01
2.774193548387096087e-01
5.551401869158880675e-01
5.850860420650094706e-01
1.185876082611591054e-01
5.060220525869381092e-01
2.039215686274510331e-01
2.070895522388058740e-01
3.470656820831713452e-01
3.393665158371050872e-02
2.807017543859644526e-01
2.454268292682928454e-01
4.240196078431368587e-01
4.004449388209119221e-01
1.000000000000000222e+00
3.477272727272726627e-01
0.000000000000000000e+00
5.632360471070163577e-02
0.000000000000000000e+00
4.400000000000001688e-01
4.403669724770642446e-01
8.888888888888888395e-01
4.285714285714288252e-01
1.000000000000000000e+00
6.090242029780816857e-01
0.000000000000000000e+00
0.000000000000000000e+00
0.000000000000000000e+00
0.000000000000000000e+00
0.000000000000000000e+00
0.000000000000000000e+00
0.000000000000000000e+00
0.000000000000000000e+00
0.000000000000000000e+00
0.000000000000000000e+00
8.349514563106796849e-01
0.000000000000000000e+00
0.000000000000000000e+00
0.000000000000000000e+00
0.000000000000000000e+00
0.000000000000000000e+00
0.000000000000000000e+00
0.000000000000000000e+00
0.000000000000000000e+00
0.000000000000000000e+00
8.497942386831276451e-01
1.751769285562432277e-02
1.807651899721191002e-02
1.841788207384920106e-02
2.692648836684374825e-02
3.525998413574971124e-02
1.881716236397229514e-02
9.683562980857352009e-01
9.264743799001153857e-01
9.356641814201234197e-01
8.123269312393350816e-01
9.116164210332970974e-01
9.552154306139690743e-01
8.619380225647952365e-01
8.737905229368871929e-01
9.469423197980715301e-01
7.682396615550555197e-01
9.627967102233059293e-01
9.186781250518283315e-01
9.786646595203498666e-01
9.380060953004600854e-01
9.143890544793060737e-01
9.544557552086296859e-01
8.931637915992474142e-01
9.330276297888073778e-01
8.888232542397158653e-01
8.273506377480646101e-01
9.467112757225935038e-01
7.278611197847548175e-03
7.627307851964915120e-03
7.508154781274423151e-03
1.281874772999523626e-02
1.987353099076025198e-02
7.971257792743324799e-03
9.627521802302836385e-01
9.107980398329936778e-01
9.269266743304549472e-01
8.023738973862433177e-01
9.002233607783693969e-01
9.451494445021115798e-01
8.400113897228195237e-01
8.636050681178115696e-01
9.439199450221265053e-01
7.595618899936411594e-01
9.566521715231168788e-01
9.086135695531951662e-01
9.730373126970429665e-01
9.310515395820742057e-01
8.916313556981252386e-01
9.434600565533730610e-01
8.747024585388792906e-01
9.223797158572166754e-01
8.743152450465414560e-01
7.997911784018738590e-01
9.299308335072179466e-01
1.099908340971583742e-02
1.162520344106021675e-02
1.318267419962337872e-02
1.048951048951052289e-02
0.000000000000000000e+00
1.183345684026121392e-02
6.428571428571423496e-01
7.864238410596026130e-01
2.013025979906655216e-01
1.049140093236955451e-01
1.015463917525774029e-01
8.265306122448983217e-01
5.519713261648746538e-01
1.017214397496086775e-01
1.027722146094656175e-01
1.089181286549707472e-01
7.049867690783111485e-01
8.283911792412457231e-02
8.295154185022028948e-01
2.114942528735634930e-01
8.365384615384616751e-01
6.913351834720939948e-01
1.450437317784252222e-01
1.384443932047272341e-01
6.343283582089540573e-01
1.620026072639459969e-01
9.461336336336336750e-01
