3.847211013469714613e-02
3.903336905575588434e-02
3.793496983271510414e-02
4.899708827183640869e-02
6.823272549625380989e-02
4.004873761802718590e-02
5.538141992353295961e-01
9.493978072147566394e-01
1.600613034686118041e-01
3.372210104650630313e-02
9.956285147319032802e-02
7.421698179143110252e-01
6.770369975040813060e-01
7.071691197792473460e-02
6.613800686971105236e-02
1.798702329811208145e-02
3.719775303347621076e-01
1.090234876023774557e-01
9.205850470466825364e-01
1.728430265955998024e-01
8.994928368391299500e-01
9.361428507271725152e-01
1.896288216436299301e-01
9.917133603541783415e-02
9.530542072167298429e-01
1.784948151390821636e-01
8.563706106556796538e-01
4.350132625994693192e-02
4.037153958232148065e-02
4.139628552248825200e-02
4.356060606060604967e-02
4.255319148936168028e-02
4.409904447194795685e-02
8.417508417508434704e-02
2.178090967328634164e-01
0.000000000000000000e+00
2.774193548387096087e-01
5.039890585821746871e-01
3.865889990662101372e-01
1.316455696202530889e-01
3.674300254452900205e-02
1.129411764705883225e-01
3.929391504018369119e-01
3.775100401606424905e-01
3.393665158371050872e-02
3.427588579291365178e-01
3.414634146341466447e-01
9.352022058823525885e-01
3.047313552526063063e-01
4.443349753694583182e-01
2.258741258741259195e-01
3.056718690521509352e-01
3.968253968253969699e-01
0.000000000000000000e+00
3.400000000000000799e-01
3.577981651376145322e-01
6.666666666666665186e-01
5.714285714285711748e-01
1.000000000000000000e+00
5.277523796258378752e-01
0.000000000000000000e+00
0.000000000000000000e+00
0.000000000000000000e+00
0.000000000000000000e+00
0.000000000000000000e+00
0.000000000000000000e+00
0.000000000000000000e+00
0.000000000000000000e+00
0.000000000000000000e+00
0.000000000000000000e+00
7.392550143266475304e-01
0.000000000000000000e+00
0.000000000000000000e+00
0.000000000000000000e+00
0.000000000000000000e+00
0.000000000000000000e+00
0.000000000000000000e+00
0.000000000000000000e+00
0.000000000000000000e+00
0.000000000000000000e+00
8.568464730290455966e-01
3.219621667000871490e-02
3.335044345189963622e-02
3.420172630935236491e-02
4.742373508357267120e-02
7.101825039403431017e-02
3.476449905347561709e-02
8.074958362570305859e-01
8.895459676989354580e-01
6.248570692656363335e-01
8.058907800208459093e-02
7.274140603088050661e-01
7.916328892821893337e-01
7.295867342624187124e-01
6.339508460921479127e-01
3.756236705108051410e-02
3.086961827091503352e-01
7.609183049588703618e-01
6.424691936868205389e-01
8.900876933218773157e-01
5.725467869437950164e-01
8.341813181855239900e-01
9.172392475530890543e-01
7.912851988833504713e-01
7.735733969010492039e-01
8.786821246822635878e-01
6.845309435883355498e-01
9.072534304357842139e-01
1.365870156836758442e-02
1.437195034190462406e-02
1.426829696989048712e-02
2.310014869289825357e-02
4.117657071893035536e-02
1.505248655002000557e-02
7.790665986816363020e-01
8.669348236653472428e-01
5.908325372769220873e-01
7.575171676969061352e-02
6.993763972084261482e-01
7.528196764660175511e-01
6.932348658305581557e-01
6.125181837265452067e-01
3.538765339917748776e-02
2.982952428185736693e-01
7.297108969291703495e-01
6.115242556795021933e-01
8.637213855526489903e-01
5.432773541223978597e-01
7.939687370411858680e-01
8.980375076331841289e-01
7.593330719491097058e-01
7.437262148011647422e-01
8.630313786853665015e-01
6.428664641007904024e-01
8.792650993545768623e-01
6.874427131072408104e-02
7.068123692164612892e-02
7.344632768361580855e-02
8.391608391608390560e-02
1.428571428571428492e-01
7.240899095920988460e-02
6.000000000000014211e-01
9.609141669912998340e-01
1.195905910429391206e-01
3.134625888329933829e-02
4.953482524515973040e-02
6.600000000000001421e-01
8.148148148148139924e-01
1.065097049961460929e-01
9.433962264150963506e-02
4.548229548229576480e-02
2.652093083675550744e-01
8.283911792412457231e-02
9.171745821012611266e-01
2.114942528735634930e-01
8.881578947368422572e-01
8.777233899606491363e-01
2.485014985014988298e-01
8.118942381158600341e-02
1.000000000000000000e+00
1.337040749053404198e-01
7.433186026936027258e-01
