3.092629524728013335e-02
3.262215203368051819e-02
2.970908524263049522e-02
4.219392363702456628e-02
3.055722099077218257e-02
3.225365816953934539e-02
1.000000000000000000e+00
8.522720563435512986e-01
1.730981974811030000e-03
3.962669161809317941e-02
1.331470187511976100e-01
6.289231531122920771e-01
5.220168780028000555e-02
6.418152964994194853e-02
1.257986110637641097e-01
8.309342136922381883e-02
0.000000000000000000e+00
9.889009259085823622e-02
8.650211771384137549e-01
1.503338825223807795e-01
9.862167671100880995e-01
9.485304011680488756e-01
2.023072636651779277e-02
1.520898285295180230e-02
3.426818746920723413e-01
2.760764154768429179e-01
8.609270340031274227e-01
4.774535809018568000e-02
4.789946576007769741e-02
4.452897739986574899e-02
6.477272727272728736e-02
4.255319148936168028e-02
5.130124944171143841e-02
1.515151515151513806e-01
3.087926434693759603e-01
3.947368421052631637e-01
1.677419354838709520e-01
2.555407209612816644e-01
2.568024709516105730e-01
1.185876082611591054e-01
3.250500785014345251e-01
1.764705882352941568e-01
0.000000000000000000e+00
4.501081248069199736e-01
5.594405594405595927e-01
6.150782361308677615e-01
1.838649155722327233e-01
4.404761904761904656e-01
1.587301587301586103e-01
6.010610079575597897e-01
3.477272727272726627e-01
5.186772810777711129e-01
3.968253968253969699e-01
0.000000000000000000e+00
4.000000000000001332e-01
4.678899082568808154e-01
5.555555555555553582e-01
5.714285714285711748e-01
1.000000000000000000e+00
5.476264095109679708e-01
0.000000000000000000e+00
0.000000000000000000e+00
0.000000000000000000e+00
0.000000000000000000e+00
0.000000000000000000e+00
0.000000000000000000e+00
0.000000000000000000e+00
0.000000000000000000e+00
0.000000000000000000e+00
0.000000000000000000e+00
7.610619469026548289e-01
0.000000000000000000e+00
0.000000000000000000e+00
0.000000000000000000e+00
0.000000000000000000e+00
0.000000000000000000e+00
0.000000000000000000e+00
0.000000000000000000e+00
0.000000000000000000e+00
0.000000000000000000e+00
8.243512974051895315e-01
1.328566870820757639e-02
1.503613796790748136e-02
1.458326069990856233e-02
2.563716977921093321e-02
2.651383474137292140e-02
1.498643665681587134e-02
9.040707520690345333e-01
8.571142294764497738e-01
6.082216270027100968e-01
8.681794038144552417e-02
6.527640381556429894e-01
7.970504355694230103e-01
6.535680131804828541e-01
7.062432249412786689e-01
4.506941527134697978e-01
1.197098777878462528e-01
7.413976405152431504e-01
6.148343361210519831e-01
8.869952159333569508e-01
6.654456389060183774e-01
8.868446358623549575e-01
9.127466668102859337e-01
7.593259271657775145e-01
7.794944653037032545e-01
7.819494392116315140e-01
7.666450963790749640e-01
8.860805411942644927e-01
5.486753194038240800e-03
6.317519838596546977e-03
5.911203298951991925e-03
1.218715116097057738e-02
1.483906181569058513e-02
6.314775559242036262e-03
8.882094713011003950e-01
8.289303837926943475e-01
5.736342981909663408e-01
8.164199692349427551e-02
6.207133330457490494e-01
7.589876540868780719e-01
6.118493302318480653e-01
6.870819979527262866e-01
4.358014788851258814e-01
1.145738402588056815e-01
7.085081592446682563e-01
5.829314834640020315e-01
8.599812526181217498e-01
6.388203690731284468e-01
8.576709889421321176e-01
8.926017348298334042e-01
7.239692845482975647e-01
7.502053071801062512e-01
7.569163563828695818e-01
7.321285446316780909e-01
8.525051067522989579e-01
6.782768102658109921e-02
7.091374099046732216e-02
7.344632768361580855e-02
8.391608391608390560e-02
1.428571428571428492e-01
7.220212516025514837e-02
1.000000000000000000e+00
8.871673122579032400e-01
1.871852729367740054e-02
4.412166398807926271e-02
1.015463917525774029e-01
5.183788121990371422e-01
7.407407407407440303e-02
9.065889590416054133e-02
1.184805634168568655e-01
1.089181286549707472e-01
0.000000000000000000e+00
8.283911792412457231e-02
8.618342010412498588e-01
1.442006269592477352e-01
9.740853658536587911e-01
9.120772946859903030e-01
4.706717123935666436e-02
1.580916173228930077e-02
8.443708609271460830e-02
1.908560128060541317e-01
7.433186026936027258e-01
