3.335473516786857662e-02
3.391456824563832129e-02
3.261023337488194729e-02
4.210815588369992701e-02
5.646912586033248083e-02
3.451986784297034205e-02
6.875570893352502821e-01
9.040979508504807249e-01
1.110846423846973963e-01
4.442921709227065641e-02
1.035437320729717392e-01
8.097670208688150240e-01
6.742925346940848996e-01
7.036963944588192632e-02
6.106545316485134656e-02
7.595448169083907075e-02
4.139949064344286001e-01
9.055281232226275456e-02
9.323663629399603359e-01
1.231047180836459809e-01
8.896286300284761417e-01
8.967747681077433697e-01
8.612732062947836553e-02
5.350107738451415074e-02
7.897741799533459783e-01
2.089001480155006085e-01
8.714955663610588488e-01
1.286472148541115135e-02
1.378096163186012801e-02
1.342582233161782046e-02
1.401515151515150825e-02
5.319148936170212116e-02
1.409960625920766986e-02
6.473829201101928277e-01
3.903139013452914252e-01
2.714932126696832926e-01
2.242424242424242431e-01
2.555407209612816644e-01
2.377162168171105261e-01
3.462196373588779519e-01
4.992011361619028698e-01
2.003795066413662784e-01
8.461723639865170732e-02
1.566265060240963347e-01
5.029585798816567088e-01
1.704093567251456776e-01
3.808630393996248475e-01
4.092508798391152336e-01
7.379310344827585411e-01
9.582577132486402860e-02
1.336609336609337895e-01
6.197183098591549921e-01
3.250188964474678421e-01
0.000000000000000000e+00
3.800000000000001155e-01
4.678899082568808154e-01
7.777777777777776791e-01
5.714285714285711748e-01
1.000000000000000000e+00
5.036752525884278242e-01
0.000000000000000000e+00
0.000000000000000000e+00
0.000000000000000000e+00
0.000000000000000000e+00
0.000000000000000000e+00
0.000000000000000000e+00
0.000000000000000000e+00
0.000000000000000000e+00
0.000000000000000000e+00
0.000000000000000000e+00
0.000000000000000000e+00
0.000000000000000000e+00
0.000000000000000000e+00
0.000000000000000000e+00
0.000000000000000000e+00
0.000000000000000000e+00
0.000000000000000000e+00
0.000000000000000000e+00
0.000000000000000000e+00
0.000000000000000000e+00
9.386363636363636020e-01
2.542998722327494132e-02
2.667585749921735916e-02
2.813206501395731918e-02
3.885244788990244169e-02
5.896824196613581481e-02
2.793425624648859795e-02
7.943493341897194249e-01
8.840046681358020297e-01
7.247800751850634882e-01
2.926352837538352958e-01
7.718449385455619094e-01
8.124906506300677567e-01
7.776536549950008315e-01
7.121178901668043792e-01
2.041750299617985931e-01
3.628213685357764007e-01
7.586333016093997905e-01
6.660665744708769154e-01
9.196894429086015510e-01
5.960251318099429874e-01
8.555985052791046375e-01
9.064480078946384189e-01
7.458016994992702209e-01
7.330635977882997700e-01
9.185390899273748744e-01
7.256471693421646663e-01
9.243994975554934435e-01
1.068587774191770423e-02
1.139080474042142299e-02
1.163311013366288837e-02
1.874575944019506168e-02
3.386853946857779074e-02
1.198301604758855721e-02
7.644730591090371785e-01
8.604070789514418616e-01
6.958265916525889772e-01
2.791210086289379610e-01
7.469439356227249860e-01
7.766424060642365124e-01
7.457942230339639211e-01
6.931836577982468661e-01
1.944004811022099766e-01
3.515538979679000420e-01
7.272222414883189323e-01
6.361024651510334138e-01
8.997834411406663291e-01
5.672290327111304542e-01
8.196807044097866868e-01
8.849979009497073168e-01
7.091233745723918291e-01
6.997191281016617026e-01
9.075534500884452349e-01
6.872365721108781855e-01
9.011542106408377828e-01
6.691109074243811738e-02
6.928621250871891402e-02
6.967984934086629556e-02
8.041958041958041647e-02
1.428571428571428492e-01
7.038681818533099044e-02
7.016005164392407067e-01
9.233316352521651060e-01
8.659505617168505864e-02
2.950706512228928879e-02
4.953482524515973040e-02
7.702702702702719506e-01
6.376811594202891342e-01
9.065889590416054133e-02
6.152584085315826457e-02
9.274821039526948141e-02
2.984556427179372307e-01
6.560188732577176829e-02
9.384196079401139201e-01
1.279199110122357652e-01
8.881578947368422572e-01
8.594129331273459016e-01
1.703767123287667218e-01
3.991813337403016249e-02
6.710526315789460128e-01
1.525089060855755463e-01
7.433186026936027258e-01
