3.405573562708907875e-02
3.489265087258869302e-02
3.337067021596806793e-02
4.390108206994786100e-02
6.121232664340015006e-02
3.543965454719827379e-02
7.068896971764431214e-01
9.055550046519345031e-01
1.336414893673421034e-01
3.627322022730106177e-02
7.256856705514813655e-02
8.204694320618601822e-01
5.724760598245861587e-01
6.659422167613704424e-02
5.420126199644004217e-02
4.579806229129745887e-02
4.760974947576936955e-01
4.831313098679523854e-02
9.516103970615241714e-01
1.188893050515513750e-01
9.187885339424832765e-01
9.249018274849376553e-01
8.549931569046131941e-02
3.096017953355101326e-02
8.279287314985070978e-01
1.959449666622203878e-01
8.762813416859256410e-01
5.156498673740051997e-01
5.219766877124818460e-01
5.314388006265382547e-01
5.393939393939394256e-01
6.063829787234042978e-01
5.287329510651195275e-01
4.545454545454545858e-01
0.000000000000000000e+00
2.714932126696832926e-01
6.363636363636364646e-01
5.551401869158880675e-01
7.790717886320182028e-01
2.284655757949982657e-01
7.379134860050862166e-02
1.540106951871658136e-01
1.604477611940298143e-01
3.555617820117680239e-01
0.000000000000000000e+00
4.416294974724945810e-01
2.017738359201775022e-01
1.000000000000000222e+00
6.878750890041702704e-01
2.331370899915898853e-01
3.090909090909099710e-02
1.549295774647889701e-01
6.984126984126985960e-01
0.000000000000000000e+00
3.800000000000001155e-01
4.403669724770642446e-01
6.666666666666665186e-01
4.285714285714288252e-01
1.000000000000000000e+00
4.576249129252962788e-01
0.000000000000000000e+00
0.000000000000000000e+00
0.000000000000000000e+00
0.000000000000000000e+00
0.000000000000000000e+00
0.000000000000000000e+00
0.000000000000000000e+00
0.000000000000000000e+00
0.000000000000000000e+00
0.000000000000000000e+00
3.805309734513274145e-01
0.000000000000000000e+00
0.000000000000000000e+00
0.000000000000000000e+00
0.000000000000000000e+00
0.000000000000000000e+00
0.000000000000000000e+00
0.000000000000000000e+00
0.000000000000000000e+00
0.000000000000000000e+00
3.045722713864306708e-01
3.794841752963906689e-02
4.081669259974157749e-02
4.280005009810428085e-02
5.522734239950000124e-02
9.503222712274728146e-02
4.193728839182397916e-02
8.224383506333294847e-01
8.909904188568538164e-01
6.980935794083711343e-01
4.032962614642094934e-01
7.137991351795314188e-01
8.309665775812133948e-01
7.709248019323480250e-01
6.446342875212813794e-01
0.000000000000000000e+00
3.059317447116818300e-01
8.223664271519335323e-01
4.916824003383228892e-01
9.040584547384884484e-01
6.159292919429009139e-01
8.568366205049124940e-01
9.014403164038120586e-01
7.853976652988241547e-01
7.311471308472881070e-01
9.044128001571887232e-01
7.698604948968115202e-01
9.397064228671883068e-01
1.622883919817497134e-02
1.776883933468408061e-02
1.807742896742060845e-02
2.713334364656279363e-02
5.613217938437178867e-02
1.833489812397719187e-02
7.957305996893764277e-01
8.686387337282687193e-01
6.675020846088199900e-01
3.875851963334078221e-01
6.849120561111863292e-01
7.979157197751773900e-01
7.383852248154813003e-01
6.234765096480279212e-01
0.000000000000000000e+00
2.955827277837688172e-01
7.973074255172336589e-01
4.580123589440088239e-01
8.806822813627658286e-01
5.876377392087759333e-01
8.211752529351832308e-01
8.789668636382594880e-01
7.527886615599851394e-01
6.976510640710831268e-01
8.917203666875490597e-01
7.356767752213875244e-01
9.208606577346299948e-01
6.599450045829513556e-02
6.882120437107647204e-02
6.967984934086629556e-02
8.041958041958041647e-02
1.428571428571428492e-01
7.008311936181477186e-02
7.297297297297298257e-01
9.356975005340740781e-01
1.168643190497160589e-01
1.619995732204126959e-02
4.953482524515973040e-02
7.702702702702719506e-01
6.376811594202891342e-01
9.065889590416054133e-02
9.433962264150963506e-02
6.888580674988453723e-02
2.652093083675550744e-01
7.130880826711827325e-02
9.398450554458457340e-01
1.279199110122357652e-01
9.059734513274337875e-01
8.631391851244192281e-01
1.076839826839828262e-01
3.991813337403016249e-02
6.343283582089540573e-01
1.337040749053404198e-01
7.433186026936027258e-01
