3.290761356818067140e-02
3.377911311609421707e-02
3.237897448643528575e-02
4.286995577818980552e-02
5.523215598606812105e-02
3.431762633424123576e-02
7.774771531172142147e-01
9.013857986328255301e-01
1.569381164659802153e-01
2.162731626431524390e-02
7.060394368568179146e-02
8.423087179454658013e-01
5.652861679350840163e-01
4.583288320919010062e-02
5.169887557387498056e-02
5.142769039799777175e-02
3.769943485813396222e-01
6.317585971710570902e-02
9.464540110539840789e-01
1.137191382377769067e-01
9.255043467019588022e-01
8.308198215043409718e-01
9.652719663955577900e-02
5.844899672032166649e-02
7.449522637774785849e-01
1.738144275703810138e-01
8.744942048010657665e-01
6.140583554376657927e-02
4.698882952889749109e-02
4.072499440590737763e-02
3.560606060606061329e-02
5.319148936170212116e-02
5.198670075248107425e-02
7.575757575757573470e-01
3.204905280497847286e-01
1.153846153846155298e-01
2.774193548387096087e-01
2.056074766355140415e-01
3.717017208413000429e-01
2.669735327963176363e-01
8.236735463198541218e-02
7.879616963064306479e-02
3.451492537313427533e-02
3.470656820831713452e-01
4.615384615384616751e-01
1.750089509488006456e-01
2.918961447678993792e-01
9.211816305469555655e-01
9.330628803245435421e-01
3.773139745916516130e-01
6.645454545454543283e-01
6.491353182385455334e-01
3.081232492997199035e-01
0.000000000000000000e+00
5.200000000000002398e-01
5.045871559633026138e-01
5.555555555555553582e-01
1.428571428571432378e-01
1.000000000000000000e+00
5.202584490963264585e-01
0.000000000000000000e+00
0.000000000000000000e+00
0.000000000000000000e+00
0.000000000000000000e+00
0.000000000000000000e+00
0.000000000000000000e+00
0.000000000000000000e+00
0.000000000000000000e+00
0.000000000000000000e+00
0.000000000000000000e+00
8.012422360248446784e-01
0.000000000000000000e+00
0.000000000000000000e+00
0.000000000000000000e+00
0.000000000000000000e+00
0.000000000000000000e+00
0.000000000000000000e+00
0.000000000000000000e+00
0.000000000000000000e+00
0.000000000000000000e+00
8.411405295315681485e-01
2.789440011635951899e-02
2.918041087936806832e-02
3.030287538188958241e-02
4.072244950690268039e-02
6.005870765368770403e-02
3.026510430290846321e-02
8.280014017240420188e-01
8.886105728930353553e-01
6.689991715210394929e-01
2.065937219288507265e-01
6.792196282913396388e-01
8.562262141670331506e-01
7.650662203875930878e-01
5.133347248511004324e-01
1.417498387568469909e-01
3.489797413031183737e-01
7.334543879170483116e-01
6.051728909509805909e-01
9.163740832317108786e-01
5.622714522563989625e-01
8.343165639628253860e-01
8.970541155705902270e-01
7.824947941541844365e-01
8.095378502493129069e-01
8.529038568511588814e-01
7.058938478033063291e-01
9.352738853211042258e-01
1.176233999159659316e-02
1.250329328213901914e-02
1.257047549837744804e-02
1.968901118568090747e-02
3.452447417990006651e-02
1.302432460830713068e-02
8.019554174926610823e-01
8.658319212687336508e-01
6.368574327996514572e-01
1.958924493472720130e-01
6.484108352332640379e-01
8.272597941727146686e-01
7.319480520886262331e-01
4.902612963257566570e-01
1.344314917270823528e-01
3.379066956089635809e-01
6.999178683110907073e-01
5.729836845396465428e-01
8.957210478790061936e-01
5.328363435243499424e-01
7.941302668380920693e-01
8.736947439839233276e-01
7.495668516250241220e-01
7.832642130214582110e-01
8.344842727530172866e-01
6.658385822673185128e-01
9.151380859690564362e-01
6.782768102658109921e-02
7.068123692164612892e-02
7.250470809792847193e-02
8.216783216783218879e-02
1.428571428571428492e-01
7.195015309765345757e-02
7.826086956521738358e-01
9.233316352521651060e-01
1.100743586137635788e-01
1.619995732204126959e-02
4.953482524515973040e-02
7.500000000000000000e-01
6.376811594202891342e-01
9.065889590416054133e-02
7.775243624300243184e-02
6.757440310126971994e-02
3.068169962671358775e-01
4.870940133938539418e-02
9.628303964757711775e-01
1.279199110122357652e-01
9.095744680851065578e-01
8.103627924599798860e-01
1.450437317784252222e-01
3.991813337403016249e-02
7.083333333333330373e-01
1.337040749053404198e-01
7.312734082397003288e-01
