3.870233098132885852e-02
3.938928976709055174e-02
3.819025592356328769e-02
4.870677018644886669e-02
6.797060709000168899e-02
4.017563525970552218e-02
5.600259265529121677e-01
9.646350124166218620e-01
1.198945614642195068e-01
3.569329469576443259e-02
6.606841323194556637e-02
7.637119143063779703e-01
7.100788284053702881e-01
6.279539819008284063e-02
6.730791470825403522e-02
3.537270844062279096e-02
3.892373558212334217e-01
6.516122602581186918e-02
9.689858305494070123e-01
1.875898865028493567e-01
8.934809293791143858e-01
9.458513792892961902e-01
1.841585711803603864e-01
9.836654258332089285e-02
8.909028362948605562e-01
1.221206601738433761e-01
8.489428505352116794e-01
9.071618037135278922e-02
8.432491500728506173e-02
8.033117028417990912e-02
7.765151515151516581e-02
6.382978723404256205e-02
8.509571974115504034e-02
8.417508417508434704e-02
4.120712640892012502e-01
4.594017094017094349e-01
1.463414634146341653e-01
2.815928484355951777e-01
3.911002954980011825e-01
2.025316455696202222e-01
4.992011361619028698e-01
1.657289002557544855e-01
3.639755766621437516e-01
4.954819277108434283e-01
6.993006993007000460e-02
1.800882574534492520e-01
5.269133725820018821e-01
4.024203431372550543e-01
4.240982956797463288e-01
7.839080459770115805e-01
3.883449883449880957e-01
1.000000000000000000e+00
4.548229548229549835e-01
0.000000000000000000e+00
4.400000000000001688e-01
4.678899082568808154e-01
6.666666666666665186e-01
0.000000000000000000e+00
1.000000000000000000e+00
5.267792336997896285e-01
0.000000000000000000e+00
0.000000000000000000e+00
0.000000000000000000e+00
0.000000000000000000e+00
0.000000000000000000e+00
0.000000000000000000e+00
0.000000000000000000e+00
0.000000000000000000e+00
0.000000000000000000e+00
0.000000000000000000e+00
8.514851485148514643e-01
0.000000000000000000e+00
0.000000000000000000e+00
0.000000000000000000e+00
0.000000000000000000e+00
0.000000000000000000e+00
0.000000000000000000e+00
0.000000000000000000e+00
0.000000000000000000e+00
0.000000000000000000e+00
0.000000000000000000e+00
2.854137038728554732e-02
2.944024978132769865e-02
3.049498862679950184e-02
4.139508938482866496e-02
6.362262845795463306e-02
3.066674241694800074e-02
7.321972481205820671e-01
9.004309654970696908e-01
6.678599417787824954e-01
7.779794273430340468e-04
6.448641390641003390e-01
7.796087420893675901e-01
7.668901716305600580e-01
7.279287445821811531e-01
1.641084768029124064e-01
2.349486535598686032e-01
8.420680917472407323e-01
6.317072523503362014e-01
9.223267817840465899e-01
6.206094353878968128e-01
8.241465027469725424e-01
8.777371393318973425e-01
7.926931215868417979e-01
7.700519945648358622e-01
9.493954933859098944e-01
6.603889415955128683e-01
8.934086043974849289e-01
1.204613592405323619e-02
1.261913304611018971e-02
1.265370477308530583e-02
2.002921986119615694e-02
3.667573963092468636e-02
1.320440150881832531e-02
6.963357918582826489e-01
8.797986826115641312e-01
6.356625006043092885e-01
7.272274715344195783e-04
6.124809641103239333e-01
7.391793083325481906e-01
7.339507800958214867e-01
7.096371040045053036e-01
1.558565100817776994e-01
2.261880118968386810e-01
8.192546696878739709e-01
6.003648075053154010e-01
9.030192695981295037e-01
5.924502790485464132e-01
7.820133980811030394e-01
8.505919702558160100e-01
7.609000649229326063e-01
7.398786081214718813e-01
9.423418286001523647e-01
6.171178626234148368e-01
8.617331533565074642e-01
7.057745187901010020e-02
7.300627760985817227e-02
7.532956685499059279e-02
8.391608391608390560e-02
1.428571428571428492e-01
7.412537955429021608e-02
5.744680851063836968e-01
9.609141669912998340e-01
7.666630859644474327e-02
2.950706512228928879e-02
4.953482524515973040e-02
7.360248447204966737e-01
8.148148148148139924e-01
9.065889590416054133e-02
9.433962264150963506e-02
4.548229548229576480e-02
2.652093083675550744e-01
4.870940133938539418e-02
9.628303964757711775e-01
2.114942528735634930e-01
8.731343283582089221e-01
9.120772946859903030e-01
1.960591133004925268e-01
8.961213614578111830e-02
8.236434108527124209e-01
7.870881390653972076e-02
7.312734082397003288e-01
