3.742908749571438598e-02
3.835374991190648730e-02
3.656785781554555692e-02
4.786421519852412931e-02
6.179014517595882161e-02
3.882925986221552606e-02
6.734525177683483577e-01
8.986067035403024761e-01
9.342240407107649247e-02
7.512302421847749656e-03
9.252897361222034434e-02
8.154697855583190602e-01
5.601348082403285744e-01
6.645673927309458939e-02
9.177190027300596853e-02
5.434668608565162984e-02
3.880126831452077596e-01
6.533163022542498588e-02
9.454382162651175925e-01
1.462516836783205321e-01
9.180790917989880562e-01
9.412731072010007694e-01
1.244717013556324581e-01
4.235328302102736586e-02
7.794157333987188352e-01
1.768582596175578558e-01
8.577146025455750777e-01
3.236074270557029453e-02
3.023312287518209462e-02
4.005370328932647550e-02
4.166666666666665741e-02
2.127659574468085402e-02
3.539889959414782572e-02
2.661752661752663229e-01
5.560538116591926538e-01
1.153846153846155298e-01
1.025641025641021997e-02
2.658717370286820536e-01
5.850860420650094706e-01
3.462196373588779519e-01
1.509754028837995143e-01
2.065997130559541484e-01
1.757123473541382097e-01
3.049119555143652294e-01
1.923076923076922906e-01
2.124293785310733540e-01
2.823639774859290075e-01
5.121107266435986904e-01
2.210433244916005791e-01
4.124999999999998668e-01
9.760765550239214328e-02
2.190383681398737625e-01
3.560703560703561976e-01
0.000000000000000000e+00
3.600000000000000977e-01
4.036697247706420022e-01
6.666666666666665186e-01
4.285714285714288252e-01
1.000000000000000000e+00
5.902930592193720294e-01
0.000000000000000000e+00
0.000000000000000000e+00
0.000000000000000000e+00
0.000000000000000000e+00
0.000000000000000000e+00
0.000000000000000000e+00
0.000000000000000000e+00
0.000000000000000000e+00
0.000000000000000000e+00
0.000000000000000000e+00
8.486842105263157077e-01
0.000000000000000000e+00
0.000000000000000000e+00
0.000000000000000000e+00
0.000000000000000000e+00
0.000000000000000000e+00
0.000000000000000000e+00
0.000000000000000000e+00
0.000000000000000000e+00
0.000000000000000000e+00
8.550724637681159646e-01
3.242315595812605977e-02
3.384169709357526257e-02
3.445410593860309678e-02
4.671187726965414511e-02
7.191497868850027508e-02
3.485871825484959663e-02
8.051924706718298630e-01
8.823052804107429647e-01
6.813671895134838508e-01
0.000000000000000000e+00
6.851997818580133348e-01
8.068584831689935566e-01
7.484660231235658046e-01
6.151480505678961208e-01
3.736992568520678404e-01
3.353250744175770848e-01
7.639555686824355263e-01
5.506366212361806234e-01
8.999190600277702234e-01
6.073429068016040766e-01
8.299994087441537882e-01
8.596759548656134342e-01
7.536219224168969610e-01
6.963518973951359214e-01
8.159907013732712322e-01
6.548421262701427104e-01
9.078182640600285236e-01
1.375935421310160722e-02
1.459343685025171755e-02
1.437883224107934510e-02
2.273549793378285000e-02
4.172566549482759068e-02
1.509521135326537256e-02
7.765051335392818554e-01
8.584080031206026140e-01
6.498544313429979180e-01
0.000000000000000000e+00
6.546991447149395071e-01
7.701894379593789974e-01
7.137771203275317111e-01
5.932827993172780090e-01
3.596199364096444029e-01
3.244621264916762726e-01
7.330216313512829540e-01
5.173026843696593158e-01
8.756459723655328764e-01
5.788220774567482962e-01
7.889793528963799929e-01
8.291618665782134467e-01
7.176992144462494005e-01
6.603211149790548795e-01
7.939460398179232214e-01
6.112336909948341557e-01
8.799830653057539864e-01
6.966086159486706286e-02
7.021622878400374246e-02
7.156308851224107981e-02
8.391608391608390560e-02
1.428571428571428492e-01
7.215095534732657301e-02
7.058823529411775155e-01
9.233316352521651060e-01
6.355055562668265878e-02
6.884981861867478514e-03
4.953482524515973040e-02
7.702702702702719506e-01
5.945945945945947386e-01
1.045111247193304393e-01
9.433962264150963506e-02
5.983087679516296831e-02
2.652093083675550744e-01
4.870940133938539418e-02
9.253823689551059495e-01
1.414725069897486698e-01
9.095744680851065578e-01
9.120772946859903030e-01
1.558583959899748628e-01
3.991813337403016249e-02
7.083333333333330373e-01
1.715579558525663906e-01
7.433186026936027258e-01
