3.422374151475576776e-02
3.482022569745796270e-02
3.334748400308235050e-02
4.368087875534187869e-02
5.653639533465670830e-02
3.547389998273597911e-02
6.796246033943127429e-01
8.845796358181745589e-01
1.333587127996835875e-01
3.392460602057734143e-02
7.880775031467424085e-02
7.896464641125815476e-01
5.668098655745081871e-01
4.773329235585777042e-02
7.846817636755232250e-02
4.291482576779293012e-02
4.330504322383443849e-01
7.493178926431154352e-02
9.360273703371744247e-01
1.726451513000850646e-01
9.174254748963543982e-01
9.302310739963690622e-01
1.165265489549107691e-01
3.700291742530126271e-02
8.799308968399701669e-01
1.948372255803354491e-01
8.612647732874463280e-01
1.671087533156498384e-02
1.602719766877125362e-02
1.678227791452227557e-02
1.666666666666666297e-02
3.191489361702129490e-02
1.655497022008481367e-02
1.739618406285070584e-01
2.803108375344676162e-01
3.496503496503500230e-02
8.000000000000007105e-02
3.084112149532711733e-01
5.850860420650094706e-01
9.963250306247439791e-02
4.397931543954689548e-01
1.447963800904977782e-01
1.380597014925371013e-01
2.917123037604965052e-01
3.742203742203744632e-01
4.572567783094099170e-01
3.140243902439026069e-01
7.077953132472500908e-01
6.828938471940499966e-01
2.331370899915898853e-01
4.533333333333331439e-01
6.793066088840733485e-01
3.025793650793653367e-01
0.000000000000000000e+00
4.400000000000001688e-01
5.504587155963300837e-01
7.222222222222223209e-01
5.714285714285711748e-01
1.000000000000000000e+00
6.167487240512548041e-01
0.000000000000000000e+00
0.000000000000000000e+00
0.000000000000000000e+00
0.000000000000000000e+00
0.000000000000000000e+00
0.000000000000000000e+00
0.000000000000000000e+00
0.000000000000000000e+00
0.000000000000000000e+00
0.000000000000000000e+00
8.012422360248446784e-01
0.000000000000000000e+00
0.000000000000000000e+00
0.000000000000000000e+00
0.000000000000000000e+00
0.000000000000000000e+00
0.000000000000000000e+00
0.000000000000000000e+00
0.000000000000000000e+00
0.000000000000000000e+00
9.116997792494481168e-01
2.283443031999182748e-02
2.353799794107158672e-02
2.441783377501349772e-02
3.316707402882862477e-02
6.233999098481335377e-02
2.448359453097215255e-02
7.965128093369311379e-01
8.723215900592846683e-01
6.959311680286330848e-01
1.370555107855455645e-01
6.687937156427792296e-01
8.212817763423714279e-01
7.938178611493817982e-01
5.356066496649178887e-01
2.444812848762998314e-01
1.499282622446145297e-01
8.016282109352204088e-01
5.707846585481251012e-01
9.147152679796735075e-01
6.204551935575808308e-01
8.363279268407424194e-01
8.847019286821824480e-01
7.677700262034368173e-01
7.755907255520977372e-01
9.283352057543745595e-01
6.914559092750907077e-01
9.046162868852540839e-01
9.559944792241467648e-03
1.000743312989962885e-02
1.004247956492056171e-02
1.590111563549777285e-02
3.590018631733760124e-02
1.045314908113313679e-02
7.668703226084800928e-01
8.466905250035802188e-01
6.652159997656605928e-01
1.293340043771187275e-01
6.374718643654853079e-01
7.867445370116006309e-01
7.636604731977932881e-01
5.126338946108215389e-01
2.333699207881974047e-01
1.437165481666022870e-01
7.743493492412303336e-01
5.377802945053602457e-01
8.936906837644159607e-01
5.922915903895198397e-01
7.965337784562713797e-01
8.588999780628228109e-01
7.332744893228070326e-01
7.459323222305065393e-01
9.185675772190449173e-01
6.502937797729961833e-01
8.759158071762095377e-01
6.966086159486706286e-02
7.207626133457334383e-02
7.344632768361580855e-02
8.391608391608390560e-02
1.428571428571428492e-01
7.401024329499433785e-02
7.200000000000006395e-01
9.050772626931570253e-01
9.437257510562391261e-02
1.619995732204126959e-02
6.658779787054225352e-02
7.424242424242439853e-01
6.376811594202891342e-01
9.065889590416054133e-02
8.104064500041574526e-02
6.888580674988453723e-02
3.207971794013948497e-01
6.560188732577176829e-02
9.216837983357808461e-01
1.750040472721390294e-01
9.070312499999999556e-01
8.631391851244192281e-01
1.450437317784252222e-01
2.264858631150623580e-02
7.846153846153836042e-01
1.337040749053404198e-01
7.433186026936027258e-01
