8.638029790852153056e-03
8.711088067312633410e-03
8.224670083115337427e-03
1.125041502874712940e-02
1.839853814277114807e-02
8.933583192017924279e-03
6.110703659754950223e-01
7.877809475858934540e-01
3.125337934654535132e-01
1.290403434581079978e-01
1.321622407580727021e-01
9.160344692267665678e-01
6.201662772137330748e-01
9.861430973061935390e-02
1.097490264442078090e-01
8.745492436621749022e-02
8.268562526354319431e-01
1.411197667151562474e-01
8.368588328680233168e-01
2.259317089149410762e-01
8.853380561294970086e-01
6.757692038031901660e-01
8.600258265653026868e-02
1.309153993032614594e-01
6.032639334147651411e-01
2.966582354543647604e-01
9.707474546598324761e-01
8.037135278514587200e-02
7.309373482272946143e-02
6.063996419780709468e-02
8.333333333333334259e-02
5.319148936170212116e-02
7.432129735510328850e-02
4.545454545454545858e-01
1.985132572907575277e-01
1.153846153846155298e-01
1.933333333333333570e-01
3.084112149532711733e-01
5.850860420650094706e-01
2.669735327963176363e-01
5.060220525869381092e-01
4.015686274509804310e-01
7.593283582089547235e-01
8.179384203480589699e-01
1.214574898785425461e-01
7.645933014354064916e-01
3.414634146341466447e-01
6.688112745098038214e-01
4.827586206896552490e-01
5.462068965517243857e-01
2.119480519480518854e-01
2.026002166847236108e-01
6.984126984126985960e-01
0.000000000000000000e+00
3.400000000000000799e-01
4.036697247706420022e-01
8.333333333333334814e-01
1.428571428571432378e-01
1.000000000000000000e+00
6.538992203280913351e-01
0.000000000000000000e+00
0.000000000000000000e+00
0.000000000000000000e+00
0.000000000000000000e+00
0.000000000000000000e+00
0.000000000000000000e+00
0.000000000000000000e+00
0.000000000000000000e+00
0.000000000000000000e+00
0.000000000000000000e+00
8.349514563106796849e-01
0.000000000000000000e+00
0.000000000000000000e+00
0.000000000000000000e+00
0.000000000000000000e+00
0.000000000000000000e+00
0.000000000000000000e+00
0.000000000000000000e+00
0.000000000000000000e+00
0.000000000000000000e+00
7.634011090573012970e-01
2.165831893197744940e-02
2.279011557294169377e-02
2.315947843328503009e-02
3.188507759771691541e-02
4.506028760814639877e-02
2.333912914413510675e-02
9.053059476174496467e-01
8.829078201200004639e-01
8.639678967220780770e-01
7.599348582438132382e-01
8.801925049394223599e-01
9.224702609153532240e-01
8.609591987724747320e-01
7.917195073146894302e-01
7.195812440610795946e-01
7.753876461560871292e-01
9.436227822936973375e-01
7.435439307649946983e-01
9.327398399415061103e-01
9.014276352532042402e-01
9.008589947866989522e-01
9.738164798243120757e-01
8.922315875443431743e-01
9.123419399184080625e-01
9.188864132412062347e-01
8.946477437580622194e-01
9.425225550284883624e-01
9.052395580858949020e-03
9.679428967046183052e-03
9.507361160054253468e-03
1.526448552963059757e-02
2.559700775722811850e-02
9.948834326638678061e-03
8.896275068481209747e-01
8.591166489992682065e-01
8.469088906427288954e-01
7.480244089713603550e-01
8.652811082100710927e-01
9.056416879101529815e-01
8.389021883586188499e-01
7.764894663541226372e-01
7.074427887032879170e-01
7.668992646822605508e-01
9.344968887561024840e-01
7.178551522115625971e-01
9.158319807598934714e-01
8.908008774476781078e-01
8.748946020481995767e-01
9.673667922659290319e-01
8.736286057126781968e-01
8.987141994873053541e-01
9.079434764207920949e-01
8.764627975398562310e-01
9.245031795652577378e-01
1.466544454628782024e-02
1.488026040455708854e-02
1.506591337099810746e-02
1.398601398601401202e-02
1.428571428571428492e-01
1.478778730602997582e-02
6.000000000000014211e-01
8.187838651414810487e-01
2.085953531746409517e-01
9.105393052666599374e-02
4.953482524515973040e-02
8.768115942029002241e-01
5.803357314148680501e-01
1.219374407322877385e-01
7.775243624300243184e-02
9.274821039526948141e-02
5.225605631538492446e-01
9.305885216665710225e-02
8.423650549333903115e-01
2.114942528735634930e-01
8.881578947368422572e-01
6.913351834720939948e-01
9.059421182266014227e-02
1.023541881385376939e-01
7.846153846153836042e-01
1.715579558525663906e-01
9.461336336336336750e-01
