5.079063200837397041e-04
8.529464406120679243e-05
0.000000000000000000e+00
0.000000000000000000e+00
4.013434384555703005e-03
2.844790551820852720e-04
4.802312734348195278e-01
7.348066167747258071e-01
3.229480999594240842e-01
1.755064025479102785e-01
1.779246432820862367e-01
8.580910175495999326e-01
6.586434363223485633e-01
1.195297377608450784e-01
1.475790575061304288e-01
1.207465462541592593e-01
9.248268862268620438e-01
1.573377143175698212e-01
8.056466579990018140e-01
1.737457364317722686e-01
8.546298509057383974e-01
7.052797299815729559e-01
9.190695682650007470e-02
1.397040447050668099e-01
5.236542804499864090e-01
3.032244202155824908e-01
9.933774376384252314e-01
6.631299734748011265e-02
5.882710053423989560e-02
5.594092638174086307e-02
6.477272727272728736e-02
4.255319148936168028e-02
6.260374189577477821e-02
4.545454545454545858e-01
3.204905280497847286e-01
1.153846153846155298e-01
1.677419354838709520e-01
7.881619937694701594e-01
3.717017208413000429e-01
5.473828258638384625e-01
2.578456318914332801e-01
2.003795066413662784e-01
5.936567164179102907e-01
2.917123037604965052e-01
2.714932126696834036e-01
4.416294974724945810e-01
5.121951219512195230e-01
5.622549019607843146e-01
5.659670164917542934e-01
2.331370899915898853e-01
2.258741258741259195e-01
2.381753205801975248e-01
1.455026455026457999e-01
0.000000000000000000e+00
3.600000000000000977e-01
3.761467889908258755e-01
7.777777777777776791e-01
1.428571428571432378e-01
1.000000000000000000e+00
4.719101339878091217e-01
0.000000000000000000e+00
0.000000000000000000e+00
0.000000000000000000e+00
0.000000000000000000e+00
0.000000000000000000e+00
0.000000000000000000e+00
0.000000000000000000e+00
0.000000000000000000e+00
0.000000000000000000e+00
0.000000000000000000e+00
8.349514563106796849e-01
0.000000000000000000e+00
0.000000000000000000e+00
0.000000000000000000e+00
0.000000000000000000e+00
0.000000000000000000e+00
0.000000000000000000e+00
0.000000000000000000e+00
0.000000000000000000e+00
0.000000000000000000e+00
7.836812144212523812e-01
1.603019611838485403e-02
1.639808151900495892e-02
1.732898551486017347e-02
2.493876532336214424e-02
3.833359261615987279e-02
1.741329866017732320e-02
9.727542943671041442e-01
8.796353827062957098e-01
8.967719106184008915e-01
8.777481993982503283e-01
9.942477553806248203e-01
9.587269506284068488e-01
8.964557545562730212e-01
8.858171013088433909e-01
8.936304051345933530e-01
8.722011993646532346e-01
8.731725236053264894e-01
8.215863556782965205e-01
9.746787269635552864e-01
8.849176529432720706e-01
9.361535671258269797e-01
9.956975617909811227e-01
9.204229383611113313e-01
9.210357081085653874e-01
9.684138422405639268e-01
8.480798555419819529e-01
9.322838818433734076e-01
6.646369657378914386e-03
6.902895754804294626e-03
7.052872934242906955e-03
1.184577228635511070e-02
2.165919773547869687e-02
7.362197724709237945e-03
9.679071493789639380e-01
8.552699518462142381e-01
8.833351496516308465e-01
8.707425582807979403e-01
9.934390531580437056e-01
9.494161272670413876e-01
8.793525833557999105e-01
8.764753940502520990e-01
8.879123021307027130e-01
8.667684980316714416e-01
8.541754479010619239e-01
8.018391739433070597e-01
9.680272633115060144e-01
8.727382413187547705e-01
9.187774887422568426e-01
9.946139452929378955e-01
9.062523195883235294e-01
9.086425619621225636e-01
9.639229126669892622e-01
8.232217389182381329e-01
9.112852616553147600e-01
5.499541704857890956e-03
4.650081376424086699e-03
7.532956685499081484e-03
6.993006993007033767e-03
0.000000000000000000e+00
5.472545226641756244e-03
4.736842105263150415e-01
7.551992564191937207e-01
2.085953531746409517e-01
1.243738658918003281e-01
1.015463917525774029e-01
8.265306122448983217e-01
6.376811594202891342e-01
1.416804504369038042e-01
9.433962264150963506e-02
1.220080624842529993e-01
6.126335023290527815e-01
1.004317553389388884e-01
7.933622041364896127e-01
1.551724137931036474e-01
8.583333333333333925e-01
6.913351834720939948e-01
1.129748142031381519e-01
1.238838621952647046e-01
5.802583025830250207e-01
1.908560128060541317e-01
9.815457818930040101e-01
