5.324762110434089202e-03
5.507841742216912362e-03
5.137555787465719614e-03
7.622691254641933423e-03
9.085935350122364973e-03
5.568724095804500340e-03
7.066246310610111436e-01
7.532541804508730010e-01
3.554665992940106989e-01
1.365139201074485609e-01
8.256608189284264654e-02
9.344180171920202227e-01
5.262505844186105008e-01
8.023858732223621004e-02
9.450340137399093621e-02
9.610465967012782329e-02
8.356899425064749920e-01
9.258065033427098633e-02
8.645639567753926613e-01
2.421126558774435722e-01
8.961635343473375315e-01
6.192077050884146061e-01
7.690749844007216396e-02
1.285069200770361242e-01
5.611661151804847592e-01
2.476925905860629662e-01
9.817787033293214893e-01
4.416445623342177274e-02
4.334628460417677687e-02
3.982993958379951738e-02
4.772727272727275705e-02
3.191489361702129490e-02
4.172128673519198694e-02
5.436720142602493588e-01
1.953475336322869627e-01
2.136752136752136932e-01
2.774193548387096087e-01
2.056074766355140415e-01
3.426038588562489995e-01
6.962025316455688895e-02
3.193769758655253810e-01
6.417112299465244085e-02
4.043176972281448123e-01
3.470656820831713452e-01
7.525083612040139869e-02
5.084795321637427534e-01
2.342597844583098610e-01
5.235071301247773423e-01
5.637657361795289646e-01
1.000000000000000222e+00
3.477272727272726627e-01
2.190383681398737625e-01
1.814058956916100307e-01
0.000000000000000000e+00
4.600000000000001865e-01
4.862385321100917146e-01
7.222222222222223209e-01
4.285714285714288252e-01
1.000000000000000000e+00
5.936717871713033112e-01
0.000000000000000000e+00
0.000000000000000000e+00
0.000000000000000000e+00
0.000000000000000000e+00
0.000000000000000000e+00
0.000000000000000000e+00
0.000000000000000000e+00
0.000000000000000000e+00
0.000000000000000000e+00
0.000000000000000000e+00
8.349514563106796849e-01
0.000000000000000000e+00
0.000000000000000000e+00
0.000000000000000000e+00
0.000000000000000000e+00
0.000000000000000000e+00
0.000000000000000000e+00
0.000000000000000000e+00
0.000000000000000000e+00
0.000000000000000000e+00
8.463114754098360892e-01
2.164834373556845382e-02
2.242137362843382720e-02
2.276430479777497018e-02
3.044993804881368504e-02
3.885026109414024820e-02
2.284957170574714036e-02
9.441538716228499162e-01
8.891044770054941093e-01
9.358920200628944031e-01
8.102141309719925744e-01
7.850605783948760852e-01
9.309400887880625586e-01
8.588455792077973605e-01
7.992973412960244772e-01
5.915167393159679321e-01
8.839856429747907640e-01
9.244273752508029851e-01
6.860907264873188360e-01
9.381870960875005050e-01
9.165626180685131352e-01
9.347304507113392003e-01
9.235138753794833733e-01
8.875183335575411725e-01
9.168603920449522882e-01
8.954345289135772212e-01
8.201131325746264800e-01
9.423133667558898363e-01
9.048097837689048073e-03
9.517949546939144523e-03
9.339707012233314232e-03
1.455390527004961354e-02
2.196020439443180372e-02
9.733578159373534877e-03
9.345106834295435760e-01
8.664142220118221660e-01
9.271833358608159159e-01
8.001752256049932122e-01
7.612002774644062164e-01
9.158123386438363767e-01
8.365082428059987807e-01
7.844809437147524100e-01
5.769816456188543441e-01
8.789872623845580435e-01
9.124431311797400745e-01
6.570765976238899242e-01
9.225578222403948425e-01
9.074164843156591331e-01
9.169940685788044998e-01
9.056465475966632983e-01
8.682043188767473163e-01
9.038710981838058434e-01
8.816877612866953484e-01
7.916495649037327276e-01
9.242324239218825399e-01
7.332722273143910119e-03
8.137642408742151723e-03
1.129943502824859447e-02
1.048951048951052289e-02
0.000000000000000000e+00
7.470876910997570342e-03
7.297297297297298257e-01
7.864238410596026130e-01
2.085953531746409517e-01
8.606227327334403654e-02
4.953482524515973040e-02
8.606557377049171009e-01
4.680851063829782888e-01
1.091822251337482008e-01
6.152584085315826457e-02
9.274821039526948141e-02
6.126335023290527815e-01
6.389901575456335969e-02
8.618342010412498588e-01
2.114942528735634930e-01
8.881578947368422572e-01
6.762845849802365805e-01
7.107142857142845216e-02
1.023541881385376939e-01
8.400863893873102839e-01
1.174483519776172713e-01
9.635971588026381873e-01
