7.142650556445973020e-03
7.049630873962875466e-03
6.529131867952731039e-03
9.369000479389488767e-03
1.742947022484364616e-02
7.341319678909608015e-03
6.248426010361747274e-01
7.828009049826305521e-01
3.224810978533003691e-01
1.448263163668550568e-01
1.217784428036408073e-01
8.329163118271054600e-01
6.201597656914747958e-01
1.035965881818881051e-01
1.088875182991200230e-01
8.924414014455717137e-02
8.541883613780267837e-01
1.646299482158573024e-01
8.413225957350216611e-01
2.449577834285956435e-01
8.786405679205087083e-01
6.473870045546474827e-01
7.181364224015718278e-02
1.376869473802919686e-01
6.324476433003649589e-01
3.437367281613492587e-01
9.804565375808682592e-01
7.798408488063660049e-02
6.046624575036424476e-02
4.542403222197360924e-02
6.893939393939393923e-02
2.127659574468085402e-02
6.644701620364906747e-02
2.832674571805005037e-01
2.649415570094830752e-01
1.153846153846155298e-01
2.774193548387096087e-01
5.551401869158880675e-01
2.294455066921607944e-01
2.025316455696202222e-01
1.559550192891732134e-01
2.003795066413662784e-01
1.539896670493683395e-01
4.044750430292598509e-01
2.714932126696834036e-01
2.495969653864391624e-01
4.129325014180376119e-01
2.958639705882351034e-01
4.004449388209119221e-01
1.896551724137931494e-01
2.788537549407115179e-01
4.205231388329981890e-01
5.128205128205129970e-01
0.000000000000000000e+00
5.200000000000002398e-01
5.137614678899082854e-01
7.222222222222223209e-01
2.857142857142855874e-01
0.000000000000000000e+00
5.662740393844476472e-01
0.000000000000000000e+00
0.000000000000000000e+00
0.000000000000000000e+00
0.000000000000000000e+00
0.000000000000000000e+00
0.000000000000000000e+00
0.000000000000000000e+00
0.000000000000000000e+00
0.000000000000000000e+00
0.000000000000000000e+00
0.000000000000000000e+00
0.000000000000000000e+00
0.000000000000000000e+00
0.000000000000000000e+00
0.000000000000000000e+00
0.000000000000000000e+00
0.000000000000000000e+00
0.000000000000000000e+00
0.000000000000000000e+00
0.000000000000000000e+00
8.178217821782178820e-01
2.505926422480631022e-02
2.617740421416564489e-02
2.604693971213395409e-02
3.686839155359045161e-02
5.521961558198940079e-02
2.690885929778497054e-02
9.731864523609732309e-01
9.141082655068435425e-01
9.138448183822660553e-01
7.694341399149635663e-01
7.919279598762640759e-01
9.411814034621743819e-01
8.978141115483380119e-01
8.723189891815339436e-01
6.900530359026175731e-01
7.602935389063265603e-01
8.797974560674397537e-01
8.485475614411797096e-01
9.754531742660261795e-01
9.276837462816716062e-01
9.322752902462203561e-01
9.514069621305565327e-01
8.716546019092712427e-01
9.180995451195657076e-01
8.787398843427616235e-01
9.176860349455737698e-01
9.465542020996369210e-01
1.052457022045852342e-02
1.117027976630013963e-02
1.073809914215469175e-02
1.774909431826207640e-02
3.162187838737823276e-02
1.152694065322294736e-02
9.684140711574633631e-01
8.960397873574160732e-01
9.024168623287707192e-01
7.578519914442467531e-01
7.686279517308922671e-01
9.281552980055236546e-01
8.809097346006647955e-01
8.620321306313663001e-01
6.771869516798698641e-01
7.514110757972183308e-01
8.616561018912987091e-01
8.312344031146272627e-01
9.690000212329014095e-01
9.196604910791386089e-01
9.139200802107283472e-01
9.397126710721332987e-01
8.500105677374357738e-01
9.052865563905863056e-01
8.630955613915096691e-01
9.031118675339815383e-01
9.297270902562290162e-01
8.249312557286891945e-03
6.975122064636130048e-03
1.129943502824859447e-02
1.048951048951052289e-02
0.000000000000000000e+00
8.864460435350551837e-03
5.744680851063836968e-01
8.187838651414810487e-01
2.085953531746409517e-01
9.856395086462987898e-02
1.015463917525774029e-01
7.702702702702719506e-01
5.519713261648746538e-01
1.186063750926611426e-01
7.230409034568263671e-02
1.024246969128861373e-01
6.126335023290527815e-01
1.004317553389388884e-01
8.479036913261435160e-01
2.114942528735634930e-01
8.706521739130435034e-01
6.494221243808482313e-01
8.725286989795932868e-02
1.023541881385376939e-01
8.632812499999991118e-01
1.337040749053404198e-01
9.635971588026381873e-01
