7.719568334330628723e-03
7.950369266421009051e-03
7.361702940659020644e-03
1.089521453131137019e-02
1.206941622188761887e-02
8.077698022320223270e-03
7.498364141545241779e-01
7.378040720030143440e-01
3.355649842535974869e-01
1.202086816984182516e-01
8.018295200250546984e-02
8.941884572049687563e-01
5.935040584818125353e-01
9.436384352178972534e-02
9.626236438970781073e-02
1.033705051496083271e-01
8.294645577926704760e-01
1.053722992199082054e-01
8.239769637675067315e-01
2.501036099254383416e-01
8.925849855437411051e-01
6.767679800458381578e-01
5.018776925580459292e-02
1.390148249938913949e-01
6.285193215512361320e-01
2.634726531954338924e-01
9.731898307467288234e-01
1.896551724137932049e-02
1.869839728023311998e-02
1.342582233161782046e-02
3.712121212121213820e-02
4.255319148936168028e-02
2.095653644806202975e-02
3.535353535353533694e-01
2.896860986547085126e-01
1.153846153846155298e-01
1.846153846153846256e-01
4.658977928017498105e-01
3.717017208413000429e-01
6.278481012658228000e-01
2.791300590522827196e-01
1.328719723183391377e-01
7.593283582089547235e-01
4.044750430292598509e-01
1.081730769230770939e-01
2.495969653864391624e-01
4.129325014180376119e-01
4.404761904761904656e-01
4.827586206896552490e-01
2.787931034482757919e-01
1.497159090909090384e-01
6.793066088840733485e-01
5.128205128205129970e-01
0.000000000000000000e+00
4.000000000000001332e-01
4.036697247706420022e-01
6.111111111111111605e-01
2.857142857142855874e-01
1.000000000000000000e+00
6.103631364748602905e-01
0.000000000000000000e+00
0.000000000000000000e+00
0.000000000000000000e+00
0.000000000000000000e+00
0.000000000000000000e+00
0.000000000000000000e+00
0.000000000000000000e+00
0.000000000000000000e+00
0.000000000000000000e+00
0.000000000000000000e+00
8.865979381443298557e-01
0.000000000000000000e+00
0.000000000000000000e+00
0.000000000000000000e+00
0.000000000000000000e+00
0.000000000000000000e+00
0.000000000000000000e+00
0.000000000000000000e+00
0.000000000000000000e+00
0.000000000000000000e+00
9.343891402714933347e-01
2.453747729222127694e-02
2.573240851104630078e-02
2.544314583927054230e-02
3.668083356941398421e-02
4.550242532950232732e-02
2.636355421070257776e-02
9.096739588617301919e-01
8.780747131086095170e-01
8.674521968685540152e-01
7.462293791240348639e-01
8.088461973561562601e-01
9.538500672918581724e-01
8.630037923775519815e-01
8.197337111381548524e-01
7.361048902451594600e-01
6.328764268498261458e-01
8.485092316228506348e-01
7.977661578861665603e-01
9.715766611448850565e-01
9.238195306297165565e-01
9.056761062062912426e-01
9.691910662542895238e-01
8.670505959435805821e-01
8.561261853069157546e-01
9.435314908817691304e-01
8.923730033899985870e-01
9.317103453066915009e-01
1.029780941360058932e-02
1.097365257013979689e-02
1.047990877981551383e-02
1.765509628884150140e-02
2.585726904127916281e-02
1.128490335503141984e-02
8.946465697404830664e-01
8.534371458643316144e-01
8.507631017090502290e-01
7.338660235602447734e-01
7.869834084779947503e-01
9.434920225780347725e-01
8.412195196674626674e-01
8.060857290794012364e-01
7.244193827694065391e-01
6.215523302994423460e-01
8.264588514606450165e-01
7.760314762838649294e-01
9.641341007939087104e-01
9.154027594063895990e-01
8.808411920423440122e-01
9.616380643596944555e-01
8.447485699211189081e-01
8.351370814141281240e-01
9.357090700391190730e-01
8.738426477935303804e-01
9.105469003561369457e-01
1.191567369385881925e-02
1.069518716577538830e-02
1.318267419962337872e-02
1.048951048951052289e-02
0.000000000000000000e+00
1.210853006489892580e-02
7.536945812807882561e-01
7.864238410596026130e-01
2.257717107790040423e-01
7.381836223033233502e-02
4.953482524515973040e-02
8.606557377049171009e-01
5.803357314148680501e-01
1.186063750926611426e-01
6.152584085315826457e-02
1.089181286549707472e-01
6.126335023290527815e-01
4.870940133938539418e-02
7.978366118550179742e-01
2.332657200811358855e-01
8.881578947368422572e-01
7.045797101449275956e-01
7.107142857142845216e-02
1.238838621952647046e-01
7.846153846153836042e-01
9.680852005804396754e-02
9.461336336336336750e-01
