4.871084510604140050e-03
4.778654849940056071e-03
4.355167118779146307e-03
6.270205578474519204e-03
1.300851012384274252e-02
4.923101695488818486e-03
6.544110068537349889e-01
7.762623325573567712e-01
3.492603992951917036e-01
1.170738268124937864e-01
1.319398469591139822e-01
9.352961677614901603e-01
6.147983435290091947e-01
1.069849432177480963e-01
1.082090996002722516e-01
1.042552251950321640e-01
8.357660009246163924e-01
1.263049599306766968e-01
8.244244217677714204e-01
2.111820776480457518e-01
8.745696272754210909e-01
6.594060858137762438e-01
5.119582398268418544e-02
1.398435055055986531e-01
5.720241479912155924e-01
3.193078048220727716e-01
9.823767647517167578e-01
7.599469496021218906e-02
6.253035454103933466e-02
4.900425151040499472e-02
7.348484848484851395e-02
1.063829787234042701e-01
6.727863150809609838e-02
2.492668621700877551e-01
3.860318671882452257e-01
2.838827838827838734e-01
8.000000000000007105e-02
3.084112149532711733e-01
4.517208413001914113e-01
3.462196373588779519e-01
3.193769758655253810e-01
2.258823529411765341e-01
3.451492537313427533e-02
2.624155157214221878e-01
8.875739644970437325e-02
3.150562974600679134e-01
2.201540436456996819e-01
5.622549019607843146e-01
4.827586206896552490e-01
3.969526864474739458e-01
1.545454545454545414e-01
2.323943661971832331e-01
4.855275443510740363e-01
0.000000000000000000e+00
5.200000000000002398e-01
4.587155963302751438e-01
7.222222222222223209e-01
4.285714285714288252e-01
1.000000000000000000e+00
5.630223952998441028e-01
0.000000000000000000e+00
0.000000000000000000e+00
0.000000000000000000e+00
0.000000000000000000e+00
0.000000000000000000e+00
0.000000000000000000e+00
0.000000000000000000e+00
0.000000000000000000e+00
0.000000000000000000e+00
0.000000000000000000e+00
8.514851485148514643e-01
0.000000000000000000e+00
0.000000000000000000e+00
0.000000000000000000e+00
0.000000000000000000e+00
0.000000000000000000e+00
0.000000000000000000e+00
0.000000000000000000e+00
0.000000000000000000e+00
0.000000000000000000e+00
8.098039215686274606e-01
2.243152869836440022e-02
2.301454349461740101e-02
2.254208948401137391e-02
3.202409246921567032e-02
5.152600108864224815e-02
2.364797405688473519e-02
9.568705618724888673e-01
9.289926742758811695e-01
9.308426805887757283e-01
6.656415957609898015e-01
8.918894905750920366e-01
9.446184504765187118e-01
9.134400087433567350e-01
8.754224968585226918e-01
7.596059091348594805e-01
7.988938753865717501e-01
8.662651907120131334e-01
8.741332682407687571e-01
9.406907424415773544e-01
9.224848211404856890e-01
9.031113290993590947e-01
9.455120656826627723e-01
8.536476258402223571e-01
9.010426689949539991e-01
9.316621182582256466e-01
8.845789645127566381e-01
9.364882707600481471e-01
9.385887831190695141e-03
9.777788780207324892e-03
9.245513981368705392e-03
1.533343375151725863e-02
2.942062126529074173e-02
1.008477687447120741e-02
9.493229112648904344e-01
9.138121066139236470e-01
9.214987598637276456e-01
6.511112693333678259e-01
8.782551031238434724e-01
9.323087319794456374e-01
8.988713674717109248e-01
8.653499695254147639e-01
7.486211976428691628e-01
7.910634246583621021e-01
8.463919511671307294e-01
8.593110758799218374e-01
9.256544918107537656e-01
9.139329584055380096e-01
8.776733666919818155e-01
9.324803696284864607e-01
8.294767776304649010e-01
8.858488240899389243e-01
9.223145551461788827e-01
8.648802592259809963e-01
9.167046030822326719e-01
9.165902841429873771e-03
8.370146477563344956e-03
1.129943502824859447e-02
1.048951048951052289e-02
0.000000000000000000e+00
9.925530013978278721e-03
6.711593419324941578e-01
8.024580872262992992e-01
2.085953531746409517e-01
7.381836223033233502e-02
7.782616749647441878e-02
8.835616438356161950e-01
6.376811594202891342e-01
1.377892602161290281e-01
6.152584085315826457e-02
1.089181286549707472e-01
5.225605631538492446e-01
4.870940133938539418e-02
8.135972121770005394e-01
2.114942528735634930e-01
8.596698113207550396e-01
6.650563607085349105e-01
7.107142857142845216e-02
1.184667184003465046e-01
8.632812499999991118e-01
1.908560128060541317e-01
9.635971588026381873e-01
