5.153817660171144954e-03
5.071656461964946239e-03
4.778369470434917776e-03
6.416985274612374557e-03
1.142102369015429719e-02
5.211880451525763291e-03
6.758748138137420369e-01
7.687397159188695817e-01
3.388725848159630516e-01
1.205963822360285320e-01
1.225774487293826986e-01
9.042792167759907684e-01
5.431788477531434012e-01
9.938633249109174450e-02
1.055526434631552934e-01
1.014259746273316054e-01
9.040178368274514042e-01
1.412299486344565924e-01
8.489317641816520599e-01
2.008983372119494959e-01
8.791232074950983133e-01
6.766338669315956622e-01
5.730922663866477862e-02
1.224439677351907285e-01
5.893186296321966111e-01
3.203598599019983340e-01
9.789194166013497345e-01
4.323607427055706220e-02
4.267848470131130334e-02
3.960617587827255925e-02
3.674242424242427085e-02
3.191489361702129490e-02
4.060799258916630849e-02
4.545454545454545858e-01
3.860318671882452257e-01
2.628205128205128860e-01
1.677419354838709520e-01
1.492312330419052202e-01
4.631521442228898611e-01
1.729957805907171853e-01
7.379134860050862166e-02
1.634674922600619640e-01
7.433983926521214869e-02
1.887550200803213007e-01
2.714932126696834036e-01
5.084795321637427534e-01
4.129325014180376119e-01
6.688112745098038214e-01
3.612479474548440095e-01
1.896551724137931494e-01
1.944281524926685378e-01
2.026002166847236108e-01
2.962962962962965019e-01
0.000000000000000000e+00
4.400000000000001688e-01
3.853211009174311030e-01
6.111111111111111605e-01
2.857142857142855874e-01
1.000000000000000000e+00
6.156368899277344653e-01
0.000000000000000000e+00
0.000000000000000000e+00
0.000000000000000000e+00
0.000000000000000000e+00
0.000000000000000000e+00
0.000000000000000000e+00
0.000000000000000000e+00
0.000000000000000000e+00
0.000000000000000000e+00
0.000000000000000000e+00
8.896551724137931050e-01
0.000000000000000000e+00
0.000000000000000000e+00
0.000000000000000000e+00
0.000000000000000000e+00
0.000000000000000000e+00
0.000000000000000000e+00
0.000000000000000000e+00
0.000000000000000000e+00
0.000000000000000000e+00
8.463114754098360892e-01
1.841653761893879970e-02
1.914076794402236326e-02
1.997128815151388848e-02
2.601925731659282537e-02
2.964752258636660365e-02
1.957725433820728389e-02
8.992843979129907517e-01
9.019457593822359787e-01
8.987170645825752757e-01
6.999251449102992240e-01
8.160280405912976320e-01
9.236194453441461949e-01
8.344158565338606337e-01
8.322420920899231689e-01
7.532192509241779632e-01
5.855815913093280756e-01
9.129535266727670795e-01
8.440054171686766082e-01
9.533874717443955316e-01
8.751469344973688003e-01
9.011858366951501775e-01
9.654639190594811460e-01
8.699185149598456235e-01
9.033273121758527147e-01
8.907516410509104254e-01
8.827835015194769319e-01
9.267697781397479240e-01
7.661929791347041330e-03
8.088355079929818170e-03
8.160131051727262386e-03
1.237413716819392440e-02
1.663492375716280058e-02
8.301986559405435950e-03
8.827198874423722863e-01
8.815931842028440490e-01
8.855049000481600707e-01
6.862130479688297591e-01
7.947998300063074950e-01
9.070196600739295345e-01
8.089579252270880927e-01
8.193473159201114520e-01
7.420375152508924543e-01
5.737539314467561269e-01
8.993210993101903306e-01
8.262684814669927214e-01
9.414106303368440232e-01
8.620793617961846067e-01
8.752976526323223982e-01
9.570297437328427748e-01
8.480254007449100628e-01
8.884466145145550886e-01
8.764643461484027398e-01
8.628189728869124497e-01
9.041955587557836127e-01
6.416131989000928293e-03
5.580097651708915141e-03
7.532956685499081484e-03
6.993006993007033767e-03
1.428571428571428492e-01
6.868962868964934021e-03
7.005988023952092192e-01
7.864238410596026130e-01
2.085953531746409517e-01
6.779059063992654011e-02
1.015463917525774029e-01
8.487544483985764998e-01
4.680851063829782888e-01
1.186063750926611426e-01
6.152584085315826457e-02
1.243324432576771166e-01
6.126335023290527815e-01
7.130880826711827325e-02
8.479036913261435160e-01
1.943366065311717961e-01
8.671875000000002220e-01
6.832196646774653104e-01
7.107142857142845216e-02
1.023541881385376939e-01
7.846153846153836042e-01
1.430762576479014392e-01
9.815457818930040101e-01
