7.636177357729923010e-04
4.779261003945989295e-04
2.909469412592513571e-04
5.961690904592864548e-04
6.744550007716787476e-04
5.483000799945125792e-04
5.388069314110186525e-01
7.305027455949981707e-01
3.614929624780414130e-01
1.364971679518265368e-01
1.994960007346313624e-01
8.684828603756935550e-01
7.102476186131712055e-01
1.106898416151405051e-01
1.283038518431534047e-01
1.311434092382524064e-01
9.204602975213465044e-01
1.605608744105226915e-01
8.006153476232431565e-01
2.362673700437363244e-01
8.562207443402005680e-01
6.384063197217004770e-01
1.054884054630549350e-01
1.502672584535336142e-01
4.408869548734415389e-01
2.827592017956468418e-01
9.945763290754232600e-01
6.949602122015915984e-02
6.101262748907237965e-02
5.459834414857911433e-02
7.234848484848485639e-02
1.063829787234041313e-02
6.496995372336489272e-02
4.854669140383425230e-01
3.005452140529727423e-01
2.628205128205128860e-01
1.463414634146341653e-01
6.761322789360171281e-01
1.971145489309924503e-01
2.627179364700262809e-01
2.486368593238821312e-01
1.270588235294117796e-01
4.885189437428241188e-01
2.917123037604965052e-01
1.214574898785425461e-01
5.084795321637427534e-01
4.129325014180376119e-01
5.622549019607843146e-01
2.937420178799485804e-01
4.551724137931036918e-01
2.421212121212121815e-01
3.615023474178404861e-01
5.339105339105341130e-01
0.000000000000000000e+00
4.200000000000001510e-01
4.862385321100917146e-01
7.777777777777776791e-01
1.428571428571432378e-01
1.000000000000000000e+00
4.861593366573551123e-01
0.000000000000000000e+00
0.000000000000000000e+00
0.000000000000000000e+00
0.000000000000000000e+00
0.000000000000000000e+00
0.000000000000000000e+00
0.000000000000000000e+00
0.000000000000000000e+00
0.000000000000000000e+00
0.000000000000000000e+00
9.347826086956522174e-01
0.000000000000000000e+00
0.000000000000000000e+00
0.000000000000000000e+00
0.000000000000000000e+00
0.000000000000000000e+00
0.000000000000000000e+00
0.000000000000000000e+00
0.000000000000000000e+00
0.000000000000000000e+00
7.836812144212523812e-01
1.623099750607726044e-02
1.697736827867407650e-02
1.768647809739071208e-02
2.527767508577088984e-02
2.723508158184884120e-02
1.751803839726562284e-02
9.330677195899235166e-01
8.897086145015433711e-01
9.741687517404238328e-01
8.047056654107596074e-01
9.999999999999995559e-01
9.481056364662461267e-01
9.197091247101591982e-01
9.489195851602065801e-01
9.999999999999991118e-01
8.293528586930776214e-01
9.121336868219427352e-01
8.830064507500834381e-01
9.930365629788042714e-01
9.638390034909147808e-01
9.195144201823255425e-01
9.629291561960267032e-01
9.191218191262531256e-01
9.484699374218155121e-01
9.387486714247077479e-01
8.691289279972824744e-01
9.368643286676927584e-01
6.731564019528110676e-03
7.152540559684408827e-03
7.202187456300315760e-03
1.201136518381994145e-02
1.525160880015441478e-02
7.407558664514590774e-03
9.216459451228642408e-01
8.671266378507117567e-01
9.705162175184014473e-01
7.944456177615166759e-01
1.000000000000000000e+00
9.365284370784499046e-01
9.061028729172003748e-01
9.444428133793238977e-01
1.000000000000000000e+00
8.224550565052437534e-01
8.983852209281963930e-01
8.690893223764746267e-01
9.911729355665955810e-01
9.596706971789767948e-01
8.979992565254857340e-01
9.538997262816639733e-01
9.047398638910436608e-01
9.401415945203452917e-01
9.303067111438139136e-01
8.471835041027280244e-01
9.171899043050221190e-01
3.666361136571927304e-03
4.185073238781700233e-03
7.532956685499081484e-03
3.496503496503489128e-03
0.000000000000000000e+00
3.904515416202014588e-03
5.744680851063836968e-01
7.551992564191937207e-01
2.431755698085913409e-01
8.606227327334403654e-02
1.015463917525774029e-01
8.265306122448983217e-01
6.376811594202891342e-01
1.475519785378938131e-01
6.152584085315826457e-02
1.352372509287405045e-01
6.126335023290527815e-01
9.159032730482707940e-02
7.667789582793469449e-01
2.114942528735634930e-01
8.411214953271028971e-01
6.563584404980611353e-01
1.200530888030888477e-01
1.023541881385376939e-01
5.624999999999991118e-01
1.337040749053404198e-01
9.815457818930040101e-01
