6.203911573226861265e-03
6.147175546637850818e-03
5.669770469350576825e-03
8.252582917420869801e-03
1.367563169475383145e-02
6.334878408480015821e-03
7.136328712919546291e-01
7.757213542523908600e-01
3.317007893989538658e-01
1.269669157629917944e-01
1.057617087549496127e-01
9.276312559297350546e-01
6.685186476251976373e-01
9.487151616973865664e-02
9.615892658592861686e-02
9.346350638967626523e-02
8.087086940435863625e-01
1.108428235725018585e-01
8.509376110370783231e-01
2.286700634633489493e-01
8.826577010282492530e-01
6.532891459540905998e-01
2.060841396675616721e-02
1.363802398787101744e-01
6.264453838758239357e-01
3.001727619465643926e-01
9.810107027845436090e-01
5.835543766578252245e-02
5.567022826614859143e-02
4.945177892145896648e-02
5.492424242424240322e-02
4.255319148936168028e-02
5.631999877039289837e-02
3.535353535353533694e-01
2.528710488898608943e-01
2.628205128205128860e-01
2.774193548387096087e-01
4.552736982643523778e-01
3.043171983496026911e-01
1.729957805907171853e-01
5.060220525869381092e-01
3.715170278637770496e-01
5.522388059701490715e-01
1.788205453392517352e-01
5.594405594405595927e-01
7.978188715030820610e-01
3.414634146341466447e-01
3.088235294117647189e-01
5.637657361795289646e-01
3.267904509283821035e-01
1.077134986225896096e-01
2.735990410548396756e-01
6.984126984126985960e-01
0.000000000000000000e+00
4.600000000000001865e-01
4.220183486238533455e-01
7.222222222222223209e-01
2.857142857142855874e-01
1.000000000000000000e+00
5.508410897458415612e-01
0.000000000000000000e+00
0.000000000000000000e+00
0.000000000000000000e+00
0.000000000000000000e+00
0.000000000000000000e+00
0.000000000000000000e+00
0.000000000000000000e+00
0.000000000000000000e+00
0.000000000000000000e+00
0.000000000000000000e+00
8.896551724137931050e-01
0.000000000000000000e+00
0.000000000000000000e+00
0.000000000000000000e+00
0.000000000000000000e+00
0.000000000000000000e+00
0.000000000000000000e+00
0.000000000000000000e+00
0.000000000000000000e+00
0.000000000000000000e+00
8.129921259842519676e-01
2.139000578600125380e-02
2.222616442967856321e-02
2.270627219750975812e-02
3.049868853829229565e-02
4.577045439078275546e-02
2.282481990628054680e-02
9.077159637318126251e-01
9.071609750514004755e-01
9.262127706790486137e-01
7.396156474044124352e-01
8.071849293854063134e-01
9.694190551268484501e-01
9.365189109250429134e-01
8.844926908199948201e-01
6.851044614522718845e-01
7.271953072015140407e-01
8.258387911294615691e-01
8.004164893963769956e-01
9.655820095844498407e-01
9.231949972820374661e-01
9.206610859599788643e-01
9.680861200473018791e-01
8.233718969929171294e-01
9.021160290211218680e-01
9.859859197023674859e-01
9.361413726225960019e-01
9.474196591007260082e-01
8.936835987468069731e-03
9.432528370897919068e-03
9.315102298489030819e-03
1.457800669563266704e-02
2.601512857472612628e-02
9.722702384446724189e-03
8.923958726172191991e-01
8.877794701346709560e-01
9.162928848551898930e-01
7.270425104260813676e-01
7.851774303486056539e-01
9.624433350212093785e-01
9.255646587064164654e-01
8.750567579076213853e-01
6.721266985498459690e-01
7.175264470930873273e-01
8.011658995451416132e-01
7.788953864508858516e-01
9.566253746432559213e-01
9.147149613909770771e-01
8.994259976612193341e-01
9.602711534942489635e-01
7.952354453528939215e-01
8.870690838951027501e-01
9.839572386613353316e-01
9.246074475044272489e-01
9.308498952852549690e-01
1.008249312557285560e-02
8.370146477563344956e-03
1.129943502824859447e-02
1.048951048951052289e-02
0.000000000000000000e+00
1.011819716925188573e-02
6.774193548387099639e-01
8.024580872262992992e-01
1.832477186516965340e-01
9.541392186525077257e-02
1.015463917525774029e-01
8.454545454545456806e-01
5.168067226890746824e-01
1.186063750926611426e-01
6.152584085315826457e-02
9.965222043873733782e-02
6.126335023290527815e-01
6.560188732577176829e-02
8.295154185022028948e-01
2.114942528735634930e-01
8.757267441860465684e-01
5.996092382552689060e-01
7.107142857142845216e-02
1.023541881385376939e-01
8.236434108527124209e-01
1.337040749053404198e-01
9.635971588026381873e-01
