6.806963168711432921e-03
6.747992957317483498e-03
6.682034211275222901e-03
8.873905604973142403e-03
1.699895651136018593e-02
7.088234093923284629e-03
6.682828987938105314e-01
7.744132227179001404e-01
3.446053064051950443e-01
1.274175365605476618e-01
1.564341214681288506e-01
9.016130964714186291e-01
5.965429486024058647e-01
8.877614814001288934e-02
9.286090121955115073e-02
7.059958517809450385e-02
9.229981006710836766e-01
1.409345995632274029e-01
8.467635018166519423e-01
2.248763171736078981e-01
8.829641902242930662e-01
6.711578974449734503e-01
9.862883295271585027e-02
1.339217105165744215e-01
5.081332435387384550e-01
2.882510202382344566e-01
9.763116217973428768e-01
7.824933687002652571e-02
6.289460903351140608e-02
4.945177892145896648e-02
7.196969696969698904e-02
3.191489361702129490e-02
6.860950320887948539e-02
3.535353535353533694e-01
2.264171209151204511e-01
1.153846153846155298e-01
1.463414634146341653e-01
2.056074766355140415e-01
1.813859748850190634e-01
3.233601841196778182e-01
5.060220525869381092e-01
2.588235294117647856e-01
2.371025308241399010e-01
2.917123037604965052e-01
1.923076923076922906e-01
6.962962962962961910e-01
2.584047462096243919e-01
3.627450980392155078e-01
3.612479474548440095e-01
5.462068965517243857e-01
1.717171717171714906e-01
3.615023474178404861e-01
4.855275443510740363e-01
0.000000000000000000e+00
4.600000000000001865e-01
5.321100917431191846e-01
7.222222222222223209e-01
1.428571428571432378e-01
1.000000000000000000e+00
5.740879730278698467e-01
0.000000000000000000e+00
0.000000000000000000e+00
0.000000000000000000e+00
0.000000000000000000e+00
0.000000000000000000e+00
0.000000000000000000e+00
0.000000000000000000e+00
0.000000000000000000e+00
0.000000000000000000e+00
0.000000000000000000e+00
0.000000000000000000e+00
0.000000000000000000e+00
0.000000000000000000e+00
0.000000000000000000e+00
0.000000000000000000e+00
0.000000000000000000e+00
0.000000000000000000e+00
0.000000000000000000e+00
0.000000000000000000e+00
0.000000000000000000e+00
8.098039215686274606e-01
2.267400228841964793e-02
2.314399181507992287e-02
2.393956770828142844e-02
3.160768015213188953e-02
5.176340364639975267e-02
2.402956227003016920e-02
9.155528777597208290e-01
9.133962446198060636e-01
9.148611244114461805e-01
7.149529326861516765e-01
8.595551693555925077e-01
9.490864756705119643e-01
8.865569737542542406e-01
8.994548523452046140e-01
7.056872443177413246e-01
7.939068598271692423e-01
9.571130212015321881e-01
8.467449373305857563e-01
1.000000000000000222e+00
8.517035562934158754e-01
8.806565127259233794e-01
9.658920464527276373e-01
8.891346566122719786e-01
8.946320724770346899e-01
8.797935177997238121e-01
8.563940292939138388e-01
9.448358054683230201e-01
9.490615362522755727e-03
9.834548940683196516e-03
9.838870712884889569e-03
1.512696488640596915e-02
2.956173324178831829e-02
1.025289320329908493e-02
9.014127582462236887e-01
8.951921739700333669e-01
9.035554157663323593e-01
7.016478767988290066e-01
8.424850646027537415e-01
9.377163427898433934e-01
8.680256574176429263e-01
8.911022536774937386e-01
6.931933483690153608e-01
7.859323230842898411e-01
9.500715725093957786e-01
8.292629307554850726e-01
1.000000000000000000e+00
8.365980969574211557e-01
8.501021445407404009e-01
9.575587318870228959e-01
8.700635090210718792e-01
8.785690502769147869e-01
8.642665339391637502e-01
8.326659690292801397e-01
9.274991965413174055e-01
1.374885426214483841e-02
1.371774006045106686e-02
1.600753295668549958e-02
1.398601398601401202e-02
0.000000000000000000e+00
1.445844998683626370e-02
6.557667153958597339e-01
7.864238410596026130e-01
2.257717107790040423e-01
9.541392186525077257e-02
1.015463917525774029e-01
8.606557377049171009e-01
4.680851063829782888e-01
1.186063750926611426e-01
4.564820450395634666e-02
8.588277024031221174e-02
6.126335023290527815e-01
8.283911792412457231e-02
8.295154185022028948e-01
1.943366065311717961e-01
8.671875000000002220e-01
6.650563607085349105e-01
1.254203638392432651e-01
1.238838621952647046e-01
7.083333333333330373e-01
1.337040749053404198e-01
9.461336336336336750e-01
