5.148561902118098388e-03
5.115078632636715916e-03
4.973757723263194652e-03
7.608260206222516864e-03
1.063441502108020131e-02
5.431714287029931754e-03
6.983771318600417999e-01
7.786237524927868137e-01
3.279842971882978020e-01
1.188379059687660888e-01
9.704852938634056514e-02
9.402835213850906371e-01
6.370587512555374587e-01
7.865809837579185171e-02
7.528515882458197694e-02
9.414810146291774373e-02
8.335732748917745738e-01
1.272151136895793844e-01
8.390202120177270295e-01
2.059589868037270399e-01
8.887497241653878888e-01
6.765102410212504580e-01
7.911729065414485618e-02
1.076790968637109103e-01
6.564769743686200698e-01
3.154235749233236241e-01
9.774499818701474219e-01
3.328912466843500506e-02
3.059737736765422156e-02
2.908928171850527766e-02
4.318181818181818232e-02
2.127659574468085402e-02
3.470799948464464713e-02
3.535353535353533694e-01
5.560538116591926538e-01
1.000000000000000000e+00
1.771428571428571574e-01
8.172897196261683650e-01
3.717017208413000429e-01
8.941556692701302378e-02
2.644813650651096637e-01
1.481195756991321444e-01
2.761194029850744247e-01
3.278376664552947739e-01
6.129807692307691624e-01
3.369946605644544846e-01
3.866571018651363545e-01
5.392156862745098866e-01
3.612479474548440095e-01
1.896551724137931494e-01
3.477272727272726627e-01
2.026002166847236108e-01
2.808302808302811648e-01
0.000000000000000000e+00
3.000000000000000444e-01
2.935779816513761631e-01
6.111111111111111605e-01
1.428571428571432378e-01
1.000000000000000000e+00
5.726298297172704999e-01
0.000000000000000000e+00
0.000000000000000000e+00
0.000000000000000000e+00
0.000000000000000000e+00
0.000000000000000000e+00
0.000000000000000000e+00
0.000000000000000000e+00
0.000000000000000000e+00
0.000000000000000000e+00
0.000000000000000000e+00
8.657718120805368844e-01
0.000000000000000000e+00
0.000000000000000000e+00
0.000000000000000000e+00
0.000000000000000000e+00
0.000000000000000000e+00
0.000000000000000000e+00
0.000000000000000000e+00
0.000000000000000000e+00
0.000000000000000000e+00
8.881720430107526987e-01
1.892341580895939845e-02
1.981214710332063200e-02
2.042831484577378731e-02
2.897268703429467518e-02
4.000805735925705431e-02
2.050262851451684076e-02
9.159945192258049929e-01
9.336454265014457743e-01
9.091390421703224867e-01
8.014746407598432043e-01
7.967693650591947119e-01
9.339724711309920213e-01
8.710482380831079396e-01
7.153075887461692872e-01
6.364826618320522655e-01
7.825950871978797352e-01
9.845994653617551329e-01
8.673249546216927897e-01
9.730157068011482391e-01
8.992052938944730123e-01
9.045329676311812950e-01
9.688465451838808029e-01
8.440152681651160727e-01
8.847529466839403334e-01
9.368020872857343306e-01
8.598155756255025928e-01
9.297317123182935461e-01
7.878515416015557937e-03
8.379891718682766499e-03
8.352503080040152295e-03
1.382479089156767038e-02
2.263560355530208623e-02
8.705548603014048870e-03
9.019215644998048731e-01
9.193885166937109110e-01
8.971489554301146363e-01
7.910867242579855407e-01
7.738723709426702513e-01
9.194618596530714782e-01
8.503520051808958202e-01
6.964992753530285796e-01
6.225642962487309973e-01
7.743027139197300457e-01
9.819982953723513930e-01
8.518226978007428229e-01
9.659394905519881336e-01
8.883657422958459726e-01
8.794287983192994318e-01
9.612117967147755238e-01
8.185442752010664291e-01
8.673778909738427689e-01
9.281099006986543998e-01
8.365603166751760522e-01
9.080013211724676792e-01
1.008249312557285560e-02
9.300162752848173398e-03
1.318267419962337872e-02
1.048951048951052289e-02
0.000000000000000000e+00
9.734333857834009951e-03
6.923076923076934008e-01
7.864238410596026130e-01
2.257717107790040423e-01
6.779059063992654011e-02
4.953482524515973040e-02
9.267186919360828057e-01
4.680851063829782888e-01
1.129387044880003632e-01
4.043126684636133561e-02
1.048557353976073969e-01
4.346845249341395601e-01
8.283911792412457231e-02
8.295154185022028948e-01
1.830238726790454074e-01
8.881578947368422572e-01
6.913351834720939948e-01
1.076839826839828262e-01
8.118942381158600341e-02
9.035433070866130123e-01
1.908560128060541317e-01
9.635971588026381873e-01
