5.228356261483324552e-03
5.251302099828991654e-03
4.913424313707337454e-03
7.596946451979058601e-03
1.129589053624924233e-02
5.432453867986408724e-03
7.978210239108030066e-01
7.711669285859286127e-01
3.390275106973987818e-01
1.117604812412789084e-01
9.839608890151607667e-02
9.941755258299886933e-01
5.845777163486607364e-01
6.197591886921127724e-02
5.466350160061028696e-02
9.761314337778204120e-02
8.533611374575755804e-01
1.144536433058458424e-01
8.561663827644294678e-01
1.652992296709778763e-01
8.960333824083543952e-01
6.463210523260594087e-01
2.297751354535559898e-02
1.293909506281556432e-01
5.713289764086297851e-01
2.702310709834665481e-01
9.794631236790880546e-01
8.275862068965519902e-02
7.418649830014567570e-02
6.489147460281941004e-02
7.803030303030303316e-02
3.191489361702129490e-02
7.632204868824199462e-02
5.436720142602493588e-01
4.209397543380775097e-01
2.628205128205128860e-01
1.957446808510638903e-01
4.240654205607476968e-01
3.340456641547633332e-01
1.729957805907171853e-01
2.945736434108525703e-01
2.039215686274510331e-01
2.070895522388058740e-01
3.775100401606424905e-01
2.251407129455911260e-01
3.298245614035084650e-01
4.129325014180376119e-01
5.392156862745098866e-01
4.327248140635564511e-01
1.481956696070572121e-01
3.477272727272726627e-01
6.566063044936285564e-01
3.560703560703561976e-01
0.000000000000000000e+00
3.600000000000000977e-01
4.403669724770642446e-01
7.777777777777776791e-01
2.857142857142855874e-01
1.000000000000000000e+00
4.719101339878091217e-01
0.000000000000000000e+00
0.000000000000000000e+00
0.000000000000000000e+00
0.000000000000000000e+00
0.000000000000000000e+00
0.000000000000000000e+00
0.000000000000000000e+00
0.000000000000000000e+00
0.000000000000000000e+00
0.000000000000000000e+00
8.514851485148514643e-01
0.000000000000000000e+00
0.000000000000000000e+00
0.000000000000000000e+00
0.000000000000000000e+00
0.000000000000000000e+00
0.000000000000000000e+00
0.000000000000000000e+00
0.000000000000000000e+00
0.000000000000000000e+00
0.000000000000000000e+00
2.272949381042593808e-02
2.314901552507803162e-02
2.342617575036481936e-02
3.171931390478543999e-02
3.944268101914694125e-02
2.391550419731697241e-02
9.259994940367568539e-01
8.908275483491381319e-01
8.996132914310739359e-01
6.826914155387004968e-01
8.368211575192607832e-01
9.506775607952822060e-01
8.848925895643100503e-01
7.345114694198544569e-01
5.686513343672183751e-01
6.142279269133155140e-01
9.174588642928287463e-01
7.786596944683084054e-01
9.678862980050049192e-01
7.919092215452772088e-01
8.987310713885718894e-01
9.637759460871118122e-01
8.727385605267339308e-01
9.373989759765528618e-01
9.243446775223844725e-01
8.516570920290371660e-01
9.371846082825521229e-01
9.514592717166328595e-03
9.836752121576586294e-03
9.620615188428993658e-03
1.518229770158799341e-02
2.230564039715360325e-02
1.020262471023274109e-02
9.134672099167622239e-01
8.684465596417688671e-01
8.865049790005379293e-01
6.685488259818082035e-01
8.175124514659635189e-01
9.396442872912171840e-01
8.661246905541860608e-01
7.165009816495966355e-01
5.538959321050018758e-01
6.026792371266491699e-01
9.044682292324053297e-01
7.554413077366977092e-01
9.595093674864642042e-01
7.722012024587834311e-01
8.722720361683751200e-01
9.549450117077480371e-01
8.512506355770822486e-01
9.273994302612165175e-01
9.140774807007105984e-01
8.272819213981839059e-01
9.176032980466856115e-01
9.165902841429873771e-03
7.440130202278572025e-03
1.129943502824859447e-02
1.048951048951052289e-02
0.000000000000000000e+00
9.315547802133394839e-03
7.826086956521738358e-01
7.864238410596026130e-01
1.868386335424472300e-01
7.868550699277165883e-02
6.229839984820673138e-02
1.000000000000000000e+00
5.689655172413790041e-01
9.065889590416054133e-02
2.246181491464516178e-02
9.274821039526948141e-02
6.126335023290527815e-01
6.560188732577176829e-02
8.295154185022028948e-01
1.690220463538727458e-01
8.881578947368422572e-01
6.650563607085349105e-01
4.230442176870718995e-02
8.766335172335937287e-02
7.846153846153836042e-01
1.337040749053404198e-01
9.635971588026381873e-01
