2.645217305238665162e-01
6.562128711675541126e-02
9.701324240421469458e-01
3.110818682873642826e-01
4.400331529842491651e-01
2.109747440239215788e-01
1.915738834407165747e-01
6.602997260131704405e-01
7.546548444904778163e-01
7.640728066116200257e-01
8.697671695032911376e-01
6.019569445031831556e-01
3.539910927976289146e-01
7.290886182552747119e-02
9.876955463209851072e-01
2.932365966926678280e-01
3.855875830124320114e-01
4.368170350203346430e-01
4.593632398761322566e-01
1.216097311103214729e-01
7.305330819929678476e-02
1.109859864261463214e-01
2.630600132530513946e-01
9.377528341604319806e-01
1.561272912196666751e-01
2.289199925491446908e-01
1.728311471440910074e-01
3.720607431267224374e-01
9.340122282055423053e-01
5.312935735051755870e-01
4.604381720535375422e-01
6.383034648430658820e-01
6.850946412448952749e-01
3.336168540566165630e-01
6.793413129572116738e-01
5.771901331599051943e-01
8.034072867560817510e-01
3.676743972521265280e-01
2.069401143919388786e-01
6.341461175967919583e-01
5.789499900117798248e-01
4.673425215089371809e-01
4.461462903628777843e-01
7.897674720045869678e-01
9.586378674834660218e-01
1.783648718967848490e-01
9.043516844547151434e-01
8.915589149230140897e-02
4.535116595521018201e-01
4.255493936950528466e-01
7.554561329962706795e-01
6.647083204045779459e-01
1.879714887254791966e-01
1.328697314463072043e-01
2.009207753186318390e-01
4.180287183739597179e-01
1.000000000000000000e+00
8.796416218930291908e-01
7.920226355814014019e-01
4.054683143212980401e-01
4.225995404573990033e-01
9.329917972430312734e-02
6.036535291094395905e-01
1.878533465862881613e-01
2.193580838812692335e-01
6.411070772550808705e-02
8.741224456160869849e-01
2.937090969436283450e-01
4.227306300294260133e-01
5.955987517748411175e-01
2.779862209503342063e-01
6.342699953294128612e-01
6.476566432779893301e-01
7.477156786133101196e-01
9.016435289820093901e-01
4.862695681575247564e-01
3.299364869972576386e-01
8.996416737523658114e-01
4.461758044953707536e-01
7.511630794384529519e-01
5.167070304685237314e-01
4.549305643558250178e-01
3.156394910192209524e-01
2.153422312493826762e-01
1.763364704630779878e-01
2.166249299642754034e-01
9.201349539482194251e-01
6.203138630255526920e-01
2.159511858024458775e-01
2.644406640521838603e-01
8.426314872693554392e-01
4.093360172900805116e-01
3.907713957980589736e-01
6.902214412785939723e-01
4.341184186194801953e-01
7.223645704210750473e-01
5.973815710615117958e-01
2.090146050367924779e-01
7.505916080298538073e-01
4.290078173408946594e-01
3.668976730677486753e-01
2.591078669183013439e-01
9.645973352905157228e-01
4.349047554667532234e-01
3.043219020313987500e-01
2.233497515934785849e-01
2.170525562760324823e-01
7.410795439942734486e-01
6.814723791489494253e-01
4.172768242032837138e-01
6.754836946642740481e-01
5.922699651492946415e-01
6.509735791961603901e-01
2.726515229637893611e-02
9.928982186061889870e-01
2.807068193961093083e-01
2.645217305238665162e-01
6.562128711675541126e-02
9.701324240421469458e-01
3.110818682873642826e-01
4.400331529842491651e-01
2.109747440239215788e-01
1.915738834407165747e-01
6.602997260131704405e-01
7.546548444904778163e-01
7.640728066116200257e-01
8.697671695032911376e-01
6.019569445031831556e-01
3.539910927976289146e-01
7.290886182552747119e-02
9.876955463209851072e-01
2.932365966926678280e-01
3.855875830124320114e-01
4.368170350203346430e-01
4.593632398761322566e-01
1.216097311103214729e-01
7.305330819929678476e-02
1.109859864261463214e-01
2.630600132530513946e-01
9.377528341604319806e-01
1.561272912196666751e-01
2.289199925491446908e-01
1.728311471440910074e-01
3.720607431267224374e-01
9.340122282055423053e-01
5.312935735051755870e-01
4.604381720535375422e-01
6.383034648430658820e-01
6.850946412448952749e-01
3.336168540566165630e-01
6.793413129572116738e-01
5.771901331599051943e-01
8.034072867560817510e-01
3.676743972521265280e-01
2.069401143919388786e-01
6.341461175967919583e-01
5.789499900117798248e-01
4.673425215089371809e-01
4.461462903628777843e-01
7.897674720045869678e-01
9.586378674834660218e-01
1.783648718967848490e-01
9.043516844547151434e-01
8.915589149230140897e-02
4.535116595521018201e-01
4.255493936950528466e-01
7.554561329962706795e-01
6.647083204045779459e-01
1.879714887254791966e-01
1.328697314463072043e-01
2.009207753186318390e-01
4.180287183739597179e-01
1.000000000000000000e+00
8.796416218930291908e-01
7.920226355814014019e-01
4.054683143212980401e-01
4.225995404573990033e-01
9.329917972430312734e-02
6.036535291094395905e-01
1.878533465862881613e-01
3.668976730677486753e-01
2.591078669183013439e-01
9.645973352905157228e-01
4.349047554667532234e-01
3.043219020313987500e-01
2.233497515934785849e-01
2.170525562760324823e-01
7.410795439942734486e-01
6.814723791489494253e-01
4.172768242032837138e-01
6.754836946642740481e-01
5.922699651492946415e-01
6.509735791961603901e-01
2.726515229637893611e-02
9.928982186061889870e-01
2.807068193961093083e-01
3.957114383445115013e-01
6.347349725161199885e-02
9.964183993579498466e-01
3.217473707382880743e-01
1.380916762377513152e-01
2.448575471054884600e-01
3.010360434650758421e-01
5.009290413528044716e-01
9.951005033479067841e-01
4.045271211449759652e-01
5.955484701217137467e-01
8.804750395433851295e-01
5.268803826982955130e-01
1.765337876177937027e-01
8.876454028418154785e-01
3.673497721676034500e-01
4.777668296622878952e-01
4.177276452541045515e-01
9.522395919917401308e-01
4.363126894830829938e-01
3.507324100625597296e-01
9.457003033935318381e-02
4.206748744410160334e-01
6.939432110335808090e-02
9.822994981900192712e-01
3.180308523661972142e-01
7.218705263095323010e-01
8.966853349520871319e-01
3.812841650688615358e-01
2.502070640809392899e-01
6.329828140711803997e-01
4.246405014992077342e-01
6.478029198673209699e-01
6.338098537444913916e-02
9.460255083939279608e-01
4.437531726899429652e-01
1.093073427666784170e-01
2.175929314159050776e-01
4.541591265345793493e-01
3.361124212784982745e-01
9.116502666519235021e-01
5.090516904964769163e-01
6.888292094224799378e-01
8.158565387868037533e-01
4.413512694248382662e-01
0.000000000000000000e+00
8.006588255852444824e-01
4.141925409810826020e-01
6.917153170924186245e-01
7.918556605313664676e-02
9.035116606914956883e-01
4.540978728623182858e-01
4.069947951968133637e-02
2.436478222725685372e-01
4.645653474902343705e-01
9.723729055192897874e-02
9.049726631222156925e-01
4.339027229321649193e-01
7.321549152013914208e-01
9.824595756865317497e-01
4.447155856695568232e-01
3.681076936322038584e-01
8.983121412462606870e-01
3.715529441976336278e-01
5.588233833520459548e-01
1.717528739095346424e-01
9.407512877801398332e-01
4.350951031221951260e-01
2.820601130831486003e-01
1.337196934138134008e-01
3.538493436330536479e-01
2.361934044215034945e-01
8.607915023565313462e-01
4.579554726722026015e-01
7.049751297540892692e-01
8.734740182553260013e-01
4.198508911688327849e-01
1.347081578920472644e-01
8.258008562048386736e-01
4.112144848105513395e-01
2.645217305238654615e-01
6.562128711674697357e-02
9.701324240421399514e-01
3.110818682873646712e-01
4.400331529842478329e-01
2.109747440239264638e-01
1.915738834407348379e-01
6.602997260131528989e-01
7.546548444904768171e-01
7.640728066116124761e-01
8.697671695032916928e-01
6.019569445031944799e-01
3.539910927976224198e-01
7.290886182553824035e-02
9.876955463209871056e-01
2.932365966926682166e-01
3.855875830124260162e-01
4.368170350203324226e-01
4.593632398761329227e-01
1.216097311102997125e-01
7.305330819930910824e-02
1.109859864261628637e-01
2.630600132530530599e-01
9.377528341604146611e-01
1.561272912196710605e-01
2.289199925491433030e-01
1.728311471440940605e-01
3.720607431267172194e-01
9.340122282055518532e-01
5.312935735051751429e-01
4.604381720535498657e-01
6.383034648430752078e-01
6.850946412448797318e-01
3.336168540566228913e-01
6.793413129572072329e-01
5.771901331599205154e-01
8.034072867560659859e-01
3.676743972521241410e-01
2.069401143919394892e-01
6.341461175967813002e-01
5.789499900117791586e-01
4.673425215089512252e-01
4.461462903628632959e-01
7.897674720045982921e-01
9.586378674834908908e-01
1.783648718967938418e-01
9.043516844547353495e-01
8.915589149230074284e-02
4.535116595520947147e-01
4.255493936950573985e-01
7.554561329962660166e-01
6.647083204045806104e-01
1.879714887254735345e-01
1.328697314463311852e-01
2.009207753186446066e-01
4.180287183739695989e-01
1.000000000000000000e+00
8.796416218930325215e-01
7.920226355813861918e-01
4.054683143212896024e-01
4.225995404574041103e-01
9.329917972429602191e-02
6.036535291094442535e-01
1.878533465862873286e-01
