6.427233914963322858e-01
3.550434906222934561e-01
1.318072292863573525e-01
6.474857202068887707e-01
4.829957901577877077e-01
3.405187309037469578e-01
3.263478158507705507e-01
2.264356029301806128e-01
2.668277207566199793e-01
1.386456099518231788e-01
2.398190403776501167e-02
3.503347749137619704e-01
7.748637256992174649e-01
9.999999999999998890e-01
3.059205638210773515e-01
6.364623655577996697e-01
6.060668504798554235e-01
4.611594334794995032e-01
1.360050016859541966e-01
9.056129166834459010e-01
6.277906441864372633e-01
4.128868205301652328e-01
3.626916925504056755e-01
1.883484739450616008e-01
4.668008904959312089e-01
3.300248942732207369e-01
3.361578044830869638e-01
4.249086489789477561e-01
4.322655160941502039e-01
5.064346498176939271e-01
1.256967749235482490e-02
7.731001052619455027e-01
9.018401084795701905e-02
1.354993677914680950e-01
1.468006387094152876e-01
7.556881271478910200e-01
1.881308059500870211e-01
1.777968512763316578e-01
2.766339388476543037e-01
7.041504724573721674e-02
9.579197903908265310e-02
8.860150865134408527e-02
1.525900059957220334e-01
2.905071443569190448e-01
3.428676236193780591e-01
3.174084865014776824e-01
2.567090845302768543e-01
5.105512293775289479e-01
5.899537107041155082e-01
3.600806654546359065e-01
6.559043133207854703e-01
7.143427387847501864e-01
8.159917085587012897e-01
7.742574570932678757e-01
5.732421154645198635e-01
8.298478851731831973e-01
3.215180526759791046e-01
4.063806789783921403e-01
3.519662052487970705e-02
4.854743782375139372e-01
6.043096185113562280e-01
8.338168748980353540e-01
6.752471927236711746e-01
7.396839326209118104e-01
7.051243442038700460e-01
4.249322338536265509e-01
4.268709256988183487e-01
6.378601918576247698e-01
4.842365257956218194e-01
3.114220446019932975e-01
3.764291303037198277e-01
2.877259803785974235e-01
5.557966097218729473e-01
1.070676284761464814e-01
4.414292218531579159e-02
7.521413379619181772e-01
1.000000000000000000e+00
9.323442377562844996e-01
6.005699394169736749e-01
3.275542429429560976e-01
1.638055708334484883e-02
2.819156996559413209e-02
2.612372594757398359e-01
3.483984811405854143e-01
5.195962733276004997e-01
3.021070660647407480e-01
5.723195998518114669e-01
2.901887016611775505e-01
5.944786521624063624e-01
2.128711220879964672e-01
2.891105300020933022e-01
1.061286495771911476e-01
3.667647928177084626e-01
3.606886487499340044e-01
5.962143010085860784e-01
7.770595451288118127e-01
6.455266389962934781e-01
3.704907674302333476e-01
2.293346239670426279e-01
8.023026790298206645e-01
5.691031294604185220e-01
2.287338665876443855e-01
4.230685962707947390e-02
8.018219866370085436e-01
8.765478199813552251e-01
3.668759475374721024e-01
3.701197611325612313e-01
3.501228878802911115e-01
6.905956725486017689e-02
1.626895600948556897e-01
1.677887891238011298e-01
3.189483317627623826e-01
6.851525225026078303e-01
1.000000000000000222e+00
1.724764226644932563e-01
7.608814546271924772e-01
6.427233914963322858e-01
3.550434906222934561e-01
1.318072292863573525e-01
6.474857202068887707e-01
4.829957901577877077e-01
3.405187309037469578e-01
3.263478158507705507e-01
2.264356029301806128e-01
2.668277207566199793e-01
1.386456099518231788e-01
2.398190403776501167e-02
3.503347749137619704e-01
7.748637256992174649e-01
9.999999999999998890e-01
3.059205638210773515e-01
6.364623655577996697e-01
6.060668504798554235e-01
4.611594334794995032e-01
1.360050016859541966e-01
9.056129166834459010e-01
6.277906441864372633e-01
4.128868205301652328e-01
3.626916925504056755e-01
1.883484739450616008e-01
4.668008904959312089e-01
3.300248942732207369e-01
3.361578044830869638e-01
4.249086489789477561e-01
4.322655160941502039e-01
5.064346498176939271e-01
1.256967749235482490e-02
7.731001052619455027e-01
9.018401084795701905e-02
1.354993677914680950e-01
1.468006387094152876e-01
7.556881271478910200e-01
1.881308059500870211e-01
1.777968512763316578e-01
2.766339388476543037e-01
7.041504724573721674e-02
9.579197903908265310e-02
8.860150865134408527e-02
1.525900059957220334e-01
2.905071443569190448e-01
3.428676236193780591e-01
3.174084865014776824e-01
2.567090845302768543e-01
5.105512293775289479e-01
5.899537107041155082e-01
3.600806654546359065e-01
6.559043133207854703e-01
7.143427387847501864e-01
8.159917085587012897e-01
7.742574570932678757e-01
5.732421154645198635e-01
8.298478851731831973e-01
3.215180526759791046e-01
4.063806789783921403e-01
3.519662052487970705e-02
4.854743782375139372e-01
6.043096185113562280e-01
8.338168748980353540e-01
6.752471927236711746e-01
7.396839326209118104e-01
5.691031294604185220e-01
2.287338665876443855e-01
4.230685962707947390e-02
8.018219866370085436e-01
8.765478199813552251e-01
3.668759475374721024e-01
3.701197611325612313e-01
3.501228878802911115e-01
6.905956725486017689e-02
1.626895600948556897e-01
1.677887891238011298e-01
3.189483317627623826e-01
6.851525225026078303e-01
1.000000000000000222e+00
1.724764226644932563e-01
7.608814546271924772e-01
6.424717659035232842e-01
7.719021198673092776e-01
4.284767574120706968e-02
5.615792613363075336e-01
6.019616118287580697e-01
3.823477275822318999e-01
2.092892060982365354e-01
8.826639565800880050e-01
0.000000000000000000e+00
1.763020603730148239e-01
2.127227667322493243e-01
5.272127459738107369e-01
6.602920310328130871e-01
7.223508545277135262e-01
4.868919737600756470e-01
8.214113096910846679e-01
6.323473353678017439e-01
6.886014311665515919e-01
2.993114325165251444e-01
5.777718385100082399e-01
3.034841279696278704e-01
3.212748483671882260e-01
2.029292832454795414e-01
9.999999999999995559e-01
3.045581321480255177e-01
1.640854497507910903e-01
1.420265299170467843e-01
4.162224758317156770e-01
6.108175143264470419e-01
9.277047508051818880e-01
2.803846331744921372e-01
8.280686298660132616e-01
6.464119709190920826e-01
4.523044709869541435e-01
0.000000000000000000e+00
7.382788143329904740e-01
7.219479119583924742e-01
3.476629845686849407e-01
2.212048466110784206e-01
1.000000000000000000e+00
1.952718409034743807e-01
1.460978073256294918e-01
2.197539770557888072e-01
4.281099336371578801e-01
6.574048142363748681e-01
1.000000000000000000e+00
3.718384026194132552e-01
7.471435692680264973e-01
6.893602613783471611e-01
9.815327313348944926e-01
1.704203672970860950e-01
6.153107244552745714e-01
6.556961950080233414e-01
2.794524881754812951e-01
1.113558382262179736e-01
1.000000000000000000e+00
0.000000000000000000e+00
2.516674941485060879e-01
2.088021245418082428e-01
3.800007104288569693e-01
6.503074214903052930e-01
1.000000000000000000e+00
6.124763566890809585e-01
7.886561110942343911e-01
5.733069273963495860e-01
6.701491457261559148e-01
1.985277690237294834e-01
6.861380723698654593e-01
7.366668100236779537e-01
3.646340187213779060e-01
1.452941934451602579e-01
1.000000000000000000e+00
2.312902730731538625e-01
2.028741486379678216e-01
1.570420091248166949e-01
3.516388092545810196e-01
6.240108097682006694e-01
1.000000000000000000e+00
6.202090933137149875e-01
7.898522294444115799e-01
6.427233914963346173e-01
3.550434906222810216e-01
1.318072292863469164e-01
6.474857202068886597e-01
4.829957901577874857e-01
3.405187309037558396e-01
3.263478158507761573e-01
2.264356029301666240e-01
2.668277207566244202e-01
1.386456099518242890e-01
2.398190403778055479e-02
3.503347749137779577e-01
7.748637256992118028e-01
1.000000000000000000e+00
3.059205638210855671e-01
6.364623655578042216e-01
6.060668504798665257e-01
4.611594334795079408e-01
1.360050016859517541e-01
9.056129166834512301e-01
6.277906441864464782e-01
4.128868205301885475e-01
3.626916925504096723e-01
1.883484739450658196e-01
4.668008904959403682e-01
3.300248942732267321e-01
3.361578044830986212e-01
4.249086489789452026e-01
4.322655160941593078e-01
5.064346498176836020e-01
1.256967749235782250e-02
7.731001052619514979e-01
9.018401084792726508e-02
1.354993677914702044e-01
1.468006387094145659e-01
7.556881271478932405e-01
1.881308059500914620e-01
1.777968512763345443e-01
2.766339388476610761e-01
7.041504724573166563e-02
9.579197903909064671e-02
8.860150865135418830e-02
1.525900059956937227e-01
2.905071443569041678e-01
3.428676236193785032e-01
3.174084865014771273e-01
2.567090845302891777e-01
5.105512293775360533e-01
5.899537107041097350e-01
3.600806654546462315e-01
6.559043133207821397e-01
7.143427387847453014e-01
8.159917085586940733e-01
7.742574570933042910e-01
5.732421154645289674e-01
8.298478851731924122e-01
3.215180526759848778e-01
4.063806789783808160e-01
3.519662052487804171e-02
4.854743782375148253e-01
6.043096185113506769e-01
8.338168748980377964e-01
6.752471927236760596e-01
7.396839326209125876e-01
