5.674800195346701992e-02
3.663897671529505740e-01
7.883731847182855468e-01
6.597775001692632313e-02
3.867665988743547167e-01
7.673660483837880797e-01
6.637384004184011532e-01
8.852242209160348096e-01
5.666280739809502753e-01
7.565327601559455051e-01
8.716163888755259492e-01
6.530658613936966006e-01
1.759400238315621534e-01
0.000000000000000000e+00
4.751840377432867690e-01
1.843349559091556067e-02
3.078105128383910039e-01
4.856997473602868709e-01
6.002019470926351907e-01
0.000000000000000000e+00
4.451686945328644507e-01
2.752103165231973847e-01
4.212140055829483032e-01
9.046111930301767856e-01
6.372801990939518380e-01
2.841371711241613696e-01
3.189632602398394523e-01
7.122210100851457115e-01
9.964028099348840595e-01
7.898674704726791340e-01
9.662600308460662646e-01
3.105945675223391600e-01
4.234059970126407002e-01
9.192753816959325919e-01
8.243079300396976006e-01
2.056977095306784520e-01
1.101687710181700197e-01
2.737034971013592721e-01
2.852377082525809904e-01
9.891777557754737327e-01
9.690240323745589190e-01
4.869200483369976462e-01
7.091521396460682691e-01
9.284023713830430458e-01
5.504363977014824494e-01
8.866948586786879138e-01
8.567925398673909010e-01
7.112118766488673138e-02
2.250403624142028880e-01
3.438419827750659463e-01
4.149566291760516945e-01
3.141518948494613772e-01
4.824472168074910305e-01
7.115198193127598714e-01
4.621479403405792663e-01
4.725845059338837917e-01
8.667462607602685054e-01
3.877487469754490323e-01
9.765039881801499400e-01
1.414108765775190513e-01
1.061303044131290951e-01
1.756942397636435116e-01
9.575503861485823442e-02
2.390453779986047300e-02
3.694141512685233941e-02
2.068464677785326611e-01
6.093563738941174535e-01
3.124519618864607384e-02
2.639460337753767316e-01
8.825522029082149000e-01
6.967055398970847246e-01
7.752145470983295983e-01
5.623350689405388625e-01
9.718127540373757700e-01
8.910269117732311228e-01
2.348461855433300327e-01
8.391455421545135351e-02
3.212918937073498959e-01
8.871104749605085438e-02
7.372614444877094719e-01
9.651260867309758851e-01
9.198698385371948394e-01
5.454731624406589097e-01
3.672973057519313134e-01
5.463931175503902171e-01
2.835311877029124128e-01
7.697760664544722742e-01
8.105763289342720057e-01
1.621344288961625857e-01
9.048906682814423785e-01
2.381653595275687874e-01
3.783456751462276335e-01
8.641840925330852574e-01
4.507950762314011373e-01
1.560746309090011996e-01
8.565048091420459642e-01
3.621015039613717512e-01
5.722146320291763288e-01
8.964284899902696946e-01
1.941508289378803820e-01
1.128731337402513191e-01
8.820833289829459467e-01
8.732675019931201987e-01
1.209702044328843096e-01
2.785394490305028725e-01
4.841565717064657548e-01
4.289728076082413577e-01
9.896879386115966515e-01
9.397671568170777867e-01
3.700667656358848090e-01
8.739923192509794214e-01
7.313432334486127395e-01
3.118422315129059097e-01
5.359614394885559019e-01
7.727455317366453968e-01
5.069737263219897816e-02
5.674800195346701992e-02
3.663897671529505740e-01
7.883731847182855468e-01
6.597775001692632313e-02
3.867665988743547167e-01
7.673660483837880797e-01
6.637384004184011532e-01
8.852242209160348096e-01
5.666280739809502753e-01
7.565327601559455051e-01
8.716163888755259492e-01
6.530658613936966006e-01
1.759400238315621534e-01
0.000000000000000000e+00
4.751840377432867690e-01
1.843349559091556067e-02
3.078105128383910039e-01
4.856997473602868709e-01
6.002019470926351907e-01
0.000000000000000000e+00
4.451686945328644507e-01
2.752103165231973847e-01
4.212140055829483032e-01
9.046111930301767856e-01
6.372801990939518380e-01
2.841371711241613696e-01
3.189632602398394523e-01
7.122210100851457115e-01
9.964028099348840595e-01
7.898674704726791340e-01
9.662600308460662646e-01
3.105945675223391600e-01
4.234059970126407002e-01
9.192753816959325919e-01
8.243079300396976006e-01
2.056977095306784520e-01
1.101687710181700197e-01
2.737034971013592721e-01
2.852377082525809904e-01
9.891777557754737327e-01
9.690240323745589190e-01
4.869200483369976462e-01
7.091521396460682691e-01
9.284023713830430458e-01
5.504363977014824494e-01
8.866948586786879138e-01
8.567925398673909010e-01
7.112118766488673138e-02
2.250403624142028880e-01
3.438419827750659463e-01
4.149566291760516945e-01
3.141518948494613772e-01
4.824472168074910305e-01
7.115198193127598714e-01
4.621479403405792663e-01
4.725845059338837917e-01
8.667462607602685054e-01
3.877487469754490323e-01
9.765039881801499400e-01
1.414108765775190513e-01
1.061303044131290951e-01
1.756942397636435116e-01
9.575503861485823442e-02
2.390453779986047300e-02
1.128731337402513191e-01
8.820833289829459467e-01
8.732675019931201987e-01
1.209702044328843096e-01
2.785394490305028725e-01
4.841565717064657548e-01
4.289728076082413577e-01
9.896879386115966515e-01
9.397671568170777867e-01
3.700667656358848090e-01
8.739923192509794214e-01
7.313432334486127395e-01
3.118422315129059097e-01
5.359614394885559019e-01
7.727455317366453968e-01
5.069737263219897816e-02
1.317473596833942384e-01
5.349842880173203419e-01
9.282383411104098148e-01
9.792302305876310342e-02
8.548487998067222371e-01
4.060542098420408808e-01
6.275159636558236276e-01
4.071030428734436768e-01
5.318433143657093076e-01
7.497502308594956588e-01
7.398670053293270321e-01
9.818362964008495730e-01
3.779080803115861809e-01
1.404262280765484761e-01
6.631782734830067305e-01
1.454680719481703521e-01
2.807292803465608610e-01
8.604224904052193423e-01
8.692748503533285209e-01
2.021643944528072057e-01
6.707108788080295980e-01
4.331841196964189011e-01
6.356109342878717428e-01
3.429326845928852840e-01
7.801078950763704611e-01
7.064529019528875686e-01
8.458760429800117331e-01
8.350933683774082184e-01
2.188317501144011468e-01
3.064741369564139006e-02
7.927092564492075333e-01
1.631351459220303779e-01
3.250612755805266652e-01
4.278650349518891005e-01
6.772108076128038334e-01
3.554224514531468815e-01
7.682413956586371384e-01
5.654574982195876842e-01
6.639038566711833456e-01
1.866104610419636600e-01
8.942406578058887945e-01
7.956119206746931072e-01
8.570722832880637299e-01
5.730934014609516680e-01
1.972910786525704507e-01
4.555634825161369861e-02
9.637166840111568433e-01
1.403578599707567820e-01
3.463481321273995661e-01
6.847556959394891507e-01
8.458339092687632288e-01
2.623383758857437131e-01
6.794971286214850359e-01
4.727173414617492631e-01
7.874121119008182790e-01
8.488353656254998825e-02
8.683785010183799891e-01
6.880734269062913633e-01
8.503012597020541685e-01
8.683056957443788804e-01
2.013169431462991099e-01
3.804365147833439487e-01
9.143305191159649681e-01
1.466006915308991632e-01
3.753903143092989225e-01
5.779092806695436124e-01
7.581678465208545603e-01
2.273535028115417633e-01
3.960026546251871338e-02
3.909127833529886242e-01
7.262293254331774195e-01
3.508026396717047746e-01
9.996407914853464582e-01
6.774690324982082235e-01
8.119745315002296904e-01
6.163720098986438245e-01
1.995066748105718268e-01
5.588058983517756317e-01
2.858664943023407901e-01
1.734380770848019671e-01
5.674800195347340370e-02
3.663897671529492417e-01
7.883731847182721131e-01
6.597775001692157693e-02
3.867665988743487215e-01
7.673660483837951851e-01
6.637384004184136987e-01
8.852242209160374742e-01
5.666280739809599343e-01
7.565327601559415083e-01
8.716163888755129596e-01
6.530658613937041501e-01
1.759400238315630971e-01
0.000000000000000000e+00
4.751840377432861029e-01
1.843349559091927992e-02
3.078105128383934463e-01
4.856997473602933102e-01
6.002019470926465150e-01
0.000000000000000000e+00
4.451686945328638956e-01
2.752103165232071547e-01
4.212140055829486363e-01
9.046111930301692361e-01
6.372801990939567229e-01
2.841371711241578168e-01
3.189632602398408956e-01
7.122210100851387171e-01
9.964028099348811729e-01
7.898674704726859064e-01
9.662600308460845833e-01
3.105945675223404923e-01
4.234059970126358152e-01
9.192753816959253754e-01
8.243079300396992659e-01
2.056977095306928849e-01
1.101687710181675772e-01
2.737034971013563300e-01
2.852377082525845431e-01
9.891777557754677375e-01
9.690240323745626938e-01
4.869200483370016985e-01
7.091521396460394033e-01
9.284023713830521496e-01
5.504363977014871123e-01
8.866948586786993491e-01
8.567925398674040016e-01
7.112118766490094224e-02
2.250403624142036652e-01
3.438419827750658353e-01
4.149566291760665715e-01
3.141518948494649299e-01
4.824472168074871448e-01
7.115198193127818538e-01
4.621479403405760467e-01
4.725845059338823484e-01
8.667462607602494096e-01
3.877487469754421490e-01
9.765039881801338417e-01
1.414108765775168308e-01
1.061303044131242101e-01
1.756942397636488407e-01
9.575503861487377755e-02
2.390453779986245753e-02
