3.018253437052739185e-01
4.847053719284244444e-02
9.951029806152038582e-01
3.276449589039345245e-01
4.584563797177150235e-01
1.382880938497279555e-01
1.809905966033013014e-01
6.551766617547847282e-01
7.726541813417048266e-01
7.764612042816876336e-01
8.664831219375617177e-01
5.733912101244387216e-01
3.619008366482420747e-01
8.994360976335957769e-02
9.799188540833816408e-01
3.085230933917690321e-01
4.001282626851225821e-01
4.346181619424611675e-01
4.337374418473183280e-01
1.012653941077890085e-01
3.035761218456134447e-02
9.364239374467131505e-02
2.372211381332754443e-01
9.215822678758383013e-01
1.616220152363122553e-01
2.150143771885171251e-01
1.558726334837814143e-01
3.491297181778583170e-01
9.784096013368315248e-01
5.674680475385702749e-01
4.798185719507905844e-01
6.125098916543627592e-01
7.422556236813186992e-01
3.049556875062803263e-01
6.564446783619135584e-01
5.720506199004185000e-01
7.954043413571623145e-01
3.410510122614840989e-01
2.038581048195024503e-01
6.720304991759129543e-01
4.995013128443117623e-01
4.697899506953464588e-01
4.582100002629935220e-01
8.006128335403571716e-01
1.000000000000000000e+00
1.750245045357701201e-01
8.754556992331762322e-01
5.940703443294603758e-02
4.592611208539816303e-01
4.351568783847822308e-01
7.860892059426266565e-01
6.932418264006675601e-01
1.847976160532899259e-01
1.241795309235274036e-01
1.868330723970786922e-01
4.596959288769575380e-01
9.904923140610781829e-01
8.899828211916485099e-01
7.861449057532540197e-01
4.108324922856487760e-01
4.179571708501904626e-01
7.209358518219188827e-02
6.150348772348976922e-01
1.917186998318816671e-01
2.365976024003720590e-01
4.029555566712716974e-02
8.772062266525020302e-01
3.098897186045286301e-01
4.346167369661155799e-01
5.772320222253000122e-01
2.613100651462985091e-01
6.176895745764663381e-01
6.782914629236540538e-01
7.775236419043867198e-01
8.935513309758452705e-01
5.029030552737144832e-01
3.376949952050156689e-01
8.751779476446226447e-01
4.605390797301536221e-01
7.310627191402971903e-01
5.177592861685098580e-01
4.181777980679528550e-01
3.158184777429409174e-01
1.941387886264060447e-01
1.718179674756590281e-01
2.081364893097636393e-01
9.628855575195872651e-01
6.209692051094919396e-01
2.248019793853703874e-01
2.467544033123560410e-01
8.430912642895389553e-01
3.987734622507758120e-01
3.395529558680752125e-01
7.152092580006569333e-01
4.342780181254013439e-01
7.144966519010003125e-01
6.191677889796256551e-01
1.888088768347215840e-01
7.391519103930865864e-01
4.385664621083147363e-01
4.017810374362362769e-01
2.306231770003379644e-01
9.677128520155804381e-01
4.467698418427804574e-01
2.782705846592952170e-01
1.838391674951034283e-01
2.044246486759972448e-01
7.716096165199879398e-01
6.633921071826760496e-01
4.143344429973144782e-01
6.670641543917298355e-01
5.811991178771394040e-01
6.747331412410131346e-01
3.642103923419193201e-02
9.913425922297087745e-01
2.793267547900762926e-01
3.018253437052739185e-01
4.847053719284244444e-02
9.951029806152038582e-01
3.276449589039345245e-01
4.584563797177150235e-01
1.382880938497279555e-01
1.809905966033013014e-01
6.551766617547847282e-01
7.726541813417048266e-01
7.764612042816876336e-01
8.664831219375617177e-01
5.733912101244387216e-01
3.619008366482420747e-01
8.994360976335957769e-02
9.799188540833816408e-01
3.085230933917690321e-01
4.001282626851225821e-01
4.346181619424611675e-01
4.337374418473183280e-01
1.012653941077890085e-01
3.035761218456134447e-02
9.364239374467131505e-02
2.372211381332754443e-01
9.215822678758383013e-01
1.616220152363122553e-01
2.150143771885171251e-01
1.558726334837814143e-01
3.491297181778583170e-01
9.784096013368315248e-01
5.674680475385702749e-01
4.798185719507905844e-01
6.125098916543627592e-01
7.422556236813186992e-01
3.049556875062803263e-01
6.564446783619135584e-01
5.720506199004185000e-01
7.954043413571623145e-01
3.410510122614840989e-01
2.038581048195024503e-01
6.720304991759129543e-01
4.995013128443117623e-01
4.697899506953464588e-01
4.582100002629935220e-01
8.006128335403571716e-01
1.000000000000000000e+00
1.750245045357701201e-01
8.754556992331762322e-01
5.940703443294603758e-02
4.592611208539816303e-01
4.351568783847822308e-01
7.860892059426266565e-01
6.932418264006675601e-01
1.847976160532899259e-01
1.241795309235274036e-01
1.868330723970786922e-01
4.596959288769575380e-01
9.904923140610781829e-01
8.899828211916485099e-01
7.861449057532540197e-01
4.108324922856487760e-01
4.179571708501904626e-01
7.209358518219188827e-02
6.150348772348976922e-01
1.917186998318816671e-01
4.017810374362362769e-01
2.306231770003379644e-01
9.677128520155804381e-01
4.467698418427804574e-01
2.782705846592952170e-01
1.838391674951034283e-01
2.044246486759972448e-01
7.716096165199879398e-01
6.633921071826760496e-01
4.143344429973144782e-01
6.670641543917298355e-01
5.811991178771394040e-01
6.747331412410131346e-01
3.642103923419193201e-02
9.913425922297087745e-01
2.793267547900762926e-01
4.289587656659790138e-01
3.144096187983347335e-02
1.000000000000000222e+00
3.329280089262796061e-01
1.572234243972703283e-01
2.405453362634165648e-01
2.823850131259046936e-01
4.368134006514741152e-01
1.000000000000000000e+00
3.875074537262594432e-01
5.806809971248452218e-01
8.899115416886740348e-01
5.242362104425821734e-01
1.676750384850653752e-01
8.981417593502984964e-01
3.860976224350113339e-01
5.083407920643994160e-01
4.026604647684246530e-01
9.663230123101440583e-01
4.400369561827720544e-01
2.933311921725509919e-01
8.777254788218180614e-02
4.111751376925638635e-01
4.153253575526738572e-02
9.783697382504232820e-01
2.788649007132701918e-01
7.221360218821301080e-01
9.249696720974949216e-01
3.999203253014292914e-01
2.731255139383641506e-01
5.602156976373158237e-01
4.390196854925950687e-01
6.738412559328941231e-01
0.000000000000000000e+00
9.758696836061058200e-01
4.603507482922711835e-01
9.889501478092910247e-02
2.118896736422417604e-01
4.343557328385357907e-01
3.089898774295907202e-01
9.090520520322047382e-01
4.852841321932964691e-01
6.754418081536581742e-01
8.483123560284129283e-01
4.565372564744278883e-01
1.303385427465331148e-02
7.883072644764039794e-01
4.175856146884141529e-01
7.048035882742966773e-01
9.232977136725928347e-02
9.162971295634019242e-01
4.687294476608617755e-01
3.931899587216003411e-02
2.186627707730314230e-01
4.447815982851980321e-01
9.989115522179670137e-02
9.382273952610917789e-01
4.242161421173209490e-01
7.224927181029149326e-01
9.167038856659237567e-01
4.583089939131541612e-01
3.425609346408671207e-01
8.696013767479788825e-01
3.900184493801349683e-01
5.926505422381258548e-01
8.414751789704588703e-02
9.541372463724995256e-01
4.494194225296684886e-01
2.540907587446836757e-01
1.090219487438017776e-01
3.482508868739786489e-01
2.334830702171135641e-01
8.444500745005836251e-01
4.479968595412215926e-01
6.856771716893815816e-01
9.295278959533916918e-01
4.380929116108176480e-01
1.765934667109974043e-01
8.082768847107866250e-01
4.068463326615173736e-01
3.018253437052730859e-01
4.847053719283156425e-02
9.951029806151970858e-01
3.276449589039376886e-01
4.584563797177136912e-01
1.382880938497459411e-01
1.809905966033043545e-01
6.551766617547967186e-01
7.726541813417098226e-01
7.764612042816911863e-01
8.664831219375467297e-01
5.733912101244489357e-01
3.619008366482422412e-01
8.994360976337478775e-02
9.799188540833956296e-01
3.085230933917691987e-01
4.001282626851376811e-01
4.346181619424684950e-01
4.337374418473296522e-01
1.012653941077896746e-01
3.035761218456545230e-02
9.364239374469207622e-02
2.372211381332833269e-01
9.215822678758480713e-01
1.616220152363200824e-01
2.150143771885146826e-01
1.558726334837843563e-01
3.491297181778649783e-01
9.784096013368352995e-01
5.674680475385768252e-01
4.798185719507964686e-01
6.125098916543672001e-01
7.422556236812947184e-01
3.049556875062722217e-01
6.564446783619138914e-01
5.720506199004293801e-01
7.954043413571596499e-01
3.410510122614907047e-01
2.038581048195008960e-01
6.720304991759131763e-01
4.995013128442999939e-01
4.697899506953536197e-01
4.582100002629853619e-01
8.006128335403556173e-01
9.999999999999998890e-01
1.750245045357655682e-01
8.754556992331937737e-01
5.940703443294848007e-02
4.592611208539743028e-01
4.351568783847783450e-01
7.860892059426337619e-01
6.932418264006706687e-01
1.847976160532931456e-01
1.241795309235251832e-01
1.868330723970911267e-01
4.596959288769687513e-01
9.904923140610684129e-01
8.899828211916438470e-01
7.861449057532305940e-01
4.108324922856312345e-01
4.179571708501886862e-01
7.209358518218511591e-02
6.150348772348914750e-01
1.917186998318772262e-01
