2.823011844218075161e-01
4.890160444545843532e-02
9.686770405970559494e-01
3.168169318902852583e-01
4.524550322101947852e-01
1.698743027818667706e-01
1.750832223206302274e-01
6.342844674386622916e-01
7.648304078631295022e-01
7.318816568121004895e-01
8.912795593032352137e-01
6.546297479348128778e-01
3.630802496348649044e-01
8.464719786041674521e-02
9.361801996491989630e-01
3.162584821582607453e-01
3.454815482899107337e-01
4.918149629145927015e-01
4.628080588356926484e-01
1.218726006690262764e-01
6.744996480869835942e-02
6.023704362477344532e-02
2.373412759363258129e-01
8.813581327734869575e-01
1.632427535560236898e-01
2.282523089565448027e-01
1.836099820874641797e-01
3.302169079782588668e-01
9.747306326828646394e-01
5.803444652352542921e-01
4.217119616254936254e-01
6.374799995660718199e-01
6.832327803447624248e-01
2.960140376725246547e-01
6.942058432861337725e-01
5.511525234277079299e-01
7.939179403744058838e-01
3.369472239346093523e-01
2.185420581585456046e-01
6.765078529538568475e-01
5.498156076689313387e-01
4.902123736293804157e-01
4.543064993510715910e-01
7.815142399583295818e-01
9.985045334856593735e-01
2.143468089401564525e-01
8.913968679483351698e-01
2.183256873305294832e-02
4.748492143016866951e-01
4.062249200114010916e-01
7.976699770655643063e-01
6.909401511140319530e-01
1.917369746364124827e-01
1.065732740052627303e-01
2.136801549503288822e-01
4.600688672451613837e-01
9.365709730195486138e-01
8.857467878287572649e-01
7.609918560498801776e-01
4.177913755158773057e-01
4.193377006833699516e-01
6.058701724864634652e-02
6.329684248193547802e-01
1.939781658756898342e-01
2.301726072790611088e-01
2.137531954985982807e-02
8.728488637279572249e-01
3.077107671483417795e-01
4.351030427650828258e-01
5.757141100154934410e-01
2.490899445839683812e-01
6.465531700375697355e-01
6.738322356140826752e-01
7.604720722060400728e-01
8.963536359103826401e-01
5.026190528705956062e-01
3.231159316481457822e-01
8.520976891745792869e-01
4.446704781433918896e-01
7.626046904087924183e-01
4.897727492397971893e-01
4.172668225422551114e-01
2.995064615449015699e-01
2.087246303196551023e-01
1.863660845612963302e-01
2.221225917068326283e-01
9.670896023849601120e-01
6.488086841202893584e-01
1.854199041622606181e-01
2.588342641240186093e-01
8.403181174178868673e-01
4.086744705135281208e-01
3.624198683737200888e-01
6.986543845958678167e-01
4.422861187097295588e-01
6.878580324611758279e-01
6.060670909750842661e-01
1.954156606169186183e-01
7.474689043284936663e-01
4.355104206372508724e-01
3.757392168937370158e-01
2.260716585606887818e-01
9.878079855180219582e-01
4.406914711014316977e-01
3.060121420684476234e-01
1.781859921528290425e-01
2.143345717327463928e-01
7.555775965748747769e-01
6.533282520099699120e-01
4.216333352154840730e-01
6.790869481850899669e-01
5.901016436210988481e-01
6.747378352239155053e-01
5.346062676964624671e-02
9.568019333070121313e-01
2.815225487197149379e-01
2.823011844218075161e-01
4.890160444545843532e-02
9.686770405970559494e-01
3.168169318902852583e-01
4.524550322101947852e-01
1.698743027818667706e-01
1.750832223206302274e-01
6.342844674386622916e-01
7.648304078631295022e-01
7.318816568121004895e-01
8.912795593032352137e-01
6.546297479348128778e-01
3.630802496348649044e-01
8.464719786041674521e-02
9.361801996491989630e-01
3.162584821582607453e-01
3.454815482899107337e-01
4.918149629145927015e-01
4.628080588356926484e-01
1.218726006690262764e-01
6.744996480869835942e-02
6.023704362477344532e-02
2.373412759363258129e-01
8.813581327734869575e-01
1.632427535560236898e-01
2.282523089565448027e-01
1.836099820874641797e-01
3.302169079782588668e-01
9.747306326828646394e-01
5.803444652352542921e-01
4.217119616254936254e-01
6.374799995660718199e-01
6.832327803447624248e-01
2.960140376725246547e-01
6.942058432861337725e-01
5.511525234277079299e-01
7.939179403744058838e-01
3.369472239346093523e-01
2.185420581585456046e-01
6.765078529538568475e-01
5.498156076689313387e-01
4.902123736293804157e-01
4.543064993510715910e-01
7.815142399583295818e-01
9.985045334856593735e-01
2.143468089401564525e-01
8.913968679483351698e-01
2.183256873305294832e-02
4.748492143016866951e-01
4.062249200114010916e-01
7.976699770655643063e-01
6.909401511140319530e-01
1.917369746364124827e-01
1.065732740052627303e-01
2.136801549503288822e-01
4.600688672451613837e-01
9.365709730195486138e-01
8.857467878287572649e-01
7.609918560498801776e-01
4.177913755158773057e-01
4.193377006833699516e-01
6.058701724864634652e-02
6.329684248193547802e-01
1.939781658756898342e-01
3.757392168937370158e-01
2.260716585606887818e-01
9.878079855180219582e-01
4.406914711014316977e-01
3.060121420684476234e-01
1.781859921528290425e-01
2.143345717327463928e-01
7.555775965748747769e-01
6.533282520099699120e-01
4.216333352154840730e-01
6.790869481850899669e-01
5.901016436210988481e-01
6.747378352239155053e-01
5.346062676964624671e-02
9.568019333070121313e-01
2.815225487197149379e-01
4.152217238547672995e-01
2.061141896393570150e-02
9.786826613308672318e-01
3.402569587142829644e-01
1.435494165297139801e-01
2.591619235862371307e-01
2.836861816671365499e-01
4.380418565813872789e-01
9.971062176367002650e-01
4.008935007706490583e-01
6.060478868725716062e-01
8.447997255966122054e-01
5.205471747557699480e-01
1.310648715715299062e-01
9.279128775664315931e-01
3.881054809336547118e-01
4.970463124456101500e-01
3.592388803863579838e-01
9.685081698138229278e-01
4.346179613931885344e-01
2.757871134136289371e-01
8.323087585386368392e-02
4.248541871280702154e-01
6.531225605082457975e-02
9.989330012880022203e-01
3.053379190567186985e-01
7.163204271605482232e-01
9.010733891622813019e-01
3.842918436332910526e-01
2.746465183469091187e-01
5.989601275769951272e-01
4.373156177095519626e-01
6.610327996807221496e-01
6.826133689594726661e-02
9.502166172016837109e-01
4.436906004156048189e-01
4.148220601969976329e-02
2.099696709253947580e-01
4.465059642857774902e-01
3.663790737153314048e-01
8.976109172565043259e-01
4.800145836244359421e-01
6.954812058301429456e-01
8.829153419032538253e-01
4.658332335147310488e-01
1.393232240693320634e-02
7.792514391918428096e-01
4.055290737721130023e-01
6.979452790390909822e-01
9.528680187092231080e-02
9.299376078655745559e-01
4.479271897726234686e-01
3.304374663019782332e-02
2.144595685786788719e-01
4.385765551358661307e-01
1.590441631063868044e-01
9.116257224079911126e-01
4.340396935390148370e-01
7.237868928470226892e-01
9.774673328763672231e-01
4.533710257837166857e-01
3.541942010643417404e-01
9.282543425511970980e-01
3.724921679153186949e-01
5.591430314337118013e-01
1.048859256489009795e-01
9.712915538748365663e-01
4.482747465252127084e-01
2.677121671020401550e-01
1.201354740364706242e-01
3.485288313901300228e-01
2.283538429695259886e-01
8.650513861424613538e-01
4.640851672569055175e-01
6.994767917161034410e-01
8.270957477179763373e-01
4.360013161544205040e-01
1.151692520665577035e-01
7.960057466923551317e-01
4.206018624119144400e-01
2.823011844218074606e-01
4.890160444545332830e-02
9.686770405970549502e-01
3.168169318902860909e-01
4.524550322101776878e-01
1.698743027818898632e-01
1.750832223206336136e-01
6.342844674386507453e-01
7.648304078631291691e-01
7.318816568121195854e-01
8.912795593032304398e-01
6.546297479348281989e-01
3.630802496348581876e-01
8.464719786041374761e-02
9.361801996492045141e-01
3.162584821582595795e-01
3.454815482899078471e-01
4.918149629145782686e-01
4.628080588356902059e-01
1.218726006690213914e-01
6.744996480871812139e-02
6.023704362480408747e-02
2.373412759363229263e-01
8.813581327734745230e-01
1.632427535560370124e-01
2.282523089565428043e-01
1.836099820874768918e-01
3.302169079782544259e-01
9.747306326828775180e-01
5.803444652352404143e-01
4.217119616254975112e-01
6.374799995660793694e-01
6.832327803447730830e-01
2.960140376725166611e-01
6.942058432861447637e-01
5.511525234277059315e-01
7.939179403743972241e-01
3.369472239346107401e-01
2.185420581585477140e-01
6.765078529538488539e-01
5.498156076689466598e-01
4.902123736293826917e-01
4.543064993510593230e-01
7.815142399583449029e-01
9.985045334856698096e-01
2.143468089401674437e-01
8.913968679483296187e-01
2.183256873305516876e-02
4.748492143016835865e-01
4.062249200113978720e-01
7.976699770655814037e-01
6.909401511140275121e-01
1.917369746364097072e-01
1.065732740052955929e-01
2.136801549503385411e-01
4.600688672451714867e-01
9.365709730195375116e-01
8.857467878287494933e-01
7.609918560498647455e-01
4.177913755158828568e-01
4.193377006833725051e-01
6.058701724865334093e-02
6.329684248193474527e-01
1.939781658756860039e-01
