3.092013745456340112e-01
4.795453839325669598e-02
9.383024420249117536e-01
3.350103150591359213e-01
4.364907267785493872e-01
1.268335311738928439e-01
1.521995346861871878e-01
6.312434063031615583e-01
7.345371547864224526e-01
7.194459677266304976e-01
8.984837005372146024e-01
6.331596615087131674e-01
3.868820909295280219e-01
1.333010578923302658e-01
9.481502802645647154e-01
3.062043331476052566e-01
3.546870581563514868e-01
4.247436439576250944e-01
4.201972544979548640e-01
1.157288727668126516e-01
6.300659529982122198e-02
3.272143430997898061e-02
2.493934988895831761e-01
8.785275022208041129e-01
1.612606014963490764e-01
2.274522776995301920e-01
1.687398193505930399e-01
3.450902423450241674e-01
9.954102132400082237e-01
5.497045736728345400e-01
4.478791332310343432e-01
6.274507736819288084e-01
6.611729744455545621e-01
2.783964408364762999e-01
6.865552524751055152e-01
5.687857465594028383e-01
7.613538900936571707e-01
3.501872090676519389e-01
2.154969390382768246e-01
6.967519229710714690e-01
5.750669832659418557e-01
4.870840895863446374e-01
4.164364455340883175e-01
7.912936897149441817e-01
9.741899190949497855e-01
1.871318973981421774e-01
9.174741888472265350e-01
4.877463059057740580e-02
4.821329878497035981e-01
3.996979940525980934e-01
8.356287580488467315e-01
7.107923701017274665e-01
1.675071214965014876e-01
1.566797263096182391e-01
2.134390976599193079e-01
4.573234345717771543e-01
9.250269711028860087e-01
9.056568453370286154e-01
7.970781005495833904e-01
4.075402277483419766e-01
4.326666602625081071e-01
6.374321409342453837e-02
6.015875033031139463e-01
1.965826071508759987e-01
2.424933141932928138e-01
3.461946857675046729e-02
8.496330540576055856e-01
3.127660878229983066e-01
4.219986390558654321e-01
5.670554237684688470e-01
2.437336056985122124e-01
6.345087594262976971e-01
6.545589686278496799e-01
7.678854734788711500e-01
9.003483743815708928e-01
5.248415104687012001e-01
3.627513420400896305e-01
8.579866330989260881e-01
4.295394407201338360e-01
7.555155194441207644e-01
4.870283672976134515e-01
4.532700039658179580e-01
2.648010541924242789e-01
2.066826367581381385e-01
1.852693764967872081e-01
2.201929366735684845e-01
9.999999999999998890e-01
6.319921323557895487e-01
1.774522163038727562e-01
2.369931209212113310e-01
8.318962678884633810e-01
4.128280787594731382e-01
3.983033489523888360e-01
6.834839661731541005e-01
4.529074600907208037e-01
6.636123764295849270e-01
6.085803473629431970e-01
1.840608486561530199e-01
7.432524381882397169e-01
4.463479951935613865e-01
3.912882112982891680e-01
1.840451710166615129e-01
9.643663609637953549e-01
4.576535356012157996e-01
2.409202308526410263e-01
1.773411872838408510e-01
2.119237144790592220e-01
7.610265663700930272e-01
6.360982540786914718e-01
4.216068806902971700e-01
6.768635541198874117e-01
5.914399144958144561e-01
6.927814894217840802e-01
5.108509567409091900e-02
9.746729653397392390e-01
2.818682240878706002e-01
3.092013745456340112e-01
4.795453839325669598e-02
9.383024420249117536e-01
3.350103150591359213e-01
4.364907267785493872e-01
1.268335311738928439e-01
1.521995346861871878e-01
6.312434063031615583e-01
7.345371547864224526e-01
7.194459677266304976e-01
8.984837005372146024e-01
6.331596615087131674e-01
3.868820909295280219e-01
1.333010578923302658e-01
9.481502802645647154e-01
3.062043331476052566e-01
3.546870581563514868e-01
4.247436439576250944e-01
4.201972544979548640e-01
1.157288727668126516e-01
6.300659529982122198e-02
3.272143430997898061e-02
2.493934988895831761e-01
8.785275022208041129e-01
1.612606014963490764e-01
2.274522776995301920e-01
1.687398193505930399e-01
3.450902423450241674e-01
9.954102132400082237e-01
5.497045736728345400e-01
4.478791332310343432e-01
6.274507736819288084e-01
6.611729744455545621e-01
2.783964408364762999e-01
6.865552524751055152e-01
5.687857465594028383e-01
7.613538900936571707e-01
3.501872090676519389e-01
2.154969390382768246e-01
6.967519229710714690e-01
5.750669832659418557e-01
4.870840895863446374e-01
4.164364455340883175e-01
7.912936897149441817e-01
9.741899190949497855e-01
1.871318973981421774e-01
9.174741888472265350e-01
4.877463059057740580e-02
4.821329878497035981e-01
3.996979940525980934e-01
8.356287580488467315e-01
7.107923701017274665e-01
1.675071214965014876e-01
1.566797263096182391e-01
2.134390976599193079e-01
4.573234345717771543e-01
9.250269711028860087e-01
9.056568453370286154e-01
7.970781005495833904e-01
4.075402277483419766e-01
4.326666602625081071e-01
6.374321409342453837e-02
6.015875033031139463e-01
1.965826071508759987e-01
3.912882112982891680e-01
1.840451710166615129e-01
9.643663609637953549e-01
4.576535356012157996e-01
2.409202308526410263e-01
1.773411872838408510e-01
2.119237144790592220e-01
7.610265663700930272e-01
6.360982540786914718e-01
4.216068806902971700e-01
6.768635541198874117e-01
5.914399144958144561e-01
6.927814894217840802e-01
5.108509567409091900e-02
9.746729653397392390e-01
2.818682240878706002e-01
4.275288834784161107e-01
2.933732752856021975e-02
9.608831006855129697e-01
3.414729882127423011e-01
1.594365067416174675e-01
2.311067772043681190e-01
2.806865975489312159e-01
4.363343220041167037e-01
9.721113465462303260e-01
3.911507414212377909e-01
6.001029921046829863e-01
8.890206969131431158e-01
5.195384178743120973e-01
1.560824852305575661e-01
9.658987912579823920e-01
3.925836777339060113e-01
4.829104541767619274e-01
4.075510301663483048e-01
9.877790653070577243e-01
4.378928843519381831e-01
2.652070279409866060e-01
7.614147075165011991e-02
4.091578951389107655e-01
7.280003289122261023e-02
1.000000000000000000e+00
2.930670037606528666e-01
7.106548053550650890e-01
9.247985302058898682e-01
4.031200588563194076e-01
2.297925017549982130e-01
6.029461911647588934e-01
4.467192678245560655e-01
6.554867423190415820e-01
4.533326706161400210e-02
9.617663312967317246e-01
4.540130077077851878e-01
1.305306292843955163e-02
2.086661535230209807e-01
4.617599115136475918e-01
2.893755551161882877e-01
9.044143224330674080e-01
4.629158905423217396e-01
6.832866538286841429e-01
9.396888957830933364e-01
4.789428479993682597e-01
1.672381412358703301e-02
7.400219387573714336e-01
4.254096265067549565e-01
7.065009942311459845e-01
8.171506266041461686e-02
9.110676503785271052e-01
4.553789978381116432e-01
2.489268819214629502e-04
2.114445744271687966e-01
4.374902992937280688e-01
1.421047301678881603e-01
8.981218485011956965e-01
4.238277320916153945e-01
7.234235029710568421e-01
9.990483703042922770e-01
4.637939309963510226e-01
3.458431300575801615e-01
9.273277692013284224e-01
3.855706834707818276e-01
5.647452835395985193e-01
1.208818141687801884e-01
9.508470328277578432e-01
4.521654672521157048e-01
2.765357019281351469e-01
1.109303622538879708e-01
3.398201597015266806e-01
2.147656340880335080e-01
8.421757519386279256e-01
4.503169479336570635e-01
6.990457576578789078e-01
8.973100364942467877e-01
4.422132897048727251e-01
1.096568666970645367e-01
8.308428302153849643e-01
4.294934763490546592e-01
3.092013745456296259e-01
4.795453839324870238e-02
9.383024420248963215e-01
3.350103150591353107e-01
4.364907267785280709e-01
1.268335311738926219e-01
1.521995346861917953e-01
6.312434063031664433e-01
7.345371547864250061e-01
7.194459677266509257e-01
8.984837005372173779e-01
6.331596615087091706e-01
3.868820909295218602e-01
1.333010578923250478e-01
9.481502802645702666e-01
3.062043331476099750e-01
3.546870581563748015e-01
4.247436439576317557e-01
4.201972544979695190e-01
1.157288727668088768e-01
6.300659529982544083e-02
3.272143430998164515e-02
2.493934988895935012e-01
8.785275022207934548e-01
1.612606014963565149e-01
2.274522776995318574e-01
1.687398193506030875e-01
3.450902423450172840e-01
9.954102132399984537e-01
5.497045736728175536e-01
4.478791332310386730e-01
6.274507736819339154e-01
6.611729744455328017e-01
2.783964408364802967e-01
6.865552524751159513e-01
5.687857465594072792e-01
7.613538900936489551e-01
3.501872090676451110e-01
2.154969390382834860e-01
6.967519229710654738e-01
5.750669832659274228e-01
4.870840895863587927e-01
4.164364455340691662e-01
7.912936897149412951e-01
9.741899190949659948e-01
1.871318973981510592e-01
9.174741888472458529e-01
4.877463059058095851e-02
4.821329878497062627e-01
3.996979940526110830e-01
8.356287580488545030e-01
7.107923701017307971e-01
1.675071214965047073e-01
1.566797263096417758e-01
2.134390976599219725e-01
4.573234345717821503e-01
9.250269711028686892e-01
9.056568453370070770e-01
7.970781005495717331e-01
4.075402277483404223e-01
4.326666602625042213e-01
6.374321409342464939e-02
6.015875033031201635e-01
1.965826071508754991e-01
