3.372478143319496136e-01
5.086191550258269967e-01
1.010249510407064122e-01
2.549454359386835733e-01
3.169222656294286011e-01
5.293822733923421175e-01
9.062202721933197980e-01
2.900966350877467459e-01
2.014439142858539533e-01
5.392009674632034510e-01
3.894272833459216931e-01
2.365425498215616429e-01
3.121455608342614263e-01
2.170536908856949276e-01
5.462370707081753984e-02
1.925669109793333722e-01
5.049323896799617906e-02
5.599456792451187326e-01
6.233348609030404663e-01
1.140729013212964382e-01
5.056025090519543630e-01
9.561638449448606192e-01
8.400127613334840149e-01
5.387413019012159410e-01
7.225753012128479646e-01
7.097988792976288597e-01
8.325206531110144192e-01
9.212930654847114598e-01
3.526909319981914592e-01
5.777533000090104842e-01
4.023417738745314054e-01
3.697488895180425228e-01
5.458864845191513382e-02
4.667974029844190742e-01
4.278836003152571288e-01
6.135133470825704372e-02
4.950629603062119966e-01
8.433182391826501423e-01
6.900467854707025284e-01
3.917738178434306828e-01
3.296964550700201002e-01
8.025533387563605903e-01
7.307544543227377787e-01
5.444649291609545694e-01
6.252807431652073200e-01
4.727079577900696883e-01
5.619061982938932109e-01
3.114146054675699382e-01
3.197854644085762477e-01
4.200300300704747913e-01
3.715724582917669938e-01
2.992158834526387201e-01
1.461147363814466749e-01
6.019420775739510177e-01
7.036243905054230252e-01
3.475592017192772332e-01
1.157634263731479596e-01
5.109864407050113133e-01
3.204081574534115573e-01
2.437151161584232284e-01
3.447523194865651508e-01
3.134406224867228863e-01
1.938597401168600243e-01
3.126846425168590682e-01
3.241227382300330140e-01
4.010778268510801770e-01
2.185044441310113328e-01
2.157215576128467260e-01
2.802761121052972371e-01
5.454470395663788551e-01
9.281170135438934210e-01
2.650367936317792328e-01
2.859486039286818215e-01
4.919464087911173955e-01
4.242007225123657355e-01
3.078197796169274136e-01
1.401215208944477375e-01
2.807184768672676967e-02
2.256571943807239577e-02
5.674584835520695147e-01
5.588650282549569859e-01
2.508054151271716936e-01
8.424081151311835214e-01
8.359893039128510894e-01
7.119682341014165194e-01
6.994020626274004560e-01
3.698200304609301492e-01
4.876374758400622844e-01
1.058620094155573454e-01
4.681809178176265518e-01
5.041894009828624679e-01
8.159908134488188525e-01
4.356093673749523720e-01
5.282079338497119858e-01
3.296200186492161954e-01
1.732913613308815215e-01
2.084904059322272296e-01
8.302844920015211017e-01
7.982763683260893917e-01
2.227255885143624159e-01
1.868043268148389391e-01
6.588568570151247528e-01
2.537557305550786069e-01
2.105017800284600948e-01
2.359369166163505227e-01
8.652862923760575864e-01
7.825152428560351314e-01
3.658447307135272997e-01
1.780244960115351383e-01
6.998855425065250158e-01
7.627078662372123175e-01
5.420602476309626105e-01
3.575559408274953110e-01
4.118619215962924240e-01
1.879632609668537846e-01
3.012330079063746391e-01
3.372478143319496136e-01
5.086191550258269967e-01
1.010249510407064122e-01
2.549454359386835733e-01
3.169222656294286011e-01
5.293822733923421175e-01
9.062202721933197980e-01
2.900966350877467459e-01
2.014439142858539533e-01
5.392009674632034510e-01
3.894272833459216931e-01
2.365425498215616429e-01
3.121455608342614263e-01
2.170536908856949276e-01
5.462370707081753984e-02
1.925669109793333722e-01
5.049323896799617906e-02
5.599456792451187326e-01
6.233348609030404663e-01
1.140729013212964382e-01
5.056025090519543630e-01
9.561638449448606192e-01
8.400127613334840149e-01
5.387413019012159410e-01
7.225753012128479646e-01
7.097988792976288597e-01
8.325206531110144192e-01
9.212930654847114598e-01
3.526909319981914592e-01
5.777533000090104842e-01
4.023417738745314054e-01
3.697488895180425228e-01
5.458864845191513382e-02
4.667974029844190742e-01
4.278836003152571288e-01
6.135133470825704372e-02
4.950629603062119966e-01
8.433182391826501423e-01
6.900467854707025284e-01
3.917738178434306828e-01
3.296964550700201002e-01
8.025533387563605903e-01
7.307544543227377787e-01
5.444649291609545694e-01
6.252807431652073200e-01
4.727079577900696883e-01
5.619061982938932109e-01
3.114146054675699382e-01
3.197854644085762477e-01
4.200300300704747913e-01
3.715724582917669938e-01
2.992158834526387201e-01
1.461147363814466749e-01
6.019420775739510177e-01
7.036243905054230252e-01
3.475592017192772332e-01
1.157634263731479596e-01
5.109864407050113133e-01
3.204081574534115573e-01
2.437151161584232284e-01
3.447523194865651508e-01
3.134406224867228863e-01
1.938597401168600243e-01
3.126846425168590682e-01
1.868043268148389391e-01
6.588568570151247528e-01
2.537557305550786069e-01
2.105017800284600948e-01
2.359369166163505227e-01
8.652862923760575864e-01
7.825152428560351314e-01
3.658447307135272997e-01
1.780244960115351383e-01
6.998855425065250158e-01
7.627078662372123175e-01
5.420602476309626105e-01
3.575559408274953110e-01
4.118619215962924240e-01
1.879632609668537846e-01
3.012330079063746391e-01
2.132601182807165596e-01
5.784540093940306882e-01
3.417133494151134432e-01
1.188572210721723366e-01
3.536069491390447794e-01
8.303322681878942957e-01
8.778241298043856222e-01
5.464095341191628208e-01
3.602984539639297878e-01
7.874277474400512844e-01
7.779634527145522505e-01
4.185617381328046172e-01
2.608506072631928685e-01
3.283766996365646840e-01
2.857360806826387822e-01
3.144750681926830049e-01
1.905062036726232755e-01
8.165417728922239604e-01
5.678598215779220304e-01
1.546542630611263958e-01
6.167545025458354147e-01
8.476523307456867995e-01
6.906571768259111010e-01
5.247369951305249636e-01
6.710569019401906310e-01
5.915931388826498605e-01
8.356036609484497335e-01
5.549582382980169371e-01
1.166956831905466840e-01
8.105843184623893194e-01
3.815507815760526000e-01
2.627435887157253402e-01
2.283024130679933705e-01
6.778607016681661435e-01
6.824469758737388148e-01
1.358834752081296005e-01
8.030443031847873669e-01
6.873524387635274735e-01
8.075495181339645834e-01
8.162826452653937359e-01
6.319316990985179849e-01
8.584762029348812495e-01
6.804894834509482848e-01
6.982292719466798303e-01
1.403107238884162555e-01
6.753604935550621136e-01
5.170686001514503971e-01
2.087322779703092435e-01
1.990178485840154998e-01
8.510199786628982466e-01
6.573961637595426843e-01
1.843619632094258831e-01
7.813984179496595850e-01
7.715583531732598255e-01
8.073234791875151251e-01
5.140258218607440810e-01
5.919264261840386787e-01
7.309893047066913230e-01
7.686396796238122997e-01
5.407196232285267357e-01
1.432206697659563766e-01
7.402567938751261067e-01
6.490190126882673383e-01
2.237632514776990433e-01
1.559383028247003367e-01
8.147590103777977433e-01
6.825289495590443067e-01
1.652521611498053433e-01
7.679811031678784872e-01
8.503606512088535130e-01
5.166687973369384901e-01
8.117249942545354813e-01
5.740461682317716807e-01
6.461115447992991090e-01
7.758863589399201954e-01
7.135364631859220097e-01
1.363761201772832887e-01
7.633303251214780261e-01
6.328683713661353849e-01
1.598904989867219184e-01
3.372478143319462274e-01
5.086191550258218896e-01
1.010249510407089657e-01
2.549454359386798541e-01
3.169222656294279350e-01
5.293822733923549961e-01
9.062202721933374505e-01
2.900966350877436373e-01
2.014439142858615028e-01
5.392009674632196603e-01
3.894272833459220262e-01
2.365425498215878441e-01
3.121455608342577071e-01
2.170536908857134684e-01
5.462370707081709575e-02
1.925669109793342049e-01
5.049323896799884359e-02
5.599456792451107390e-01
6.233348609030533449e-01
1.140729013212904430e-01
5.056025090519695731e-01
9.561638449448668364e-01
8.400127613334911203e-01
5.387413019012103899e-01
7.225753012128415254e-01
7.097988792976326344e-01
8.325206531110127539e-01
9.212930654847173439e-01
3.526909319981899049e-01
5.777533000090139259e-01
4.023417738745419525e-01
3.697488895180378599e-01
5.458864845189292936e-02
4.667974029844064177e-01
4.278836003152513001e-01
6.135133470826614754e-02
4.950629603062186579e-01
8.433182391826526958e-01
6.900467854707060811e-01
3.917738178434215790e-01
3.296964550700256513e-01
8.025533387563617005e-01
7.307544543227155742e-01
5.444649291609479080e-01
6.252807431652144254e-01
4.727079577900679119e-01
5.619061982938885480e-01
3.114146054675828168e-01
3.197854644085758036e-01
4.200300300704760126e-01
3.715724582917723229e-01
2.992158834526340572e-01
1.461147363814507827e-01
6.019420775739612317e-01
7.036243905054226921e-01
3.475592017192826733e-01
1.157634263731397439e-01
5.109864407049919954e-01
3.204081574534018984e-01
2.437151161584270032e-01
3.447523194865682594e-01
3.134406224867137825e-01
1.938597401168642431e-01
3.126846425168560151e-01
