2.984043240126520447e-01
1.436787272041786245e-01
1.390684244803412906e-01
2.552532743664487347e-01
4.547891895035816034e-02
5.451712002396291723e-01
9.206896044994236084e-01
4.734498210396842488e-02
5.075674847557110070e-02
6.803140859820955288e-01
3.422166033965671206e-01
3.984496224467837244e-02
1.890089712507350139e-01
3.603459674107366562e-01
1.406936593304197736e-01
1.768154627287273351e-01
1.522027189556214299e-01
8.630930940157501841e-01
6.912018445931578103e-01
1.046492929408295858e-01
7.202759300131976739e-01
7.249583832995254440e-01
9.641708634035921488e-01
2.947218154571080717e-01
8.859812907864821341e-01
8.660079275898668882e-01
9.329595261038619025e-01
1.000000000000000000e+00
1.167275472772079103e-01
1.665681394650961322e-01
4.176047037957357766e-01
3.223767349015096428e-01
6.352778414012938413e-02
5.444445728810431984e-01
3.049393739832550465e-01
2.436530351757171253e-01
9.904791924612792453e-01
9.382765929320309173e-01
8.784534903144252116e-01
3.783333336606857777e-01
4.291844831655871051e-01
9.031105262247864918e-01
8.746571527140432067e-01
6.614498707828794233e-01
2.062740258275542748e-01
6.581382409745833995e-01
7.409724647991372537e-01
1.902990960042436619e-01
5.190817183280049818e-02
9.412196461654709356e-02
6.608753444867532245e-02
1.607987563003970832e-01
8.529429240721719818e-02
7.980071368169878721e-01
8.307232631738189488e-01
1.083948247678322430e-01
1.492838923502013415e-01
1.000000000000000222e+00
5.290224697391469055e-01
4.079240907680281580e-02
1.369393390247315434e-01
2.825208184143753742e-01
3.724477628271156693e-01
2.803576988763319955e-01
2.890027206089267331e-01
1.550541034565484644e-01
2.194066946022097397e-01
2.084254444661779448e-01
4.313293824273567445e-02
6.282402377149787220e-01
9.734730242067151096e-01
4.386026026104161701e-02
8.202589360249434858e-02
5.463909743934434182e-01
3.037190824691730073e-01
1.777967324765825641e-01
3.273624210819585656e-01
9.988741393078992559e-02
1.851717382386854904e-01
7.977926945746924847e-01
6.054713705716299188e-01
6.299319034659280891e-01
8.344112018849727530e-01
9.478004574894102197e-01
8.573058298480361605e-01
8.720458220524359705e-01
6.432891211482349991e-02
2.497699999169361029e-01
8.225385588518863145e-02
5.929918091014132475e-01
1.000000000000000000e+00
9.165215928133233492e-01
5.764280265905241674e-01
1.499166215535477908e-01
9.215750118671983682e-02
1.491063628816156061e-01
5.480075817345797518e-02
9.231645148890330610e-01
9.604957769902495723e-01
1.092584957272266788e-01
9.259850108032896543e-02
4.286184482899102477e-01
1.255286755355649042e-01
2.022301807604446333e-01
5.131738860468439967e-01
9.033659511762868188e-01
9.137820286170037498e-01
9.154872873012909196e-02
2.317806346144468677e-01
9.217610005022750519e-01
9.024985163275577316e-01
5.048070469677337080e-01
2.291054873598130648e-02
3.825484739369031661e-01
4.046776476899691666e-01
2.541931425171669590e-01
2.984043240126520447e-01
1.436787272041786245e-01
1.390684244803412906e-01
2.552532743664487347e-01
4.547891895035816034e-02
5.451712002396291723e-01
9.206896044994236084e-01
4.734498210396842488e-02
5.075674847557110070e-02
6.803140859820955288e-01
3.422166033965671206e-01
3.984496224467837244e-02
1.890089712507350139e-01
3.603459674107366562e-01
1.406936593304197736e-01
1.768154627287273351e-01
1.522027189556214299e-01
8.630930940157501841e-01
6.912018445931578103e-01
1.046492929408295858e-01
7.202759300131976739e-01
7.249583832995254440e-01
9.641708634035921488e-01
2.947218154571080717e-01
8.859812907864821341e-01
8.660079275898668882e-01
9.329595261038619025e-01
1.000000000000000000e+00
1.167275472772079103e-01
1.665681394650961322e-01
4.176047037957357766e-01
3.223767349015096428e-01
6.352778414012938413e-02
5.444445728810431984e-01
3.049393739832550465e-01
2.436530351757171253e-01
9.904791924612792453e-01
9.382765929320309173e-01
8.784534903144252116e-01
3.783333336606857777e-01
4.291844831655871051e-01
9.031105262247864918e-01
8.746571527140432067e-01
6.614498707828794233e-01
2.062740258275542748e-01
6.581382409745833995e-01
7.409724647991372537e-01
1.902990960042436619e-01
5.190817183280049818e-02
9.412196461654709356e-02
6.608753444867532245e-02
1.607987563003970832e-01
8.529429240721719818e-02
7.980071368169878721e-01
8.307232631738189488e-01
1.083948247678322430e-01
1.492838923502013415e-01
1.000000000000000222e+00
5.290224697391469055e-01
4.079240907680281580e-02
1.369393390247315434e-01
2.825208184143753742e-01
3.724477628271156693e-01
2.803576988763319955e-01
9.259850108032896543e-02
4.286184482899102477e-01
1.255286755355649042e-01
2.022301807604446333e-01
5.131738860468439967e-01
9.033659511762868188e-01
9.137820286170037498e-01
9.154872873012909196e-02
2.317806346144468677e-01
9.217610005022750519e-01
9.024985163275577316e-01
5.048070469677337080e-01
2.291054873598130648e-02
3.825484739369031661e-01
4.046776476899691666e-01
2.541931425171669590e-01
3.277738222362724940e-02
4.896589880789199434e-01
3.786342062871836944e-01
3.796168706395164349e-02
5.581769727882655019e-01
8.463083956166651545e-01
9.982311789768882893e-01
4.507740717487807025e-01
4.413039870911221740e-01
9.245752683041257303e-01
9.338639364259389009e-01
5.225340586308795388e-01
8.500879062913657691e-02
3.963415053017511624e-01
6.093098035652828592e-01
1.798614726293551458e-01
4.250423800854630230e-02
6.997326086622779329e-01
6.413109123788620636e-01
3.081181625499695986e-02
3.766643411645915762e-01
9.194895871618192773e-01
9.159390113000349665e-01
3.843622418098244786e-01
6.682540251748561033e-01
8.272040565923253208e-01
9.621818080583198762e-01
7.402260082812182063e-01
5.613728635909298603e-02
4.998130269287575089e-01
4.258827981255723927e-01
1.671549369489990777e-01
4.682261733274994953e-02
7.556940647594592164e-01
6.218252048724566272e-01
5.069582729854948955e-02
5.734490223350077187e-01
9.362974210643313366e-01
9.084007712037859283e-01
5.898942087676064538e-01
7.889823231619370603e-01
7.669453769341062488e-01
9.728600619914766767e-01
1.000000000000000000e+00
5.001552077613224956e-02
6.998459908034933008e-01
5.187009436955549724e-01
7.450519361862062429e-02
4.159076029846131561e-02
6.092381941688955749e-01
9.368896491207672206e-01
2.267805962291757904e-02
6.538641662392232767e-01
9.315266008056263258e-01
7.810888468067204160e-01
7.618189287206456051e-01
5.761703954637584779e-01
8.753520534107370743e-01
9.999999999999998890e-01
5.392922020742334510e-01
7.316483393266171031e-02
5.546528593236361715e-01
7.703051226928510076e-01
9.353523910542749231e-02
6.086781601642266004e-02
5.172044531025772329e-01
7.372630981161254482e-01
3.803519955704048883e-02
4.204586811624277942e-01
9.708992916665486472e-01
6.918458847406699919e-01
6.190610227902633156e-01
5.809284110357424424e-01
8.235365660359863504e-01
9.230919600317816220e-01
9.154555182909582811e-01
4.913240020313613954e-02
5.656774828424246948e-01
5.745235793620899756e-01
7.889316259247858287e-02
2.984043240126543206e-01
1.436787272041610830e-01
1.390684244803391811e-01
2.552532743664500670e-01
4.547891895035682808e-02
5.451712002396398304e-01
9.206896044994263839e-01
4.734498210394555429e-02
5.075674847557876124e-02
6.803140859820893116e-01
3.422166033965694520e-01
3.984496224469635806e-02
1.890089712507319608e-01
3.603459674107287736e-01
1.406936593304211058e-01
1.768154627287259473e-01
1.522027189556149906e-01
8.630930940157490738e-01
6.912018445931606969e-01
1.046492929408187056e-01
7.202759300132020037e-01
7.249583832995416532e-01
9.641708634035971448e-01
2.947218154571109583e-01
8.859812907864776932e-01
8.660079275898678874e-01
9.329595261038705623e-01
1.000000000000000000e+00
1.167275472772210110e-01
1.665681394650880831e-01
4.176047037957454355e-01
3.223767349015167483e-01
6.352778414009874197e-02
5.444445728810459739e-01
3.049393739832542138e-01
2.436530351757206780e-01
9.904791924612768028e-01
9.382765929320343590e-01
8.784534903144242124e-01
3.783333336606824471e-01
4.291844831655877712e-01
9.031105262247933751e-01
8.746571527140194480e-01
6.614498707828843083e-01
2.062740258275651550e-01
6.581382409745921702e-01
7.409724647991343671e-01
1.902990960042580948e-01
5.190817183279539115e-02
9.412196461654265267e-02
6.608753444869308602e-02
1.607987563003939746e-01
8.529429240722308236e-02
7.980071368170034152e-01
8.307232631738123985e-01
1.083948247678326871e-01
1.492838923502033399e-01
1.000000000000000000e+00
5.290224697391416875e-01
4.079240907679992922e-02
1.369393390247314324e-01
2.825208184143680468e-01
3.724477628271074536e-01
2.803576988763339384e-01
