6.004616388270891392e-01
2.599433253605267780e-01
5.054421608049304293e-01
5.337738165776257926e-01
4.238792609179755644e-01
9.680322625344017773e-02
3.330152487433246655e-01
3.942689772984990793e-01
5.559264548096957137e-01
9.982855739402409778e-01
4.588716564834240952e-01
5.243658388576000196e-01
4.325683397125183460e-01
4.465343775738551679e-01
5.398270138669778451e-01
5.098722702153208886e-01
7.671343550598581640e-01
3.043688348134587773e-01
7.000491038929337329e-01
2.640270355392604351e-01
4.809624773742658954e-01
2.500073780758595987e-01
2.514531025519475826e-01
3.306417793770586311e-01
4.552845066288355724e-01
3.911945944271132958e-01
2.545846295876283971e-01
2.825057311013907668e-01
4.240783042231697220e-01
5.045970613096366630e-01
3.428632014837094122e-01
3.662197058600553667e-01
3.911161345553662017e-01
2.612908035743147783e-01
6.983465408733113833e-01
7.539600372965447050e-01
7.723678744010369357e-01
3.510602854601383993e-01
3.710992012052313216e-01
4.708328831591099828e-01
4.325492227194409622e-01
4.695009811900640040e-01
3.953656731134542746e-01
4.302362130333415857e-01
3.388615837861718161e-01
9.622869380011833673e-02
3.668044776611810720e-01
5.356889189719493682e-01
4.487808835847695299e-01
2.952506473739205939e-01
4.757488651208864328e-01
4.472290624323681518e-01
4.439473048112373421e-01
2.262354581219221394e-01
4.067615473782851820e-01
2.465912423000387044e-01
8.610801676765076351e-01
4.157421855757570395e-01
6.084981856975887338e-01
1.924455447283472953e-01
5.285403832480130015e-01
2.255529782021944429e-01
8.692233362479819814e-01
3.701564645141871002e-01
4.640835373556270183e-01
3.896995908845717338e-01
4.631740119879932394e-01
5.165209562635347806e-01
3.080277961986090940e-01
3.180935248830665252e-01
3.122245246944346242e-01
4.592029971258035914e-01
4.477065100602390935e-01
7.477389887618068887e-01
3.977679535232790942e-01
4.403092146377933780e-01
6.566761222928048092e-01
6.051377678348197620e-01
8.023024328074681577e-01
3.437950896342660823e-01
5.546314360434494439e-01
5.459389497886435461e-01
3.423874049903921080e-01
2.526294024557205198e-01
4.286625824697822829e-01
3.801093762102389362e-01
4.686921757322252136e-01
6.210975551977528930e-01
1.914311102333523529e-01
1.876758513404100381e-01
6.104059012665257189e-01
4.031075561655990125e-01
3.416829803097576335e-01
3.232804844464299832e-01
4.893750734381372425e-01
8.254187822128509211e-01
6.863568853852135554e-01
2.848702245407022104e-01
6.132239899913065617e-01
4.417986962975295473e-01
5.783325752495560579e-01
1.867388295510177265e-01
6.977915239778180734e-01
5.474575424717377237e-01
8.150012045334236177e-01
2.379820429091410450e-01
3.442391920055219434e-01
3.308976627651809554e-01
6.200812487295577213e-01
4.601052912583695198e-01
5.140795947099779939e-01
2.778603218148925080e-01
4.587195732625743982e-01
2.349886864264381092e-01
5.979008007242492262e-01
4.683247507694432432e-01
6.004616388270891392e-01
2.599433253605267780e-01
5.054421608049304293e-01
5.337738165776257926e-01
4.238792609179755644e-01
9.680322625344017773e-02
3.330152487433246655e-01
3.942689772984990793e-01
5.559264548096957137e-01
9.982855739402409778e-01
4.588716564834240952e-01
5.243658388576000196e-01
4.325683397125183460e-01
4.465343775738551679e-01
5.398270138669778451e-01
5.098722702153208886e-01
7.671343550598581640e-01
3.043688348134587773e-01
7.000491038929337329e-01
2.640270355392604351e-01
4.809624773742658954e-01
2.500073780758595987e-01
2.514531025519475826e-01
3.306417793770586311e-01
4.552845066288355724e-01
3.911945944271132958e-01
2.545846295876283971e-01
2.825057311013907668e-01
4.240783042231697220e-01
5.045970613096366630e-01
3.428632014837094122e-01
3.662197058600553667e-01
3.911161345553662017e-01
2.612908035743147783e-01
6.983465408733113833e-01
7.539600372965447050e-01
7.723678744010369357e-01
3.510602854601383993e-01
3.710992012052313216e-01
4.708328831591099828e-01
4.325492227194409622e-01
4.695009811900640040e-01
3.953656731134542746e-01
4.302362130333415857e-01
3.388615837861718161e-01
9.622869380011833673e-02
3.668044776611810720e-01
5.356889189719493682e-01
4.487808835847695299e-01
2.952506473739205939e-01
4.757488651208864328e-01
4.472290624323681518e-01
4.439473048112373421e-01
2.262354581219221394e-01
4.067615473782851820e-01
2.465912423000387044e-01
8.610801676765076351e-01
4.157421855757570395e-01
6.084981856975887338e-01
1.924455447283472953e-01
5.285403832480130015e-01
2.255529782021944429e-01
8.692233362479819814e-01
3.701564645141871002e-01
5.783325752495560579e-01
1.867388295510177265e-01
6.977915239778180734e-01
5.474575424717377237e-01
8.150012045334236177e-01
2.379820429091410450e-01
3.442391920055219434e-01
3.308976627651809554e-01
6.200812487295577213e-01
4.601052912583695198e-01
5.140795947099779939e-01
2.778603218148925080e-01
4.587195732625743982e-01
2.349886864264381092e-01
5.979008007242492262e-01
4.683247507694432432e-01
5.454453786758923783e-01
5.807406102882706200e-01
4.956863794179804383e-01
4.933733880444510778e-01
5.979282714977558477e-01
3.671740163046458560e-01
3.506547062132472359e-01
1.050253742403706170e-02
5.211985762630195751e-01
3.566295178183415682e-01
5.439981744122714957e-01
8.753776084097912857e-01
6.019331661957065815e-01
0.000000000000000000e+00
9.734449641055165081e-01
3.597153674168118709e-01
6.166769106516463150e-01
6.485551011357619799e-01
8.847114826087034700e-01
4.431264840488714496e-01
4.746384628334210376e-01
2.065399539261348894e-01
3.808440973243008010e-01
2.121822456657449507e-01
8.747593443727241791e-01
2.335497815103066976e-01
5.617017866268837478e-01
8.053735200716607423e-01
4.174464803022627235e-01
5.236238799639849617e-01
3.914796798943718237e-01
4.256848944771544074e-01
8.152208501615736402e-01
4.604987364081232215e-01
6.675013315117657164e-01
4.412253295543434595e-01
6.347072744731088179e-01
3.028574073955645485e-01
3.822731695376709871e-01
2.603551263797756476e-01
6.992399661061123872e-01
4.165641082665650918e-01
5.557442333589477368e-01
7.884097518064132615e-01
3.945529862050061176e-01
1.006153906749025495e-01
7.623370653911587524e-01
4.661405183223114035e-01
6.909787561927869248e-01
7.106521781969226126e-01
7.825703954757918801e-01
4.945080668076148322e-01
5.076660319045092074e-01
2.905680353824925399e-01
3.318769658553964996e-01
2.336954552603476287e-01
7.294009581158729105e-01
4.000426833042981523e-01
6.033543785487315292e-01
6.566085974959499083e-01
5.185919804309240266e-01
2.227767679543370960e-01
7.765672694909744322e-01
3.927678805856670285e-01
7.232709773555552335e-01
5.435125796633206718e-01
8.427636644338667438e-01
4.061799086537901671e-01
3.825078951083229484e-01
2.833928754617824897e-01
3.048344686613713161e-01
3.839408877436594203e-01
7.890851517573258533e-01
3.024573300283905919e-01
5.683424685803671883e-01
9.270033776438388884e-01
4.201792100780286088e-01
4.541648519603977974e-01
5.577761213185619127e-01
4.192258686983391103e-01
6.004616388270920257e-01
2.599433253605207828e-01
5.054421608049247672e-01
5.337738165776242383e-01
4.238792609179691251e-01
9.680322625346282628e-02
3.330152487433369335e-01
3.942689772984833141e-01
5.559264548096964909e-01
9.982855739402471951e-01
4.588716564834275369e-01
5.243658388576057927e-01
4.325683397125166252e-01
4.465343775738539467e-01
5.398270138669871709e-01
5.098722702153287711e-01
7.671343550598754835e-01
3.043688348134443444e-01
7.000491038929383958e-01
2.640270355392455581e-01
4.809624773742715576e-01
2.500073780758732545e-01
2.514531025519521346e-01
3.306417793770521918e-01
4.552845066288287446e-01
3.911945944271106312e-01
2.545846295876366128e-01
2.825057311013994266e-01
4.240783042231712763e-01
5.045970613096314450e-01
3.428632014837073028e-01
3.662197058600442645e-01
3.911161345553635371e-01
2.612908035743117807e-01
6.983465408733114943e-01
7.539600372965469255e-01
7.723678744010398223e-01
3.510602854601500011e-01
3.710992012052339306e-01
4.708328831591059860e-01
4.325492227194358552e-01
4.695009811900635044e-01
3.953656731134559954e-01
4.302362130333475809e-01
3.388615837861700397e-01
9.622869380011955798e-02
3.668044776611876223e-01
5.356889189719464817e-01
4.487808835847650890e-01
2.952506473739089365e-01
4.757488651208908736e-01
4.472290624323681518e-01
4.439473048112294595e-01
2.262354581219250260e-01
4.067615473782932867e-01
2.465912423000435894e-01
8.610801676764907597e-01
4.157421855757583717e-01
6.084981856975721914e-01
1.924455447283441867e-01
5.285403832480183306e-01
2.255529782021900020e-01
8.692233362479711012e-01
3.701564645141869336e-01
