6.035281611594776052e-01
2.499813861838904305e-01
5.105618910387235143e-01
5.391909423126240997e-01
4.186872015204907704e-01
1.035615650686514400e-01
3.234676882196931835e-01
4.091716418203206196e-01
5.503803862451400741e-01
9.889090230342720833e-01
4.534456130530162277e-01
5.424261795928384533e-01
4.381028949772645675e-01
4.306005291588305139e-01
5.579912392386066067e-01
5.069377076039127683e-01
7.662600947624882419e-01
3.318155442442418668e-01
6.813440031140869380e-01
2.405437803139671704e-01
4.898887842915348179e-01
2.267015819484911043e-01
2.442233443431676698e-01
3.627379228823348623e-01
4.576200624427850805e-01
3.804415738465374286e-01
2.506944537035125098e-01
2.759589505548074584e-01
4.380977978113358429e-01
4.950978438249915015e-01
3.284640299804046926e-01
3.692104923755963330e-01
4.150684491078067140e-01
2.650469653450274743e-01
6.816576423744553637e-01
7.423618176760680143e-01
7.433877582357526492e-01
3.460254168458413715e-01
3.747293703077965721e-01
4.522139075637923167e-01
4.402558426992848606e-01
4.601999304521378065e-01
3.862316031679677852e-01
4.348978065436629459e-01
3.489621920860505044e-01
8.192112885255664612e-02
4.001426798276213059e-01
5.485616037179952276e-01
4.457011387191822660e-01
2.835456968899477959e-01
5.053153168616236757e-01
4.649488297631670930e-01
4.449011092820122082e-01
2.579035258013901988e-01
3.900161071659691281e-01
2.252133144701570222e-01
8.480655522909086308e-01
4.240998339858741417e-01
6.160934550461684145e-01
2.271546237635400090e-01
5.289792574323980423e-01
2.349440539754586998e-01
8.660994766883045592e-01
3.776147858604362306e-01
4.698323871188637701e-01
3.912242090284345775e-01
4.676983975786759284e-01
5.180541825469688888e-01
3.228095133428636743e-01
3.235452753841114859e-01
3.039155917149590769e-01
4.757014108113057915e-01
4.341755767186743498e-01
7.316200685025127104e-01
4.055209509201059825e-01
4.510011560562148247e-01
6.405462024592665227e-01
6.020654664575144643e-01
7.999073021394953464e-01
3.760860606728366751e-01
5.342257548076709828e-01
5.605322226819364761e-01
3.270724704632300694e-01
2.471444042083516535e-01
4.212315246242090971e-01
3.765675980784589094e-01
4.931062558165067999e-01
6.072752221571817710e-01
2.116878114713971470e-01
1.835652191483126416e-01
5.985645992324499787e-01
3.954942393615973328e-01
3.594154323654190630e-01
3.216888520028077236e-01
4.881788790979815218e-01
8.184692443141199369e-01
6.887941507335586522e-01
2.749789121532106861e-01
6.109067881469265604e-01
4.496568286085855792e-01
5.826997788524999056e-01
1.867445862969856485e-01
6.950835464029525568e-01
5.487777480715204659e-01
7.955977233676181370e-01
2.380115323177982578e-01
3.385301229461699646e-01
3.262766319620331590e-01
6.148185361869247245e-01
4.510608007043851453e-01
5.107929047189659899e-01
2.947394092437842783e-01
4.680621988587672089e-01
2.212242726189190822e-01
6.127892849347418291e-01
4.735342515295188903e-01
6.035281611594776052e-01
2.499813861838904305e-01
5.105618910387235143e-01
5.391909423126240997e-01
4.186872015204907704e-01
1.035615650686514400e-01
3.234676882196931835e-01
4.091716418203206196e-01
5.503803862451400741e-01
9.889090230342720833e-01
4.534456130530162277e-01
5.424261795928384533e-01
4.381028949772645675e-01
4.306005291588305139e-01
5.579912392386066067e-01
5.069377076039127683e-01
7.662600947624882419e-01
3.318155442442418668e-01
6.813440031140869380e-01
2.405437803139671704e-01
4.898887842915348179e-01
2.267015819484911043e-01
2.442233443431676698e-01
3.627379228823348623e-01
4.576200624427850805e-01
3.804415738465374286e-01
2.506944537035125098e-01
2.759589505548074584e-01
4.380977978113358429e-01
4.950978438249915015e-01
3.284640299804046926e-01
3.692104923755963330e-01
4.150684491078067140e-01
2.650469653450274743e-01
6.816576423744553637e-01
7.423618176760680143e-01
7.433877582357526492e-01
3.460254168458413715e-01
3.747293703077965721e-01
4.522139075637923167e-01
4.402558426992848606e-01
4.601999304521378065e-01
3.862316031679677852e-01
4.348978065436629459e-01
3.489621920860505044e-01
8.192112885255664612e-02
4.001426798276213059e-01
5.485616037179952276e-01
4.457011387191822660e-01
2.835456968899477959e-01
5.053153168616236757e-01
4.649488297631670930e-01
4.449011092820122082e-01
2.579035258013901988e-01
3.900161071659691281e-01
2.252133144701570222e-01
8.480655522909086308e-01
4.240998339858741417e-01
6.160934550461684145e-01
2.271546237635400090e-01
5.289792574323980423e-01
2.349440539754586998e-01
8.660994766883045592e-01
3.776147858604362306e-01
5.826997788524999056e-01
1.867445862969856485e-01
6.950835464029525568e-01
5.487777480715204659e-01
7.955977233676181370e-01
2.380115323177982578e-01
3.385301229461699646e-01
3.262766319620331590e-01
6.148185361869247245e-01
4.510608007043851453e-01
5.107929047189659899e-01
2.947394092437842783e-01
4.680621988587672089e-01
2.212242726189190822e-01
6.127892849347418291e-01
4.735342515295188903e-01
5.467657061008270869e-01
5.586961495414812795e-01
4.983831330748895727e-01
5.004272684275177241e-01
6.153274154540580021e-01
3.565895252299023932e-01
3.370856963287716113e-01
5.381729000914159400e-03
5.240024359292392298e-01
3.492918387173568617e-01
5.476149462663746359e-01
8.697830061176756722e-01
5.986551746637884808e-01
1.477862254626671756e-02
9.810555423271707376e-01
3.700542366326802224e-01
6.114165577368695370e-01
6.422104580375336269e-01
9.051164757904466285e-01
4.453374581684846900e-01
4.711357618120466384e-01
2.009433557727159370e-01
3.766151765312932831e-01
1.862907966932030313e-01
8.804851770889747797e-01
2.301084061469511610e-01
5.547972954914884847e-01
8.142223726512076709e-01
4.241852971137344275e-01
4.897538699357744107e-01
3.835277654209670040e-01
4.416009170563978126e-01
8.114815191238455849e-01
4.948853513714102093e-01
6.681266405089267835e-01
4.407255211498531944e-01
6.445901586082891654e-01
2.839600312741210608e-01
3.716578600718746239e-01
2.778051369233218715e-01
7.059161004340253065e-01
4.034903757146056646e-01
5.553289656905953109e-01
7.984582156608981407e-01
3.963369542784738186e-01
1.021863777996490086e-01
7.738624675664445007e-01
4.748905088223477344e-01
6.825293017755824643e-01
7.285395017257787487e-01
7.790042111642438982e-01
5.027175160609077542e-01
5.006140487735772915e-01
2.821446347566903823e-01
3.264013518362510746e-01
2.230646816264281185e-01
7.429520710055670385e-01
3.847680730079784395e-01
6.071842954630385369e-01
6.634941684595112577e-01
5.276711167199248376e-01
2.262833466026705764e-01
7.642456972088327305e-01
4.011461053978794267e-01
7.321612486463093816e-01
5.228400017690599810e-01
8.325089844213637846e-01
4.094578763957102963e-01
3.768614039911124536e-01
2.654810634147173332e-01
3.078097137706186093e-01
3.679906963491830219e-01
7.814355172734228638e-01
3.015668876819903588e-01
5.643957934585422942e-01
9.422557538485314410e-01
4.203346948351658341e-01
4.622841413800884425e-01
5.566267886139684151e-01
4.327735910279802978e-01
6.035281611594769391e-01
2.499813861838913187e-01
5.105618910387242915e-01
5.391909423126246548e-01
4.186872015204767816e-01
1.035615650686538824e-01
3.234676882196940162e-01
4.091716418203115158e-01
5.503803862451441820e-01
9.889090230342822974e-01
4.534456130530061246e-01
5.424261795928393415e-01
4.381028949772589609e-01
4.306005291588397288e-01
5.579912392386165987e-01
5.069377076039189856e-01
7.662600947625095582e-01
3.318155442442494163e-01
6.813440031140887143e-01
2.405437803139660602e-01
4.898887842915382596e-01
2.267015819484992090e-01
2.442233443431643392e-01
3.627379228823248702e-01
4.576200624427839148e-01
3.804415738465393160e-01
2.506944537035163956e-01
2.759589505548079025e-01
4.380977978113369531e-01
4.950978438249787894e-01
3.284640299804167940e-01
3.692104923755950008e-01
4.150684491077916149e-01
2.650469653450210350e-01
6.816576423744594715e-01
7.423618176760591325e-01
7.433877582357546476e-01
3.460254168458384294e-01
3.747293703078000693e-01
4.522139075637823247e-01
4.402558426992717600e-01
4.601999304521401934e-01
3.862316031679483008e-01
4.348978065436640561e-01
3.489621920860591642e-01
8.192112885255464771e-02
4.001426798276229713e-01
5.485616037179830151e-01
4.457011387191884833e-01
2.835456968899585650e-01
5.053153168616278945e-01
4.649488297631690914e-01
4.449011092820049917e-01
2.579035258013935294e-01
3.900161071659783429e-01
2.252133144701622403e-01
8.480655522909072985e-01
4.240998339858652599e-01
6.160934550461616421e-01
2.271546237635271304e-01
5.289792574323949337e-01
2.349440539754653612e-01
8.660994766883054474e-01
3.776147858604343432e-01
