3.026354945521773088e-01
2.782548603506018736e-04
9.999784450187061413e-01
3.489788904778268197e-01
5.215766472593683645e-01
1.481878195038042190e-01
1.582180669177150056e-01
6.074157812142433333e-01
7.820477169833274234e-01
7.735878114987808640e-01
8.523814881910507513e-01
5.223589971969073709e-01
3.822245920265507357e-01
1.624105068036681976e-01
9.706123646590325560e-01
3.170150863814565345e-01
3.741866823863051472e-01
4.959769717885806894e-01
4.094067637166449725e-01
1.470253947343778123e-01
3.744077224272646109e-02
8.931469446306372628e-02
2.461184884938288908e-01
9.206347212034504679e-01
1.555771233434857237e-01
2.475730696671554765e-01
1.679405577678285966e-01
3.042805083907418329e-01
9.932299927411114560e-01
4.925706450772601719e-01
4.508006594376308129e-01
6.322709425577885956e-01
7.605599041069828203e-01
2.950063969894330951e-01
6.436707241960304415e-01
6.178283504256258940e-01
7.962668030507686900e-01
3.427445740643410566e-01
2.131323215328169152e-01
6.705580158306039262e-01
5.609480146136851531e-01
4.671848950006082246e-01
4.457117937258560092e-01
7.681305740573641794e-01
9.227960542257113152e-01
1.631830385699716279e-01
8.274134424071158955e-01
5.127852486194472981e-02
4.751409270871829182e-01
4.551922078968640983e-01
7.716523514449037391e-01
6.817030977228523136e-01
1.629964169249754624e-01
1.458412441782568347e-01
2.134890494670123040e-01
4.337132539455623714e-01
9.578945587113487647e-01
8.268846291208895583e-01
7.825655246935981912e-01
3.929293296940850055e-01
4.367666193905757055e-01
7.312793142834750348e-02
6.136160311065854689e-01
2.044501071094957378e-01
2.446443343925315539e-01
1.181297476399323365e-02
8.894656043445587912e-01
3.254261380787546454e-01
4.571781645424222162e-01
5.592600696174234720e-01
2.275671053223061735e-01
5.681561862443567090e-01
6.714103393906041273e-01
7.752962687980280432e-01
8.834015813940480077e-01
5.098664924226138373e-01
4.072835283381364135e-01
9.053551256893506149e-01
4.467706803312740949e-01
7.213964795093850135e-01
4.835852884499149962e-01
4.193320735566079538e-01
3.063448356782676463e-01
2.047023698669169778e-01
1.825044036764386091e-01
2.290456687062515928e-01
9.636249988384429921e-01
5.834262896111854779e-01
2.347208559893956270e-01
2.359579192502368472e-01
8.142629066664175408e-01
3.980365901397551198e-01
3.853526712553807521e-01
6.893578947387052347e-01
4.518749948642808434e-01
6.796473605490875869e-01
6.311286423851449889e-01
1.931717660341427667e-01
7.280031727108255968e-01
4.371869587397820833e-01
4.056061948026645769e-01
2.280712507953652768e-01
9.498764714794987185e-01
4.712594539095348312e-01
3.100197600952130372e-01
1.908371330914602204e-01
2.113431677162506683e-01
7.411039092949331941e-01
6.736461446660664265e-01
4.196271569422919123e-01
6.643863939447044453e-01
5.243936693238717694e-01
6.792343814042602901e-01
3.325353653419127475e-02
9.479467828903387350e-01
2.906263434659184242e-01
3.026354945521773088e-01
2.782548603506018736e-04
9.999784450187061413e-01
3.489788904778268197e-01
5.215766472593683645e-01
1.481878195038042190e-01
1.582180669177150056e-01
6.074157812142433333e-01
7.820477169833274234e-01
7.735878114987808640e-01
8.523814881910507513e-01
5.223589971969073709e-01
3.822245920265507357e-01
1.624105068036681976e-01
9.706123646590325560e-01
3.170150863814565345e-01
3.741866823863051472e-01
4.959769717885806894e-01
4.094067637166449725e-01
1.470253947343778123e-01
3.744077224272646109e-02
8.931469446306372628e-02
2.461184884938288908e-01
9.206347212034504679e-01
1.555771233434857237e-01
2.475730696671554765e-01
1.679405577678285966e-01
3.042805083907418329e-01
9.932299927411114560e-01
4.925706450772601719e-01
4.508006594376308129e-01
6.322709425577885956e-01
7.605599041069828203e-01
2.950063969894330951e-01
6.436707241960304415e-01
6.178283504256258940e-01
7.962668030507686900e-01
3.427445740643410566e-01
2.131323215328169152e-01
6.705580158306039262e-01
5.609480146136851531e-01
4.671848950006082246e-01
4.457117937258560092e-01
7.681305740573641794e-01
9.227960542257113152e-01
1.631830385699716279e-01
8.274134424071158955e-01
5.127852486194472981e-02
4.751409270871829182e-01
4.551922078968640983e-01
7.716523514449037391e-01
6.817030977228523136e-01
1.629964169249754624e-01
1.458412441782568347e-01
2.134890494670123040e-01
4.337132539455623714e-01
9.578945587113487647e-01
8.268846291208895583e-01
7.825655246935981912e-01
3.929293296940850055e-01
4.367666193905757055e-01
7.312793142834750348e-02
6.136160311065854689e-01
2.044501071094957378e-01
4.056061948026645769e-01
2.280712507953652768e-01
9.498764714794987185e-01
4.712594539095348312e-01
3.100197600952130372e-01
1.908371330914602204e-01
2.113431677162506683e-01
7.411039092949331941e-01
6.736461446660664265e-01
4.196271569422919123e-01
6.643863939447044453e-01
5.243936693238717694e-01
6.792343814042602901e-01
3.325353653419127475e-02
9.479467828903387350e-01
2.906263434659184242e-01
4.544939174612789845e-01
5.542972467251328084e-02
9.832374732630240199e-01
3.325126052742033433e-01
1.487722028021587484e-01
2.554257729706007618e-01
2.774471394839488347e-01
4.485950075998332842e-01
9.951526685554199503e-01
3.808621715699753163e-01
5.660166996764897096e-01
8.838937643045396975e-01
5.244288498764149153e-01
1.577097063869485893e-01
9.136733200748534678e-01
3.832185794751107322e-01
5.143075485228036925e-01
5.544212311278808869e-01
9.743579111095237444e-01
4.289559867838504958e-01
3.008096414826635367e-01
1.006349927521484888e-01
3.981811592318247328e-01
6.174486032382642264e-02
9.358969928814846462e-01
2.882015741124683839e-01
7.064509033011346917e-01
9.423704724036285896e-01
4.295694610403729685e-01
1.303869746791219697e-01
5.573532185943608219e-01
4.378888846746754604e-01
6.741809488208161394e-01
6.082458887515596047e-02
9.361943053155767913e-01
4.786323291220023757e-01
1.046479279186272038e-01
1.949283380502370155e-01
4.470602994158859866e-01
3.340130118653350522e-01
9.202295204179371524e-01
4.539760308828669766e-01
6.833241453483513972e-01
7.874949694129993460e-01
4.687095330668906712e-01
9.925893733758961446e-02
7.092921251076882427e-01
4.033851198553751738e-01
7.321384579956506933e-01
1.450321454202736504e-01
8.727585785484062164e-01
4.693834330273364275e-01
5.786064448109673464e-02
2.252785864888063871e-01
4.278627001764471194e-01
1.254504411761119265e-01
8.941986926188572049e-01
4.292550801178433018e-01
7.134167591997934155e-01
8.945391088687069114e-01
4.627303119153967081e-01
2.852038177316589262e-01
9.279603436105166026e-01
3.844643517136409061e-01
5.912868280745600114e-01
1.370416319199980748e-01
9.811142758211306436e-01
4.506226532434102205e-01
3.567659649621539586e-01
1.060110103253155689e-01
3.298913606407560817e-01
2.509756262886053690e-01
8.521028865439217448e-01
4.503389034577656158e-01
6.718049796339916613e-01
8.461558731036866732e-01
4.316816506676590670e-01
1.674453455577458172e-01
8.067339027516506889e-01
4.126635705211324501e-01
3.026354945521776973e-01
2.782548603479373384e-04
9.999784450187013674e-01
3.489788904778292067e-01
5.215766472593634795e-01
1.481878195038013324e-01
1.582180669177195020e-01
6.074157812142464419e-01
7.820477169833168762e-01
7.735878114988057330e-01
8.523814881910339869e-01
5.223589971969273549e-01
3.822245920265461283e-01
1.624105068036740818e-01
9.706123646590301135e-01
3.170150863814542586e-01
3.741866823862998181e-01
4.959769717885731399e-01
4.094067637166538542e-01
1.470253947343787004e-01
3.744077224272912563e-02
8.931469446309181492e-02
2.461184884938333317e-01
9.206347212034642347e-01
1.555771233434855016e-01
2.475730696671590292e-01
1.679405577678363126e-01
3.042805083907540453e-01
9.932299927411092355e-01
4.925706450772441292e-01
4.508006594376333664e-01
6.322709425577903719e-01
7.605599041069908139e-01
2.950063969894378690e-01
6.436707241960238912e-01
6.178283504256294467e-01
7.962668030507580319e-01
3.427445740643485506e-01
2.131323215328196352e-01
6.705580158305837202e-01
5.609480146137040268e-01
4.671848950006133872e-01
4.457117937258591733e-01
7.681305740573650676e-01
9.227960542257319654e-01
1.631830385699702957e-01
8.274134424071194482e-01
5.127852486195960680e-02
4.751409270871793655e-01
4.551922078968648755e-01
7.716523514448919707e-01
6.817030977228440980e-01
1.629964169249782380e-01
1.458412441782908076e-01
2.134890494670261818e-01
4.337132539455629265e-01
9.578945587113421034e-01
8.268846291208737931e-01
7.825655246935807607e-01
3.929293296940821190e-01
4.367666193905688221e-01
7.312793142835372073e-02
6.136160311065776973e-01
2.044501071094930178e-01
