9.234649159352403824e-01
5.902362912213106050e-01
4.851195729679347313e-01
5.926780305715250163e-01
8.631906899667840527e-01
1.354213423794294879e-01
2.094884150659636068e-01
4.034596454770331686e-01
5.823158822515027699e-01
2.819474825045018562e-01
2.693492376245738562e-01
4.612145183301135098e-01
7.306214088491562730e-01
7.094829235003287105e-01
3.067752764024131995e-01
5.195061873463944213e-01
8.714947529824395023e-01
4.750450101620997678e-01
2.188013626719929050e-01
5.453120027585460772e-01
6.557027049206650693e-01
3.556937271531819267e-01
1.185413189457614758e-01
5.658811168187318774e-01
1.910100106672829590e-01
1.128986328965931180e-01
9.104666620537418820e-02
2.236192311469759053e-01
5.376769008697499519e-01
5.837845784069526367e-01
8.687267557716149557e-02
9.514017611186209589e-01
4.879773142685510656e-01
7.777690584788898853e-02
3.166349742392780553e-01
5.526768391102332423e-01
2.507439279132905874e-01
1.222842844812654928e-01
7.048959801268168957e-02
3.498426961813771996e-02
3.526575845658403985e-01
5.197673912636691096e-02
2.653229341504889094e-01
2.610723846954985383e-01
4.195274788400343846e-01
8.487332691875859592e-02
3.381788717369592634e-01
6.455657983910958464e-01
6.452222048328908333e-01
3.918421565895690017e-01
7.733448592130299781e-01
7.247489586250152049e-01
4.322758210912497345e-01
8.695720073336172806e-01
2.055776752701115040e-01
9.341368960459528470e-01
2.941971511698000530e-01
3.273258745149776328e-01
2.448380650218314747e-01
7.211500693127677053e-01
6.910637329953713826e-01
6.083288533408487408e-01
8.607522960095272957e-01
6.922410104912934958e-01
7.884392210990228689e-01
6.124982789215185353e-01
7.258922142738770678e-01
5.528740164207979202e-01
7.920877658840501656e-01
2.199535715777902745e-01
2.170198412500107255e-01
4.331295772496239760e-01
7.927875711614620347e-01
1.484012006382862126e-01
3.504189561534788444e-01
7.307799644678947271e-01
7.104811342759660420e-01
6.275857245653075900e-01
8.487899002299226225e-01
3.870335302317196025e-01
1.145420575162139354e-01
2.755708463423529597e-01
3.066012163806235424e-01
1.035935391169162667e-01
1.958492021482354239e-01
9.014850046475041123e-02
6.983511184958520746e-01
4.231489942617078781e-01
5.855289618309984512e-01
7.880680062376271833e-02
2.863733394394980536e-01
6.010445405509623473e-02
5.601932258623356642e-01
4.146417400617542492e-01
6.690060393053196552e-01
4.843420204957396002e-01
8.688806130929833671e-01
1.824727275244626412e-01
2.211113571689671264e-01
7.744737800721896992e-01
8.622991230704764032e-01
3.375279645588133981e-01
4.079695613601743709e-01
6.728138404097617764e-01
8.503470446137662009e-01
2.887300246187680663e-01
1.333686853071696099e-01
5.497456770435371620e-01
1.876980012137123843e-01
4.182166948152754582e-02
2.209232542168153568e-01
3.324995464619631136e-01
7.497173746472991507e-01
6.281343559006560273e-01
3.390836585003462744e-01
7.457151232565306653e-01
9.234649159352403824e-01
5.902362912213106050e-01
4.851195729679347313e-01
5.926780305715250163e-01
8.631906899667840527e-01
1.354213423794294879e-01
2.094884150659636068e-01
4.034596454770331686e-01
5.823158822515027699e-01
2.819474825045018562e-01
2.693492376245738562e-01
4.612145183301135098e-01
7.306214088491562730e-01
7.094829235003287105e-01
3.067752764024131995e-01
5.195061873463944213e-01
8.714947529824395023e-01
4.750450101620997678e-01
2.188013626719929050e-01
5.453120027585460772e-01
6.557027049206650693e-01
3.556937271531819267e-01
1.185413189457614758e-01
5.658811168187318774e-01
1.910100106672829590e-01
1.128986328965931180e-01
9.104666620537418820e-02
2.236192311469759053e-01
5.376769008697499519e-01
5.837845784069526367e-01
8.687267557716149557e-02
9.514017611186209589e-01
4.879773142685510656e-01
7.777690584788898853e-02
3.166349742392780553e-01
5.526768391102332423e-01
2.507439279132905874e-01
1.222842844812654928e-01
7.048959801268168957e-02
3.498426961813771996e-02
3.526575845658403985e-01
5.197673912636691096e-02
2.653229341504889094e-01
2.610723846954985383e-01
4.195274788400343846e-01
8.487332691875859592e-02
3.381788717369592634e-01
6.455657983910958464e-01
6.452222048328908333e-01
3.918421565895690017e-01
7.733448592130299781e-01
7.247489586250152049e-01
4.322758210912497345e-01
8.695720073336172806e-01
2.055776752701115040e-01
9.341368960459528470e-01
2.941971511698000530e-01
3.273258745149776328e-01
2.448380650218314747e-01
7.211500693127677053e-01
6.910637329953713826e-01
6.083288533408487408e-01
8.607522960095272957e-01
6.922410104912934958e-01
8.622991230704764032e-01
3.375279645588133981e-01
4.079695613601743709e-01
6.728138404097617764e-01
8.503470446137662009e-01
2.887300246187680663e-01
1.333686853071696099e-01
5.497456770435371620e-01
1.876980012137123843e-01
4.182166948152754582e-02
2.209232542168153568e-01
3.324995464619631136e-01
7.497173746472991507e-01
6.281343559006560273e-01
3.390836585003462744e-01
7.457151232565306653e-01
9.527920157179645688e-01
6.908034311933231031e-01
2.686850911631513128e-01
5.222011473478669341e-01
5.935695115932966281e-01
2.248756153520325984e-01
3.032631470450397604e-02
7.763235447453444849e-01
3.142280082211401648e-01
6.960914962748149248e-02
1.917411401876683019e-01
4.584188529480930363e-01
6.090384209967594220e-01
5.508247861966459880e-01
5.469784125231185179e-01
8.519355142629720934e-01
9.258991971587808845e-01
2.688723506807404462e-01
3.844125245060787677e-01
6.963392066589516594e-01
3.326073427665603433e-01
2.326243739189332027e-01
1.067333177232239194e-01
4.351092342818652092e-01
3.457943081541534625e-01
8.172776087898703246e-02
1.892340214311571955e-01
3.210356294411713662e-01
6.722157625706001172e-01
4.727085728152431443e-01
2.093278375886553633e-01
8.292530406997736803e-01
8.205526253896309186e-01
2.555547313887345240e-01
3.678078668501552073e-01
8.713375817865346429e-01
6.972247841659777734e-01
1.664701600720421837e-01
1.185959613352485231e-01
7.739168024304539095e-01
3.484224531806217051e-01
1.364000425521467719e-01
2.218069362260065569e-01
6.092739992153983764e-02
7.982510285785222592e-01
6.790979775897252324e-01
2.298829632898224951e-01
7.021158813414055677e-01
8.495506541300643644e-01
7.350840201923780626e-01
3.666310824238476762e-01
8.061787461987536263e-01
3.809679157080281264e-01
1.959685620586126831e-01
7.652798650034287054e-02
6.013262132181287356e-01
2.942603545394790743e-01
1.699741527295844934e-01
2.382042615472262925e-01
1.391802658595731046e-01
8.539455634870647405e-01
6.687545825416671974e-01
2.034466704576454177e-01
7.291859423703795917e-01
8.416261032274532372e-01
4.565215559305286774e-01
4.094916583925436449e-01
7.604687296792546070e-01
4.671548483363210380e-01
2.361108070205464315e-01
9.517443190551422294e-02
6.948947332960218048e-01
3.204563470757109123e-01
1.382351521394820093e-01
1.780315182221455794e-01
2.704454021009166098e-01
7.796946214639342010e-01
5.992069869348322086e-01
3.501733621458393841e-01
7.509664644091643693e-01
9.234649159352390502e-01
5.902362912213117152e-01
4.851195729679343982e-01
5.926780305715222408e-01
8.631906899667789457e-01
1.354213423794365934e-01
2.094884150659747646e-01
4.034596454770382756e-01
5.823158822515077659e-01
2.819474825045062971e-01
2.693492376245680830e-01
4.612145183301081808e-01
7.306214088491570502e-01
7.094829235003345946e-01
3.067752764024154200e-01
5.195061873463964197e-01
8.714947529824585981e-01
4.750450101621019883e-01
2.188013626719891302e-01
5.453120027585576235e-01
6.557027049206813896e-01
3.556937271532077949e-01
1.185413189457669714e-01
5.658811168187172225e-01
1.910100106672976694e-01
1.128986328965939229e-01
9.104666620537429922e-02
2.236192311469741290e-01
5.376769008697441787e-01
5.837845784069565225e-01
8.687267557716527033e-02
9.514017611186262879e-01
4.879773142685399634e-01
7.777690584788227168e-02
3.166349742392778888e-01
5.526768391102270250e-01
2.507439279133003573e-01
1.222842844812639940e-01
7.048959801268793457e-02
3.498426961813794200e-02
3.526575845658344033e-01
5.197673912637185145e-02
2.653229341504975136e-01
2.610723846954886573e-01
4.195274788400419341e-01
8.487332691877491619e-02
3.381788717369678121e-01
6.455657983910776387e-01
6.452222048328988269e-01
3.918421565895662262e-01
7.733448592130208743e-01
7.247489586250105420e-01
4.322758210912553967e-01
8.695720073336381528e-01
2.055776752701115040e-01
9.341368960459696114e-01
2.941971511697993868e-01
3.273258745149900673e-01
2.448380650218203725e-01
7.211500693127692596e-01
6.910637329953678298e-01
6.083288533408598431e-01
8.607522960095357334e-01
6.922410104912912754e-01
