2.979308904047124340e-01
4.185179426436171912e-01
1.325897418648107617e-01
2.569512539571454646e-01
3.347366254606221059e-01
5.638265243539395399e-01
9.739802418430824060e-01
3.458007466698274079e-01
2.296615727570182619e-01
7.355774322498824791e-01
3.282758838173478466e-01
1.973539694832509017e-01
2.808222917649411676e-01
2.442072786700445475e-01
9.740808908178899550e-02
1.696789292328896859e-01
1.696798162799515453e-01
6.294935809698625206e-01
7.103596473064068828e-01
9.823523319646954022e-02
5.261764432218715148e-01
8.713366307563361612e-01
8.305299419371466874e-01
3.930358785433998303e-01
7.778717726580637315e-01
7.187501838818621813e-01
7.738448678555990279e-01
9.536608724308549556e-01
3.314125956930309425e-01
5.734856616089072379e-01
4.620512959745777248e-01
3.697196961575870411e-01
6.136185894320034251e-02
5.385216987027644509e-01
4.256134394892290840e-01
2.085907782892526541e-02
7.001798169321973297e-01
7.948258320901715468e-01
6.682816652526574197e-01
3.952791182877890552e-01
2.405443681008587742e-01
7.474914425312464417e-01
6.463546536317993363e-01
5.057506019634551153e-01
5.835806937230464397e-01
4.496093443452590099e-01
5.589131265454708730e-01
3.666888238341616812e-01
2.217175430494893185e-01
5.269437795734103203e-01
3.164045180467801588e-01
3.021300720270388984e-01
1.337569528655705442e-01
5.144939029740305259e-01
7.078541641191237188e-01
4.292130574606485283e-01
1.448983540998967090e-01
5.253320393447806769e-01
2.968535195818623462e-01
2.799101579040614851e-01
3.668484098260338389e-01
3.432914897680460209e-01
1.260237412324204387e-01
3.001234925799095010e-01
3.008042092848286497e-01
3.837197845872817314e-01
2.377166883270258602e-01
2.059608664661368715e-01
3.072915034775622889e-01
5.319801527272209896e-01
9.803724305897916214e-01
2.746453059718747536e-01
3.418004268171503934e-01
5.819422101553721749e-01
3.293315490461340422e-01
2.908184841137340104e-01
1.350195983113788856e-01
5.431204846736603642e-02
3.914410431630477305e-02
5.908683388746558407e-01
6.484001894788808951e-01
2.398779908286778895e-01
7.552697808258632683e-01
8.007338044466563165e-01
7.412852257702534642e-01
6.929305073272281623e-01
3.271178548970404831e-01
4.845709096928162984e-01
1.362127969137700845e-01
4.987260117307802942e-01
6.221259890131589643e-01
7.625187068888278352e-01
3.459624375839300825e-01
5.668598772546736830e-01
2.959344316798282470e-01
1.814776577709578120e-01
2.170870039525860662e-01
8.493015087438600119e-01
7.820837966144240649e-01
2.181720190495324285e-01
1.558342594300554662e-01
7.542292604468832096e-01
2.820076005635125949e-01
2.022240661456660149e-01
4.132318041191833657e-01
8.097476772533802603e-01
7.855452661636652678e-01
3.881875527877831633e-01
2.116229709679338100e-01
7.153676634436617610e-01
6.862871629415804309e-01
5.375561338929810695e-01
3.353754844510443700e-01
4.292634780265058847e-01
2.055775243709407896e-01
2.952615493718881989e-01
2.979308904047124340e-01
4.185179426436171912e-01
1.325897418648107617e-01
2.569512539571454646e-01
3.347366254606221059e-01
5.638265243539395399e-01
9.739802418430824060e-01
3.458007466698274079e-01
2.296615727570182619e-01
7.355774322498824791e-01
3.282758838173478466e-01
1.973539694832509017e-01
2.808222917649411676e-01
2.442072786700445475e-01
9.740808908178899550e-02
1.696789292328896859e-01
1.696798162799515453e-01
6.294935809698625206e-01
7.103596473064068828e-01
9.823523319646954022e-02
5.261764432218715148e-01
8.713366307563361612e-01
8.305299419371466874e-01
3.930358785433998303e-01
7.778717726580637315e-01
7.187501838818621813e-01
7.738448678555990279e-01
9.536608724308549556e-01
3.314125956930309425e-01
5.734856616089072379e-01
4.620512959745777248e-01
3.697196961575870411e-01
6.136185894320034251e-02
5.385216987027644509e-01
4.256134394892290840e-01
2.085907782892526541e-02
7.001798169321973297e-01
7.948258320901715468e-01
6.682816652526574197e-01
3.952791182877890552e-01
2.405443681008587742e-01
7.474914425312464417e-01
6.463546536317993363e-01
5.057506019634551153e-01
5.835806937230464397e-01
4.496093443452590099e-01
5.589131265454708730e-01
3.666888238341616812e-01
2.217175430494893185e-01
5.269437795734103203e-01
3.164045180467801588e-01
3.021300720270388984e-01
1.337569528655705442e-01
5.144939029740305259e-01
7.078541641191237188e-01
4.292130574606485283e-01
1.448983540998967090e-01
5.253320393447806769e-01
2.968535195818623462e-01
2.799101579040614851e-01
3.668484098260338389e-01
3.432914897680460209e-01
1.260237412324204387e-01
3.001234925799095010e-01
1.558342594300554662e-01
7.542292604468832096e-01
2.820076005635125949e-01
2.022240661456660149e-01
4.132318041191833657e-01
8.097476772533802603e-01
7.855452661636652678e-01
3.881875527877831633e-01
2.116229709679338100e-01
7.153676634436617610e-01
6.862871629415804309e-01
5.375561338929810695e-01
3.353754844510443700e-01
4.292634780265058847e-01
2.055775243709407896e-01
2.952615493718881989e-01
1.905589436330610287e-01
6.523977911489766690e-01
3.773382549865147428e-01
1.119821954585815682e-01
4.873802344682931498e-01
8.326999094668260382e-01
8.839354175683902248e-01
4.933521235041742337e-01
4.051886263772441765e-01
7.698037341522838695e-01
7.437722048309507450e-01
4.030749272136238126e-01
2.399765629397461186e-01
4.013207071208899634e-01
1.589259334054582418e-01
3.292446975713922974e-01
2.007781548485365608e-01
8.179778818499645610e-01
5.569218898694359154e-01
1.630427975160858578e-01
5.355126050305285546e-01
8.734671173868281402e-01
7.111741702357110562e-01
5.594037022548374871e-01
6.780603840996866083e-01
6.084912111389169098e-01
7.879873398838718179e-01
5.442234806705350536e-01
1.327990622487301708e-01
7.970056207976368157e-01
3.861323551598840886e-01
2.421294374079072664e-01
2.499511450146487679e-01
7.157295099996243692e-01
6.207483510159383933e-01
1.419227439741314045e-01
7.779325366306215628e-01
7.134925331446653196e-01
8.310112536169996789e-01
8.056276463490736894e-01
6.720429078937195655e-01
8.197294007623262546e-01
6.648122766945703255e-01
6.586266133191580607e-01
1.251757621148966715e-01
7.656544356625212266e-01
4.646001472831282619e-01
2.050662469365801543e-01
1.943314715015533878e-01
9.409345620112681274e-01
7.309047752175925616e-01
1.510130670606845138e-01
8.545823668052112687e-01
8.212144246653659829e-01
7.472811736212893186e-01
5.565325421932341143e-01
5.926846876794544805e-01
7.131051083716608563e-01
7.371393903657587066e-01
5.842544243364011791e-01
1.408751932348890623e-01
6.970733684691294840e-01
6.662547110029306552e-01
2.242708331918134013e-01
1.706710781922080589e-01
7.810141789365090403e-01
6.334242384170289952e-01
1.894257369599247065e-01
6.569493582355399042e-01
9.215327282041785306e-01
5.302014821839265979e-01
7.708693580611880591e-01
5.277926321243309182e-01
6.619579392390737560e-01
7.468699119588185775e-01
7.017160999366245377e-01
1.819501016605360455e-01
6.446955659099860014e-01
6.275035529770507381e-01
1.390127796757817391e-01
2.979308904047123785e-01
4.185179426436052008e-01
1.325897418648066539e-01
2.569512539571489063e-01
3.347366254606256586e-01
5.638265243539479776e-01
9.739802418430956177e-01
3.458007466698325150e-01
2.296615727570302523e-01
7.355774322499086804e-01
3.282758838173492899e-01
1.973539694832602276e-01
2.808222917649362271e-01
2.442072786700548725e-01
9.740808908178699710e-02
1.696789292328940713e-01
1.696798162799662002e-01
6.294935809698714024e-01
7.103596473064033301e-01
9.823523319646132457e-02
5.261764432218845045e-01
8.713366307563481516e-01
8.305299419371512393e-01
3.930358785433825108e-01
7.778717726580661740e-01
7.187501838818641797e-01
7.738448678555940319e-01
9.536608724308506257e-01
3.314125956930371597e-01
5.734856616089133441e-01
4.620512959745767256e-01
3.697196961575841545e-01
6.136185894319234890e-02
5.385216987027621194e-01
4.256134394892373551e-01
2.085907782893814399e-02
7.001798169321997722e-01
7.948258320901629981e-01
6.682816652526557544e-01
3.952791182877712917e-01
2.405443681008567758e-01
7.474914425312437771e-01
6.463546536317783531e-01
5.057506019634646632e-01
5.835806937230508806e-01
4.496093443452680027e-01
5.589131265454864161e-01
3.666888238341534656e-01
2.217175430494872090e-01
5.269437795734079888e-01
3.164045180467993656e-01
3.021300720270375662e-01
1.337569528655699891e-01
5.144939029740278613e-01
7.078541641191249401e-01
4.292130574606481952e-01
1.448983540998867170e-01
5.253320393447726833e-01
2.968535195818560180e-01
2.799101579040597088e-01
3.668484098260335058e-01
3.432914897680493516e-01
1.260237412324334283e-01
3.001234925799100006e-01
