9.506874179700304239e-01
4.037064717913592116e-01
8.938401863624467758e-01
4.981464997020541574e-01
8.236484068721368068e-01
1.639613024210515579e-01
6.699910347836068869e-03
9.579837779895155059e-01
9.892216621753061601e-01
5.222186340057124454e-01
3.348808589603772257e-01
7.398159821386960378e-01
4.883085451138322042e-01
2.044695279439828761e-01
7.179288510114758548e-01
4.713941881823848212e-01
6.945973351989420674e-01
4.310600256122905094e-01
5.808369620119433474e-01
2.377686992468772686e-01
3.731622562277815414e-01
1.195028271162712485e-01
4.540881283712633332e-03
3.497425619268090813e-01
2.770732639688783250e-02
1.423944981642119578e-02
3.755233479112329853e-03
0.000000000000000000e+00
6.848378288877403630e-01
6.060012558590932574e-01
3.367767667715240165e-01
9.777368036135738461e-01
7.749660810782952325e-01
2.992521493568774948e-01
5.071004398918375067e-01
4.480895984687718325e-01
2.714894281557505007e-01
1.088721670408704378e-02
1.146335233743073223e-02
3.318609040380964270e-01
4.055600091960998022e-02
6.102533518466940476e-02
2.573450064281156413e-01
5.675452840547255962e-01
6.861410129068247210e-01
1.938211623211473222e-01
4.593946897147004327e-01
5.296252479636451849e-01
7.098791681379412744e-01
4.535556531097383326e-01
6.087379493003147735e-01
6.948311656980342699e-01
5.143846455227555348e-01
5.634963939102943797e-02
6.732517392568582171e-03
8.375121095088071677e-01
9.115966337980783152e-01
4.262552478219752139e-01
4.432649145981922834e-01
7.515847472378034411e-01
7.340621707548692365e-01
3.434449957077397864e-01
9.243238729512923690e-01
4.818183520661139529e-01
6.716600029056463139e-01
4.592274956157904597e-01
9.872222663124812225e-01
4.790648844131200068e-01
7.875746633436266908e-01
4.323485302728851121e-01
2.587116734695804610e-04
8.550691618695340779e-01
9.877029227202975825e-01
4.459721369298834670e-01
3.183771266328322413e-01
5.771416565025689893e-01
3.415006678664733730e-01
7.480120662713622970e-01
8.008861068315917819e-01
4.519131539312366552e-01
4.881367072278739450e-01
2.899232038603190009e-01
2.033106545002957288e-01
3.512361707671995958e-03
1.381049647974269545e-02
1.124815670444627436e-02
6.940321782482742341e-01
5.465327404748410167e-01
4.865356283584216790e-01
2.517193931857176215e-01
3.435603028075582266e-01
1.522328351508361877e-02
3.638292403688714316e-02
5.755915149334008829e-01
7.224379366215019083e-01
9.058531395757181137e-01
9.646314852970778730e-01
1.027005816551573858e-02
3.488250757576170091e-01
6.971753233289541551e-01
9.115704428235591461e-01
4.364662153398217725e-01
8.173500979710777159e-01
5.392140759500655411e-01
7.166856560607399729e-01
9.312865672316927856e-03
3.337629670949748828e-03
7.668057431166290794e-01
5.193889822341763995e-01
4.425135010498415511e-02
2.627930994228289130e-01
4.823592894305899215e-01
7.437525004400591389e-01
2.869062354584055452e-01
7.445000829797909780e-01
6.089730978173262255e-01
9.506874179700304239e-01
4.037064717913592116e-01
8.938401863624467758e-01
4.981464997020541574e-01
8.236484068721368068e-01
1.639613024210515579e-01
6.699910347836068869e-03
9.579837779895155059e-01
9.892216621753061601e-01
5.222186340057124454e-01
3.348808589603772257e-01
7.398159821386960378e-01
4.883085451138322042e-01
2.044695279439828761e-01
7.179288510114758548e-01
4.713941881823848212e-01
6.945973351989420674e-01
4.310600256122905094e-01
5.808369620119433474e-01
2.377686992468772686e-01
3.731622562277815414e-01
1.195028271162712485e-01
4.540881283712633332e-03
3.497425619268090813e-01
2.770732639688783250e-02
1.423944981642119578e-02
3.755233479112329853e-03
0.000000000000000000e+00
6.848378288877403630e-01
6.060012558590932574e-01
3.367767667715240165e-01
9.777368036135738461e-01
7.749660810782952325e-01
2.992521493568774948e-01
5.071004398918375067e-01
4.480895984687718325e-01
2.714894281557505007e-01
1.088721670408704378e-02
1.146335233743073223e-02
3.318609040380964270e-01
4.055600091960998022e-02
6.102533518466940476e-02
2.573450064281156413e-01
5.675452840547255962e-01
6.861410129068247210e-01
1.938211623211473222e-01
4.593946897147004327e-01
5.296252479636451849e-01
7.098791681379412744e-01
4.535556531097383326e-01
6.087379493003147735e-01
6.948311656980342699e-01
5.143846455227555348e-01
5.634963939102943797e-02
6.732517392568582171e-03
8.375121095088071677e-01
9.115966337980783152e-01
4.262552478219752139e-01
4.432649145981922834e-01
7.515847472378034411e-01
7.340621707548692365e-01
3.434449957077397864e-01
9.243238729512923690e-01
4.818183520661139529e-01
9.115704428235591461e-01
4.364662153398217725e-01
8.173500979710777159e-01
5.392140759500655411e-01
7.166856560607399729e-01
9.312865672316927856e-03
3.337629670949748828e-03
7.668057431166290794e-01
5.193889822341763995e-01
4.425135010498415511e-02
2.627930994228289130e-01
4.823592894305899215e-01
7.437525004400591389e-01
2.869062354584055452e-01
7.445000829797909780e-01
6.089730978173262255e-01
9.803457234647887653e-01
2.814988839276426624e-01
5.587574831238060202e-01
5.860846410791700212e-01
2.325222195108271883e-01
9.785204444508066590e-02
9.817833555476818130e-02
2.794428495635150611e-01
4.304239115188464027e-01
1.388748313696133718e-01
2.516906435170395140e-01
7.346285118532760450e-01
7.943819551710957771e-01
1.496508701867194091e-01
4.682710953268496290e-01
6.976171138519298154e-01
8.463872831799650331e-01
4.449233034594763936e-01
7.879643109126766021e-01
7.514275901655299572e-01
3.168474594425019220e-01
8.501495954113313935e-03
4.779372596313979926e-02
2.662058761232839466e-01
6.644755028933921892e-01
3.937065798867356303e-02
3.232778119426775731e-01
4.373049909497535026e-01
7.614696566886897111e-01
7.340439887218153103e-02
3.056151888630544988e-01
6.677315703635066102e-01
9.040896371629012496e-01
8.019442205270976842e-02
6.459463872531188144e-01
9.023711301689157915e-01
4.293188473893962964e-01
5.020367924963908823e-02
1.203163285324696519e-01
3.807738166589924589e-01
5.548902775396458154e-01
1.972317313344862377e-01
2.793923418441012219e-01
4.415895875463018427e-01
8.569953123224964830e-01
1.172489761966146737e-01
5.693977096501665613e-01
5.562932335377909210e-01
8.358727130840699626e-01
5.608127945462477726e-01
6.641520032579175670e-01
8.882547777072261619e-01
4.360656886370866125e-01
7.844173217579564206e-02
3.005809866847375389e-02
9.721373277393796641e-02
4.327897324498981568e-01
1.927583957818128635e-01
2.852875558330272288e-01
7.565018762178166156e-01
9.625396369214780368e-01
9.131698535470134104e-02
7.265869533163797911e-01
5.121077466704867520e-01
8.195779421493118999e-01
7.178482142188320481e-01
5.087758824201635832e-01
8.492935934166808698e-01
9.444156123544225068e-01
1.231086887208165948e-02
4.473559153524142573e-02
7.900897866578837636e-02
4.643068491225359473e-01
1.341034518208191750e-01
3.133120035324863384e-01
7.466551867951531918e-01
7.898795929991584419e-01
3.097150143233129427e-02
9.840163655505556051e-01
5.839710084605375107e-01
9.506874179700255389e-01
4.037064717913423362e-01
8.938401863624308996e-01
4.981464997020575436e-01
8.236484068721339202e-01
1.639613024210719860e-01
6.699910347845894343e-03
9.579837779895199468e-01
9.892216621753027184e-01
5.222186340057219933e-01
3.348808589603736730e-01
7.398159821387071400e-01
4.883085451138301503e-01
2.044695279439860958e-01
7.179288510114685273e-01
4.713941881823874303e-01
6.945973351989638278e-01
4.310600256122802953e-01
5.808369620119409049e-01
2.377686992468708294e-01
3.731622562277860933e-01
1.195028271162695832e-01
4.540881283712910887e-03
3.497425619268081931e-01
2.770732639690559607e-02
1.423944981642566443e-02
3.755233479114217232e-03
0.000000000000000000e+00
6.848378288877605691e-01
6.060012558591015841e-01
3.367767667715241275e-01
9.777368036135765106e-01
7.749660810782832421e-01
2.992521493568695012e-01
5.071004398918462774e-01
4.480895984687620626e-01
2.714894281557467259e-01
1.088721670409792397e-02
1.146335233743714377e-02
3.318609040380851027e-01
4.055600091959110642e-02
6.102533518468533646e-02
2.573450064281043725e-01
5.675452840547289268e-01
6.861410129068244990e-01
1.938211623211556489e-01
4.593946897147133113e-01
5.296252479636454069e-01
7.098791681379394980e-01
4.535556531097357791e-01
6.087379493003023390e-01
6.948311656980318274e-01
5.143846455227616410e-01
5.634963939102344277e-02
6.732517392573078574e-03
8.375121095088035039e-01
9.115966337980618839e-01
4.262552478219796548e-01
4.432649145981817362e-01
7.515847472378018868e-01
7.340621707548741215e-01
3.434449957077417848e-01
9.243238729512999186e-01
4.818183520661156183e-01
