7.123050999216895551e-02
3.174302242617526026e-01
7.947415554491112921e-01
7.443960130250967810e-02
4.565570940846608305e-01
7.392551589132634327e-01
6.340134250765515622e-01
8.219880022595682512e-01
5.938429098147276486e-01
8.559208744784430056e-01
7.955671715178358472e-01
6.470777203681907785e-01
1.691564011346479157e-01
1.900941312244441850e-02
5.127960133431963552e-01
3.864548958740376960e-02
3.044307159688044440e-01
6.104619613952579904e-01
6.167647863304850375e-01
6.266736098818492806e-02
4.589118678945597329e-01
2.643411321852858764e-01
3.940531211250499766e-01
9.492842487060610956e-01
6.202203200544544881e-01
2.812446824612527263e-01
2.926639156858937829e-01
7.293674422802395307e-01
9.779070355811052551e-01
8.208149517386003069e-01
9.285250159168350059e-01
2.719663211353480214e-01
4.497330434955264522e-01
9.114558113792242677e-01
8.426152048003443529e-01
1.822084493112225978e-01
1.458166009025738674e-01
2.856430314818657057e-01
2.931828466329287619e-01
9.243418890136521071e-01
8.968231297879223352e-01
4.714063428845012282e-01
6.869370672201824402e-01
8.724353840369195590e-01
4.706206709503658603e-01
9.184844156169221785e-01
8.583850732395804650e-01
9.544962672913337443e-02
2.014914760432090501e-01
2.853917085522047481e-01
3.706635379704348310e-01
3.359525845856018433e-01
5.178069692062995388e-01
7.031119675449040152e-01
4.649557004846275321e-01
4.803335345843073867e-01
9.210931480100508217e-01
3.518247989570149059e-01
9.652016440575977851e-01
1.941364714074773623e-01
1.068164574934290512e-01
1.492307728925904575e-01
1.520674017209446838e-01
4.384136007255511058e-02
5.481830044383798062e-02
1.945077799064154345e-01
5.950760145855593652e-01
4.538725370115126445e-02
3.251941534973443737e-01
8.357230568777866964e-01
6.887126300107864196e-01
7.396780857483584715e-01
5.821809276386022969e-01
9.746840149479585325e-01
8.541697983949881889e-01
2.400895876206539103e-01
8.297034264298353001e-02
4.093117706302344949e-01
1.223858273113163087e-01
7.839056308281291408e-01
9.457472741769632485e-01
9.173803574902092972e-01
5.273106921258162716e-01
3.405708527690027854e-01
5.394550660464849656e-01
2.860807523762223803e-01
7.346664238191543683e-01
8.339233237161596257e-01
1.510937393807512130e-01
9.143218953703784457e-01
2.408249741682293443e-01
3.747910074951913417e-01
8.174267412812978861e-01
3.807234430406535308e-01
1.454801289503915296e-01
9.138936521343592467e-01
3.716389628398268918e-01
5.714822455334425122e-01
8.793219594799424055e-01
2.046100719423658010e-01
1.166087153476127458e-01
8.563486446567547539e-01
8.775990181703985371e-01
1.390917916007710087e-01
4.045688369852991073e-01
4.784837394582481807e-01
4.199937111507515142e-01
9.555258372986406012e-01
9.452072066057182198e-01
3.712377066729474206e-01
8.281545709042200665e-01
7.272482958604857828e-01
2.829987111265948041e-01
5.594067711566628187e-01
7.966535471291300574e-01
6.507019792377854994e-02
7.123050999216895551e-02
3.174302242617526026e-01
7.947415554491112921e-01
7.443960130250967810e-02
4.565570940846608305e-01
7.392551589132634327e-01
6.340134250765515622e-01
8.219880022595682512e-01
5.938429098147276486e-01
8.559208744784430056e-01
7.955671715178358472e-01
6.470777203681907785e-01
1.691564011346479157e-01
1.900941312244441850e-02
5.127960133431963552e-01
3.864548958740376960e-02
3.044307159688044440e-01
6.104619613952579904e-01
6.167647863304850375e-01
6.266736098818492806e-02
4.589118678945597329e-01
2.643411321852858764e-01
3.940531211250499766e-01
9.492842487060610956e-01
6.202203200544544881e-01
2.812446824612527263e-01
2.926639156858937829e-01
7.293674422802395307e-01
9.779070355811052551e-01
8.208149517386003069e-01
9.285250159168350059e-01
2.719663211353480214e-01
4.497330434955264522e-01
9.114558113792242677e-01
8.426152048003443529e-01
1.822084493112225978e-01
1.458166009025738674e-01
2.856430314818657057e-01
2.931828466329287619e-01
9.243418890136521071e-01
8.968231297879223352e-01
4.714063428845012282e-01
6.869370672201824402e-01
8.724353840369195590e-01
4.706206709503658603e-01
9.184844156169221785e-01
8.583850732395804650e-01
9.544962672913337443e-02
2.014914760432090501e-01
2.853917085522047481e-01
3.706635379704348310e-01
3.359525845856018433e-01
5.178069692062995388e-01
7.031119675449040152e-01
4.649557004846275321e-01
4.803335345843073867e-01
9.210931480100508217e-01
3.518247989570149059e-01
9.652016440575977851e-01
1.941364714074773623e-01
1.068164574934290512e-01
1.492307728925904575e-01
1.520674017209446838e-01
4.384136007255511058e-02
1.166087153476127458e-01
8.563486446567547539e-01
8.775990181703985371e-01
1.390917916007710087e-01
4.045688369852991073e-01
4.784837394582481807e-01
4.199937111507515142e-01
9.555258372986406012e-01
9.452072066057182198e-01
3.712377066729474206e-01
8.281545709042200665e-01
7.272482958604857828e-01
2.829987111265948041e-01
5.594067711566628187e-01
7.966535471291300574e-01
6.507019792377854994e-02
1.594690096282393998e-01
5.496756227209753654e-01
9.005816201278225019e-01
1.007135128580882721e-01
8.311654195951594382e-01
4.348066065041057415e-01
5.952509537016898999e-01
4.561251184267858250e-01
4.918632634819219973e-01
7.528026274391277362e-01
7.463647324905580138e-01
9.048109868008316070e-01
3.905480418555549171e-01
5.935812781499327784e-02
6.746571642548135905e-01
1.733069200082121286e-01
2.819328875714504079e-01
9.799931530329670792e-01
8.463634001859494660e-01
2.081085020961047638e-01
7.755109489019922364e-01
4.014390171567253640e-01
6.325951401835914201e-01
3.620745173703370234e-01
7.347583980604266429e-01
6.822736591526574745e-01
8.370451094211027732e-01
8.823142090408868654e-01
2.314809901158291217e-01
1.394565690570477301e-01
7.395388758442518196e-01
1.633370531612856613e-01
3.259072020852091800e-01
4.847459990446365552e-01
6.598609306142626529e-01
3.631083335977055571e-01
7.996927535315059288e-01
5.603800262030558255e-01
6.655593700695620063e-01
1.623136873549273496e-01
9.485183537499413120e-01
7.339145822730871460e-01
8.333464800038554721e-01
6.095678377568143347e-01
1.807194804683690537e-01
1.522145925016955559e-01
9.377328365738257787e-01
1.525904864053106991e-01
3.236990503079018033e-01
6.595882640910417649e-01
8.509326419912195405e-01
3.002642331111665674e-01
7.065982726716808493e-01
4.895999339467792533e-01
7.609393628310839874e-01
7.600501294496586624e-02
9.415793441480531101e-01
6.779734629075127028e-01
8.292361382452636542e-01
7.474042767956508015e-01
2.052964056162125406e-01
3.889499429110712114e-01
9.103063139816107707e-01
1.612899254411664929e-01
3.922695453182465375e-01
5.481381533255182958e-01
7.395590465470540664e-01
2.393410300992672157e-01
7.428563267666898895e-02
3.739322574830188373e-01
7.303911120495608644e-01
3.453023330065447816e-01
9.365505959550866066e-01
6.839013113230407725e-01
7.991099280441974484e-01
5.873245494729539828e-01
2.160413540508729913e-01
6.002691763399026215e-01
1.976741596233120291e-01
1.886941181050790783e-01
7.123050999216662404e-02
3.174302242617368375e-01
7.947415554490967482e-01
7.443960130251131568e-02
4.565570940846501724e-01
7.392551589132594358e-01
6.340134250765530055e-01
8.219880022595744684e-01
5.938429098147219865e-01
8.559208744784634337e-01
7.955671715178257442e-01
6.470777203681890022e-01
1.691564011346392005e-01
1.900941312245185699e-02
5.127960133432092338e-01
3.864548958740465778e-02
3.044307159688222075e-01
6.104619613952733115e-01
6.167647863304939193e-01
6.266736098817937695e-02
4.589118678945807162e-01
2.643411321852934259e-01
3.940531211250573040e-01
9.492842487060451084e-01
6.202203200544604833e-01
2.812446824612568896e-01
2.926639156858953372e-01
7.293674422802387536e-01
9.779070355811196880e-01
8.208149517385928684e-01
9.285250159168533246e-01
2.719663211353580134e-01
4.497330434955189027e-01
9.114558113792257110e-01
8.426152048003406891e-01
1.822084493112265946e-01
1.458166009025674281e-01
2.856430314818748650e-01
2.931828466329382543e-01
9.243418890136418931e-01
8.968231297879214470e-01
4.714063428845134962e-01
6.869370672201622341e-01
8.724353840369255542e-01
4.706206709503640839e-01
9.184844156169311713e-01
8.583850732395813532e-01
9.544962672914514279e-02
2.014914760432026108e-01
2.853917085521895380e-01
3.706635379704337208e-01
3.359525845855977355e-01
5.178069692063023144e-01
7.031119675449115647e-01
4.649557004846394115e-01
4.803335345843185999e-01
9.210931480100414959e-01
3.518247989570224554e-01
9.652016440575839074e-01
1.941364714074673703e-01
1.068164574934247213e-01
1.492307728925824639e-01
1.520674017209444617e-01
4.384136007255484691e-02
