2.141122033484009479e-01
3.614556934702730651e-01
6.944806865550022801e-01
1.247340054510306939e-01
6.745168616856535015e-01
4.495403379422004964e-01
6.681726406415073871e-01
6.169354215575246769e-01
6.683814423673214433e-01
9.908884726053406311e-01
7.312195881123193519e-01
4.836745294530322425e-01
2.452237917848985038e-01
1.005644935118948924e-01
4.871267359865981694e-01
1.876682646243688635e-01
6.324352860308082303e-01
3.448353940725237265e-01
7.232359089074444913e-01
7.302404447977606239e-02
3.601891927356659640e-02
4.147719933438370199e-01
4.833803062486997648e-01
4.728558295315671289e-01
3.709580004778160189e-01
5.258604217325095753e-01
5.279427319342944180e-01
3.051980339210214055e-01
7.937580263088087618e-01
4.430779243679438539e-01
9.105143951808374325e-01
1.749674179727722656e-01
2.934223601832337547e-01
6.475934011335101603e-01
8.436982404014914394e-01
3.728108008653321370e-01
1.000000000000000000e+00
3.464363742034579086e-01
5.715318518177389118e-01
8.428109574989457453e-01
9.999999999999998890e-01
5.783965680776103069e-01
9.870622288568389191e-01
5.540194032868978047e-01
7.578218377573286979e-01
1.053393519817530377e-01
7.682377419766233118e-01
1.766816961796895402e-01
3.829074371223230022e-01
6.321344653911605826e-01
4.816877199607683124e-01
5.646065200190089062e-01
5.292643576728861543e-02
1.887422763089654509e-01
1.519984038759290002e-01
1.821647697921248144e-01
2.871243468590060077e-01
6.356545110777600538e-01
7.670433840106406498e-01
2.779366040998780818e-01
2.415391945598202583e-01
5.155699613590503105e-02
2.598614376478649568e-01
5.738900813361619280e-02
8.631594199293593506e-02
4.978718951401783777e-02
4.191540341988528873e-01
1.081337733552255598e-01
3.895149112853519835e-01
5.372140868249248857e-01
4.541290348936430910e-01
5.758443390010583585e-01
4.183271744592413910e-01
9.328583640129963772e-01
7.202665440995945634e-01
3.258335430869689908e-01
1.002088284135700391e-01
3.920976212309912334e-02
2.803145796583270677e-01
6.545266465124338628e-01
9.460361750083314814e-01
4.267355657530143009e-01
8.105691145195765834e-01
5.044137643688592076e-01
2.642038147348524380e-01
5.483113373335315455e-01
6.985590197086578579e-01
7.330295000437934139e-01
1.915005814981807220e-02
3.682163944737145700e-01
9.479575000678042151e-01
5.583320543767273936e-01
1.000000000000000000e+00
7.408864268022761213e-01
2.965803741079741096e-01
2.746717770599094166e-02
5.117960458519399403e-01
5.237472640793163770e-01
9.756503849121351823e-01
1.986297040133835345e-01
4.005132195608857026e-01
6.572171846429657460e-01
1.000000000000000222e+00
1.214564784879039738e-01
3.822383883174687025e-01
3.966437169269222407e-01
4.977283402716835559e-01
6.799651402507238540e-01
7.199578411281111201e-01
7.970699944716105323e-01
9.643543538553437378e-01
4.560034324698929442e-01
5.430854079583554705e-01
9.924957197453632141e-02
5.895475333604660584e-01
1.275291578762948186e-01
2.141122033484009479e-01
3.614556934702730651e-01
6.944806865550022801e-01
1.247340054510306939e-01
6.745168616856535015e-01
4.495403379422004964e-01
6.681726406415073871e-01
6.169354215575246769e-01
6.683814423673214433e-01
9.908884726053406311e-01
7.312195881123193519e-01
4.836745294530322425e-01
2.452237917848985038e-01
1.005644935118948924e-01
4.871267359865981694e-01
1.876682646243688635e-01
6.324352860308082303e-01
3.448353940725237265e-01
7.232359089074444913e-01
7.302404447977606239e-02
3.601891927356659640e-02
4.147719933438370199e-01
4.833803062486997648e-01
4.728558295315671289e-01
3.709580004778160189e-01
5.258604217325095753e-01
5.279427319342944180e-01
3.051980339210214055e-01
7.937580263088087618e-01
4.430779243679438539e-01
9.105143951808374325e-01
1.749674179727722656e-01
2.934223601832337547e-01
6.475934011335101603e-01
8.436982404014914394e-01
3.728108008653321370e-01
1.000000000000000000e+00
3.464363742034579086e-01
5.715318518177389118e-01
8.428109574989457453e-01
9.999999999999998890e-01
5.783965680776103069e-01
9.870622288568389191e-01
5.540194032868978047e-01
7.578218377573286979e-01
1.053393519817530377e-01
7.682377419766233118e-01
1.766816961796895402e-01
3.829074371223230022e-01
6.321344653911605826e-01
4.816877199607683124e-01
5.646065200190089062e-01
5.292643576728861543e-02
1.887422763089654509e-01
1.519984038759290002e-01
1.821647697921248144e-01
2.871243468590060077e-01
6.356545110777600538e-01
7.670433840106406498e-01
2.779366040998780818e-01
2.415391945598202583e-01
5.155699613590503105e-02
2.598614376478649568e-01
5.738900813361619280e-02
4.005132195608857026e-01
6.572171846429657460e-01
1.000000000000000222e+00
1.214564784879039738e-01
3.822383883174687025e-01
3.966437169269222407e-01
4.977283402716835559e-01
6.799651402507238540e-01
7.199578411281111201e-01
7.970699944716105323e-01
9.643543538553437378e-01
4.560034324698929442e-01
5.430854079583554705e-01
9.924957197453632141e-02
5.895475333604660584e-01
1.275291578762948186e-01
3.465184635775866440e-01
4.949255471195903588e-01
6.928476103283325305e-01
2.972135095413693806e-01
3.366568219949015450e-01
5.148473410057692323e-01
7.629457227411706732e-01
7.221949840091057560e-02
9.955497879011430129e-01
5.215911781854908336e-01
9.640334898375092498e-01
4.457365483490769442e-01
1.189965946139829311e-01
3.913858384206403418e-01
1.740646151622922133e-01
1.004755360187437052e-01
5.061946982724248034e-01
5.497101445898806560e-01
7.466593381566046794e-01
1.526481727014903367e-01
7.025754699462449793e-01
3.943050869425819283e-01
8.163764190289530820e-01
4.246816994990121330e-02
5.814753160920673736e-01
8.210280254035281500e-01
8.456857291408155231e-01
7.648956804720570268e-01
1.804042650340296206e-01
9.640992962836403279e-02
8.008987672576926009e-01
1.169300073379185845e-01
4.467176829148071793e-01
3.807844079302373785e-01
9.410503664755740516e-01
2.474188152786614969e-01
5.207732439947330150e-01
4.179314950120681660e-01
8.920656152409547346e-01
9.056280007221229056e-02
9.464791454776313451e-01
9.889477401194211037e-01
8.886025127441812277e-01
2.256483947938052737e-01
2.229300281779572623e-01
3.503148639846553891e-02
6.170069379573925872e-01
1.780477032260304737e-01
4.400512821641910932e-01
5.549961954390596475e-01
9.885318101998863405e-01
1.607055756042519157e-01
4.548761894517534543e-01
5.619614711606827351e-01
7.434215543706517160e-01
9.973594754832326714e-02
8.450653762980131489e-01
7.411865526928712589e-01
9.372240823304280877e-01
9.036098737046618368e-01
2.295339898222331643e-01
0.000000000000000000e+00
6.586290964629926137e-01
1.206283406531830638e-01
5.680512965108808210e-01
5.656863737121353708e-01
7.810762142535065955e-01
1.600846280123566778e-01
6.866481873618672793e-01
4.752932528281652580e-01
5.823385664242208826e-01
1.308316053959139857e-01
7.860085747050287175e-01
6.752155320500844438e-01
9.965932691250720676e-01
7.124598987596693078e-01
1.221264565024544613e-01
6.937104056254650430e-02
8.417848198460742282e-01
1.854640554396668195e-01
2.141122033484048615e-01
3.614556934702723989e-01
6.944806865549983943e-01
1.247340054510225893e-01
6.745168616856418442e-01
4.495403379421989420e-01
6.681726406415144925e-01
6.169354215575241218e-01
6.683814423673154481e-01
9.908884726053328595e-01
7.312195881123211283e-01
4.836745294530195860e-01
2.452237917849004467e-01
1.005644935118782390e-01
4.871267359865895097e-01
1.876682646243684194e-01
6.324352860308197766e-01
3.448353940725245037e-01
7.232359089074484881e-01
7.302404447977284274e-02
3.601891927356859480e-02
4.147719933438415163e-01
4.833803062487012081e-01
4.728558295315745674e-01
3.709580004778138540e-01
5.258604217325086871e-01
5.279427319342935299e-01
3.051980339210188520e-01
7.937580263087948840e-01
4.430779243679360269e-01
9.105143951808452041e-01
1.749674179727693790e-01
2.934223601832288697e-01
6.475934011335119367e-01
8.436982404015138659e-01
3.728108008653243655e-01
1.000000000000000222e+00
3.464363742034659022e-01
5.715318518177302520e-01
8.428109574989548491e-01
1.000000000000000000e+00
5.783965680776007590e-01
9.870622288568376979e-01
5.540194032869026897e-01
7.578218377573340270e-01
1.053393519817474866e-01
7.682377419766182047e-01
1.766816961796856544e-01
3.829074371223262774e-01
6.321344653911610267e-01
4.816877199607610405e-01
5.646065200190097944e-01
5.292643576728683907e-02
1.887422763089616762e-01
1.519984038759293332e-01
1.821647697921264797e-01
2.871243468590122250e-01
6.356545110777668262e-01
7.670433840106510859e-01
2.779366040998897391e-01
2.415391945598177603e-01
5.155699613591735453e-02
2.598614376478768917e-01
5.738900813361508257e-02
