1.015643884952059095e-01
2.140698190495123887e-01
2.088941955722165567e-01
2.304329015577502027e-01
3.454879294987002192e-01
6.120260697128030447e-01
4.284706811879273047e-01
4.969564172754270537e-01
6.976177776634850947e-02
9.403889093946959932e-01
4.693894557171407467e-01
6.303105922500693570e-01
5.029006612372831642e-01
3.665277493925661600e-01
5.426651006312455117e-02
1.502165190022093366e-01
3.700478235412301697e-01
6.618088796129351081e-01
9.348042604845356873e-01
5.155253794787271193e-01
7.163422930956809820e-01
9.297462333906827414e-01
4.981651128385007343e-01
7.219007898717538785e-01
9.873494529413573417e-02
5.629482885811374349e-01
4.777820251305977539e-01
5.305655058792274614e-01
4.759368366439531428e-01
8.199349367477497541e-01
7.450250170824641582e-01
6.421959837426305384e-01
3.398928519950561444e-02
3.881127081988011707e-02
3.493901539743444751e-01
5.831284138411763074e-02
7.081825642891180772e-01
6.020474964561477460e-01
5.186513149238536347e-01
7.791343409396975783e-01
1.861149092836354990e-01
3.508091680283551561e-01
3.818906071367684230e-01
3.838623728132123381e-01
6.999866204551601356e-01
5.972477260110738984e-01
5.169842011334828680e-01
3.778590866680714422e-01
2.782653461909651016e-01
7.793506784421967426e-01
8.426482680498299516e-01
2.933317168158500188e-01
3.339170288158865851e-01
9.388439940244270865e-01
2.607934618442339092e-01
7.732653076117501634e-01
5.295047563660060241e-02
8.825464533723905713e-01
3.565509583068282584e-02
6.672405946787569597e-01
3.659320754722562019e-01
2.889488672326091523e-01
5.862136358231927469e-01
2.021412567040823671e-01
1.164760083845677585e-01
7.712291020829575849e-02
4.118241052151550008e-01
1.436937524643103758e-01
4.445947728464199056e-01
5.294061810253249956e-01
4.788240325488308802e-01
5.893253472309407659e-01
4.159682657829004704e-01
8.730583589436327063e-01
7.122023656690841253e-01
3.516351817042594474e-01
5.621360623867288631e-02
3.298410237551685498e-02
3.104373768537853628e-01
6.818150191242050573e-01
9.458389265942110935e-01
4.197307133388641365e-01
7.660059583507716763e-01
4.885442985523034132e-01
1.994993059069496422e-01
5.411730208677208998e-01
7.151640221297409505e-01
6.794398285760829825e-01
5.112246129338315903e-02
3.329202053975014453e-01
9.013310078323595320e-01
5.684038167322553736e-01
8.927122609128601560e-01
7.905790015691209760e-01
3.117280156176901462e-01
9.054350592001392251e-02
2.709385788378351201e-01
9.669000124507651783e-01
5.599732284301579543e-01
4.695946552823229148e-01
2.046088795654255055e-01
4.397149912646003411e-01
6.784430085727424231e-01
1.357729817311588150e-01
6.568606733706852108e-01
9.489474539981169743e-01
4.782125470224626307e-01
9.411531409790245828e-01
3.783418799432047841e-02
7.737022748920979742e-01
4.166722900382272554e-01
7.172210081171066509e-01
5.734278498135337854e-01
6.946540272847367969e-01
3.268837547116447695e-01
3.353154603733701222e-01
1.015643884952059095e-01
2.140698190495123887e-01
2.088941955722165567e-01
2.304329015577502027e-01
3.454879294987002192e-01
6.120260697128030447e-01
4.284706811879273047e-01
4.969564172754270537e-01
6.976177776634850947e-02
9.403889093946959932e-01
4.693894557171407467e-01
6.303105922500693570e-01
5.029006612372831642e-01
3.665277493925661600e-01
5.426651006312455117e-02
1.502165190022093366e-01
3.700478235412301697e-01
6.618088796129351081e-01
9.348042604845356873e-01
5.155253794787271193e-01
7.163422930956809820e-01
9.297462333906827414e-01
4.981651128385007343e-01
7.219007898717538785e-01
9.873494529413573417e-02
5.629482885811374349e-01
4.777820251305977539e-01
5.305655058792274614e-01
4.759368366439531428e-01
8.199349367477497541e-01
7.450250170824641582e-01
6.421959837426305384e-01
3.398928519950561444e-02
3.881127081988011707e-02
3.493901539743444751e-01
5.831284138411763074e-02
7.081825642891180772e-01
6.020474964561477460e-01
5.186513149238536347e-01
7.791343409396975783e-01
1.861149092836354990e-01
3.508091680283551561e-01
3.818906071367684230e-01
3.838623728132123381e-01
6.999866204551601356e-01
5.972477260110738984e-01
5.169842011334828680e-01
3.778590866680714422e-01
2.782653461909651016e-01
7.793506784421967426e-01
8.426482680498299516e-01
2.933317168158500188e-01
3.339170288158865851e-01
9.388439940244270865e-01
2.607934618442339092e-01
7.732653076117501634e-01
5.295047563660060241e-02
8.825464533723905713e-01
3.565509583068282584e-02
6.672405946787569597e-01
3.659320754722562019e-01
2.889488672326091523e-01
5.862136358231927469e-01
2.021412567040823671e-01
2.046088795654255055e-01
4.397149912646003411e-01
6.784430085727424231e-01
1.357729817311588150e-01
6.568606733706852108e-01
9.489474539981169743e-01
4.782125470224626307e-01
9.411531409790245828e-01
3.783418799432047841e-02
7.737022748920979742e-01
4.166722900382272554e-01
7.172210081171066509e-01
5.734278498135337854e-01
6.946540272847367969e-01
3.268837547116447695e-01
3.353154603733701222e-01
1.553832907978152100e-01
5.919021673794087057e-01
4.002912589677887212e-02
3.303817420546505401e-01
2.527303155724194283e-01
9.489705885479473579e-01
7.472790468323813329e-01
7.019690983572184351e-01
4.360675801603659529e-01
5.141893136783523000e-01
5.170524850361452041e-01
2.643386791573796302e-01
1.565846347392877425e-01
9.273566195777653842e-01
1.974742770544004600e-01
3.400858805842303934e-01
1.545307729025927612e-01
8.603254835829456937e-01
9.218454331144787517e-02
1.659457773570232053e-01
9.159669250131523555e-01
8.343423083770706850e-01
7.722987972752195507e-01
8.136994874466094707e-01
9.070573251775382317e-02
7.659200881281288398e-01
3.976410622563713027e-01
6.155880398673736487e-01
2.039418286530874092e-01
7.003896658735402347e-01
6.752397215914136552e-01
4.453322492412331579e-01
2.698651207574263022e-01
3.096391332341488223e-01
5.827351345288356299e-02
2.677316644345345553e-01
6.263919048911219534e-01
8.733236940861476283e-01
8.662972357952443136e-01
9.636753872973873314e-01
1.388259315448170383e-02
9.467564208156826755e-01
4.385542004127340743e-01
2.911760605903168653e-01
2.595843743048112939e-01
9.631539567277296321e-01
3.940644571038944832e-01
3.929456807196033408e-01
2.108402021877683330e-01
9.572340531444760714e-01
1.785572502373167225e-02
2.148787954111813781e-01
5.599715921192442991e-01
9.483282239906097866e-01
7.454350904989823778e-01
9.684085652481262407e-01
3.430725939739698305e-03
7.079860454126108982e-01
5.660946428930013763e-01
4.453040508083798699e-01
2.624338112942167234e-01
8.948978618984839706e-01
4.784608452358218855e-01
3.859064941949232885e-01
2.260173465091401823e-01
9.187497334346881317e-01
1.530717870896007859e-01
1.851922411162840731e-01
9.069566505444441873e-01
9.434150168238284451e-01
5.736165036377149917e-01
8.876801684523365488e-01
1.766592841629308630e-01
6.057071159971351149e-01
5.275983381205164857e-01
5.233912873794759335e-01
1.612163492166349688e-01
9.357721004897405770e-01
5.041954454122024032e-01
4.968106672947120162e-01
1.015643884952010523e-01
2.140698190495127218e-01
2.088941955722182775e-01
2.304329015577453732e-01
3.454879294986850091e-01
6.120260697128012684e-01
4.284706811879510635e-01
4.969564172754284970e-01
6.976177776637138006e-02
9.403889093946797839e-01
4.693894557171438553e-01
6.303105922500680247e-01
5.029006612372852736e-01
3.665277493925612751e-01
5.426651006311622449e-02
1.502165190022144992e-01
3.700478235412307249e-01
6.618088796129278917e-01
9.348042604845352432e-01
5.155253794787338917e-01
7.163422930956897527e-01
9.297462333906754139e-01
4.981651128384977367e-01
7.219007898717457739e-01
9.873494529414800214e-02
5.629482885811317727e-01
4.777820251305952004e-01
5.305655058792422274e-01
4.759368366439440390e-01
8.199349367477534178e-01
7.450250170824663787e-01
6.421959837426344242e-01
3.398928519949739879e-02
3.881127081988566818e-02
3.493901539743550777e-01
5.831284138409942308e-02
7.081825642891104167e-01
6.020474964561457476e-01
5.186513149238461962e-01
7.791343409396991326e-01
1.861149092836512642e-01
3.508091680283411673e-01
3.818906071367784705e-01
3.838623728132203317e-01
6.999866204551548066e-01
5.972477260110592434e-01
5.169842011334622178e-01
3.778590866680784366e-01
2.782653461909683767e-01
7.793506784421996292e-01
8.426482680498319500e-01
2.933317168158499633e-01
3.339170288158866962e-01
9.388439940244399651e-01
2.607934618442339092e-01
7.732653076117347313e-01
5.295047563661070544e-02
8.825464533723900162e-01
3.565509583069126354e-02
6.672405946787581810e-01
3.659320754722609204e-01
2.889488672326151475e-01
5.862136358232068467e-01
2.021412567040829777e-01
