2.238002323923709846e-01
3.849787079474927820e-01
6.208282243829658098e-01
1.423763531919762237e-01
6.605922347533669248e-01
4.117950436896178346e-01
7.207715886418959439e-01
6.529331131842677216e-01
6.640179986385487121e-01
8.271321411131657975e-01
7.057245829100509127e-01
4.686585106367204823e-01
1.900204643469312060e-01
7.703878808875941342e-02
5.295795176375298619e-01
2.153544391755168319e-01
5.646860445225452274e-01
4.231957811141044967e-01
6.979665276768269866e-01
1.337856684904970006e-02
0.000000000000000000e+00
3.302535736291374868e-01
5.050325033321017010e-01
4.527756563500348053e-01
2.931411518040401010e-01
5.635568488588773572e-01
5.297092077534037990e-01
3.588861188085455955e-01
8.771520630936590068e-01
3.806511636077080651e-01
9.999999999999997780e-01
1.449618892721822316e-01
3.678940808697266363e-01
6.026099252435664910e-01
7.805247428852166713e-01
3.341850277601248198e-01
9.908622615317524973e-01
3.452361023175843369e-01
5.823207973830347717e-01
9.595009583362330563e-01
8.672744970229168127e-01
6.192453421175369010e-01
9.605046350076211770e-01
5.882707301954409607e-01
8.160109039289937805e-01
8.068114590776792605e-02
7.623763174190048009e-01
2.138976291080688652e-01
3.617851594244047009e-01
6.196945480455789967e-01
5.015028621971281408e-01
6.271971773630249380e-01
2.515925328241808145e-02
2.018894371253012743e-01
1.124158404342755491e-01
1.363641930418993953e-01
4.063857189811302950e-01
7.276081925502315695e-01
7.779662142170827854e-01
2.776693766915738770e-01
2.150212581949800250e-01
5.429135148868058369e-02
3.270458742066663094e-01
6.340788072532127506e-02
9.514798273086480518e-02
8.913331009564973151e-02
3.115365882561624833e-01
1.321314638429950117e-01
3.817901772558789375e-01
5.353639234781819578e-01
5.115364762119321007e-01
5.874320097084162473e-01
3.883605115680004438e-01
9.150987699997992220e-01
6.922580260199200364e-01
3.224833323537146246e-01
5.865155577657499286e-02
2.862420512745478263e-02
2.772234222222056399e-01
6.957976076050379488e-01
9.921413590281280559e-01
4.010620488371035020e-01
7.456188319524696961e-01
5.166799040515096531e-01
2.042682501161685593e-01
5.727807296060245523e-01
7.695824728729770969e-01
6.605254022956354998e-01
6.159416330633349368e-02
3.193515366240203823e-01
1.000000000000000000e+00
5.827190442431575690e-01
8.938362175658420838e-01
7.669057688096510006e-01
2.722073887852934915e-01
8.122133620244853525e-02
4.897731881837179557e-01
5.095006508151840308e-01
9.833876003900445806e-01
2.228100947966302758e-01
3.943569502168445817e-01
6.745243434256227300e-01
9.138852458714399329e-01
1.206810810395784195e-01
3.373231794911519810e-01
3.585738926971403506e-01
5.059981275541615142e-01
7.174197049961550388e-01
6.836944057124776375e-01
8.272677755451282033e-01
9.535357028626797460e-01
4.906006118900261281e-01
5.553783331128639977e-01
5.264752220888913037e-02
7.042926594217400194e-01
1.377934155127275018e-01
2.238002323923709846e-01
3.849787079474927820e-01
6.208282243829658098e-01
1.423763531919762237e-01
6.605922347533669248e-01
4.117950436896178346e-01
7.207715886418959439e-01
6.529331131842677216e-01
6.640179986385487121e-01
8.271321411131657975e-01
7.057245829100509127e-01
4.686585106367204823e-01
1.900204643469312060e-01
7.703878808875941342e-02
5.295795176375298619e-01
2.153544391755168319e-01
5.646860445225452274e-01
4.231957811141044967e-01
6.979665276768269866e-01
1.337856684904970006e-02
0.000000000000000000e+00
3.302535736291374868e-01
5.050325033321017010e-01
4.527756563500348053e-01
2.931411518040401010e-01
5.635568488588773572e-01
5.297092077534037990e-01
3.588861188085455955e-01
8.771520630936590068e-01
3.806511636077080651e-01
9.999999999999997780e-01
1.449618892721822316e-01
3.678940808697266363e-01
6.026099252435664910e-01
7.805247428852166713e-01
3.341850277601248198e-01
9.908622615317524973e-01
3.452361023175843369e-01
5.823207973830347717e-01
9.595009583362330563e-01
8.672744970229168127e-01
6.192453421175369010e-01
9.605046350076211770e-01
5.882707301954409607e-01
8.160109039289937805e-01
8.068114590776792605e-02
7.623763174190048009e-01
2.138976291080688652e-01
3.617851594244047009e-01
6.196945480455789967e-01
5.015028621971281408e-01
6.271971773630249380e-01
2.515925328241808145e-02
2.018894371253012743e-01
1.124158404342755491e-01
1.363641930418993953e-01
4.063857189811302950e-01
7.276081925502315695e-01
7.779662142170827854e-01
2.776693766915738770e-01
2.150212581949800250e-01
5.429135148868058369e-02
3.270458742066663094e-01
6.340788072532127506e-02
3.943569502168445817e-01
6.745243434256227300e-01
9.138852458714399329e-01
1.206810810395784195e-01
3.373231794911519810e-01
3.585738926971403506e-01
5.059981275541615142e-01
7.174197049961550388e-01
6.836944057124776375e-01
8.272677755451282033e-01
9.535357028626797460e-01
4.906006118900261281e-01
5.553783331128639977e-01
5.264752220888913037e-02
7.042926594217400194e-01
1.377934155127275018e-01
3.256374858106054759e-01
3.922167973894499227e-01
6.768358545438555307e-01
3.206575875537986953e-01
2.512607804075215334e-01
5.092125506550615466e-01
7.977757597171606374e-01
4.559007293332806299e-02
1.000000000000000000e+00
5.187452260584818342e-01
9.404859945529419063e-01
5.409173954323369671e-01
1.242369766028165179e-01
4.324026709727133433e-01
2.072338435299734272e-01
1.114890628173689224e-01
4.873872143505717514e-01
5.943055538466639476e-01
6.805957367903201494e-01
1.350698426556149467e-01
6.114235466526563023e-01
3.650427021618531942e-01
8.268682612418167821e-01
1.098270465615938107e-01
6.126255940812095346e-01
8.175149906048643222e-01
8.468467903554468545e-01
7.763916821157788029e-01
1.659957149662045772e-01
8.005008390291168396e-02
9.075690746657927299e-01
1.554262859902924010e-01
4.356876472367892106e-01
3.255961899778245794e-01
9.115186396264864932e-01
2.373242704229564515e-01
4.638450664062157003e-01
4.066254274667927548e-01
8.931472246270601989e-01
8.647560247567254166e-02
9.159589017430818103e-01
9.728214089016915533e-01
9.022684888079377519e-01
3.310219893978736394e-01
2.152987070840711725e-01
5.984797331035585088e-02
6.717560043084214172e-01
2.135485765168062544e-01
4.123992778894192135e-01
4.556602888049905431e-01
9.532611857504771358e-01
1.859879970818237860e-01
5.088864258336149859e-01
5.416477453618538940e-01
7.258128989511754003e-01
8.208515361430634982e-02
8.315749288955358587e-01
7.450025644560179794e-01
9.628202640862424389e-01
8.794804699850589103e-01
2.025607136647761264e-01
4.275267266975424363e-02
7.345409963896889494e-01
1.600469124566739065e-01
5.480535736020799575e-01
5.642888918208788240e-01
7.563166516999735300e-01
1.437100303953318114e-01
5.767579115690386615e-01
4.691180690760674565e-01
5.790409285440716314e-01
1.574746824071375784e-01
7.936719291006726351e-01
6.589320797864234303e-01
9.932948084197859018e-01
8.640605386576831748e-01
1.186538411545896565e-01
5.790767506707883427e-02
9.739574973970261951e-01
2.099111607652357492e-01
2.238002323923678483e-01
3.849787079474874529e-01
6.208282243829676972e-01
1.423763531919662317e-01
6.605922347533603745e-01
4.117950436896318234e-01
7.207715886419121532e-01
6.529331131842809333e-01
6.640179986385518207e-01
8.271321411131500323e-01
7.057245829100353696e-01
4.686585106367133768e-01
1.900204643469329269e-01
7.703878808874553563e-02
5.295795176375309721e-01
2.153544391755246035e-01
5.646860445225383440e-01
4.231957811141143777e-01
6.979665276768238780e-01
1.337856684903671045e-02
0.000000000000000000e+00
3.302535736291282165e-01
5.050325033320972601e-01
4.527756563500373588e-01
2.931411518040417108e-01
5.635568488588801328e-01
5.297092077533941401e-01
3.588861188085534781e-01
8.771520630936480156e-01
3.806511636077137828e-01
1.000000000000000000e+00
1.449618892721800112e-01
3.678940808697286347e-01
6.026099252435771492e-01
7.805247428852226665e-01
3.341850277601206010e-01
9.908622615317501658e-01
3.452361023175867794e-01
5.823207973830307749e-01
9.595009583362297256e-01
8.672744970229094852e-01
6.192453421175302397e-01
9.605046350076321682e-01
5.882707301954567258e-01
8.160109039289820121e-01
8.068114590775848916e-02
7.623763174189943648e-01
2.138976291080676440e-01
3.617851594244104185e-01
6.196945480455705590e-01
5.015028621971377998e-01
6.271971773630338198e-01
2.515925328241086500e-02
2.018894371252939468e-01
1.124158404342747164e-01
1.363641930419093873e-01
4.063857189811289627e-01
7.276081925502445591e-01
7.779662142170934436e-01
2.776693766915808714e-01
2.150212581949778601e-01
5.429135148869457250e-02
3.270458742066672531e-01
6.340788072532205222e-02
