1.169520491466637668e-01
2.762526767411280781e-01
3.886495825566543827e-01
2.105920964426223341e-01
5.989288351966207680e-01
1.000000000000000000e+00
1.655078945427930215e-01
3.777367276927305895e-01
3.543559115255566772e-01
5.655158177460697377e-01
7.207674211938186470e-01
3.287849960162225749e-01
5.895150712575303320e-01
5.679547244572854536e-01
4.364635982316299456e-01
1.614050016504235407e-01
5.433079140779111249e-01
9.031129231704206894e-01
7.354236386078889520e-01
9.532240770554076814e-01
9.441153818091275740e-01
5.663496225408348739e-01
3.079206791108169972e-01
9.388382523384334322e-01
1.963635866784293471e-01
3.386157621918541860e-01
3.318770511588660099e-01
1.078129229255908594e-02
1.791064406204928017e-01
7.900753370984769930e-01
5.299363941174510817e-01
8.976477322217299992e-01
1.309800489037367122e-01
2.596716582558431519e-01
5.110815812931435165e-01
3.790085053774012724e-01
5.212048028471502059e-01
6.472191432784966114e-01
3.060618910084776378e-01
4.729503195360946766e-01
2.298897699456955435e-01
3.910600419197427513e-01
4.030931966937469357e-01
6.343540193092011004e-01
2.647515004825955476e-01
4.690514057952387406e-01
5.149737502073936657e-01
4.232713029887241740e-01
2.748706264920895981e-01
4.897869757853440253e-01
4.972548105258913775e-01
2.965361930947583158e-01
6.882439526850029354e-01
5.668656505183347072e-01
1.746972686549569942e-01
6.917955663029167201e-01
4.697597440965638471e-01
7.534223939456474728e-01
3.209853033398176736e-01
6.605613646554344687e-01
3.803425265081611939e-01
2.443882205656592310e-01
9.866901809671365653e-01
1.722377319508593685e-01
1.060982951302694433e-01
1.477377871748970506e-01
8.668687121087601533e-01
1.392319730247028042e-01
5.782592015755527726e-01
9.668671961496395628e-01
3.870134735890251587e-02
3.614711168967141841e-01
5.363573525089266880e-01
5.199039424897506922e-01
1.000000000000000000e+00
4.062435043310335114e-01
4.051743352086696337e-01
6.093491994123179101e-01
6.825092298976880301e-01
8.187495529692566665e-01
7.007811580208858082e-01
9.141083669023324365e-01
5.644686657449318190e-01
3.192280830600242592e-01
1.951036271331509919e-01
3.226131055406257775e-01
2.814550851993919967e-01
7.524269240026260075e-01
7.135332813658279427e-02
3.838368437932998534e-01
6.889378008346218607e-01
6.196112069352175400e-01
6.291468553962888954e-01
3.815972919344885472e-01
3.177318920774175881e-01
6.144927803508584141e-01
4.127336595212045545e-01
8.024465369117956826e-01
5.172393273472135622e-01
4.961868425598527921e-01
2.749158097185433469e-01
5.472080497627647144e-01
6.252917581161214766e-01
3.484476442982189504e-01
9.627639647464059092e-01
8.575607553214529277e-01
2.685713846349577771e-01
8.241891922974164952e-01
3.534624878717544938e-01
5.463048858956857101e-01
5.186945490237676593e-01
4.273571876765867028e-01
3.877527149642037152e-01
6.678330861647647776e-01
6.331962537331121688e-01
4.013224375248048981e-01
1.169520491466637668e-01
2.762526767411280781e-01
3.886495825566543827e-01
2.105920964426223341e-01
5.989288351966207680e-01
1.000000000000000000e+00
1.655078945427930215e-01
3.777367276927305895e-01
3.543559115255566772e-01
5.655158177460697377e-01
7.207674211938186470e-01
3.287849960162225749e-01
5.895150712575303320e-01
5.679547244572854536e-01
4.364635982316299456e-01
1.614050016504235407e-01
5.433079140779111249e-01
9.031129231704206894e-01
7.354236386078889520e-01
9.532240770554076814e-01
9.441153818091275740e-01
5.663496225408348739e-01
3.079206791108169972e-01
9.388382523384334322e-01
1.963635866784293471e-01
3.386157621918541860e-01
3.318770511588660099e-01
1.078129229255908594e-02
1.791064406204928017e-01
7.900753370984769930e-01
5.299363941174510817e-01
8.976477322217299992e-01
1.309800489037367122e-01
2.596716582558431519e-01
5.110815812931435165e-01
3.790085053774012724e-01
5.212048028471502059e-01
6.472191432784966114e-01
3.060618910084776378e-01
4.729503195360946766e-01
2.298897699456955435e-01
3.910600419197427513e-01
4.030931966937469357e-01
6.343540193092011004e-01
2.647515004825955476e-01
4.690514057952387406e-01
5.149737502073936657e-01
4.232713029887241740e-01
2.748706264920895981e-01
4.897869757853440253e-01
4.972548105258913775e-01
2.965361930947583158e-01
6.882439526850029354e-01
5.668656505183347072e-01
1.746972686549569942e-01
6.917955663029167201e-01
4.697597440965638471e-01
7.534223939456474728e-01
3.209853033398176736e-01
6.605613646554344687e-01
3.803425265081611939e-01
2.443882205656592310e-01
9.866901809671365653e-01
1.722377319508593685e-01
2.749158097185433469e-01
5.472080497627647144e-01
6.252917581161214766e-01
3.484476442982189504e-01
9.627639647464059092e-01
8.575607553214529277e-01
2.685713846349577771e-01
8.241891922974164952e-01
3.534624878717544938e-01
5.463048858956857101e-01
5.186945490237676593e-01
4.273571876765867028e-01
3.877527149642037152e-01
6.678330861647647776e-01
6.331962537331121688e-01
4.013224375248048981e-01
3.303552477728513015e-01
7.672486753996774489e-01
3.240501365473713591e-01
2.299000454055606379e-01
4.444447961341650988e-01
7.177166901335854110e-01
4.600018243315875388e-01
8.915015200553635388e-01
1.812883040317425642e-01
5.714550424238992177e-01
4.443317142597594804e-01
4.581828641879774899e-01
3.827041429300411801e-01
5.921068633910862022e-01
4.117079974253932129e-01
3.017625148226230625e-01
3.066178173657720940e-01
9.136864775306987596e-01
1.530051287172304875e-01
2.849731296308111173e-01
6.544932042382280990e-01
6.834519263389537969e-01
8.119495031097727633e-01
5.987734463849658795e-01
5.071837521737738719e-01
4.873489187430545266e-01
3.378816454386819323e-01
7.250607615134874173e-01
2.341673115045488363e-01
9.359581509990952952e-01
4.325792825587559953e-01
4.482022088626037570e-01
4.410382256584541860e-01
3.266541311815114312e-01
2.016432142014878970e-01
3.403388295557209231e-01
6.693524595034956448e-01
7.702967724988002418e-01
7.300219650546986294e-01
7.699271056479024544e-01
1.142841015422049189e-01
6.939790869965587472e-01
4.824168498799341620e-01
3.324622361080136201e-01
3.312670166695688145e-01
9.482257502964337448e-01
1.345853354889001707e-01
4.430254030294554779e-01
3.758642347202161282e-01
6.607450868303255120e-01
2.035558907538983497e-01
3.421494588948630344e-01
4.444871697165178048e-01
7.726760740686834383e-01
6.069372517488920149e-01
9.540447365142550318e-01
2.154708553846185204e-01
7.089789054795508916e-01
5.105454755853735538e-01
1.826455851683217446e-02
3.442677703596040972e-01
7.754459392612691460e-01
3.871287333971924483e-01
4.340796236743516001e-01
3.860575004367978735e-01
7.253474280074287961e-01
4.823546705564281112e-01
2.344706018825746252e-01
7.361300909711161466e-01
6.904350928803626442e-01
5.432596381812460073e-01
9.802818242693858153e-01
3.962663373976864634e-01
6.810696132863002239e-01
3.636540524224156634e-01
2.550948500589687029e-01
2.607379835333765161e-01
7.378899347711200818e-01
5.121464200646617115e-01
5.305617757855664030e-01
1.169520491466673473e-01
2.762526767411345174e-01
3.886495825566453344e-01
2.105920964426237219e-01
5.989288351966091106e-01
9.999999999999997780e-01
1.655078945427905790e-01
3.777367276927333650e-01
3.543559115255708880e-01
5.655158177460615221e-01
7.207674211938104314e-01
3.287849960162102514e-01
5.895150712575363272e-01
5.679547244572690223e-01
4.364635982316288354e-01
1.614050016504300911e-01
5.433079140779049077e-01
9.031129231704148053e-01
7.354236386078927268e-01
9.532240770554144538e-01
9.441153818091310157e-01
5.663496225408346518e-01
3.079206791108186625e-01
9.388382523384295464e-01
1.963635866784346207e-01
3.386157621918535199e-01
3.318770511588692296e-01
1.078129229255686550e-02
1.791064406204843640e-01
7.900753370984822110e-01
5.299363941174559667e-01
8.976477322217345511e-01
1.309800489037333815e-01
2.596716582558524777e-01
5.110815812931552848e-01
3.790085053773895041e-01
5.212048028471418792e-01
6.472191432784966114e-01
3.060618910084815236e-01
4.729503195360835743e-01
2.298897699456902144e-01
3.910600419197324262e-01
4.030931966937485456e-01
6.343540193091948831e-01
2.647515004825922169e-01
4.690514057952361870e-01
5.149737502073732376e-01
4.232713029887287259e-01
2.748706264920805498e-01
4.897869757853311468e-01
4.972548105259010920e-01
2.965361930947573721e-01
6.882439526850089306e-01
5.668656505183486960e-01
1.746972686549537190e-01
6.917955663029097257e-01
4.697597440965616267e-01
7.534223939456464736e-01
3.209853033398167854e-01
6.605613646554447937e-01
3.803425265081620266e-01
2.443882205656666695e-01
9.866901809671491108e-01
1.722377319508611448e-01
