7.617986848252679133e-01
6.776833988676630449e-01
9.340944678085437713e-01
4.687245116182578997e-01
3.487427972202904458e-01
1.179955356912110176e-01
7.291154528966776738e-01
2.866174516056162469e-01
6.238400971396184103e-01
5.380926094707756402e-01
6.067566227956919800e-01
1.746038836087907553e-01
4.529373184221872073e-01
8.335545096101916185e-01
5.473134942635581313e-01
4.853379990348091755e-01
9.057702286072077946e-01
0.000000000000000000e+00
4.727235941527352381e-02
4.006977392904322866e-01
7.832373343220466744e-02
1.288931694546650575e-01
4.623500410117468151e-01
1.099534124256309475e-01
7.963794306119603705e-01
6.606784268332346333e-01
5.795327416586965041e-01
1.489994610240209516e-01
4.462712460417864735e-01
3.114906745108117492e-01
1.729057301990177820e-02
4.419514657567826799e-01
1.000000000000000000e+00
2.227096223426860977e-01
5.823569122419777200e-01
9.667765429609658234e-01
5.841435138545766348e-01
3.373717307046784630e-01
7.131981063646943841e-01
2.882180495057704572e-01
4.836056298597862790e-01
5.991587349826901221e-01
5.013778929894328051e-01
2.805127963998798046e-01
1.968660106722650571e-01
1.234882571349926739e-02
3.272171393463862987e-02
6.509309652699549753e-01
6.366470631635811062e-01
2.659640210002053307e-01
2.795382191802016081e-01
5.867076561485546904e-01
4.000345833059221201e-01
1.512775372623531567e-01
4.394581025349616477e-01
7.631205552314290763e-02
6.215104919148376483e-01
1.441814889169834579e-02
2.665323989739861732e-01
3.184858722226147076e-02
5.736528168052357213e-01
3.666499890877171763e-01
7.529406084059701021e-01
4.393963632429256361e-01
6.114293190004006506e-01
5.623012774754236887e-01
9.480895732537102383e-01
4.471593035880522260e-01
6.474425351547830054e-02
1.220961564529481347e-01
3.876076050119747762e-01
2.284670550334308992e-01
3.285979392096829432e-01
4.055851691938634485e-01
4.208734383344614471e-01
4.638078069242540513e-01
9.781053743931613642e-01
3.082793664865619565e-01
7.790280335309309745e-01
5.651676295272856088e-03
6.812668351270367850e-03
0.000000000000000000e+00
3.636285071513711276e-01
5.176602578265668830e-01
6.335317851617018325e-01
6.864957680102723447e-01
3.239104707553542850e-01
5.082873360611364077e-01
6.324449385590185102e-01
1.275983368944011431e-02
2.633678455506849314e-01
5.657703218293603786e-01
5.149796149398664369e-01
2.177094255078351193e-01
5.965732921110840081e-01
4.946025442043935350e-01
7.849635959630765214e-01
2.992001794084191424e-01
6.666044256986547456e-01
3.847173040622844375e-01
9.069233560788164672e-01
2.389935986994109474e-01
6.043883926374442606e-01
5.565824434215660421e-01
2.597969405305506907e-01
1.866869408721724133e-01
6.333627384647316783e-01
1.093911315504167980e-01
8.750321091455681710e-01
6.165479952615277037e-01
6.252336767629377290e-01
2.627387140533921084e-02
4.709817953619949149e-01
3.764143514145557035e-01
1.490522643138447734e-02
5.350431521503775656e-01
7.617986848252679133e-01
6.776833988676630449e-01
9.340944678085437713e-01
4.687245116182578997e-01
3.487427972202904458e-01
1.179955356912110176e-01
7.291154528966776738e-01
2.866174516056162469e-01
6.238400971396184103e-01
5.380926094707756402e-01
6.067566227956919800e-01
1.746038836087907553e-01
4.529373184221872073e-01
8.335545096101916185e-01
5.473134942635581313e-01
4.853379990348091755e-01
9.057702286072077946e-01
0.000000000000000000e+00
4.727235941527352381e-02
4.006977392904322866e-01
7.832373343220466744e-02
1.288931694546650575e-01
4.623500410117468151e-01
1.099534124256309475e-01
7.963794306119603705e-01
6.606784268332346333e-01
5.795327416586965041e-01
1.489994610240209516e-01
4.462712460417864735e-01
3.114906745108117492e-01
1.729057301990177820e-02
4.419514657567826799e-01
1.000000000000000000e+00
2.227096223426860977e-01
5.823569122419777200e-01
9.667765429609658234e-01
5.841435138545766348e-01
3.373717307046784630e-01
7.131981063646943841e-01
2.882180495057704572e-01
4.836056298597862790e-01
5.991587349826901221e-01
5.013778929894328051e-01
2.805127963998798046e-01
1.968660106722650571e-01
1.234882571349926739e-02
3.272171393463862987e-02
6.509309652699549753e-01
6.366470631635811062e-01
2.659640210002053307e-01
2.795382191802016081e-01
5.867076561485546904e-01
4.000345833059221201e-01
1.512775372623531567e-01
4.394581025349616477e-01
7.631205552314290763e-02
6.215104919148376483e-01
1.441814889169834579e-02
2.665323989739861732e-01
3.184858722226147076e-02
5.736528168052357213e-01
3.666499890877171763e-01
7.529406084059701021e-01
4.393963632429256361e-01
9.069233560788164672e-01
2.389935986994109474e-01
6.043883926374442606e-01
5.565824434215660421e-01
2.597969405305506907e-01
1.866869408721724133e-01
6.333627384647316783e-01
1.093911315504167980e-01
8.750321091455681710e-01
6.165479952615277037e-01
6.252336767629377290e-01
2.627387140533921084e-02
4.709817953619949149e-01
3.764143514145557035e-01
1.490522643138447734e-02
5.350431521503775656e-01
6.608838311477778227e-01
7.263759885950049622e-01
8.286769147974062388e-01
4.107545296588244188e-01
6.782939478617358020e-01
3.662714981848127493e-01
3.115564174176594925e-01
1.560513909496663576e-01
5.923885949928604511e-01
3.804367760699475243e-01
6.219708620290610446e-01
6.738249702244782924e-01
5.323385100660439351e-01
8.103428937652945585e-02
3.132607309883184143e-01
2.611673921992756497e-01
7.312430917212631165e-01
9.626574912110426041e-01
9.709258668982654328e-01
3.059852868092973743e-01
6.836520152070142409e-01
1.765120325444748950e-01
5.130366891349089631e-01
2.720697910103604400e-01
1.000000000000000000e+00
2.962759426592443956e-01
5.473966921839601429e-01
7.081453514339721700e-01
3.526736045256282370e-01
4.922515196573171714e-01
3.670006679730066779e-01
3.157582803917823311e-01
7.937012131372862545e-01
4.934089533001406735e-01
8.871194945184330827e-01
4.776672944964480694e-01
8.556702218985723363e-01
3.450718030948743964e-01
4.454050093382275755e-01
8.614215617658116386e-02
8.885298632794835783e-01
4.491701859045542644e-01
6.507239306040204507e-01
2.885945323084211367e-01
3.881659543559068393e-01
1.486307268731983378e-01
6.864408258903234028e-01
3.470074672032070762e-01
7.906696541416824431e-01
4.445520651440109106e-01
9.106819911232157949e-01
4.425009314780821157e-01
5.517792364340463607e-01
3.719683137289689911e-01
3.398723327349897350e-01
1.840803770124903593e-01
9.754693595368344461e-01
4.715921548739020475e-01
6.764733564786453712e-01
2.961278530581550328e-01
3.927841685748240108e-01
2.028900667972233229e-01
3.993608008214213356e-01
3.567568617319396562e-01
8.187367637869031878e-01
7.398794402693615879e-01
9.921447748633243080e-01
3.780457584590399822e-01
7.656793751014143723e-01
1.894799053291129631e-01
4.158836434442474417e-01
2.756158372194010830e-01
1.000000000000000000e+00
4.087733270835353094e-01
6.253196445586246544e-01
4.443826437675584273e-01
3.721944810672950243e-01
3.586361985830652799e-01
3.395924813096380390e-01
3.808543028183765111e-01
7.617986848252664700e-01
6.776833988676661535e-01
9.340944678085445485e-01
4.687245116182587323e-01
3.487427972202883364e-01
1.179955356912201214e-01
7.291154528967003223e-01
2.866174516056246846e-01
6.238400971396077521e-01
5.380926094707578766e-01
6.067566227956948666e-01
1.746038836087797641e-01
4.529373184221882620e-01
8.335545096101827367e-01
5.473134942635583533e-01
4.853379990348090645e-01
9.057702286072033537e-01
0.000000000000000000e+00
4.727235941527263563e-02
4.006977392904359503e-01
7.832373343221377127e-02
1.288931694546595619e-01
4.623500410117453718e-01
1.099534124256238421e-01
7.963794306119598154e-01
6.606784268332360766e-01
5.795327416586968372e-01
1.489994610240167328e-01
4.462712460417855853e-01
3.114906745108109165e-01
1.729057301990144513e-02
4.419514657567793492e-01
1.000000000000000000e+00
2.227096223426896504e-01
5.823569122419791633e-01
9.667765429609844752e-01
5.841435138545723049e-01
3.373717307046780189e-01
7.131981063646859464e-01
2.882180495057837799e-01
4.836056298597698477e-01
5.991587349826861253e-01
5.013778929894293634e-01
2.805127963998893525e-01
1.968660106722563974e-01
1.234882571348561164e-02
3.272171393462353084e-02
6.509309652699453164e-01
6.366470631635712252e-01
2.659640210001986693e-01
2.795382191802061045e-01
5.867076561485509156e-01
4.000345833059227862e-01
1.512775372623542669e-01
4.394581025349669767e-01
7.631205552314745955e-02
6.215104919148447538e-01
1.441814889170445202e-02
2.665323989739944999e-01
3.184858722225880623e-02
5.736528168052393850e-01
3.666499890877151779e-01
7.529406084059671045e-01
4.393963632429295219e-01
