7.627272481676380389e-01
6.812995665480127139e-01
6.575144713259796214e-01
5.616522245134450975e-01
5.253330207866703239e-01
2.048069394214939720e-01
4.790172468472091438e-01
8.193188001212983185e-01
9.293386202010996966e-01
3.166276244037284915e-01
3.899743231015713185e-01
5.504006925872078071e-01
6.939799418552478061e-01
6.219168579636050742e-01
4.838810270410750514e-01
4.729277709898538906e-01
6.441591683459102491e-01
1.214655938414097580e-01
1.583934705369562934e-01
2.242420844448226314e-01
1.025223938175732208e-01
2.247482585404588229e-01
2.900434985388254949e-01
3.186968324216584714e-01
3.235400062001848598e-01
2.587197504727222763e-01
2.778029330828302723e-01
3.064154745461946661e-01
1.000000000000000000e+00
5.689904333876574238e-01
4.289503291654963579e-01
4.396477511301271068e-01
7.602718042334379867e-01
2.277009876580484704e-01
6.218335194504645003e-01
7.161822519832619083e-01
2.617341073981280797e-01
1.046499768870263192e-01
2.197985650312045403e-01
3.933228457557831348e-01
5.476940161709112909e-01
2.030926489529061296e-01
4.193167787689709436e-01
3.919116328693451612e-01
6.066545786645047844e-01
2.035959214279025042e-01
2.913245880157887546e-01
5.341063296727820431e-01
8.672878300943639429e-01
6.154341777008279779e-01
7.218145928521100263e-01
8.797248634659027289e-01
3.330588061302331981e-01
4.198114818496396783e-01
2.800420206480591645e-01
7.943009834379815004e-01
5.076420661490929076e-01
4.864314022580795704e-02
4.272407288999825470e-01
2.727190033617392650e-01
6.232765794542383109e-01
4.805307013169913821e-01
4.439248330978997625e-01
4.546853059228086469e-01
6.213743796442987577e-01
4.910846751710402636e-01
6.604998554762850915e-01
4.893420637599260603e-01
3.053404796011436328e-01
2.584184408861467386e-01
3.660285990566150005e-01
7.225249657273693504e-01
9.392302400410472707e-01
3.528374299752570220e-01
4.157605755650990442e-01
7.540386494845616738e-01
6.705250661677910617e-01
1.410831088562565228e-01
4.053725900149187655e-01
2.339201275188943496e-01
3.362470753523683076e-01
1.746844019955577920e-01
3.728905753754407360e-01
2.842659535123918113e-01
3.168914837570402376e-01
2.395870837747766102e-01
1.000000000000000000e+00
6.833081465331476423e-01
5.851664102754605690e-01
1.611177737917472985e-01
6.031480947641965074e-02
1.860493487369290211e-01
7.894873016506158692e-01
6.458286208162893338e-01
7.352272351031923225e-01
3.736701614429747131e-01
8.526094632661060935e-01
1.821172382403091206e-01
4.120890959715179935e-01
6.352634493884732336e-01
8.571530421986329751e-01
5.062496792421022906e-01
7.097329564776477806e-01
5.701834021454528223e-01
1.283448698586249215e-01
1.869801274294914384e-01
3.029117568467919464e-01
7.522288611620411292e-01
7.230027474354958628e-01
1.691804814577108074e-01
4.425910446071329440e-01
4.153492074198619211e-01
8.687293464738640170e-01
5.634344081670932258e-01
1.752927794092768998e-01
5.130576033258110735e-01
7.627272481676380389e-01
6.812995665480127139e-01
6.575144713259796214e-01
5.616522245134450975e-01
5.253330207866703239e-01
2.048069394214939720e-01
4.790172468472091438e-01
8.193188001212983185e-01
9.293386202010996966e-01
3.166276244037284915e-01
3.899743231015713185e-01
5.504006925872078071e-01
6.939799418552478061e-01
6.219168579636050742e-01
4.838810270410750514e-01
4.729277709898538906e-01
6.441591683459102491e-01
1.214655938414097580e-01
1.583934705369562934e-01
2.242420844448226314e-01
1.025223938175732208e-01
2.247482585404588229e-01
2.900434985388254949e-01
3.186968324216584714e-01
3.235400062001848598e-01
2.587197504727222763e-01
2.778029330828302723e-01
3.064154745461946661e-01
1.000000000000000000e+00
5.689904333876574238e-01
4.289503291654963579e-01
4.396477511301271068e-01
7.602718042334379867e-01
2.277009876580484704e-01
6.218335194504645003e-01
7.161822519832619083e-01
2.617341073981280797e-01
1.046499768870263192e-01
2.197985650312045403e-01
3.933228457557831348e-01
5.476940161709112909e-01
2.030926489529061296e-01
4.193167787689709436e-01
3.919116328693451612e-01
6.066545786645047844e-01
2.035959214279025042e-01
2.913245880157887546e-01
5.341063296727820431e-01
8.672878300943639429e-01
6.154341777008279779e-01
7.218145928521100263e-01
8.797248634659027289e-01
3.330588061302331981e-01
4.198114818496396783e-01
2.800420206480591645e-01
7.943009834379815004e-01
5.076420661490929076e-01
4.864314022580795704e-02
4.272407288999825470e-01
2.727190033617392650e-01
6.232765794542383109e-01
4.805307013169913821e-01
4.439248330978997625e-01
4.546853059228086469e-01
8.571530421986329751e-01
5.062496792421022906e-01
7.097329564776477806e-01
5.701834021454528223e-01
1.283448698586249215e-01
1.869801274294914384e-01
3.029117568467919464e-01
7.522288611620411292e-01
7.230027474354958628e-01
1.691804814577108074e-01
4.425910446071329440e-01
4.153492074198619211e-01
8.687293464738640170e-01
5.634344081670932258e-01
1.752927794092768998e-01
5.130576033258110735e-01
8.774236367997934050e-01
5.411108365519283758e-01
4.739879934882678114e-01
6.537027758053106652e-01
5.002094501033038654e-01
2.477606111165873148e-01
2.454628584524667367e-01
2.258173060546588840e-01
5.632377660410297082e-01
1.724385749359236275e-01
3.731847500053248057e-01
5.598036609387357920e-01
5.807867651464443393e-01
4.026030144850862857e-01
3.387804007194583633e-01
5.808269606291420750e-01
7.758009841820692198e-01
6.532824093896012485e-01
6.600587665967974083e-01
6.665276513162921024e-01
7.911295742650565899e-01
1.096643167979947098e-01
2.835012859522105799e-01
3.171766959671749042e-01
6.801033055392835536e-01
2.574505079825682996e-01
2.999463682611193116e-01
5.539330658542191976e-01
5.907484358579850880e-01
4.894658936773446101e-01
6.073154662902688905e-01
5.687842998348394685e-01
8.016775834597276162e-01
3.911076379948292825e-01
7.216955866624434890e-01
7.107584980490061488e-01
5.424934836551749129e-01
2.003576963678362910e-01
2.918251906646902594e-01
4.519645417868995985e-01
6.012984180967215764e-01
3.404369353134759635e-01
3.446443582945097894e-01
2.073438529828850463e-01
7.132919115362947871e-01
2.289020722756394122e-01
5.891312413316205365e-01
5.482951810521486946e-01
8.225848110116396050e-01
4.266896215565783024e-01
5.664339249562639900e-01
7.095372849300463081e-01
2.764633427724394465e-01
2.135734725051329219e-01
2.681283553722859647e-01
2.923208230841782829e-01
6.940129383816633357e-01
3.274386724353880451e-01
3.523870728769986638e-01
4.519124614907665816e-01
7.040534578422467105e-01
4.220704188893109610e-01
3.979166387047099462e-01
5.383376064423583962e-01
8.020773567690351324e-01
7.586456438457735985e-01
8.161015686697599136e-01
6.275728777887181753e-01
7.861502088020779766e-01
6.645468330013448721e-02
2.443971945253379241e-01
5.564042599099119357e-01
7.399749585316390821e-01
3.046659171548894429e-01
3.267530119927697374e-01
4.541355236718382926e-01
6.680481821438843948e-01
3.876839029263314806e-01
5.878476695571244193e-01
5.869332234008782789e-01
7.627272481676319327e-01
6.812995665480151564e-01
6.575144713259746254e-01
5.616522245134425440e-01
5.253330207866602208e-01
2.048069394215055183e-01
4.790172468472069234e-01
8.193188001212902138e-01
9.293386202010845976e-01
3.166276244037020682e-01
3.899743231015713185e-01
5.504006925871993694e-01
6.939799418552485832e-01
6.219168579635870886e-01
4.838810270410872638e-01
4.729277709898538906e-01
6.441591683459095830e-01
1.214655938414109793e-01
1.583934705369647311e-01
2.242420844448237416e-01
1.025223938175834348e-01
2.247482585404571021e-01
2.900434985388218312e-01
3.186968324216468140e-01
3.235400062001929089e-01
2.587197504727252184e-01
2.778029330828311050e-01
3.064154745461987739e-01
1.000000000000000000e+00
5.689904333876637521e-01
4.289503291655007988e-01
4.396477511301193353e-01
7.602718042334297710e-01
2.277009876580612380e-01
6.218335194504613916e-01
7.161822519832776734e-01
2.617341073981219735e-01
1.046499768870221558e-01
2.197985650312070383e-01
3.933228457557920166e-01
5.476940161709104027e-01
2.030926489528993573e-01
4.193167787689666692e-01
3.919116328693493800e-01
6.066545786645045624e-01
2.035959214278989515e-01
2.913245880157878664e-01
5.341063296727728282e-01
8.672878300943684948e-01
6.154341777008270897e-01
7.218145928521204624e-01
8.797248634659020627e-01
3.330588061302383052e-01
4.198114818496441192e-01
2.800420206480656038e-01
7.943009834379869405e-01
5.076420661491004571e-01
4.864314022580917829e-02
4.272407288999827690e-01
2.727190033617487019e-01
6.232765794542436399e-01
4.805307013170015962e-01
4.439248330979043700e-01
4.546853059228084248e-01
