5.199907080767627310e-01
4.914009740563983764e-01
4.064966101445136593e-01
4.389671949997926426e-01
1.269123605856692372e-01
2.319451106594589973e-01
6.547419551132951376e-01
1.836075973652951943e-01
4.124794244800389365e-02
2.010357859676268344e-01
1.725534001766380054e-01
1.803656463683545041e-01
3.314126950431393048e-01
9.470581994039773965e-01
4.145096964542892559e-01
4.183905944855788595e-01
5.981429549760259867e-01
2.375168799760352112e-01
1.284658599033112747e-01
5.890313804223807903e-01
3.950350906702685405e-01
4.156476831706384378e-01
6.163055305572308074e-01
2.618631428864548472e-01
7.436697019893897531e-01
8.170787008307800470e-01
6.171615537081940328e-01
7.186639567815354956e-01
1.268577155459289507e-01
4.203237967362662419e-01
2.780401866540431755e-01
5.272834201441467528e-01
6.794375864270101317e-01
1.650181345919897735e-01
1.340274946192729910e-01
8.245856530517821081e-01
3.796136870020739851e-01
6.472514493469208041e-01
7.979171020211132115e-01
2.648035707296603203e-01
1.977890946752208778e-01
4.947345047150343289e-01
2.369876472782186938e-01
2.098349677131278179e-01
2.032856267853143661e-01
4.263312066099094189e-01
3.495465587631044757e-01
6.621629410215991163e-01
3.648117763407769942e-01
1.410701634227050638e-01
2.608044986975610602e-01
2.757930657122904528e-01
4.842500997871016510e-01
4.629551903043214178e-01
7.742753956413807037e-01
3.128090857418059922e-01
4.353790348206701966e-01
5.292335204471048105e-01
1.555902456702661363e-01
3.855362993282631656e-01
3.324099104908930236e-01
6.350149001325996467e-01
8.016923927465554600e-01
6.475790555444058683e-01
6.126421657272970167e-01
4.436154373559137998e-01
4.942260554166633124e-01
3.959052916474251615e-01
1.566659944750778966e-01
1.504067363387400214e-01
6.996745285889243160e-01
1.752373571811133290e-01
1.238204477964646166e-01
2.253512517614275623e-01
2.471636331534083908e-01
2.380684029836939164e-01
9.538752557103349350e-01
3.425973482775424017e-01
6.018938255280277261e-01
3.361039459483859959e-01
2.210576610832457600e-01
2.117871827540378504e-01
3.804858084684378805e-01
6.167095733537966140e-01
8.049480586331879683e-01
8.076593452981489785e-01
8.950110073940453770e-02
3.213720871321626982e-01
6.537702097122826128e-01
2.879655725865025717e-01
4.477996798550063495e-01
6.833105229797906688e-01
5.164972639321807613e-01
1.513744307142389500e-01
3.360521541849653682e-01
4.411462435577422347e-01
3.855708480959241236e-01
6.873801037135915948e-01
6.033106303712816310e-01
5.293393659499470161e-01
5.861735982947037238e-01
1.203587954281548633e-01
3.227880360136925475e-02
4.635833917502476531e-01
3.036215634191352652e-01
5.639973626418813835e-01
8.014610132706934120e-01
2.138023415404974870e-01
4.922258006256361451e-01
7.293436626909114429e-01
4.010695355713888022e-01
4.250103805872333940e-01
2.406862340979192272e-01
7.762942374271346591e-01
2.805062058808909242e-01
6.235216582263730656e-01
5.199907080767627310e-01
4.914009740563983764e-01
4.064966101445136593e-01
4.389671949997926426e-01
1.269123605856692372e-01
2.319451106594589973e-01
6.547419551132951376e-01
1.836075973652951943e-01
4.124794244800389365e-02
2.010357859676268344e-01
1.725534001766380054e-01
1.803656463683545041e-01
3.314126950431393048e-01
9.470581994039773965e-01
4.145096964542892559e-01
4.183905944855788595e-01
5.981429549760259867e-01
2.375168799760352112e-01
1.284658599033112747e-01
5.890313804223807903e-01
3.950350906702685405e-01
4.156476831706384378e-01
6.163055305572308074e-01
2.618631428864548472e-01
7.436697019893897531e-01
8.170787008307800470e-01
6.171615537081940328e-01
7.186639567815354956e-01
1.268577155459289507e-01
4.203237967362662419e-01
2.780401866540431755e-01
5.272834201441467528e-01
6.794375864270101317e-01
1.650181345919897735e-01
1.340274946192729910e-01
8.245856530517821081e-01
3.796136870020739851e-01
6.472514493469208041e-01
7.979171020211132115e-01
2.648035707296603203e-01
1.977890946752208778e-01
4.947345047150343289e-01
2.369876472782186938e-01
2.098349677131278179e-01
2.032856267853143661e-01
4.263312066099094189e-01
3.495465587631044757e-01
6.621629410215991163e-01
3.648117763407769942e-01
1.410701634227050638e-01
2.608044986975610602e-01
2.757930657122904528e-01
4.842500997871016510e-01
4.629551903043214178e-01
7.742753956413807037e-01
3.128090857418059922e-01
4.353790348206701966e-01
5.292335204471048105e-01
1.555902456702661363e-01
3.855362993282631656e-01
3.324099104908930236e-01
6.350149001325996467e-01
8.016923927465554600e-01
6.475790555444058683e-01
5.861735982947037238e-01
1.203587954281548633e-01
3.227880360136925475e-02
4.635833917502476531e-01
3.036215634191352652e-01
5.639973626418813835e-01
8.014610132706934120e-01
2.138023415404974870e-01
4.922258006256361451e-01
7.293436626909114429e-01
4.010695355713888022e-01
4.250103805872333940e-01
2.406862340979192272e-01
7.762942374271346591e-01
2.805062058808909242e-01
6.235216582263730656e-01
2.712204428344029417e-01
5.290115001021082897e-01
2.722058073412012558e-01
3.485532527891821442e-01
4.391530285205060835e-01
6.816789509086829124e-01
5.146615630724420409e-01
5.723853162235648107e-01
2.723040443300670521e-01
5.771064520772634099e-01
5.303431292040284850e-01
5.385733280678532964e-01
3.224866418255701861e-01
4.841177941637744286e-01
5.942670957308222590e-01
4.363749527719891219e-01
3.289795649241316067e-01
6.118443099981627498e-01
3.310765251692413536e-01
2.192048643598003554e-01
3.679772549751358923e-01
6.411166228145428470e-01
6.263918870252076498e-01
8.332399384528197395e-01
6.105919603368352711e-01
4.555175626413524581e-01
4.720898778017046382e-01
7.159575112294453980e-01
1.896671670983958169e-01
8.665329816253328765e-01
7.579719088353633616e-01
4.919461085367874409e-01
3.565434886222682564e-01
4.280806441937592410e-01
2.794833950151778268e-01
3.110699847328491918e-01
6.801840297220778098e-01
7.088449918864022647e-01
5.865381849884405696e-01
7.318001503715927392e-01
2.564043122652495121e-01
5.926593358561311753e-01
5.790991413612822658e-01
6.916923316344236738e-01
2.974439853521070320e-01
7.319223588642533862e-01
8.770700530742079337e-01
4.639763734925349548e-01
3.666942343830286166e-01
2.289877415539542937e-01
4.258570186814440994e-01
3.137096495810627328e-01
4.744981753517620859e-01
6.811346574607878290e-01
5.005773189684745716e-01
8.430991572440755810e-01
3.130264019254962449e-01
6.509636157020813885e-01
5.768035432866494006e-01
4.869022869226640182e-01
2.427880752758276861e-01
9.424636265604937613e-01
7.064787961109653125e-01
4.553091186282058889e-01
3.903195450694090241e-01
7.222941528645554499e-01
3.213109209526567867e-01
2.334353256764871709e-01
4.959216648255067028e-01
5.726121100518368756e-01
5.432623704685766164e-01
8.984641699826729777e-01
4.936835391397669248e-01
5.527112161640409527e-01
5.428167136877948273e-01
5.336214521550397549e-01
2.097418418373309112e-01
8.435428535227997848e-01
6.686556496466815602e-01
5.683956409640421592e-01
5.199907080767649514e-01
4.914009740564065920e-01
4.064966101445120494e-01
4.389671949997840383e-01
1.269123605856605774e-01
2.319451106594547785e-01
6.547419551133113469e-01
1.836075973652968596e-01
4.124794244801688325e-02
2.010357859676146219e-01
1.725534001766187986e-01
1.803656463683384059e-01
3.314126950431381391e-01
9.470581994039596330e-01
4.145096964542905882e-01
4.183905944855818571e-01
5.981429549760244324e-01
2.375168799760390970e-01
1.284658599033250415e-01
5.890313804223753502e-01
3.950350906702777554e-01
4.156476831706323871e-01
6.163055305572328058e-01
2.618631428864566235e-01
7.436697019893983018e-01
8.170787008307822674e-01
6.171615537081867053e-01
7.186639567815380492e-01
1.268577155459251204e-01
4.203237967362709604e-01
2.780401866540476163e-01
5.272834201441523039e-01
6.794375864270034704e-01
1.650181345919827791e-01
1.340274946192697159e-01
8.245856530517887695e-01
3.796136870020729859e-01
6.472514493469256891e-01
7.979171020211147658e-01
2.648035707296645391e-01
1.977890946752246526e-01
4.947345047150321085e-01
2.369876472782249666e-01
2.098349677131422508e-01
2.032856267853002663e-01
4.263312066099108621e-01
3.495465587630994797e-01
6.621629410216021139e-01
3.648117763407806025e-01
1.410701634227002899e-01
2.608044986975718849e-01
2.757930657122906193e-01
4.842500997871129753e-01
4.629551903043147565e-01
7.742753956413811478e-01
3.128090857418103221e-01
4.353790348206690863e-01
5.292335204471146914e-01
1.555902456702750181e-01
3.855362993282726025e-01
3.324099104909017388e-01
6.350149001325980924e-01
8.016923927465680055e-01
6.475790555444050911e-01
