6.003149489604990841e-01
5.625836522372676951e-01
4.281441078667473921e-01
4.855590317579651094e-01
6.271823779613217020e-02
2.621255230011891868e-01
5.241609995129996591e-01
1.502958280474873121e-01
4.277910789239447453e-02
2.320502612330868075e-01
1.393622056905113871e-01
1.736943260960396307e-01
4.251078845688817109e-01
9.318770523325027311e-01
4.311950970573225073e-01
4.423965702004181710e-01
6.746126369333229622e-01
1.494741776147908707e-01
2.843981963596142748e-02
5.953777065988523631e-01
3.980704586415363400e-01
3.597841591194368971e-01
6.100437760101832252e-01
3.016583779777916030e-01
7.045117503128507375e-01
7.777156376317769793e-01
5.531657294559896298e-01
6.604614362763469027e-01
8.379831313662144954e-02
4.665004274582884025e-01
2.757042348529681330e-01
6.093085999536917985e-01
6.982895337598320484e-01
7.804213297710094199e-02
1.422701365898672021e-01
8.298550141904830202e-01
3.507977312534381609e-01
6.429342737212919712e-01
7.401234316779639055e-01
2.900553128036418293e-01
1.690696050524395089e-01
4.516570963051231846e-01
1.991100820286146322e-01
1.871081313899897181e-01
1.882188411336469525e-01
3.969771981778689174e-01
2.958515860168914324e-01
6.596630826791102242e-01
4.277868351127795954e-01
7.614584224551312897e-02
3.060303846781687875e-01
3.529003888841701908e-01
4.915453740777037117e-01
4.746945431201021748e-01
7.311476705927616448e-01
4.217330632644948896e-01
4.412885169490455839e-01
5.223732169486319243e-01
1.757800569371099630e-01
3.621231612094757413e-01
3.857421710772435675e-01
6.682524803426762583e-01
8.344143956906110438e-01
6.853325570916087850e-01
6.783556091444853386e-01
4.900978896538521479e-01
6.031498496838987311e-01
4.331430022445604822e-01
1.077319876133737697e-01
1.551221470165899952e-01
6.028908328416688889e-01
1.534199233810406016e-01
1.898322448476705837e-01
2.545253391750923466e-01
2.511922129174140039e-01
3.329789088409671471e-01
9.477117700080304186e-01
3.589649182119252213e-01
6.744591287587253792e-01
2.527360427114692110e-01
1.678934491044270505e-01
2.337281113973048718e-01
3.258886222615490769e-01
5.831973467203003247e-01
7.611809215408283924e-01
7.592362635121068237e-01
8.932989877055819150e-02
3.534107442823942735e-01
6.882177781209652956e-01
2.073779526593070299e-01
4.233502320820838882e-01
6.543197751328320155e-01
5.007489462675245306e-01
1.064573890664840539e-01
3.950482709042094642e-01
4.502661836454333599e-01
4.289769219938994738e-01
6.411333795721914086e-01
5.409756381915002965e-01
5.785199537825929106e-01
6.615697226320896851e-01
3.684940774150025078e-02
2.723188654543395870e-02
5.133681387063582235e-01
2.722634405762967003e-01
5.531390925816465076e-01
7.463549027215823362e-01
2.699418331797716064e-01
4.667289343613423291e-01
6.921043124688718295e-01
3.544210141594025254e-01
3.739502292279384132e-01
2.781226062201617166e-01
7.929581260661109354e-01
2.821511695329115277e-01
6.661230554932192627e-01
6.003149489604990841e-01
5.625836522372676951e-01
4.281441078667473921e-01
4.855590317579651094e-01
6.271823779613217020e-02
2.621255230011891868e-01
5.241609995129996591e-01
1.502958280474873121e-01
4.277910789239447453e-02
2.320502612330868075e-01
1.393622056905113871e-01
1.736943260960396307e-01
4.251078845688817109e-01
9.318770523325027311e-01
4.311950970573225073e-01
4.423965702004181710e-01
6.746126369333229622e-01
1.494741776147908707e-01
2.843981963596142748e-02
5.953777065988523631e-01
3.980704586415363400e-01
3.597841591194368971e-01
6.100437760101832252e-01
3.016583779777916030e-01
7.045117503128507375e-01
7.777156376317769793e-01
5.531657294559896298e-01
6.604614362763469027e-01
8.379831313662144954e-02
4.665004274582884025e-01
2.757042348529681330e-01
6.093085999536917985e-01
6.982895337598320484e-01
7.804213297710094199e-02
1.422701365898672021e-01
8.298550141904830202e-01
3.507977312534381609e-01
6.429342737212919712e-01
7.401234316779639055e-01
2.900553128036418293e-01
1.690696050524395089e-01
4.516570963051231846e-01
1.991100820286146322e-01
1.871081313899897181e-01
1.882188411336469525e-01
3.969771981778689174e-01
2.958515860168914324e-01
6.596630826791102242e-01
4.277868351127795954e-01
7.614584224551312897e-02
3.060303846781687875e-01
3.529003888841701908e-01
4.915453740777037117e-01
4.746945431201021748e-01
7.311476705927616448e-01
4.217330632644948896e-01
4.412885169490455839e-01
5.223732169486319243e-01
1.757800569371099630e-01
3.621231612094757413e-01
3.857421710772435675e-01
6.682524803426762583e-01
8.344143956906110438e-01
6.853325570916087850e-01
6.615697226320896851e-01
3.684940774150025078e-02
2.723188654543395870e-02
5.133681387063582235e-01
2.722634405762967003e-01
5.531390925816465076e-01
7.463549027215823362e-01
2.699418331797716064e-01
4.667289343613423291e-01
6.921043124688718295e-01
3.544210141594025254e-01
3.739502292279384132e-01
2.781226062201617166e-01
7.929581260661109354e-01
2.821511695329115277e-01
6.661230554932192627e-01
3.410724910285753975e-01
6.088446114657846131e-01
2.357846940173085049e-01
3.679823068015812826e-01
4.410298544580220081e-01
6.279996459232488615e-01
4.554972721106052003e-01
6.121337117748546497e-01
2.472834347390298060e-01
5.233633046706492875e-01
4.714603808460032797e-01
5.419434348014293690e-01
3.687446421786054751e-01
4.703751511090381587e-01
6.218320362373139787e-01
5.024722430183736765e-01
3.698858015936270505e-01
5.652733525718702801e-01
3.650534931925260018e-01
2.779897412396743483e-01
3.927679680021771702e-01
5.973814896362086291e-01
5.917313678400455412e-01
7.906363578718265117e-01
5.873303237557876422e-01
4.183338256536656141e-01
3.865385759182549119e-01
7.756067265115418330e-01
2.478251821642105668e-01
8.937283995788227742e-01
7.157126367044228665e-01
5.452225919802210496e-01
3.862324203897842256e-01
3.326179754052338566e-01
3.341616901273143370e-01
3.798016963638110033e-01
7.473765370112062101e-01
6.605788893202021450e-01
5.161504204915678962e-01
7.556346372310889237e-01
2.700132408827040642e-01
5.244113779747636706e-01
5.088878196492492290e-01
6.342625796195200394e-01
3.353112485157196954e-01
8.204562895076743523e-01
8.035463863169933774e-01
5.117546505533022705e-01
3.680285928289968034e-01
3.651354916548124052e-01
3.960476365189169456e-01
3.783705995548407586e-01
4.551185116321514457e-01
6.365178191174688527e-01
4.476718238369816749e-01
8.447357707552782813e-01
4.021274530805278857e-01
5.950144836771432688e-01
4.809520201453674204e-01
4.297203503217552623e-01
3.083654973711665859e-01
8.756749390887583750e-01
7.641847969959627562e-01
5.107513959411551507e-01
4.145451473249586183e-01
7.540872239441549496e-01
4.512364177070131710e-01
2.452167782746130786e-01
5.237763297788973205e-01
5.506268854247875488e-01
4.860067858350556325e-01
8.912110215352218034e-01
4.838637549408528749e-01
4.940037311333279613e-01
4.462277256222597632e-01
7.082555127917533611e-01
2.835446876821854367e-01
8.105375453654573015e-01
6.338538432823019875e-01
6.259861494239776780e-01
6.003149489605037470e-01
5.625836522372781312e-01
4.281441078667456712e-01
4.855590317579598358e-01
6.271823779613538985e-02
2.621255230011982906e-01
5.241609995130183108e-01
1.502958280475000796e-01
4.277910789239680600e-02
2.320502612330721526e-01
1.393622056905016171e-01
1.736943260960475133e-01
4.251078845688820995e-01
9.318770523325065058e-01
4.311950970573185105e-01
4.423965702004210576e-01
6.746126369333218520e-01
1.494741776147864298e-01
2.843981963596209361e-02
5.953777065988564710e-01
3.980704586415448887e-01
3.597841591194346211e-01
6.100437760101854456e-01
3.016583779777870511e-01
7.045117503128432990e-01
7.777156376317801989e-01
5.531657294559826354e-01
6.604614362763567836e-01
8.379831313661872949e-02
4.665004274582917887e-01
2.757042348529646913e-01
6.093085999536892450e-01
6.982895337598280516e-01
7.804213297709872155e-02
1.422701365898640380e-01
8.298550141904790234e-01
3.507977312534344971e-01
6.429342737212881964e-01
7.401234316779563560e-01
2.900553128036389428e-01
1.690696050524603811e-01
4.516570963051166343e-01
1.991100820286056949e-01
1.871081313899983778e-01
1.882188411336410683e-01
3.969771981778573711e-01
2.958515860168796641e-01
6.596630826791138880e-01
4.277868351127733226e-01
7.614584224551090852e-02
3.060303846781605164e-01
3.529003888841837910e-01
4.915453740777083746e-01
4.746945431201212706e-01
7.311476705927549835e-01
4.217330632644892274e-01
4.412885169490475823e-01
5.223732169486391408e-01
1.757800569371296140e-01
3.621231612094745200e-01
3.857421710772525048e-01
6.682524803426724835e-01
8.344143956906111548e-01
6.853325570916080078e-01
