5.284629140944752113e-01
4.891397430622025366e-01
4.390957823225530854e-01
4.866578467173251488e-01
1.304667489995541274e-01
2.087990579133842672e-01
5.787527013508484419e-01
1.865790618092328934e-01
1.205883553565396671e-01
1.896245882874756372e-01
1.286384954633664757e-01
2.335728723952044117e-01
3.883857356241858794e-01
1.000000000000000000e+00
3.856245553885538913e-01
4.671498469276395560e-01
6.365491050406089091e-01
1.818111177074293039e-01
1.130634654951858664e-01
6.271068986720840233e-01
3.683536738677407607e-01
3.523015472708724283e-01
5.887432867549275972e-01
2.979984576402822105e-01
7.121201771284267901e-01
7.945628874554274690e-01
5.430509147591785490e-01
6.653668625059446784e-01
1.544598597667307116e-01
4.195722101901516177e-01
3.011410039133383121e-01
5.569691074782643359e-01
7.273528126038046882e-01
1.362539649119400842e-01
1.533780502157942038e-01
7.840773606070792212e-01
3.820842579941493566e-01
6.371909770290842268e-01
7.358848403197708610e-01
2.751966091035444872e-01
1.513235753557190533e-01
4.576683440534147218e-01
1.930820305613642485e-01
1.739074956795104709e-01
1.958196383073341762e-01
4.193873309656753756e-01
3.816283647137932444e-01
6.274546716866474805e-01
3.878726123554355754e-01
1.474581747491613415e-01
2.737854290736033702e-01
3.633506994333673967e-01
5.288866283353573783e-01
4.405455096680712668e-01
7.580598860161261721e-01
3.745853652385224830e-01
4.392663161760924639e-01
5.143384470152472243e-01
1.857166092130623225e-01
4.007486616335613760e-01
3.647143295516144801e-01
6.577411275852887984e-01
8.100785144226924084e-01
6.514059443068865862e-01
6.194773362552042917e-01
4.202051835809270663e-01
5.591793551391759376e-01
4.468942366886060613e-01
1.677334327652939550e-01
1.097363409797866840e-01
6.315193526208082719e-01
2.055639157269052442e-01
2.078806292305845904e-01
2.253464427640956558e-01
2.423504846704505056e-01
3.155733740828926548e-01
9.602307115890431621e-01
3.480717763774492379e-01
6.332177397723293133e-01
3.238976595416237503e-01
2.283775633131002181e-01
2.134130860458929302e-01
3.180276414209943225e-01
5.671764941488889322e-01
7.805500384765210464e-01
7.657182491023668547e-01
1.172358837574528634e-01
3.317821828411661178e-01
6.963492650518245952e-01
2.634098200488935726e-01
4.400601389325891066e-01
6.546448181445034820e-01
4.573926583540290913e-01
1.507207652220016181e-01
3.644434182739201278e-01
4.768077757786384208e-01
4.228156776039582176e-01
6.432283988398368457e-01
5.569420147848200831e-01
5.684626102583161256e-01
6.158958793312120372e-01
8.051199715060519679e-02
6.405274302888241955e-02
5.142076742367498454e-01
3.142666823449340452e-01
5.237172255852168279e-01
7.525583234446231451e-01
2.592008177651994316e-01
4.898459587096768431e-01
6.932243028447283573e-01
3.478886185633441874e-01
4.128212093166629959e-01
2.798052051163240073e-01
8.001692320307822737e-01
2.990352045962172411e-01
6.398002749178276494e-01
5.284629140944752113e-01
4.891397430622025366e-01
4.390957823225530854e-01
4.866578467173251488e-01
1.304667489995541274e-01
2.087990579133842672e-01
5.787527013508484419e-01
1.865790618092328934e-01
1.205883553565396671e-01
1.896245882874756372e-01
1.286384954633664757e-01
2.335728723952044117e-01
3.883857356241858794e-01
1.000000000000000000e+00
3.856245553885538913e-01
4.671498469276395560e-01
6.365491050406089091e-01
1.818111177074293039e-01
1.130634654951858664e-01
6.271068986720840233e-01
3.683536738677407607e-01
3.523015472708724283e-01
5.887432867549275972e-01
2.979984576402822105e-01
7.121201771284267901e-01
7.945628874554274690e-01
5.430509147591785490e-01
6.653668625059446784e-01
1.544598597667307116e-01
4.195722101901516177e-01
3.011410039133383121e-01
5.569691074782643359e-01
7.273528126038046882e-01
1.362539649119400842e-01
1.533780502157942038e-01
7.840773606070792212e-01
3.820842579941493566e-01
6.371909770290842268e-01
7.358848403197708610e-01
2.751966091035444872e-01
1.513235753557190533e-01
4.576683440534147218e-01
1.930820305613642485e-01
1.739074956795104709e-01
1.958196383073341762e-01
4.193873309656753756e-01
3.816283647137932444e-01
6.274546716866474805e-01
3.878726123554355754e-01
1.474581747491613415e-01
2.737854290736033702e-01
3.633506994333673967e-01
5.288866283353573783e-01
4.405455096680712668e-01
7.580598860161261721e-01
3.745853652385224830e-01
4.392663161760924639e-01
5.143384470152472243e-01
1.857166092130623225e-01
4.007486616335613760e-01
3.647143295516144801e-01
6.577411275852887984e-01
8.100785144226924084e-01
6.514059443068865862e-01
6.158958793312120372e-01
8.051199715060519679e-02
6.405274302888241955e-02
5.142076742367498454e-01
3.142666823449340452e-01
5.237172255852168279e-01
7.525583234446231451e-01
2.592008177651994316e-01
4.898459587096768431e-01
6.932243028447283573e-01
3.478886185633441874e-01
4.128212093166629959e-01
2.798052051163240073e-01
8.001692320307822737e-01
2.990352045962172411e-01
6.398002749178276494e-01
3.203100745385951686e-01
5.380163887375122300e-01
2.357515825792435571e-01
4.007959140319972136e-01
4.413785303026749318e-01
6.282919770316688357e-01
4.696850732368027526e-01
5.962153103899745510e-01
2.712671758576599146e-01
5.466753089430250734e-01
4.930866117468383214e-01
4.725224375823264822e-01
3.579865584240556897e-01
4.843521457721398082e-01
6.168988053289585771e-01
4.822839576651203330e-01
3.685532898846146654e-01
5.598275723768395551e-01
3.451512254607553842e-01
2.756046703706558354e-01
3.597561834055760244e-01
6.025551173792180748e-01
5.914363061330816240e-01
8.165793398665082137e-01
5.841462284807743544e-01
4.112606069107650475e-01
4.286723224291797418e-01
7.423822253039298324e-01
2.470132969001446188e-01
9.101293072312013344e-01
6.849966012901926860e-01
5.270689901498722962e-01
3.715084608864369642e-01
3.981001590615571573e-01
2.812563894242470219e-01
3.847472664086996064e-01
7.091822041949003008e-01
6.591548584536833788e-01
5.497518683665287842e-01
7.184257976682881797e-01
2.738620302173542242e-01
5.562026929656436192e-01
5.189202170338882425e-01
6.257170376660416977e-01
3.435747139333591438e-01
7.394790493340712700e-01
8.591101392185951369e-01
5.019661199925266049e-01
3.848763053000685552e-01
2.337993758158614099e-01
4.299025648412690970e-01
3.695929674246953844e-01
4.472020194225247991e-01
6.448049850526879068e-01
4.465896584671227298e-01
8.445083438840259582e-01
3.738619054690142107e-01
6.089103028895738179e-01
5.048387066463015938e-01
4.545309055332875658e-01
2.880507897911087634e-01
9.320094320988845382e-01
7.441494029746431593e-01
4.923057280289897530e-01
4.264038326162562509e-01
6.309412939197160952e-01
3.790274268106901268e-01
2.748466425002993319e-01
5.205442432421465426e-01
5.187415719077546061e-01
4.912916684124086775e-01
9.766015850080305150e-01
4.587576586053772054e-01
5.292534398025255937e-01
4.915105171490106173e-01
5.149225357483624421e-01
2.636574973684950862e-01
8.925140711571559748e-01
6.513134349458074013e-01
5.935836942286142337e-01
5.284629140944712145e-01
4.891397430622005382e-01
4.390957823225502543e-01
4.866578467173149902e-01
1.304667489995597895e-01
2.087990579133762736e-01
5.787527013508475537e-01
1.865790618092324493e-01
1.205883553565412214e-01
1.896245882874532107e-01
1.286384954633698063e-01
2.335728723952092967e-01
3.883857356241859349e-01
1.000000000000000000e+00
3.856245553885578881e-01
4.671498469276466614e-01
6.365491050406160145e-01
1.818111177074320794e-01
1.130634654951965246e-01
6.271068986720939042e-01
3.683536738677526401e-01
3.523015472708780349e-01
5.887432867549353688e-01
2.979984576402703311e-01
7.121201771284317861e-01
7.945628874554248045e-01
5.430509147591695562e-01
6.653668625059638853e-01
1.544598597667227735e-01
4.195722101901463441e-01
3.011410039133437522e-01
5.569691074782683327e-01
7.273528126038011354e-01
1.362539649119491880e-01
1.533780502157973680e-01
7.840773606070887691e-01
3.820842579941507999e-01
6.371909770290817843e-01
7.358848403197686405e-01
2.751966091035482620e-01
1.513235753557141683e-01
4.576683440534121683e-01
1.930820305613536458e-01
1.739074956795078064e-01
1.958196383073397273e-01
4.193873309656728221e-01
3.816283647137970192e-01
6.274546716866498119e-01
3.878726123554323002e-01
1.474581747491447992e-01
2.737854290736098650e-01
3.633506994333767781e-01
5.288866283353618192e-01
4.405455096680754856e-01
7.580598860161228414e-01
3.745853652385225940e-01
4.392663161761020119e-01
5.143384470152557730e-01
1.857166092130787538e-01
4.007486616335519392e-01
3.647143295516155348e-01
6.577411275852892425e-01
8.100785144227038437e-01
6.514059443068922484e-01
