2.248011074975651835e-01
3.009748466850430404e-01
6.607133284607741297e-01
1.984357632280370209e-01
6.340779513981659177e-01
3.862447028042375052e-01
5.932534149732362483e-01
6.067326859023460806e-01
7.180895751917938385e-01
7.757627329928304949e-01
7.425364260334030853e-01
5.520984510356152786e-01
2.944649764251858759e-01
9.569957575819132423e-02
5.935765784323968619e-01
2.290709329297972441e-01
5.591505261633289425e-01
3.554229357992642058e-01
6.894390996469397237e-01
8.000820851102208309e-02
4.845671062806855556e-02
4.132790119433104592e-01
4.985620500310929959e-01
3.931033639210449460e-01
2.617767843300474739e-01
5.432571212082932810e-01
5.403950660003009610e-01
3.219921814237227675e-01
8.469806666645957050e-01
3.641677746332643850e-01
8.710045103105670261e-01
1.455088796545614960e-01
3.756987339819446436e-01
5.753099908568978238e-01
8.474251140835165064e-01
4.002952400603265737e-01
8.691418911237606126e-01
3.687464916154798433e-01
5.846292629681332231e-01
8.473784212660493420e-01
9.478197460046767775e-01
6.030054511241986770e-01
9.842964068160857671e-01
5.991052778343931573e-01
7.806421543629717963e-01
1.464193280161819599e-01
7.325496311065984312e-01
1.770453134404189610e-01
3.961247237671111643e-01
6.226287865538554511e-01
4.936649567195654509e-01
6.492153585464348620e-01
1.053144664333969249e-01
1.726246525176551305e-01
1.158764849480574677e-01
1.271489217050338905e-01
4.480934117624301161e-01
6.500911241002536034e-01
7.730940793541604128e-01
1.866246035630634292e-01
2.129447997094562894e-01
4.613145017905528888e-02
3.218348742091851067e-01
9.143624309906717151e-02
1.130097643328236978e-01
9.183121121436155221e-03
3.532361520396409826e-01
1.688633940122188370e-01
3.127050891821592238e-01
5.255345647747391435e-01
4.291709500123954690e-01
6.071740124470454969e-01
4.149775400073447695e-01
8.284598478233475838e-01
6.782492988022326141e-01
3.971679197978100762e-01
1.158783305836439403e-01
1.205436447482028939e-01
2.701618912832914887e-01
6.386852770381442612e-01
9.024804844512051005e-01
4.448032503660994674e-01
8.081033238095050031e-01
5.183072271818228716e-01
1.914932654502102816e-01
5.635946158116004190e-01
7.434463987018419262e-01
6.882728142965124363e-01
5.989066487842031883e-02
3.508879450497920383e-01
8.658897734430883730e-01
5.865279890929001594e-01
9.409746661398910028e-01
7.484981669953241212e-01
2.878223741501307886e-01
1.669325388215259220e-01
5.171053070144449038e-01
4.725211385589331847e-01
9.782925463341667349e-01
2.290125838254579715e-01
4.044786529251640506e-01
5.755045002817864574e-01
9.695834613622558162e-01
1.934196174310460759e-01
3.343015469095040881e-01
3.864811247008083095e-01
4.873785500720387853e-01
6.215420744626423133e-01
7.281958318363999094e-01
7.759768171315600815e-01
9.750131046735309726e-01
4.773545604162114930e-01
5.726862788406953397e-01
7.877558523517103062e-02
6.421605543241137859e-01
1.457753554326417511e-01
2.248011074975651835e-01
3.009748466850430404e-01
6.607133284607741297e-01
1.984357632280370209e-01
6.340779513981659177e-01
3.862447028042375052e-01
5.932534149732362483e-01
6.067326859023460806e-01
7.180895751917938385e-01
7.757627329928304949e-01
7.425364260334030853e-01
5.520984510356152786e-01
2.944649764251858759e-01
9.569957575819132423e-02
5.935765784323968619e-01
2.290709329297972441e-01
5.591505261633289425e-01
3.554229357992642058e-01
6.894390996469397237e-01
8.000820851102208309e-02
4.845671062806855556e-02
4.132790119433104592e-01
4.985620500310929959e-01
3.931033639210449460e-01
2.617767843300474739e-01
5.432571212082932810e-01
5.403950660003009610e-01
3.219921814237227675e-01
8.469806666645957050e-01
3.641677746332643850e-01
8.710045103105670261e-01
1.455088796545614960e-01
3.756987339819446436e-01
5.753099908568978238e-01
8.474251140835165064e-01
4.002952400603265737e-01
8.691418911237606126e-01
3.687464916154798433e-01
5.846292629681332231e-01
8.473784212660493420e-01
9.478197460046767775e-01
6.030054511241986770e-01
9.842964068160857671e-01
5.991052778343931573e-01
7.806421543629717963e-01
1.464193280161819599e-01
7.325496311065984312e-01
1.770453134404189610e-01
3.961247237671111643e-01
6.226287865538554511e-01
4.936649567195654509e-01
6.492153585464348620e-01
1.053144664333969249e-01
1.726246525176551305e-01
1.158764849480574677e-01
1.271489217050338905e-01
4.480934117624301161e-01
6.500911241002536034e-01
7.730940793541604128e-01
1.866246035630634292e-01
2.129447997094562894e-01
4.613145017905528888e-02
3.218348742091851067e-01
9.143624309906717151e-02
4.044786529251640506e-01
5.755045002817864574e-01
9.695834613622558162e-01
1.934196174310460759e-01
3.343015469095040881e-01
3.864811247008083095e-01
4.873785500720387853e-01
6.215420744626423133e-01
7.281958318363999094e-01
7.759768171315600815e-01
9.750131046735309726e-01
4.773545604162114930e-01
5.726862788406953397e-01
7.877558523517103062e-02
6.421605543241137859e-01
1.457753554326417511e-01
3.761012380001831357e-01
2.961201052708855030e-01
7.002828793854842804e-01
3.573962096877387751e-01
2.410288544967267299e-01
4.997785155095226806e-01
7.550407987089990947e-01
3.551918717450019969e-02
9.528227452518733820e-01
5.344357051492175659e-01
9.630552403142454976e-01
4.922692013531033695e-01
1.717429530614119626e-01
3.855968889614571626e-01
1.975806842203318148e-01
1.121166543758004286e-01
4.932256734850453128e-01
6.550470293794687926e-01
7.103441563186545515e-01
1.605538915298325708e-01
6.318941150003620777e-01
3.431702191829415494e-01
7.837070138696287103e-01
7.516593312453156983e-02
6.667393016533487149e-01
7.860758832910607063e-01
8.427204270548660503e-01
7.629976535642657431e-01
1.881257182572162456e-01
9.858227747753467440e-03
9.638123639418449962e-01
1.624205450603148915e-01
4.766358997072444037e-01
2.677256653464219482e-01
9.472369799861204420e-01
2.567382540453958528e-01
3.982141465811412928e-01
3.765470755675516257e-01
8.860822857531029939e-01
5.427900328975754363e-02
9.190369237489628418e-01
9.603020719934967087e-01
8.731532722729757889e-01
4.243541364554062056e-01
2.452903981156631108e-01
3.531424945701999718e-02
7.131038869154195936e-01
1.985142438657843122e-01
4.501667838939933386e-01
4.435092170025081160e-01
9.507492643306618696e-01
2.098437153181434978e-01
4.316060494788818147e-01
5.012833818453771295e-01
7.234137016637360862e-01
6.366014824793886362e-02
8.381827637824370569e-01
7.167629148335860068e-01
9.607800812766353893e-01
9.372097977425450921e-01
2.393250967441679089e-01
5.388659386242755645e-02
7.109915485337019447e-01
1.438708564875238460e-01
5.619608592207752107e-01
5.447498500712670833e-01
7.661017479105072248e-01
1.919949278945314308e-01
5.162910197069470186e-01
4.180359536858091474e-01
5.961960944563182707e-01
1.045162889338908663e-01
8.614880629640979670e-01
6.542967332560963856e-01
9.970095615534066980e-01
6.933273288397447942e-01
1.550501419663208313e-01
4.452621709337911682e-02
8.208458611061448806e-01
2.307124017064321464e-01
2.248011074975618806e-01
3.009748466850372672e-01
6.607133284607715762e-01
1.984357632280266404e-01
6.340779513981582571e-01
3.862447028042357289e-01
5.932534149732395790e-01
6.067326859023550734e-01
7.180895751917789616e-01
7.757627329928256099e-01
7.425364260333937594e-01
5.520984510356163888e-01
2.944649764251814905e-01
9.569957575817966688e-02
5.935765784324052996e-01
2.290709329298051267e-01
5.591505261633331614e-01
3.554229357992696459e-01
6.894390996469417221e-01
8.000820851102274922e-02
4.845671062806966578e-02
4.132790119433048526e-01
4.985620500310921077e-01
3.931033639210452790e-01
2.617767843300571884e-01
5.432571212082963896e-01
5.403950660002969641e-01
3.219921814237194369e-01
8.469806666645849358e-01
3.641677746332627752e-01
8.710045103105648057e-01
1.455088796545687124e-01
3.756987339819393146e-01
5.753099908568916065e-01
8.474251140835238338e-01
4.002952400603381200e-01
8.691418911237533962e-01
3.687464916154762906e-01
5.846292629681241193e-01
8.473784212660413484e-01
9.478197460046587919e-01
6.030054511241892401e-01
9.842964068160874325e-01
5.991052778343922691e-01
7.806421543629622484e-01
1.464193280161870669e-01
7.325496311065784472e-01
1.770453134404130768e-01
3.961247237671055577e-01
6.226287865538616684e-01
4.936649567195729449e-01
6.492153585464375265e-01
1.053144664333943714e-01
1.726246525176680091e-01
1.158764849480556913e-01
1.271489217050522091e-01
4.480934117624350010e-01
6.500911241002574892e-01
7.730940793541646316e-01
1.866246035630603206e-01
2.129447997094624512e-01
4.613145017906661316e-02
3.218348742091832748e-01
9.143624309906855929e-02
